  0.1000E+00 -0.1539E+02
  0.1010E+00 -0.1545E+02
  0.1020E+00 -0.1551E+02
  0.1030E+00 -0.1557E+02
  0.1040E+00 -0.1563E+02
  0.1050E+00 -0.1569E+02
  0.1060E+00 -0.1575E+02
  0.1070E+00 -0.1580E+02
  0.1080E+00 -0.1586E+02
  0.1090E+00 -0.1592E+02
  0.1100E+00 -0.1598E+02
  0.1110E+00 -0.1604E+02
  0.1120E+00 -0.1610E+02
  0.1130E+00 -0.1616E+02
  0.1140E+00 -0.1621E+02
  0.1150E+00 -0.1627E+02
  0.1160E+00 -0.1633E+02
  0.1170E+00 -0.1639E+02
  0.1180E+00 -0.1645E+02
  0.1190E+00 -0.1650E+02
  0.1200E+00 -0.1656E+02
  0.1210E+00 -0.1662E+02
  0.1220E+00 -0.1668E+02
  0.1230E+00 -0.1673E+02
  0.1240E+00 -0.1679E+02
  0.1250E+00 -0.1685E+02
  0.1260E+00 -0.1691E+02
  0.1270E+00 -0.1696E+02
  0.1280E+00 -0.1702E+02
  0.1290E+00 -0.1707E+02
  0.1300E+00 -0.1713E+02
  0.1310E+00 -0.1719E+02
  0.1320E+00 -0.1724E+02
  0.1330E+00 -0.1730E+02
  0.1340E+00 -0.1735E+02
  0.1350E+00 -0.1741E+02
  0.1360E+00 -0.1746E+02
  0.1370E+00 -0.1752E+02
  0.1380E+00 -0.1757E+02
  0.1390E+00 -0.1762E+02
  0.1400E+00 -0.1768E+02
  0.1410E+00 -0.1773E+02
  0.1420E+00 -0.1778E+02
  0.1430E+00 -0.1784E+02
  0.1440E+00 -0.1789E+02
  0.1450E+00 -0.1794E+02
  0.1460E+00 -0.1799E+02
  0.1470E+00 -0.1804E+02
  0.1480E+00 -0.1810E+02
  0.1490E+00 -0.1815E+02
  0.1500E+00 -0.1820E+02
  0.1510E+00 -0.1825E+02
  0.1520E+00 -0.1830E+02
  0.1530E+00 -0.1835E+02
  0.1540E+00 -0.1839E+02
  0.1550E+00 -0.1844E+02
  0.1560E+00 -0.1849E+02
  0.1570E+00 -0.1854E+02
  0.1580E+00 -0.1859E+02
  0.1590E+00 -0.1863E+02
  0.1600E+00 -0.1868E+02
  0.1610E+00 -0.1873E+02
  0.1620E+00 -0.1877E+02
  0.1630E+00 -0.1882E+02
  0.1640E+00 -0.1886E+02
  0.1650E+00 -0.1891E+02
  0.1660E+00 -0.1895E+02
  0.1670E+00 -0.1899E+02
  0.1680E+00 -0.1904E+02
  0.1690E+00 -0.1908E+02
  0.1700E+00 -0.1912E+02
  0.1710E+00 -0.1917E+02
  0.1720E+00 -0.1921E+02
  0.1730E+00 -0.1925E+02
  0.1740E+00 -0.1929E+02
  0.1750E+00 -0.1933E+02
  0.1760E+00 -0.1937E+02
  0.1770E+00 -0.1941E+02
  0.1780E+00 -0.1945E+02
  0.1790E+00 -0.1949E+02
  0.1800E+00 -0.1953E+02
  0.1810E+00 -0.1956E+02
  0.1820E+00 -0.1960E+02
  0.1830E+00 -0.1964E+02
  0.1840E+00 -0.1967E+02
  0.1850E+00 -0.1971E+02
  0.1860E+00 -0.1975E+02
  0.1870E+00 -0.1978E+02
  0.1880E+00 -0.1982E+02
  0.1890E+00 -0.1985E+02
  0.1900E+00 -0.1989E+02
  0.1910E+00 -0.1992E+02
  0.1920E+00 -0.1995E+02
  0.1930E+00 -0.1999E+02
  0.1940E+00 -0.2002E+02
  0.1950E+00 -0.2005E+02
  0.1960E+00 -0.2008E+02
  0.1970E+00 -0.2011E+02
  0.1980E+00 -0.2014E+02
  0.1990E+00 -0.2017E+02
  0.2000E+00 -0.2021E+02
  0.2010E+00 -0.2023E+02
  0.2020E+00 -0.2026E+02
  0.2030E+00 -0.2029E+02
  0.2040E+00 -0.2032E+02
  0.2050E+00 -0.2035E+02
  0.2060E+00 -0.2038E+02
  0.2070E+00 -0.2041E+02
  0.2080E+00 -0.2043E+02
  0.2090E+00 -0.2046E+02
  0.2100E+00 -0.2049E+02
  0.2110E+00 -0.2051E+02
  0.2120E+00 -0.2054E+02
  0.2130E+00 -0.2056E+02
  0.2140E+00 -0.2059E+02
  0.2150E+00 -0.2061E+02
  0.2160E+00 -0.2064E+02
  0.2170E+00 -0.2066E+02
  0.2180E+00 -0.2069E+02
  0.2190E+00 -0.2071E+02
  0.2200E+00 -0.2073E+02
  0.2210E+00 -0.2075E+02
  0.2220E+00 -0.2078E+02
  0.2230E+00 -0.2080E+02
  0.2240E+00 -0.2082E+02
  0.2250E+00 -0.2084E+02
  0.2260E+00 -0.2086E+02
  0.2270E+00 -0.2088E+02
  0.2280E+00 -0.2091E+02
  0.2290E+00 -0.2093E+02
  0.2300E+00 -0.2095E+02
  0.2310E+00 -0.2097E+02
  0.2320E+00 -0.2098E+02
  0.2330E+00 -0.2100E+02
  0.2340E+00 -0.2102E+02
  0.2350E+00 -0.2104E+02
  0.2360E+00 -0.2106E+02
  0.2370E+00 -0.2108E+02
  0.2380E+00 -0.2110E+02
  0.2390E+00 -0.2111E+02
  0.2400E+00 -0.2113E+02
  0.2410E+00 -0.2115E+02
  0.2420E+00 -0.2116E+02
  0.2430E+00 -0.2118E+02
  0.2440E+00 -0.2120E+02
  0.2450E+00 -0.2121E+02
  0.2460E+00 -0.2123E+02
  0.2470E+00 -0.2125E+02
  0.2480E+00 -0.2126E+02
  0.2490E+00 -0.2128E+02
  0.2500E+00 -0.2129E+02
  0.2510E+00 -0.2131E+02
  0.2520E+00 -0.2132E+02
  0.2530E+00 -0.2134E+02
  0.2540E+00 -0.2135E+02
  0.2550E+00 -0.2136E+02
  0.2560E+00 -0.2138E+02
  0.2570E+00 -0.2139E+02
  0.2580E+00 -0.2140E+02
  0.2590E+00 -0.2142E+02
  0.2600E+00 -0.2143E+02
  0.2610E+00 -0.2144E+02
  0.2620E+00 -0.2146E+02
  0.2630E+00 -0.2147E+02
  0.2640E+00 -0.2148E+02
  0.2650E+00 -0.2149E+02
  0.2660E+00 -0.2150E+02
  0.2670E+00 -0.2152E+02
  0.2680E+00 -0.2153E+02
  0.2690E+00 -0.2154E+02
  0.2700E+00 -0.2155E+02
  0.2710E+00 -0.2156E+02
  0.2720E+00 -0.2157E+02
  0.2730E+00 -0.2158E+02
  0.2740E+00 -0.2159E+02
  0.2750E+00 -0.2160E+02
  0.2760E+00 -0.2162E+02
  0.2770E+00 -0.2163E+02
  0.2780E+00 -0.2164E+02
  0.2790E+00 -0.2165E+02
  0.2800E+00 -0.2166E+02
  0.2810E+00 -0.2167E+02
  0.2820E+00 -0.2167E+02
  0.2830E+00 -0.2168E+02
  0.2840E+00 -0.2169E+02
  0.2850E+00 -0.2170E+02
  0.2860E+00 -0.2171E+02
  0.2870E+00 -0.2172E+02
  0.2880E+00 -0.2173E+02
  0.2890E+00 -0.2174E+02
  0.2900E+00 -0.2175E+02
  0.2910E+00 -0.2175E+02
  0.2920E+00 -0.2176E+02
  0.2930E+00 -0.2177E+02
  0.2940E+00 -0.2178E+02
  0.2950E+00 -0.2179E+02
  0.2960E+00 -0.2180E+02
  0.2970E+00 -0.2180E+02
  0.2980E+00 -0.2181E+02
  0.2990E+00 -0.2182E+02
  0.3000E+00 -0.2183E+02
  0.3010E+00 -0.2183E+02
  0.3020E+00 -0.2184E+02
  0.3030E+00 -0.2185E+02
  0.3040E+00 -0.2186E+02
  0.3050E+00 -0.2186E+02
  0.3060E+00 -0.2187E+02
  0.3070E+00 -0.2188E+02
  0.3080E+00 -0.2188E+02
  0.3090E+00 -0.2189E+02
  0.3100E+00 -0.2190E+02
  0.3110E+00 -0.2190E+02
  0.3120E+00 -0.2191E+02
  0.3130E+00 -0.2192E+02
  0.3140E+00 -0.2192E+02
  0.3150E+00 -0.2193E+02
  0.3160E+00 -0.2193E+02
  0.3170E+00 -0.2194E+02
  0.3180E+00 -0.2195E+02
  0.3190E+00 -0.2195E+02
  0.3200E+00 -0.2196E+02
  0.3210E+00 -0.2196E+02
  0.3220E+00 -0.2197E+02
  0.3230E+00 -0.2197E+02
  0.3240E+00 -0.2198E+02
  0.3250E+00 -0.2198E+02
  0.3260E+00 -0.2199E+02
  0.3270E+00 -0.2199E+02
  0.3280E+00 -0.2200E+02
  0.3290E+00 -0.2201E+02
  0.3300E+00 -0.2201E+02
  0.3310E+00 -0.2202E+02
  0.3320E+00 -0.2202E+02
  0.3330E+00 -0.2202E+02
  0.3340E+00 -0.2203E+02
  0.3350E+00 -0.2203E+02
  0.3360E+00 -0.2204E+02
  0.3370E+00 -0.2204E+02
  0.3380E+00 -0.2205E+02
  0.3390E+00 -0.2205E+02
  0.3400E+00 -0.2206E+02
  0.3410E+00 -0.2206E+02
  0.3420E+00 -0.2206E+02
  0.3430E+00 -0.2207E+02
  0.3440E+00 -0.2207E+02
  0.3450E+00 -0.2208E+02
  0.3460E+00 -0.2208E+02
  0.3470E+00 -0.2208E+02
  0.3480E+00 -0.2209E+02
  0.3490E+00 -0.2209E+02
  0.3500E+00 -0.2210E+02
  0.3510E+00 -0.2210E+02
  0.3520E+00 -0.2210E+02
  0.3530E+00 -0.2211E+02
  0.3540E+00 -0.2211E+02
  0.3550E+00 -0.2211E+02
  0.3560E+00 -0.2212E+02
  0.3570E+00 -0.2212E+02
  0.3580E+00 -0.2212E+02
  0.3590E+00 -0.2213E+02
  0.3600E+00 -0.2213E+02
  0.3610E+00 -0.2213E+02
  0.3620E+00 -0.2213E+02
  0.3630E+00 -0.2214E+02
  0.3640E+00 -0.2214E+02
  0.3650E+00 -0.2214E+02
  0.3660E+00 -0.2214E+02
  0.3670E+00 -0.2215E+02
  0.3680E+00 -0.2215E+02
  0.3690E+00 -0.2215E+02
  0.3700E+00 -0.2215E+02
  0.3710E+00 -0.2216E+02
  0.3720E+00 -0.2216E+02
  0.3730E+00 -0.2216E+02
  0.3740E+00 -0.2216E+02
  0.3750E+00 -0.2216E+02
  0.3760E+00 -0.2217E+02
  0.3770E+00 -0.2217E+02
  0.3780E+00 -0.2217E+02
  0.3790E+00 -0.2217E+02
  0.3800E+00 -0.2217E+02
  0.3810E+00 -0.2217E+02
  0.3820E+00 -0.2218E+02
  0.3830E+00 -0.2218E+02
  0.3840E+00 -0.2218E+02
  0.3850E+00 -0.2218E+02
  0.3860E+00 -0.2218E+02
  0.3870E+00 -0.2218E+02
  0.3880E+00 -0.2218E+02
  0.3890E+00 -0.2218E+02
  0.3900E+00 -0.2219E+02
  0.3910E+00 -0.2219E+02
  0.3920E+00 -0.2219E+02
  0.3930E+00 -0.2219E+02
  0.3940E+00 -0.2219E+02
  0.3950E+00 -0.2219E+02
  0.3960E+00 -0.2219E+02
  0.3970E+00 -0.2219E+02
  0.3980E+00 -0.2219E+02
  0.3990E+00 -0.2219E+02
  0.4000E+00 -0.2219E+02
  0.4010E+00 -0.2219E+02
  0.4020E+00 -0.2219E+02
  0.4030E+00 -0.2219E+02
  0.4040E+00 -0.2219E+02
  0.4050E+00 -0.2219E+02
  0.4060E+00 -0.2219E+02
  0.4070E+00 -0.2219E+02
  0.4080E+00 -0.2219E+02
  0.4090E+00 -0.2219E+02
  0.4100E+00 -0.2219E+02
  0.4110E+00 -0.2219E+02
  0.4120E+00 -0.2219E+02
  0.4130E+00 -0.2219E+02
  0.4140E+00 -0.2218E+02
  0.4150E+00 -0.2218E+02
  0.4160E+00 -0.2218E+02
  0.4170E+00 -0.2218E+02
  0.4180E+00 -0.2218E+02
  0.4190E+00 -0.2218E+02
  0.4200E+00 -0.2218E+02
  0.4210E+00 -0.2218E+02
  0.4220E+00 -0.2217E+02
  0.4230E+00 -0.2217E+02
  0.4240E+00 -0.2217E+02
  0.4250E+00 -0.2217E+02
  0.4260E+00 -0.2217E+02
  0.4270E+00 -0.2216E+02
  0.4280E+00 -0.2216E+02
  0.4290E+00 -0.2216E+02
  0.4300E+00 -0.2216E+02
  0.4310E+00 -0.2216E+02
  0.4320E+00 -0.2215E+02
  0.4330E+00 -0.2215E+02
  0.4340E+00 -0.2215E+02
  0.4350E+00 -0.2215E+02
  0.4360E+00 -0.2214E+02
  0.4370E+00 -0.2214E+02
  0.4380E+00 -0.2214E+02
  0.4390E+00 -0.2213E+02
  0.4400E+00 -0.2213E+02
  0.4410E+00 -0.2213E+02
  0.4420E+00 -0.2212E+02
  0.4430E+00 -0.2212E+02
  0.4440E+00 -0.2212E+02
  0.4450E+00 -0.2211E+02
  0.4460E+00 -0.2211E+02
  0.4470E+00 -0.2211E+02
  0.4480E+00 -0.2210E+02
  0.4490E+00 -0.2210E+02
  0.4500E+00 -0.2209E+02
  0.4510E+00 -0.2209E+02
  0.4520E+00 -0.2208E+02
  0.4530E+00 -0.2208E+02
  0.4540E+00 -0.2208E+02
  0.4550E+00 -0.2207E+02
  0.4560E+00 -0.2207E+02
  0.4570E+00 -0.2206E+02
  0.4580E+00 -0.2206E+02
  0.4590E+00 -0.2205E+02
  0.4600E+00 -0.2205E+02
  0.4610E+00 -0.2204E+02
  0.4620E+00 -0.2204E+02
  0.4630E+00 -0.2203E+02
  0.4640E+00 -0.2203E+02
  0.4650E+00 -0.2202E+02
  0.4660E+00 -0.2201E+02
  0.4670E+00 -0.2201E+02
  0.4680E+00 -0.2200E+02
  0.4690E+00 -0.2200E+02
  0.4700E+00 -0.2199E+02
  0.4710E+00 -0.2198E+02
  0.4720E+00 -0.2198E+02
  0.4730E+00 -0.2197E+02
  0.4740E+00 -0.2197E+02
  0.4750E+00 -0.2196E+02
  0.4760E+00 -0.2195E+02
  0.4770E+00 -0.2195E+02
  0.4780E+00 -0.2194E+02
  0.4790E+00 -0.2193E+02
  0.4800E+00 -0.2192E+02
  0.4810E+00 -0.2192E+02
  0.4820E+00 -0.2191E+02
  0.4830E+00 -0.2190E+02
  0.4840E+00 -0.2190E+02
  0.4850E+00 -0.2189E+02
  0.4860E+00 -0.2188E+02
  0.4870E+00 -0.2187E+02
  0.4880E+00 -0.2186E+02
  0.4890E+00 -0.2186E+02
  0.4900E+00 -0.2185E+02
  0.4910E+00 -0.2184E+02
  0.4920E+00 -0.2183E+02
  0.4930E+00 -0.2182E+02
  0.4940E+00 -0.2182E+02
  0.4950E+00 -0.2181E+02
  0.4960E+00 -0.2180E+02
  0.4970E+00 -0.2179E+02
  0.4980E+00 -0.2178E+02
  0.4990E+00 -0.2177E+02
  0.5000E+00 -0.2176E+02
  0.5010E+00 -0.2175E+02
  0.5020E+00 -0.2174E+02
  0.5030E+00 -0.2173E+02
  0.5040E+00 -0.2173E+02
  0.5050E+00 -0.2172E+02
  0.5060E+00 -0.2171E+02
  0.5070E+00 -0.2170E+02
  0.5080E+00 -0.2169E+02
  0.5090E+00 -0.2168E+02
  0.5100E+00 -0.2167E+02
  0.5110E+00 -0.2166E+02
  0.5120E+00 -0.2165E+02
  0.5130E+00 -0.2164E+02
  0.5140E+00 -0.2163E+02
  0.5150E+00 -0.2161E+02
  0.5160E+00 -0.2160E+02
  0.5170E+00 -0.2159E+02
  0.5180E+00 -0.2158E+02
  0.5190E+00 -0.2157E+02
  0.5200E+00 -0.2156E+02
  0.5210E+00 -0.2155E+02
  0.5220E+00 -0.2154E+02
  0.5230E+00 -0.2153E+02
  0.5240E+00 -0.2152E+02
  0.5250E+00 -0.2150E+02
  0.5260E+00 -0.2149E+02
  0.5270E+00 -0.2148E+02
  0.5280E+00 -0.2147E+02
  0.5290E+00 -0.2146E+02
  0.5300E+00 -0.2144E+02
  0.5310E+00 -0.2143E+02
  0.5320E+00 -0.2142E+02
  0.5330E+00 -0.2141E+02
  0.5340E+00 -0.2140E+02
  0.5350E+00 -0.2138E+02
  0.5360E+00 -0.2137E+02
  0.5370E+00 -0.2136E+02
  0.5380E+00 -0.2134E+02
  0.5390E+00 -0.2133E+02
  0.5400E+00 -0.2132E+02
  0.5410E+00 -0.2131E+02
  0.5420E+00 -0.2129E+02
  0.5430E+00 -0.2128E+02
  0.5440E+00 -0.2127E+02
  0.5450E+00 -0.2125E+02
  0.5460E+00 -0.2124E+02
  0.5470E+00 -0.2123E+02
  0.5480E+00 -0.2121E+02
  0.5490E+00 -0.2120E+02
  0.5500E+00 -0.2118E+02
  0.5510E+00 -0.2117E+02
  0.5520E+00 -0.2116E+02
  0.5530E+00 -0.2114E+02
  0.5540E+00 -0.2113E+02
  0.5550E+00 -0.2111E+02
  0.5560E+00 -0.2110E+02
  0.5570E+00 -0.2108E+02
  0.5580E+00 -0.2107E+02
  0.5590E+00 -0.2105E+02
  0.5600E+00 -0.2104E+02
  0.5610E+00 -0.2103E+02
  0.5620E+00 -0.2101E+02
  0.5630E+00 -0.2100E+02
  0.5640E+00 -0.2098E+02
  0.5650E+00 -0.2096E+02
  0.5660E+00 -0.2095E+02
  0.5670E+00 -0.2093E+02
  0.5680E+00 -0.2092E+02
  0.5690E+00 -0.2090E+02
  0.5700E+00 -0.2089E+02
  0.5710E+00 -0.2087E+02
  0.5720E+00 -0.2086E+02
  0.5730E+00 -0.2084E+02
  0.5740E+00 -0.2082E+02
  0.5750E+00 -0.2081E+02
  0.5760E+00 -0.2079E+02
  0.5770E+00 -0.2077E+02
  0.5780E+00 -0.2076E+02
  0.5790E+00 -0.2074E+02
  0.5800E+00 -0.2073E+02
  0.5810E+00 -0.2071E+02
  0.5820E+00 -0.2069E+02
  0.5830E+00 -0.2068E+02
  0.5840E+00 -0.2066E+02
  0.5850E+00 -0.2064E+02
  0.5860E+00 -0.2062E+02
  0.5870E+00 -0.2061E+02
  0.5880E+00 -0.2059E+02
  0.5890E+00 -0.2057E+02
  0.5900E+00 -0.2056E+02
  0.5910E+00 -0.2054E+02
  0.5920E+00 -0.2052E+02
  0.5930E+00 -0.2050E+02
  0.5940E+00 -0.2049E+02
  0.5950E+00 -0.2047E+02
  0.5960E+00 -0.2045E+02
  0.5970E+00 -0.2043E+02
  0.5980E+00 -0.2041E+02
  0.5990E+00 -0.2040E+02
  0.6000E+00 -0.2038E+02
  0.6010E+00 -0.2036E+02
  0.6020E+00 -0.2034E+02
  0.6030E+00 -0.2032E+02
  0.6040E+00 -0.2031E+02
  0.6050E+00 -0.2029E+02
  0.6060E+00 -0.2027E+02
  0.6070E+00 -0.2025E+02
  0.6080E+00 -0.2023E+02
  0.6090E+00 -0.2021E+02
  0.6100E+00 -0.2019E+02
  0.6110E+00 -0.2017E+02
  0.6120E+00 -0.2016E+02
  0.6130E+00 -0.2014E+02
  0.6140E+00 -0.2012E+02
  0.6150E+00 -0.2010E+02
  0.6160E+00 -0.2008E+02
  0.6170E+00 -0.2006E+02
  0.6180E+00 -0.2004E+02
  0.6190E+00 -0.2002E+02
  0.6200E+00 -0.2000E+02
  0.6210E+00 -0.1998E+02
  0.6220E+00 -0.1996E+02
  0.6230E+00 -0.1994E+02
  0.6240E+00 -0.1992E+02
  0.6250E+00 -0.1990E+02
  0.6260E+00 -0.1988E+02
  0.6270E+00 -0.1986E+02
  0.6280E+00 -0.1984E+02
  0.6290E+00 -0.1982E+02
  0.6300E+00 -0.1980E+02
  0.6310E+00 -0.1978E+02
  0.6320E+00 -0.1976E+02
  0.6330E+00 -0.1974E+02
  0.6340E+00 -0.1972E+02
  0.6350E+00 -0.1970E+02
  0.6360E+00 -0.1968E+02
  0.6370E+00 -0.1966E+02
  0.6380E+00 -0.1964E+02
  0.6390E+00 -0.1962E+02
  0.6400E+00 -0.1960E+02
  0.6410E+00 -0.1958E+02
  0.6420E+00 -0.1956E+02
  0.6430E+00 -0.1954E+02
  0.6440E+00 -0.1951E+02
  0.6450E+00 -0.1949E+02
  0.6460E+00 -0.1947E+02
  0.6470E+00 -0.1945E+02
  0.6480E+00 -0.1943E+02
  0.6490E+00 -0.1941E+02
  0.6500E+00 -0.1939E+02
  0.6510E+00 -0.1937E+02
  0.6520E+00 -0.1934E+02
  0.6530E+00 -0.1932E+02
  0.6540E+00 -0.1930E+02
  0.6550E+00 -0.1928E+02
  0.6560E+00 -0.1926E+02
  0.6570E+00 -0.1924E+02
  0.6580E+00 -0.1921E+02
  0.6590E+00 -0.1919E+02
  0.6600E+00 -0.1917E+02
  0.6610E+00 -0.1915E+02
  0.6620E+00 -0.1913E+02
  0.6630E+00 -0.1911E+02
  0.6640E+00 -0.1908E+02
  0.6650E+00 -0.1906E+02
  0.6660E+00 -0.1904E+02
  0.6670E+00 -0.1902E+02
  0.6680E+00 -0.1899E+02
  0.6690E+00 -0.1897E+02
  0.6700E+00 -0.1895E+02
  0.6710E+00 -0.1893E+02
  0.6720E+00 -0.1891E+02
  0.6730E+00 -0.1888E+02
  0.6740E+00 -0.1886E+02
  0.6750E+00 -0.1884E+02
  0.6760E+00 -0.1881E+02
  0.6770E+00 -0.1879E+02
  0.6780E+00 -0.1877E+02
  0.6790E+00 -0.1875E+02
  0.6800E+00 -0.1872E+02
  0.6810E+00 -0.1870E+02
  0.6820E+00 -0.1868E+02
  0.6830E+00 -0.1866E+02
  0.6840E+00 -0.1863E+02
  0.6850E+00 -0.1861E+02
  0.6860E+00 -0.1859E+02
  0.6870E+00 -0.1856E+02
  0.6880E+00 -0.1854E+02
  0.6890E+00 -0.1852E+02
  0.6900E+00 -0.1849E+02
  0.6910E+00 -0.1847E+02
  0.6920E+00 -0.1845E+02
  0.6930E+00 -0.1842E+02
  0.6940E+00 -0.1840E+02
  0.6950E+00 -0.1838E+02
  0.6960E+00 -0.1835E+02
  0.6970E+00 -0.1833E+02
  0.6980E+00 -0.1831E+02
  0.6990E+00 -0.1828E+02
  0.7000E+00 -0.1826E+02
  0.7010E+00 -0.1824E+02
  0.7020E+00 -0.1821E+02
  0.7030E+00 -0.1819E+02
  0.7040E+00 -0.1816E+02
  0.7050E+00 -0.1814E+02
  0.7060E+00 -0.1812E+02
  0.7070E+00 -0.1809E+02
  0.7080E+00 -0.1807E+02
  0.7090E+00 -0.1804E+02
  0.7100E+00 -0.1802E+02
  0.7110E+00 -0.1800E+02
  0.7120E+00 -0.1797E+02
  0.7130E+00 -0.1795E+02
  0.7140E+00 -0.1792E+02
  0.7150E+00 -0.1790E+02
  0.7160E+00 -0.1788E+02
  0.7170E+00 -0.1785E+02
  0.7180E+00 -0.1783E+02
  0.7190E+00 -0.1780E+02
  0.7200E+00 -0.1778E+02
  0.7210E+00 -0.1775E+02
  0.7220E+00 -0.1773E+02
  0.7230E+00 -0.1771E+02
  0.7240E+00 -0.1768E+02
  0.7250E+00 -0.1766E+02
  0.7260E+00 -0.1763E+02
  0.7270E+00 -0.1761E+02
  0.7280E+00 -0.1758E+02
  0.7290E+00 -0.1756E+02
  0.7300E+00 -0.1753E+02
  0.7310E+00 -0.1751E+02
  0.7320E+00 -0.1748E+02
  0.7330E+00 -0.1746E+02
  0.7340E+00 -0.1743E+02
  0.7350E+00 -0.1741E+02
  0.7360E+00 -0.1738E+02
  0.7370E+00 -0.1736E+02
  0.7380E+00 -0.1733E+02
  0.7390E+00 -0.1731E+02
  0.7400E+00 -0.1728E+02
  0.7410E+00 -0.1726E+02
  0.7420E+00 -0.1723E+02
  0.7430E+00 -0.1721E+02
  0.7440E+00 -0.1718E+02
  0.7450E+00 -0.1716E+02
  0.7460E+00 -0.1713E+02
  0.7470E+00 -0.1711E+02
  0.7480E+00 -0.1708E+02
  0.7490E+00 -0.1706E+02
  0.7500E+00 -0.1703E+02
  0.7510E+00 -0.1701E+02
  0.7520E+00 -0.1698E+02
  0.7530E+00 -0.1696E+02
  0.7540E+00 -0.1693E+02
  0.7550E+00 -0.1691E+02
  0.7560E+00 -0.1688E+02
  0.7570E+00 -0.1686E+02
  0.7580E+00 -0.1683E+02
  0.7590E+00 -0.1680E+02
  0.7600E+00 -0.1678E+02
  0.7610E+00 -0.1675E+02
  0.7620E+00 -0.1673E+02
  0.7630E+00 -0.1670E+02
  0.7640E+00 -0.1668E+02
  0.7650E+00 -0.1665E+02
  0.7660E+00 -0.1663E+02
  0.7670E+00 -0.1660E+02
  0.7680E+00 -0.1657E+02
  0.7690E+00 -0.1655E+02
  0.7700E+00 -0.1652E+02
  0.7710E+00 -0.1650E+02
  0.7720E+00 -0.1647E+02
  0.7730E+00 -0.1645E+02
  0.7740E+00 -0.1642E+02
  0.7750E+00 -0.1639E+02
  0.7760E+00 -0.1637E+02
  0.7770E+00 -0.1634E+02
  0.7780E+00 -0.1632E+02
  0.7790E+00 -0.1629E+02
  0.7800E+00 -0.1626E+02
  0.7810E+00 -0.1624E+02
  0.7820E+00 -0.1621E+02
  0.7830E+00 -0.1619E+02
  0.7840E+00 -0.1616E+02
  0.7850E+00 -0.1613E+02
  0.7860E+00 -0.1611E+02
  0.7870E+00 -0.1608E+02
  0.7880E+00 -0.1605E+02
  0.7890E+00 -0.1603E+02
  0.7900E+00 -0.1600E+02
  0.7910E+00 -0.1598E+02
  0.7920E+00 -0.1595E+02
  0.7930E+00 -0.1592E+02
  0.7940E+00 -0.1590E+02
  0.7950E+00 -0.1587E+02
  0.7960E+00 -0.1584E+02
  0.7970E+00 -0.1582E+02
  0.7980E+00 -0.1579E+02
  0.7990E+00 -0.1576E+02
  0.8000E+00 -0.1574E+02
  0.8010E+00 -0.1571E+02
  0.8020E+00 -0.1569E+02
  0.8030E+00 -0.1566E+02
  0.8040E+00 -0.1563E+02
  0.8050E+00 -0.1561E+02
  0.8060E+00 -0.1558E+02
  0.8070E+00 -0.1555E+02
  0.8080E+00 -0.1553E+02
  0.8090E+00 -0.1550E+02
  0.8100E+00 -0.1547E+02
  0.8110E+00 -0.1545E+02
  0.8120E+00 -0.1542E+02
  0.8130E+00 -0.1539E+02
  0.8140E+00 -0.1537E+02
  0.8150E+00 -0.1534E+02
  0.8160E+00 -0.1531E+02
  0.8170E+00 -0.1529E+02
  0.8180E+00 -0.1526E+02
  0.8190E+00 -0.1523E+02
  0.8200E+00 -0.1521E+02
  0.8210E+00 -0.1518E+02
  0.8220E+00 -0.1515E+02
  0.8230E+00 -0.1512E+02
  0.8240E+00 -0.1510E+02
  0.8250E+00 -0.1507E+02
  0.8260E+00 -0.1504E+02
  0.8270E+00 -0.1502E+02
  0.8280E+00 -0.1499E+02
  0.8290E+00 -0.1496E+02
  0.8300E+00 -0.1494E+02
  0.8310E+00 -0.1491E+02
  0.8320E+00 -0.1488E+02
  0.8330E+00 -0.1485E+02
  0.8340E+00 -0.1483E+02
  0.8350E+00 -0.1480E+02
  0.8360E+00 -0.1477E+02
  0.8370E+00 -0.1475E+02
  0.8380E+00 -0.1472E+02
  0.8390E+00 -0.1469E+02
  0.8400E+00 -0.1466E+02
  0.8410E+00 -0.1464E+02
  0.8420E+00 -0.1461E+02
  0.8430E+00 -0.1458E+02
  0.8440E+00 -0.1456E+02
  0.8450E+00 -0.1453E+02
  0.8460E+00 -0.1450E+02
  0.8470E+00 -0.1447E+02
  0.8480E+00 -0.1445E+02
  0.8490E+00 -0.1442E+02
  0.8500E+00 -0.1439E+02
  0.8510E+00 -0.1436E+02
  0.8520E+00 -0.1434E+02
  0.8530E+00 -0.1431E+02
  0.8540E+00 -0.1428E+02
  0.8550E+00 -0.1425E+02
  0.8560E+00 -0.1423E+02
  0.8570E+00 -0.1420E+02
  0.8580E+00 -0.1417E+02
  0.8590E+00 -0.1414E+02
  0.8600E+00 -0.1412E+02
  0.8610E+00 -0.1409E+02
  0.8620E+00 -0.1406E+02
  0.8630E+00 -0.1403E+02
  0.8640E+00 -0.1401E+02
  0.8650E+00 -0.1398E+02
  0.8660E+00 -0.1395E+02
  0.8670E+00 -0.1392E+02
  0.8680E+00 -0.1390E+02
  0.8690E+00 -0.1387E+02
  0.8700E+00 -0.1384E+02
  0.8710E+00 -0.1381E+02
  0.8720E+00 -0.1378E+02
  0.8730E+00 -0.1376E+02
  0.8740E+00 -0.1373E+02
  0.8750E+00 -0.1370E+02
  0.8760E+00 -0.1367E+02
  0.8770E+00 -0.1365E+02
  0.8780E+00 -0.1362E+02
  0.8790E+00 -0.1359E+02
  0.8800E+00 -0.1356E+02
  0.8810E+00 -0.1353E+02
  0.8820E+00 -0.1351E+02
  0.8830E+00 -0.1348E+02
  0.8840E+00 -0.1345E+02
  0.8850E+00 -0.1342E+02
  0.8860E+00 -0.1340E+02
  0.8870E+00 -0.1337E+02
  0.8880E+00 -0.1334E+02
  0.8890E+00 -0.1331E+02
  0.8900E+00 -0.1328E+02
  0.8910E+00 -0.1326E+02
  0.8920E+00 -0.1323E+02
  0.8930E+00 -0.1320E+02
  0.8940E+00 -0.1317E+02
  0.8950E+00 -0.1314E+02
  0.8960E+00 -0.1312E+02
  0.8970E+00 -0.1309E+02
  0.8980E+00 -0.1306E+02
  0.8990E+00 -0.1303E+02
  0.9000E+00 -0.1300E+02
  0.9010E+00 -0.1298E+02
  0.9020E+00 -0.1295E+02
  0.9030E+00 -0.1292E+02
  0.9040E+00 -0.1289E+02
  0.9050E+00 -0.1286E+02
  0.9060E+00 -0.1284E+02
  0.9070E+00 -0.1281E+02
  0.9080E+00 -0.1278E+02
  0.9090E+00 -0.1275E+02
  0.9100E+00 -0.1272E+02
  0.9110E+00 -0.1270E+02
  0.9120E+00 -0.1267E+02
  0.9130E+00 -0.1264E+02
  0.9140E+00 -0.1261E+02
  0.9150E+00 -0.1258E+02
  0.9160E+00 -0.1255E+02
  0.9170E+00 -0.1253E+02
  0.9180E+00 -0.1250E+02
  0.9190E+00 -0.1247E+02
  0.9200E+00 -0.1244E+02
  0.9210E+00 -0.1241E+02
  0.9220E+00 -0.1239E+02
  0.9230E+00 -0.1236E+02
  0.9240E+00 -0.1233E+02
  0.9250E+00 -0.1230E+02
  0.9260E+00 -0.1227E+02
  0.9270E+00 -0.1225E+02
  0.9280E+00 -0.1222E+02
  0.9290E+00 -0.1219E+02
  0.9300E+00 -0.1216E+02
  0.9310E+00 -0.1213E+02
  0.9320E+00 -0.1210E+02
  0.9330E+00 -0.1208E+02
  0.9340E+00 -0.1205E+02
  0.9350E+00 -0.1202E+02
  0.9360E+00 -0.1199E+02
  0.9370E+00 -0.1196E+02
  0.9380E+00 -0.1193E+02
  0.9390E+00 -0.1191E+02
  0.9400E+00 -0.1188E+02
  0.9410E+00 -0.1185E+02
  0.9420E+00 -0.1182E+02
  0.9430E+00 -0.1179E+02
  0.9440E+00 -0.1177E+02
  0.9450E+00 -0.1174E+02
  0.9460E+00 -0.1171E+02
  0.9470E+00 -0.1168E+02
  0.9480E+00 -0.1165E+02
  0.9490E+00 -0.1162E+02
  0.9500E+00 -0.1160E+02
  0.9510E+00 -0.1157E+02
  0.9520E+00 -0.1154E+02
  0.9530E+00 -0.1151E+02
  0.9540E+00 -0.1148E+02
  0.9550E+00 -0.1145E+02
  0.9560E+00 -0.1143E+02
  0.9570E+00 -0.1140E+02
  0.9580E+00 -0.1137E+02
  0.9590E+00 -0.1134E+02
  0.9600E+00 -0.1131E+02
  0.9610E+00 -0.1129E+02
  0.9620E+00 -0.1126E+02
  0.9630E+00 -0.1123E+02
  0.9640E+00 -0.1120E+02
  0.9650E+00 -0.1117E+02
  0.9660E+00 -0.1114E+02
  0.9670E+00 -0.1112E+02
  0.9680E+00 -0.1109E+02
  0.9690E+00 -0.1106E+02
  0.9700E+00 -0.1103E+02
  0.9710E+00 -0.1100E+02
  0.9720E+00 -0.1098E+02
  0.9730E+00 -0.1095E+02
  0.9740E+00 -0.1092E+02
  0.9750E+00 -0.1089E+02
  0.9760E+00 -0.1086E+02
  0.9770E+00 -0.1083E+02
  0.9780E+00 -0.1081E+02
  0.9790E+00 -0.1078E+02
  0.9800E+00 -0.1075E+02
  0.9810E+00 -0.1072E+02
  0.9820E+00 -0.1069E+02
  0.9830E+00 -0.1067E+02
  0.9840E+00 -0.1064E+02
  0.9850E+00 -0.1061E+02
  0.9860E+00 -0.1058E+02
  0.9870E+00 -0.1055E+02
  0.9880E+00 -0.1053E+02
  0.9890E+00 -0.1050E+02
  0.9900E+00 -0.1047E+02
  0.9910E+00 -0.1044E+02
  0.9920E+00 -0.1041E+02
  0.9930E+00 -0.1039E+02
  0.9940E+00 -0.1036E+02
  0.9950E+00 -0.1033E+02
  0.9960E+00 -0.1030E+02
  0.9970E+00 -0.1027E+02
  0.9980E+00 -0.1025E+02
  0.9990E+00 -0.1022E+02
  0.1000E+01 -0.1019E+02
  0.1001E+01 -0.1016E+02
  0.1002E+01 -0.1013E+02
  0.1003E+01 -0.1011E+02
  0.1004E+01 -0.1008E+02
  0.1005E+01 -0.1005E+02
  0.1006E+01 -0.1002E+02
  0.1007E+01 -0.9996E+01
  0.1008E+01 -0.9968E+01
  0.1009E+01 -0.9940E+01
  0.1010E+01 -0.9913E+01
  0.1011E+01 -0.9885E+01
  0.1012E+01 -0.9857E+01
  0.1013E+01 -0.9830E+01
  0.1014E+01 -0.9802E+01
  0.1015E+01 -0.9774E+01
  0.1016E+01 -0.9747E+01
  0.1017E+01 -0.9719E+01
  0.1018E+01 -0.9692E+01
  0.1019E+01 -0.9664E+01
  0.1020E+01 -0.9637E+01
  0.1021E+01 -0.9609E+01
  0.1022E+01 -0.9582E+01
  0.1023E+01 -0.9554E+01
  0.1024E+01 -0.9527E+01
  0.1025E+01 -0.9499E+01
  0.1026E+01 -0.9472E+01
  0.1027E+01 -0.9445E+01
  0.1028E+01 -0.9417E+01
  0.1029E+01 -0.9390E+01
  0.1030E+01 -0.9363E+01
  0.1031E+01 -0.9335E+01
  0.1032E+01 -0.9308E+01
  0.1033E+01 -0.9281E+01
  0.1034E+01 -0.9254E+01
  0.1035E+01 -0.9227E+01
  0.1036E+01 -0.9199E+01
  0.1037E+01 -0.9172E+01
  0.1038E+01 -0.9145E+01
  0.1039E+01 -0.9118E+01
  0.1040E+01 -0.9091E+01
  0.1041E+01 -0.9064E+01
  0.1042E+01 -0.9037E+01
  0.1043E+01 -0.9010E+01
  0.1044E+01 -0.8983E+01
  0.1045E+01 -0.8956E+01
  0.1046E+01 -0.8929E+01
  0.1047E+01 -0.8902E+01
  0.1048E+01 -0.8876E+01
  0.1049E+01 -0.8849E+01
  0.1050E+01 -0.8822E+01
  0.1051E+01 -0.8795E+01
  0.1052E+01 -0.8768E+01
  0.1053E+01 -0.8742E+01
  0.1054E+01 -0.8715E+01
  0.1055E+01 -0.8688E+01
  0.1056E+01 -0.8662E+01
  0.1057E+01 -0.8635E+01
  0.1058E+01 -0.8609E+01
  0.1059E+01 -0.8582E+01
  0.1060E+01 -0.8556E+01
  0.1061E+01 -0.8529E+01
  0.1062E+01 -0.8503E+01
  0.1063E+01 -0.8476E+01
  0.1064E+01 -0.8450E+01
  0.1065E+01 -0.8424E+01
  0.1066E+01 -0.8397E+01
  0.1067E+01 -0.8371E+01
  0.1068E+01 -0.8345E+01
  0.1069E+01 -0.8319E+01
  0.1070E+01 -0.8293E+01
  0.1071E+01 -0.8266E+01
  0.1072E+01 -0.8240E+01
  0.1073E+01 -0.8214E+01
  0.1074E+01 -0.8188E+01
  0.1075E+01 -0.8162E+01
  0.1076E+01 -0.8136E+01
  0.1077E+01 -0.8110E+01
  0.1078E+01 -0.8084E+01
  0.1079E+01 -0.8058E+01
  0.1080E+01 -0.8033E+01
  0.1081E+01 -0.8007E+01
  0.1082E+01 -0.7981E+01
  0.1083E+01 -0.7955E+01
  0.1084E+01 -0.7930E+01
  0.1085E+01 -0.7904E+01
  0.1086E+01 -0.7878E+01
  0.1087E+01 -0.7853E+01
  0.1088E+01 -0.7827E+01
  0.1089E+01 -0.7802E+01
  0.1090E+01 -0.7776E+01
  0.1091E+01 -0.7751E+01
  0.1092E+01 -0.7725E+01
  0.1093E+01 -0.7700E+01
  0.1094E+01 -0.7675E+01
  0.1095E+01 -0.7649E+01
  0.1096E+01 -0.7624E+01
  0.1097E+01 -0.7599E+01
  0.1098E+01 -0.7574E+01
  0.1099E+01 -0.7548E+01
  0.1100E+01 -0.7523E+01
  0.1101E+01 -0.7498E+01
  0.1102E+01 -0.7473E+01
  0.1103E+01 -0.7448E+01
  0.1104E+01 -0.7423E+01
  0.1105E+01 -0.7398E+01
  0.1106E+01 -0.7373E+01
  0.1107E+01 -0.7348E+01
  0.1108E+01 -0.7324E+01
  0.1109E+01 -0.7299E+01
  0.1110E+01 -0.7274E+01
  0.1111E+01 -0.7249E+01
  0.1112E+01 -0.7225E+01
  0.1113E+01 -0.7200E+01
  0.1114E+01 -0.7175E+01
  0.1115E+01 -0.7151E+01
  0.1116E+01 -0.7126E+01
  0.1117E+01 -0.7102E+01
  0.1118E+01 -0.7077E+01
  0.1119E+01 -0.7053E+01
  0.1120E+01 -0.7029E+01
  0.1121E+01 -0.7004E+01
  0.1122E+01 -0.6980E+01
  0.1123E+01 -0.6956E+01
  0.1124E+01 -0.6931E+01
  0.1125E+01 -0.6907E+01
  0.1126E+01 -0.6883E+01
  0.1127E+01 -0.6859E+01
  0.1128E+01 -0.6835E+01
  0.1129E+01 -0.6811E+01
  0.1130E+01 -0.6787E+01
  0.1131E+01 -0.6763E+01
  0.1132E+01 -0.6739E+01
  0.1133E+01 -0.6715E+01
  0.1134E+01 -0.6691E+01
  0.1135E+01 -0.6667E+01
  0.1136E+01 -0.6643E+01
  0.1137E+01 -0.6620E+01
  0.1138E+01 -0.6596E+01
  0.1139E+01 -0.6572E+01
  0.1140E+01 -0.6549E+01
  0.1141E+01 -0.6525E+01
  0.1142E+01 -0.6501E+01
  0.1143E+01 -0.6478E+01
  0.1144E+01 -0.6454E+01
  0.1145E+01 -0.6431E+01
  0.1146E+01 -0.6407E+01
  0.1147E+01 -0.6384E+01
  0.1148E+01 -0.6361E+01
  0.1149E+01 -0.6337E+01
  0.1150E+01 -0.6314E+01
  0.1151E+01 -0.6291E+01
  0.1152E+01 -0.6267E+01
  0.1153E+01 -0.6244E+01
  0.1154E+01 -0.6221E+01
  0.1155E+01 -0.6198E+01
  0.1156E+01 -0.6175E+01
  0.1157E+01 -0.6152E+01
  0.1158E+01 -0.6129E+01
  0.1159E+01 -0.6106E+01
  0.1160E+01 -0.6083E+01
  0.1161E+01 -0.6060E+01
  0.1162E+01 -0.6037E+01
  0.1163E+01 -0.6014E+01
  0.1164E+01 -0.5991E+01
  0.1165E+01 -0.5968E+01
  0.1166E+01 -0.5945E+01
  0.1167E+01 -0.5923E+01
  0.1168E+01 -0.5900E+01
  0.1169E+01 -0.5877E+01
  0.1170E+01 -0.5854E+01
  0.1171E+01 -0.5832E+01
  0.1172E+01 -0.5809E+01
  0.1173E+01 -0.5786E+01
  0.1174E+01 -0.5764E+01
  0.1175E+01 -0.5741E+01
  0.1176E+01 -0.5719E+01
  0.1177E+01 -0.5696E+01
  0.1178E+01 -0.5674E+01
  0.1179E+01 -0.5651E+01
  0.1180E+01 -0.5629E+01
  0.1181E+01 -0.5606E+01
  0.1182E+01 -0.5584E+01
  0.1183E+01 -0.5562E+01
  0.1184E+01 -0.5539E+01
  0.1185E+01 -0.5517E+01
  0.1186E+01 -0.5495E+01
  0.1187E+01 -0.5472E+01
  0.1188E+01 -0.5450E+01
  0.1189E+01 -0.5428E+01
  0.1190E+01 -0.5406E+01
  0.1191E+01 -0.5383E+01
  0.1192E+01 -0.5361E+01
  0.1193E+01 -0.5339E+01
  0.1194E+01 -0.5317E+01
  0.1195E+01 -0.5295E+01
  0.1196E+01 -0.5273E+01
  0.1197E+01 -0.5251E+01
  0.1198E+01 -0.5228E+01
  0.1199E+01 -0.5206E+01
  0.1200E+01 -0.5184E+01
  0.1201E+01 -0.5162E+01
  0.1202E+01 -0.5140E+01
  0.1203E+01 -0.5118E+01
  0.1204E+01 -0.5096E+01
  0.1205E+01 -0.5074E+01
  0.1206E+01 -0.5052E+01
  0.1207E+01 -0.5030E+01
  0.1208E+01 -0.5008E+01
  0.1209E+01 -0.4986E+01
  0.1210E+01 -0.4964E+01
  0.1211E+01 -0.4942E+01
  0.1212E+01 -0.4920E+01
  0.1213E+01 -0.4898E+01
  0.1214E+01 -0.4876E+01
  0.1215E+01 -0.4854E+01
  0.1216E+01 -0.4832E+01
  0.1217E+01 -0.4811E+01
  0.1218E+01 -0.4789E+01
  0.1219E+01 -0.4767E+01
  0.1220E+01 -0.4745E+01
  0.1221E+01 -0.4723E+01
  0.1222E+01 -0.4701E+01
  0.1223E+01 -0.4679E+01
  0.1224E+01 -0.4657E+01
  0.1225E+01 -0.4635E+01
  0.1226E+01 -0.4613E+01
  0.1227E+01 -0.4591E+01
  0.1228E+01 -0.4569E+01
  0.1229E+01 -0.4547E+01
  0.1230E+01 -0.4525E+01
  0.1231E+01 -0.4503E+01
  0.1232E+01 -0.4481E+01
  0.1233E+01 -0.4459E+01
  0.1234E+01 -0.4437E+01
  0.1235E+01 -0.4415E+01
  0.1236E+01 -0.4393E+01
  0.1237E+01 -0.4371E+01
  0.1238E+01 -0.4349E+01
  0.1239E+01 -0.4327E+01
  0.1240E+01 -0.4305E+01
  0.1241E+01 -0.4283E+01
  0.1242E+01 -0.4261E+01
  0.1243E+01 -0.4238E+01
  0.1244E+01 -0.4216E+01
  0.1245E+01 -0.4194E+01
  0.1246E+01 -0.4172E+01
  0.1247E+01 -0.4150E+01
  0.1248E+01 -0.4127E+01
  0.1249E+01 -0.4105E+01
  0.1250E+01 -0.4083E+01
  0.1251E+01 -0.4060E+01
  0.1252E+01 -0.4038E+01
  0.1253E+01 -0.4016E+01
  0.1254E+01 -0.3993E+01
  0.1255E+01 -0.3971E+01
  0.1256E+01 -0.3948E+01
  0.1257E+01 -0.3926E+01
  0.1258E+01 -0.3903E+01
  0.1259E+01 -0.3881E+01
  0.1260E+01 -0.3858E+01
  0.1261E+01 -0.3835E+01
  0.1262E+01 -0.3813E+01
  0.1263E+01 -0.3790E+01
  0.1264E+01 -0.3767E+01
  0.1265E+01 -0.3745E+01
  0.1266E+01 -0.3722E+01
  0.1267E+01 -0.3699E+01
  0.1268E+01 -0.3676E+01
  0.1269E+01 -0.3653E+01
  0.1270E+01 -0.3630E+01
  0.1271E+01 -0.3607E+01
  0.1272E+01 -0.3584E+01
  0.1273E+01 -0.3561E+01
  0.1274E+01 -0.3538E+01
  0.1275E+01 -0.3514E+01
  0.1276E+01 -0.3491E+01
  0.1277E+01 -0.3468E+01
  0.1278E+01 -0.3444E+01
  0.1279E+01 -0.3421E+01
  0.1280E+01 -0.3397E+01
  0.1281E+01 -0.3374E+01
  0.1282E+01 -0.3350E+01
  0.1283E+01 -0.3327E+01
  0.1284E+01 -0.3303E+01
  0.1285E+01 -0.3279E+01
  0.1286E+01 -0.3255E+01
  0.1287E+01 -0.3231E+01
  0.1288E+01 -0.3208E+01
  0.1289E+01 -0.3184E+01
  0.1290E+01 -0.3159E+01
  0.1291E+01 -0.3135E+01
  0.1292E+01 -0.3111E+01
  0.1293E+01 -0.3087E+01
  0.1294E+01 -0.3063E+01
  0.1295E+01 -0.3038E+01
  0.1296E+01 -0.3014E+01
  0.1297E+01 -0.2989E+01
  0.1298E+01 -0.2965E+01
  0.1299E+01 -0.2940E+01
  0.1300E+01 -0.2915E+01
  0.1301E+01 -0.2890E+01
  0.1302E+01 -0.2865E+01
  0.1303E+01 -0.2840E+01
  0.1304E+01 -0.2815E+01
  0.1305E+01 -0.2790E+01
  0.1306E+01 -0.2765E+01
  0.1307E+01 -0.2740E+01
  0.1308E+01 -0.2714E+01
  0.1309E+01 -0.2689E+01
  0.1310E+01 -0.2663E+01
  0.1311E+01 -0.2638E+01
  0.1312E+01 -0.2612E+01
  0.1313E+01 -0.2586E+01
  0.1314E+01 -0.2561E+01
  0.1315E+01 -0.2535E+01
  0.1316E+01 -0.2509E+01
  0.1317E+01 -0.2482E+01
  0.1318E+01 -0.2456E+01
  0.1319E+01 -0.2430E+01
  0.1320E+01 -0.2404E+01
  0.1321E+01 -0.2377E+01
  0.1322E+01 -0.2351E+01
  0.1323E+01 -0.2324E+01
  0.1324E+01 -0.2297E+01
  0.1325E+01 -0.2270E+01
  0.1326E+01 -0.2243E+01
  0.1327E+01 -0.2216E+01
  0.1328E+01 -0.2189E+01
  0.1329E+01 -0.2162E+01
  0.1330E+01 -0.2135E+01
  0.1331E+01 -0.2107E+01
  0.1332E+01 -0.2080E+01
  0.1333E+01 -0.2052E+01
  0.1334E+01 -0.2025E+01
  0.1335E+01 -0.1997E+01
  0.1336E+01 -0.1969E+01
  0.1337E+01 -0.1941E+01
  0.1338E+01 -0.1913E+01
  0.1339E+01 -0.1885E+01
  0.1340E+01 -0.1856E+01
  0.1341E+01 -0.1828E+01
  0.1342E+01 -0.1799E+01
  0.1343E+01 -0.1771E+01
  0.1344E+01 -0.1742E+01
  0.1345E+01 -0.1713E+01
  0.1346E+01 -0.1684E+01
  0.1347E+01 -0.1655E+01
  0.1348E+01 -0.1626E+01
  0.1349E+01 -0.1597E+01
  0.1350E+01 -0.1567E+01
  0.1351E+01 -0.1538E+01
  0.1352E+01 -0.1508E+01
  0.1353E+01 -0.1479E+01
  0.1354E+01 -0.1449E+01
  0.1355E+01 -0.1419E+01
  0.1356E+01 -0.1389E+01
  0.1357E+01 -0.1359E+01
  0.1358E+01 -0.1329E+01
  0.1359E+01 -0.1298E+01
  0.1360E+01 -0.1268E+01
  0.1361E+01 -0.1237E+01
  0.1362E+01 -0.1207E+01
  0.1363E+01 -0.1176E+01
  0.1364E+01 -0.1145E+01
  0.1365E+01 -0.1114E+01
  0.1366E+01 -0.1083E+01
  0.1367E+01 -0.1052E+01
  0.1368E+01 -0.1021E+01
  0.1369E+01 -0.9892E+00
  0.1370E+01 -0.9577E+00
  0.1371E+01 -0.9261E+00
  0.1372E+01 -0.8943E+00
  0.1373E+01 -0.8625E+00
  0.1374E+01 -0.8306E+00
  0.1375E+01 -0.7985E+00
  0.1376E+01 -0.7664E+00
  0.1377E+01 -0.7341E+00
  0.1378E+01 -0.7018E+00
  0.1379E+01 -0.6693E+00
  0.1380E+01 -0.6367E+00
  0.1381E+01 -0.6041E+00
  0.1382E+01 -0.5713E+00
  0.1383E+01 -0.5384E+00
  0.1384E+01 -0.5055E+00
  0.1385E+01 -0.4724E+00
  0.1386E+01 -0.4392E+00
  0.1387E+01 -0.4059E+00
  0.1388E+01 -0.3726E+00
  0.1389E+01 -0.3391E+00
  0.1390E+01 -0.3056E+00
  0.1391E+01 -0.2719E+00
  0.1392E+01 -0.2382E+00
  0.1393E+01 -0.2043E+00
  0.1394E+01 -0.1704E+00
  0.1395E+01 -0.1364E+00
  0.1396E+01 -0.1023E+00
  0.1397E+01 -0.6807E-01
  0.1398E+01 -0.3378E-01
  0.1399E+01  0.5820E-03
  0.1400E+01  0.3503E-01
  0.1401E+01  0.6956E-01
  0.1402E+01  0.1042E+00
  0.1403E+01  0.1389E+00
  0.1404E+01  0.1736E+00
  0.1405E+01  0.2085E+00
  0.1406E+01  0.2434E+00
  0.1407E+01  0.2784E+00
  0.1408E+01  0.3134E+00
  0.1409E+01  0.3486E+00
  0.1410E+01  0.3837E+00
  0.1411E+01  0.4190E+00
  0.1412E+01  0.4543E+00
  0.1413E+01  0.4897E+00
  0.1414E+01  0.5251E+00
  0.1415E+01  0.5606E+00
  0.1416E+01  0.5961E+00
  0.1417E+01  0.6317E+00
  0.1418E+01  0.6674E+00
  0.1419E+01  0.7031E+00
  0.1420E+01  0.7388E+00
  0.1421E+01  0.7745E+00
  0.1422E+01  0.8103E+00
  0.1423E+01  0.8462E+00
  0.1424E+01  0.8821E+00
  0.1425E+01  0.9180E+00
  0.1426E+01  0.9539E+00
  0.1427E+01  0.9898E+00
  0.1428E+01  0.1026E+01
  0.1429E+01  0.1062E+01
  0.1430E+01  0.1098E+01
  0.1431E+01  0.1134E+01
  0.1432E+01  0.1170E+01
  0.1433E+01  0.1206E+01
  0.1434E+01  0.1242E+01
  0.1435E+01  0.1278E+01
  0.1436E+01  0.1314E+01
  0.1437E+01  0.1350E+01
  0.1438E+01  0.1386E+01
  0.1439E+01  0.1422E+01
  0.1440E+01  0.1458E+01
  0.1441E+01  0.1494E+01
  0.1442E+01  0.1529E+01
  0.1443E+01  0.1565E+01
  0.1444E+01  0.1601E+01
  0.1445E+01  0.1637E+01
  0.1446E+01  0.1672E+01
  0.1447E+01  0.1708E+01
  0.1448E+01  0.1744E+01
  0.1449E+01  0.1779E+01
  0.1450E+01  0.1815E+01
  0.1451E+01  0.1850E+01
  0.1452E+01  0.1885E+01
  0.1453E+01  0.1920E+01
  0.1454E+01  0.1955E+01
  0.1455E+01  0.1990E+01
  0.1456E+01  0.2025E+01
  0.1457E+01  0.2060E+01
  0.1458E+01  0.2095E+01
  0.1459E+01  0.2129E+01
  0.1460E+01  0.2164E+01
  0.1461E+01  0.2198E+01
  0.1462E+01  0.2232E+01
  0.1463E+01  0.2266E+01
  0.1464E+01  0.2300E+01
  0.1465E+01  0.2334E+01
  0.1466E+01  0.2367E+01
  0.1467E+01  0.2401E+01
  0.1468E+01  0.2434E+01
  0.1469E+01  0.2467E+01
  0.1470E+01  0.2500E+01
  0.1471E+01  0.2533E+01
  0.1472E+01  0.2565E+01
  0.1473E+01  0.2597E+01
  0.1474E+01  0.2629E+01
  0.1475E+01  0.2661E+01
  0.1476E+01  0.2692E+01
  0.1477E+01  0.2724E+01
  0.1478E+01  0.2755E+01
  0.1479E+01  0.2785E+01
  0.1480E+01  0.2816E+01
  0.1481E+01  0.2846E+01
  0.1482E+01  0.2876E+01
  0.1483E+01  0.2906E+01
  0.1484E+01  0.2935E+01
  0.1485E+01  0.2964E+01
  0.1486E+01  0.2993E+01
  0.1487E+01  0.3021E+01
  0.1488E+01  0.3049E+01
  0.1489E+01  0.3077E+01
  0.1490E+01  0.3104E+01
  0.1491E+01  0.3131E+01
  0.1492E+01  0.3158E+01
  0.1493E+01  0.3184E+01
  0.1494E+01  0.3210E+01
  0.1495E+01  0.3235E+01
  0.1496E+01  0.3260E+01
  0.1497E+01  0.3285E+01
  0.1498E+01  0.3309E+01
  0.1499E+01  0.3332E+01
  0.1500E+01  0.3355E+01
  0.1501E+01  0.3378E+01
  0.1502E+01  0.3400E+01
  0.1503E+01  0.3422E+01
  0.1504E+01  0.3443E+01
  0.1505E+01  0.3464E+01
  0.1506E+01  0.3484E+01
  0.1507E+01  0.3503E+01
  0.1508E+01  0.3522E+01
  0.1509E+01  0.3541E+01
  0.1510E+01  0.3559E+01
  0.1511E+01  0.3576E+01
  0.1512E+01  0.3593E+01
  0.1513E+01  0.3609E+01
  0.1514E+01  0.3624E+01
  0.1515E+01  0.3639E+01
  0.1516E+01  0.3653E+01
  0.1517E+01  0.3666E+01
  0.1518E+01  0.3679E+01
  0.1519E+01  0.3691E+01
  0.1520E+01  0.3702E+01
  0.1521E+01  0.3713E+01
  0.1522E+01  0.3723E+01
  0.1523E+01  0.3732E+01
  0.1524E+01  0.3740E+01
  0.1525E+01  0.3747E+01
  0.1526E+01  0.3754E+01
  0.1527E+01  0.3760E+01
  0.1528E+01  0.3765E+01
  0.1529E+01  0.3769E+01
  0.1530E+01  0.3772E+01
  0.1531E+01  0.3774E+01
  0.1532E+01  0.3775E+01
  0.1533E+01  0.3776E+01
  0.1534E+01  0.3775E+01
  0.1535E+01  0.3774E+01
  0.1536E+01  0.3771E+01
  0.1537E+01  0.3768E+01
  0.1538E+01  0.3764E+01
  0.1539E+01  0.3758E+01
  0.1540E+01  0.3751E+01
  0.1541E+01  0.3744E+01
  0.1542E+01  0.3735E+01
  0.1543E+01  0.3725E+01
  0.1544E+01  0.3714E+01
  0.1545E+01  0.3702E+01
  0.1546E+01  0.3689E+01
  0.1547E+01  0.3674E+01
  0.1548E+01  0.3658E+01
  0.1549E+01  0.3642E+01
  0.1550E+01  0.3623E+01
  0.1551E+01  0.3604E+01
  0.1552E+01  0.3583E+01
  0.1553E+01  0.3561E+01
  0.1554E+01  0.3537E+01
  0.1555E+01  0.3513E+01
  0.1556E+01  0.3486E+01
  0.1557E+01  0.3459E+01
  0.1558E+01  0.3430E+01
  0.1559E+01  0.3399E+01
  0.1560E+01  0.3367E+01
  0.1561E+01  0.3334E+01
  0.1562E+01  0.3298E+01
  0.1563E+01  0.3262E+01
  0.1564E+01  0.3224E+01
  0.1565E+01  0.3184E+01
  0.1566E+01  0.3143E+01
  0.1567E+01  0.3099E+01
  0.1568E+01  0.3055E+01
  0.1569E+01  0.3008E+01
  0.1570E+01  0.2960E+01
  0.1571E+01  0.2910E+01
  0.1572E+01  0.2858E+01
  0.1573E+01  0.2805E+01
  0.1574E+01  0.2749E+01
  0.1575E+01  0.2692E+01
  0.1576E+01  0.2633E+01
  0.1577E+01  0.2572E+01
  0.1578E+01  0.2509E+01
  0.1579E+01  0.2444E+01
  0.1580E+01  0.2377E+01
  0.1581E+01  0.2308E+01
  0.1582E+01  0.2237E+01
  0.1583E+01  0.2164E+01
  0.1584E+01  0.2088E+01
  0.1585E+01  0.2011E+01
  0.1586E+01  0.1931E+01
  0.1587E+01  0.1849E+01
  0.1588E+01  0.1765E+01
  0.1589E+01  0.1678E+01
  0.1590E+01  0.1590E+01
  0.1591E+01  0.1498E+01
  0.1592E+01  0.1405E+01
  0.1593E+01  0.1309E+01
  0.1594E+01  0.1210E+01
  0.1595E+01  0.1110E+01
  0.1596E+01  0.1006E+01
  0.1597E+01  0.9001E+00
  0.1598E+01  0.7916E+00
  0.1599E+01  0.6803E+00
