   1.9999999494757503E-04  -12.27825072276241       14.65219894362769    
   3.9999998989515007E-04  -10.45576390867133       13.36060230092264    
   5.9999997029080987E-04  -9.203468178004568       12.48582074845356    
   7.9999997979030013E-04  -8.215565267015441       11.80802230744239    
   9.9999993108212948E-04  -7.384161381612691       11.24860869975923    
   1.1999999405816197E-03  -6.657404062813977       10.76940910644490    
   1.3999999500811100E-03  -6.006031823843459       10.34868748479539    
   1.5999999595806003E-03  -5.411780257007786       9.972766275772845    
   1.7999999690800905E-03  -4.862425997944834       9.632423476164957    
   1.9999998621642590E-03  -4.349358228824310       9.321117333027825    
   2.1999999880790710E-03  -3.866265788293373       9.034021917732096    
   2.3999998811632395E-03  -3.408378618411736       8.767466721580121    
   2.6000000070780516E-03  -2.971995190049801       8.518586877669801    
   2.7999999001622200E-03  -2.554185240084327       8.285101130971110    
   3.0000000260770321E-03  -2.152584068769539       8.065158782050153    
   3.1999999191612005E-03  -1.765257289248985       7.857237446008878    
   3.3999998122453690E-03  -1.390598836462886       7.660066902096864    
   3.5999999381601810E-03  -1.027260825875812       7.472575790028537    
   3.7999998312443495E-03 -0.6741017187837414       7.293851981158928    
   3.9999997243285179E-03 -0.3301437991590543       7.123110840002612    
   4.1999998502433300E-03  5.4561377320569999E-03   6.959672536793785    
   4.3999999761581421E-03  0.3334298329577205       6.802944174301123    
   4.6000001020729542E-03  0.6544174778712651       6.652404816104952    
   4.7999997623264790E-03  0.9689814802936572       6.507594541512333    
   4.9999998882412910E-03   1.277621357976312       6.368103852586378    
   5.2000000141561031E-03   1.580779069945984       6.233568158904045    
   5.3999996744096279E-03   1.878849233646248       6.103660525173645    
   5.5999998003244400E-03   2.172187721407079       5.978085693428043    
   5.7999999262392521E-03   2.461112962228487       5.856577625928036    
   6.0000000521540642E-03   2.745913303299118       5.738894700372160    
   6.1999997124075890E-03   3.026849514428009       5.624817250984195    
   6.3999998383224010E-03   3.304160661402394       5.514143941653948    
   6.5999999642372131E-03   3.578062965066493       5.406691160953885    
   6.7999996244907379E-03   3.848754182847961       5.302290304323327    
   6.9999997504055500E-03   4.116417514902489       5.200785450460460    
   7.1999998763203621E-03   4.381219596410926       5.102033408262808    
   7.4000000022351742E-03   4.643314564946986       5.005901509917146    
   7.5999996624886990E-03   4.902844166971041       4.912266999771930    
   7.7999997884035110E-03   5.159941342867434       4.821015227202364    
   7.9999994486570358E-03   5.414727042025294       4.732040330712088    
   8.2000000402331352E-03   5.667316506806745       4.645242606121711    
   8.3999997004866600E-03   5.917812981022219       4.560530320309654    
   8.5999993607401848E-03   6.166316079513205       4.477816495856430    
   8.7999999523162842E-03   6.412918850521082       4.397019652445099    
   8.9999996125698090E-03   6.657704936717200       4.318064435199388    
   9.2000002041459084E-03   6.900757096841691       4.240878591615589    
   9.3999998643994331E-03   7.142148536981276       4.165395545495403    
   9.5999995246529579E-03   7.381951259599823       4.091551528072392    
   9.8000001162290573E-03   7.620233000490788       4.019286390914234    
   9.9999997764825821E-03   7.857054263320094       3.948544310021580    
   1.0199999436736107E-02   8.092475275084160       3.879271521515995    
   1.0400000028312206E-02   8.326552898396795       3.811417138911296    
   1.0599999688565731E-02   8.559337636328207       3.744933867275515    
   1.0799999348819256E-02   8.790880395372302       3.679775922760067    
   1.0999999940395355E-02   9.021229392869087       3.615899839387370    
   1.1199999600648880E-02   9.250427150855035       3.553265179103697    
   1.1399999260902405E-02   9.478517101432928       3.491832605846030    
   1.1599999852478504E-02   9.705540501140225       3.431564673187965    
   1.1799999512732029E-02   9.931533425351308       3.372426521695004    
   1.2000000104308128E-02   10.15653428746384       3.314383817656420    
   1.2199999764561653E-02   10.38057553973735       3.257404855618868    
   1.2399999424815178E-02   10.60369113012927       3.201458560121877    
   1.2600000016391277E-02   10.82591344208974       3.146515231800925    
   1.2799999676644802E-02   11.04727030416044       3.092547213342374    
   1.2999999336898327E-02   11.26779128604365       3.039527280512246    
   1.3199999928474426E-02   11.48750465767297       2.987429360860049    
   1.3399999588727951E-02   11.70643441246599       2.936229177820792    
   1.3599999248981476E-02   11.92460647552326       2.885902735950801    
   1.3799999840557575E-02   12.14204568313016       2.836427011801252    
   1.3999999500811100E-02   12.35877282126872       2.787780575296506    
   1.4200000092387199E-02   12.57481176111461       2.739941938625937    
   1.4399999752640724E-02   12.79018143707936       2.692891324093080    
   1.4599999412894249E-02   13.00490294566256       2.646609053410338    
   1.4800000004470348E-02   13.21899655935864       2.601076192899129    
   1.4999999664723873E-02   13.43247879194001       2.556275136762729    
   1.5199999324977398E-02   13.64536841981371       2.512188300639396    
   1.5399999916553497E-02   13.85768351601889       2.468798740385136    
   1.5599999576807022E-02   14.06943853157149       2.426090712948493    
   1.5799999237060547E-02   14.28065026010073       2.384048435727476    
   1.5999998897314072E-02   14.49133391134062       2.342656871147179    
   1.6200000420212746E-02   14.70150608502555       2.301901121159348    
   1.6400000080466270E-02   14.91117697338137       2.261767915826859    
   1.6599999740719795E-02   15.12036213067314       2.222243313765310    
   1.6799999400973320E-02   15.32907466317151       2.183314205074199    
   1.6999999061226845E-02   15.53732721155313       2.144967908918685    
   1.7199998721480370E-02   15.74513197227185       2.107192154720671    
   1.7400000244379044E-02   15.95250264700372       2.069974720334301    
   1.7599999904632568E-02   16.15944674066052       2.033304796459673    
   1.7799999564886093E-02   16.36597716686935       1.997170891219060    
   1.7999999225139618E-02   16.57210453594161       1.961562206608783    
   1.8199998885393143E-02   16.77783910424619       1.926468275023095    
   1.8400000408291817E-02   16.98319270017205       1.891878625893338    
   1.8600000068545341E-02   17.18817109216783       1.857784056683400    
   1.8799999728798866E-02   17.39278547721225       1.824174687999561    
   1.8999999389052391E-02   17.59704484035230       1.791041245153139    
   1.9199999049305916E-02   17.80095788125366       1.758374722679732    
   1.9399998709559441E-02   18.00453302586926       1.726166373872652    
   1.9600000232458115E-02   18.20778032888447       1.694407407117336    
   1.9799999892711639E-02   18.41070391583486       1.663090155318911    
   1.9999999552965164E-02   18.61331335024907       1.632206292334413    
   2.0199999213218689E-02   18.81561606869402       1.601748011574342    
   2.0399998873472214E-02   19.01761928423427       1.571707719947514    
   2.0600000396370888E-02   19.21933187230042       1.542077755983746    
   2.0800000056624413E-02   19.42075686731983       1.512851482333624    
   2.0999999716877937E-02   19.62190274193844       1.484021623056871    
   2.1199999377131462E-02   19.82277589751784       1.455581364359912    
   2.1399999037384987E-02   20.02338255119119       1.427524070248791    
   2.1599998697638512E-02   20.22372874266141       1.399843276318043    
   2.1800000220537186E-02   20.42382220302499       1.372532431165955    
   2.1999999880790710E-02   20.62366490934409       1.345585904656805    
   2.2199999541044235E-02   20.82326427149788       1.318997456467860    
   2.2399999201297760E-02   21.02262568153014       1.292761251663729    
   2.2599998861551285E-02   21.22175438374095       1.266871599645145    
   2.2799998521804810E-02   21.42065547986532       1.241322949371018    
   2.3000000044703484E-02   21.61933578334796       1.216109651509103    
   2.3199999704957008E-02   21.81779642480643       1.191226890172922    
   2.3399999365210533E-02   22.01604395855009       1.166669269890681    
   2.3599999025464058E-02   22.21408296355139       1.142431753891302    
   2.3799998685717583E-02   22.41191789898760       1.118509423854129    
   2.4000000208616257E-02   22.60955494794836       1.094897257709492    
   2.4199999868869781E-02   22.80699466063995       1.071591002776971    
   2.4399999529123306E-02   23.00424300175315       1.048585852968769    
   2.4599999189376831E-02   23.20130398968406       1.025877327937564    
   2.4799998849630356E-02   23.39818154147264       1.003461048555627    
   2.4999998509883881E-02   23.59487947605895      0.9813327338570552    
   2.5200000032782555E-02   23.79140334686065      0.9594879959609439    
   2.5399999693036079E-02   23.98775312539310      0.9379231483648172    
   2.5599999353289604E-02   24.18393418565124      0.9166339826150985    
   2.5799999013543129E-02   24.37994998426066      0.8956165820533887    
   2.5999998673796654E-02   24.57580389422003      0.8748671145290592    
   2.6200000196695328E-02   24.77150102930096      0.8543816403965963    
   2.6399999856948853E-02   24.96704095777257      0.8341568708387381    
   2.6599999517202377E-02   25.16242864008429      0.8141890209467405    
   2.6799999177455902E-02   25.35766713948635      0.7944745730939348    
   2.6999998837709427E-02   25.55275944752963      0.7750100828200440    
   2.7199998497962952E-02   25.74770848619345      0.7557921767981834    
   2.7400000020861626E-02   25.94251892359067      0.7368173752801931    
   2.7599999681115150E-02   26.13718992005698      0.7180827947929445    
   2.7799999341368675E-02   26.33172601581621      0.6995850860627252    
   2.7999999001622200E-02   26.52612987434245      0.6813211413392245    
   2.8199998661875725E-02   26.72040409908222      0.6632879148454376    
   2.8400000184774399E-02   26.91455304272061      0.6454822563521466    
   2.8599999845027924E-02   27.10857557746296      0.6279015707653942    
   2.8799999505281448E-02   27.30247594542926      0.6105428216642719    
   2.8999999165534973E-02   27.49625652648053      0.5934031952058033    
   2.9199998825788498E-02   27.68991964843257      0.5764799317996809    
   2.9399998486042023E-02   27.88346758849232      0.5597703247125706    
   2.9600000008940697E-02   28.07690437563316      0.5432715660363103    
   2.9799999669194221E-02   28.27022858696440      0.5269813580335764    
   2.9999999329447746E-02   28.46344415803798      0.5108969899754349    
   3.0199998989701271E-02   28.65655317704731      0.4950159534739690    
   3.0399998649954796E-02   28.84955768806927      0.4793357866608614    
   3.0599998310208321E-02   29.04245969223709      0.4638540730370945    
   3.0799999833106995E-02   29.23526294401969      0.4485682989052491    
   3.0999999493360519E-02   29.42796577083302      0.4334764198947368    
   3.1199999153614044E-02   29.62057184771556      0.4185760057943650    
   3.1399998813867569E-02   29.81308301501613      0.4038648107724854    
   3.1599998474121094E-02   30.00550107546228      0.3893406291239545    
   3.1799998134374619E-02   30.19782779512559      0.3750012943149320    
   3.1999997794628143E-02   30.39006490435673      0.3608446780560756    
   3.2199997454881668E-02   30.58221409869149      0.3468686894032694    
   3.2400000840425491E-02   30.77428061639269      0.3330710185380276    
   3.2600000500679016E-02   30.96625893108403      0.3194501605774354    
   3.2800000160932541E-02   31.15815421727225      0.3060038728242442    
   3.2999999821186066E-02   31.34996803974777      0.2927302052390714    
   3.3199999481439590E-02   31.54170193261584      0.2796272410106002    
   3.3399999141693115E-02   31.73335740004889      0.2666930958019710    
   3.3599998801946640E-02   31.92493591701665      0.2539259170184849    
   3.3799998462200165E-02   32.11643892999435      0.2413238830962149    
   3.3999998122453690E-02   32.30786785765014      0.2288852028103419    
   3.4199997782707214E-02   32.49922409151240      0.2166081146030296    
   3.4399997442960739E-02   32.69050899661729      0.2044908859298243    
   3.4600000828504562E-02   32.88172747315558      0.1925315913311085    
   3.4800000488758087E-02   33.07287371174519      0.1807289998851825    
   3.5000000149011612E-02   33.26395256395604      0.1690812381211092    
   3.5199999809265137E-02   33.45496529496599      0.1575866833647073    
   3.5399999469518661E-02   33.64591314642978      0.1462437389463247    
   3.5599999129772186E-02   33.83679733702309      0.1350508336469701    
   3.5799998790025711E-02   34.02761906297136      0.1240064211592117    
   3.5999998450279236E-02   34.21837949856367      0.1131089795624944    
   3.6199998110532761E-02   34.40907979665252      0.1023570108120739    
   3.6399997770786285E-02   34.59972108913958      9.1749040241644278E-02
   3.6599997431039810E-02   34.79030448744815      8.1283616078730581E-02
   3.6800000816583633E-02   34.98083463130093      7.0959117972758542E-02
   3.7000000476837158E-02   35.17130549486630      6.0774523124667711E-02
   3.7200000137090683E-02   35.36172168020586      5.0728252045276860E-02
   3.7399999797344208E-02   35.55208422130141      4.0818939938415094E-02
   3.7599999457597733E-02   35.74239413383282      3.1045242660225011E-02
   3.7799999117851257E-02   35.93265241557881      2.1405836304395392E-02
   3.7999998778104782E-02   36.12286004680718      1.1899416798039656E-02
   3.8199998438358307E-02   36.31301799065460      2.5246995074804275E-03
   3.8399998098611832E-02   36.50312719349641     -6.7195811459784451E-03
   3.8599997758865356E-02   36.69318858530690     -1.5834672060910049E-02
   3.8799997419118881E-02   36.88320308001001     -2.4821801821312644E-02
   3.9000000804662704E-02   37.07317511384314     -3.3682344917842472E-02
   3.9200000464916229E-02   37.26309849276947     -4.2417164309410817E-02
   3.9400000125169754E-02   37.45297762344742     -5.1027601955440378E-02
   3.9599999785423279E-02   37.64281335892949     -5.9514816661646708E-02
   3.9799999445676804E-02   37.83260653784075     -6.7879950617671062E-02
   3.9999999105930328E-02   38.02235798467907     -7.6124129712807478E-02
   4.0199998766183853E-02   38.21206851010784     -8.4248463843953070E-02
   4.0399998426437378E-02   38.40173891124120     -9.2254047216525872E-02
   4.0599998086690903E-02   38.59136997192222     -0.1001419586380551    
   4.0799997746944427E-02   38.78096246299420     -0.1079132618051075    
   4.0999997407197952E-02   38.97051714256525     -0.1155690055833654    
   4.1200000792741776E-02   39.16003828597226     -0.1231103636873818    
   4.1400000452995300E-02   39.34951956653875     -0.1305380752186887    
   4.1600000113248825E-02   39.53896523607966     -0.1378532876965858    
   4.1799999773502350E-02   39.72837600428016     -0.1450569933370382    
   4.1999999433755875E-02   39.91775256931901     -0.1521501708318718    
   4.2199999094009399E-02   40.10709561809680     -0.1591337855924820    
   4.2399998754262924E-02   40.29640582645862     -0.1660087899880366    
   4.2599998414516449E-02   40.48568385941150     -0.1727761235784050    
   4.2799998074769974E-02   40.67493037133671     -0.1794367133418355    
   4.2999997735023499E-02   40.86414600619689     -0.1859914738975076    
   4.3199997395277023E-02   41.05333139773852     -0.1924413077233086    
   4.3399997055530548E-02   41.24248716968945     -0.1987871053686582    
   4.3600000441074371E-02   41.43161745845209     -0.2050298609858172    
   4.3800000101327896E-02   41.62071582276785     -0.2111702093439150    
   4.3999999761581421E-02   41.80978638048352     -0.2172091236744620    
   4.4199999421834946E-02   41.99882971713816     -0.2231474488501194    
   4.4399999082088470E-02   42.18784640917345     -0.2289860188118511    
   4.4599998742341995E-02   42.37683702410564     -0.2347256567555969    
   4.4799998402595520E-02   42.56580212069337     -0.2403671753148701    
   4.4999998062849045E-02   42.75474224910156     -0.2459113767395397    
   4.5199997723102570E-02   42.94365795106194     -0.2513590530708207    
   4.5399997383356094E-02   43.13254976002973     -0.2567109863125219    
   4.5599997043609619E-02   43.32141820133681     -0.2619679485987929    
   4.5800000429153442E-02   43.51026730966116     -0.2671307976494576    
   4.6000000089406967E-02   43.69909055948362     -0.2722000940321570    
   4.6199999749660492E-02   43.88789197039218     -0.2771766782822677    
   4.6399999409914017E-02   44.07667203669072     -0.2820612846630963    
   4.6599999070167542E-02   44.26543124527652     -0.2868546383558692    
   4.6799998730421066E-02   44.45417007577423     -0.2915574556076759    
   4.6999998390674591E-02   44.64288900066703     -0.2961704438763533    
   4.7199998050928116E-02   44.83158848542487     -0.3006943019725239    
   4.7399997711181641E-02   45.02026898862999     -0.3051297201986189    
   4.7599997371435165E-02   45.20893096209969     -0.3094773804853255    
   4.7799997031688690E-02   45.39757485100652     -0.3137379565250036    
   4.8000000417232513E-02   45.58620460727776     -0.3179121908518642    
   4.8200000077486038E-02   45.77481363626631     -0.3220005855823512    
   4.8399999737739563E-02   45.96340587751255     -0.3260038690218584    
   4.8599999397993088E-02   46.15198175076122     -0.3299226831930843    
   4.8799999058246613E-02   46.34054166967594     -0.3337576625097363    
   4.8999998718500137E-02   46.52908604194490     -0.3375094338949722    
   4.9199998378753662E-02   46.71761526938443     -0.3411786168976123    
   4.9399998039007187E-02   46.90612974804026     -0.3447658238060807    
   4.9599997699260712E-02   47.09462986828681     -0.3482716597601973    
   4.9799997359514236E-02   47.28311601492448     -0.3516967228607323    
   4.9999997019767761E-02   47.47158856727471     -0.3550416042769449    
   5.0200000405311584E-02   47.66005140948715     -0.3583069484350643    
   5.0400000065565109E-02   47.84849788953992     -0.3614932113230404    
   5.0599999725818634E-02   48.03693188132632     -0.3646010255003951    
   5.0799999386072159E-02   48.22535374316608     -0.3676309554448737    
   5.0999999046325684E-02   48.41376382834773     -0.3705835592102901    
   5.1199998706579208E-02   48.60216248521292     -0.3734593885225023    
   5.1399998366832733E-02   48.79055005723878     -0.3762589888734400    
   5.1599998027086258E-02   48.97892688311899     -0.3789828996134644    
   5.1799997687339783E-02   49.16729329684279     -0.3816316540419585    
   5.1999997347593307E-02   49.35564962777282     -0.3842057794963651    
   5.2199997007846832E-02   49.54399620072124     -0.3867057974393776    
   5.2400000393390656E-02   49.73233684399685     -0.3891322680583849    
   5.2600000053644180E-02   49.92066485742125     -0.3914856109387209    
   5.2799999713897705E-02   50.10898406074246     -0.3937663763066821    
   5.2999999374151230E-02   50.29729476130257     -0.3959750629680420    
   5.3199999034404755E-02   50.48559726225213     -0.3981121642672051    
   5.3399998694658279E-02   50.67389186261779     -0.4001781681655071    
   5.3599998354911804E-02   50.86217885736863     -0.4021735573180638    
   5.3799998015165329E-02   51.05045853748133     -0.4040988091492074    
   5.3999997675418854E-02   51.23873119000385     -0.4059543959266664    
   5.4199997335672379E-02   51.42699709811823     -0.4077407848343305    
   5.4399996995925903E-02   51.61525654120183     -0.4094584380438805    
   5.4600000381469727E-02   51.80351330132782     -0.4111078428739329    
   5.4800000041723251E-02   51.99176063745615     -0.4126893902441470    
   5.4999999701976776E-02   52.18000232446028     -0.4142035590626391    
   5.5199999362230301E-02   52.36823862709050     -0.4156507921425672    
   5.5399999022483826E-02   52.55646980658272     -0.4170315276242308    
   5.5599998682737350E-02   52.74469612071323     -0.4183461990394124    
   5.5799998342990875E-02   52.93291782385253     -0.4195952353746554    
   5.5999998003244400E-02   53.12113516701810     -0.4207790611334522    
   5.6199997663497925E-02   53.30934839792624     -0.4218980963974170    
   5.6399997323751450E-02   53.49755776104298     -0.4229527568863392    
   5.6599996984004974E-02   53.68576349763396     -0.4239434540172332    
   5.6800000369548798E-02   53.87396935133123     -0.4248706116424271    
   5.7000000029802322E-02   54.06216854605384     -0.4257345982141925    
   5.7199999690055847E-02   54.25036481933554     -0.4265358304457964    
   5.7399999350309372E-02   54.43855840012193     -0.4272747031142894    
   5.7599999010562897E-02   54.62674951439462     -0.4279516069747165    
   5.7799998670816422E-02   54.81493838521600     -0.4285669288135193    
   5.7999998331069946E-02   55.00312523277314     -0.4291210515011145    
   5.8199997991323471E-02   55.19131027442108     -0.4296143540433945    
   5.8399997651576996E-02   55.37949372472509     -0.4300472116325774    
   5.8599997311830521E-02   55.56767579550232     -0.4304199956971462    
   5.8799996972084045E-02   55.75585669586278     -0.4307330739509574    
   5.9000000357627869E-02   55.94404013737211     -0.4309868146174100    
   5.9200000017881393E-02   56.13221931358808     -0.4311815686784587    
   5.9399999678134918E-02   56.32039793087608     -0.4313176982687310    
   5.9599999338388443E-02   56.50857618791198     -0.4313955567190685    
   5.9799998998641968E-02   56.69675428085858     -0.4314154938797717    
   5.9999998658895493E-02   56.88493240340209     -0.4313778561649722    
   6.0199998319149017E-02   57.07311074678849     -0.4312829865966231    
   6.0399997979402542E-02   57.26128949985891     -0.4311312248475468    
   6.0599997639656067E-02   57.44946884908468     -0.4309229072839595    
   6.0799997299909592E-02   57.63764897860152     -0.4306583670072585    
   6.0999996960163116E-02   57.82583007024330     -0.4303379338951760    
   6.1199996620416641E-02   58.01401230357517     -0.4299619346421932    
   6.1400000005960464E-02   58.20219936113734     -0.4295306842544679    
   6.1599999666213989E-02   58.39038440766193     -0.4290445192491032    
   6.1799999326467514E-02   58.57857112128614     -0.4285037494885764    
   6.1999998986721039E-02   58.76675967282060     -0.4279086893270042    
   6.2199998646974564E-02   58.95495023096476     -0.4272596501284674    
   6.2399998307228088E-02   59.14314296233667     -0.4265569403038898    
   6.2600001692771912E-02   59.33134153693759     -0.4258008507692417    
   6.2799997627735138E-02   59.51953560100560     -0.4249917278719538    
   6.3000001013278961E-02   59.70773933692879     -0.4241298111009112    
   6.3199996948242188E-02   59.89593888125172     -0.4232154616212770    
   6.3400000333786011E-02   60.08414841286517     -0.4222489054932804    
   6.3599996268749237E-02   60.27235406403103     -0.4212305061576964    
   6.3799999654293060E-02   60.46057001029760     -0.4201604764682701    
   6.3999995589256287E-02   60.64878237970441     -0.4190391821869985    
   6.4199998974800110E-02   60.83700534460770     -0.4178668231776615    
   6.4399994909763336E-02   61.02522502888257     -0.4166437675667087    
   6.4599998295307159E-02   61.21345560183886     -0.4153702024389725    
   6.4800001680850983E-02   61.40169019548610     -0.4140464480821935    
   6.4999997615814209E-02   61.58992193950019     -0.4126728297408117    
   6.5200001001358032E-02   61.77816499888524     -0.4112495157153798    
   6.5399996936321259E-02   61.96640548734469     -0.4097768802183936    
   6.5600000321865082E-02   62.15465756718211     -0.4082550792763792    
   6.5799996256828308E-02   62.34290734812248     -0.4066844896007283    
   6.5999999642372131E-02   62.53116898990002     -0.4050652551372006    
   6.6199995577335358E-02   62.71942859830992     -0.4033977551299753    
   6.6399998962879181E-02   62.90770033064447     -0.4016821216326407    
   6.6599994897842407E-02   63.09597028881584     -0.3999187364543441    
   6.6799998283386230E-02   63.28425262779809     -0.3981077199404104    
   6.7000001668930054E-02   63.47254045991884     -0.3962493863899039    
   6.7199997603893280E-02   63.66082689519363     -0.3943440549355779    
   6.7400000989437103E-02   63.84912608534346     -0.3923918286957350    
   6.7599996924400330E-02   64.03742412276600     -0.3903930960209244    
   6.7800000309944153E-02   64.22573515715790     -0.3883479487620469    
   6.7999996244907379E-02   64.41404527718402     -0.3862567779336281    
   6.8199999630451202E-02   64.60236863062845     -0.3841196642882992    
   6.8399995565414429E-02   64.79069130246259     -0.3819370015292995    
   6.8599998950958252E-02   64.97902743866652     -0.3797088594760072    
   6.8799994885921478E-02   65.16736312055612     -0.3774356345438209    
   6.8999998271465302E-02   65.35571249241283     -0.3751173857800518    
   6.9200001657009125E-02   65.54406864875614     -0.3727544234784809    
   6.9399997591972351E-02   65.73242468180368     -0.3703470626390508    
   6.9600000977516174E-02   65.92079473348043     -0.3678953464450448    
   6.9799996912479401E-02   66.10916487612018     -0.3653996781854755    
   7.0000000298023224E-02   66.29754925020015     -0.3628600906584799    
   7.0199996232986450E-02   66.48593392452061     -0.3602769899364269    
   7.0399999618530273E-02   66.67433303820677     -0.3576503985809449    
   7.0599995553493500E-02   66.86273265655724     -0.3549807254653690    
   7.0799998939037323E-02   67.05114691743803     -0.3522679830599912    
   7.0999994874000549E-02   67.23956188267708     -0.3495125830556449    
   7.1199998259544373E-02   67.42799168897150     -0.3467145279731627    
   7.1400001645088196E-02   67.61642941459040     -0.3438741257386786    
   7.1599997580051422E-02   67.80486813550327     -0.3409916888552266    
   7.1800000965595245E-02   67.99332198681778     -0.3380672051786042    
   7.1999996900558472E-02   68.18177702181286     -0.3351010935085318    
   7.2200000286102295E-02   68.37024737464245     -0.3320933320925407    
   7.2399996221065521E-02   68.55871909521422     -0.3290443425972769    
   7.2599999606609344E-02   68.74720631681028     -0.3259540937931240    
   7.2799995541572571E-02   68.93569508599333     -0.3228230102256885    
   7.2999998927116394E-02   69.12419953525348     -0.3196510513165362    
   7.3199994862079620E-02   69.31270570783357     -0.3164386445013031    
   7.3399998247623444E-02   69.50122773550943     -0.3131857399782043    
   7.3600001633167267E-02   69.68975868160165     -0.3098926446616210    
   7.3799997568130493E-02   69.87829160712735     -0.3065596699138921    
   7.4000000953674316E-02   70.06684064293208     -0.3031867523276944    
   7.4199996888637543E-02   70.25539182406345     -0.2997743266066566    
   7.4400000274181366E-02   70.44395928083782     -0.2963223204222278    
   7.4599996209144592E-02   70.63252904506447     -0.2928311714003506    
   7.4799999594688416E-02   70.82111524660127     -0.2893007984075837    
   7.4999995529651642E-02   71.00970391404060     -0.2857316419996944    
   7.5199998915195465E-02   71.19830917685054     -0.2821236123521664    
   7.5399994850158691E-02   71.38691706042744     -0.2784771529575207    
   7.5599998235702515E-02   71.57554169391659     -0.2747921654116334    
   7.5800001621246338E-02   71.76417612678283     -0.2710689567420974    
   7.5999997556209564E-02   71.95281340617994     -0.2673078382976172    
   7.6200000941753387E-02   72.14146766089114     -0.2635086990085517    
   7.6399996876716614E-02   72.33012490840808     -0.2596719897346755    
   7.6600000262260437E-02   72.51879927735122     -0.2557975910953296    
   7.6799996197223663E-02   72.70747678208308     -0.2518859569058051    
   7.6999999582767487E-02   72.89617155112245     -0.2479369595780111    
   7.7199995517730713E-02   73.08486959572038     -0.2439510558867271    
   7.7399998903274536E-02   73.27358504435348     -0.2399281101379130    
   7.7599994838237762E-02   73.46230390517850     -0.2358685820693747    
   7.7799998223781586E-02   73.65104030668783     -0.2317723279803765    
   7.8000001609325409E-02   73.83978728541209     -0.2276396559470014    
   7.8199997544288635E-02   74.02853787556090     -0.2234708782425294    
   7.8400000929832458E-02   74.21730620575590     -0.2192658393381211    
   7.8599996864795685E-02   74.40607827648900     -0.2150250063911267    
   7.8800000250339508E-02   74.59486821653618     -0.2107482161057127    
   7.8999996185302734E-02   74.78366202335046     -0.2064359386105399    
   7.9199999570846558E-02   74.97247382591516     -0.2020880029354079    
   7.9399995505809784E-02   75.16128961865898     -0.1977048821814909    
   7.9599998891353607E-02   75.35012353082440     -0.1932863977949178    
   7.9799994826316833E-02   75.53896155382989     -0.1888330258503540    
   7.9999998211860657E-02   75.72781781722733     -0.1843445802990502    
   8.0200001597404480E-02   75.91668534539399     -0.1798213710441255    
   8.0399997532367706E-02   76.10555716037469     -0.1752637120657732    
   8.0600000917911530E-02   76.29444739227689     -0.1706714062358066    
   8.0799996852874756E-02   76.48334202505291     -0.1660449370638338    
   8.1000000238418579E-02   76.67225518923995     -0.1613841001415886    
   8.1199996173381805E-02   76.86117286582622     -0.1566893819521182    
   8.1399999558925629E-02   77.05010918582485     -0.1519605708899954    
   8.1599995493888855E-02   77.23905012727212     -0.1471981564108476    
   8.1799998879432678E-02   77.42800982170202     -0.1424019197935575    
   8.1999994814395905E-02   77.61697424421068     -0.1375723534651492    
   8.2199998199939728E-02   77.80595752689680     -0.1327092316685065    
   8.2400001585483551E-02   77.99495268264867     -0.1278128667824579    
   8.2599997520446777E-02   78.18395272200985     -0.1228835751469139    
   8.2800000905990601E-02   78.37297177800581     -0.1179211205970391    
   8.2999996840953827E-02   78.56199581843163     -0.1129260029814423    
   8.3200000226497650E-02   78.75103897698231     -0.1078979792922851    
   8.3399996161460876E-02   78.94008721855138     -0.1028375523431877    
   8.3599999547004700E-02   79.12915467754351     -9.7744472357853357E-02
   8.3799995481967926E-02   79.31822731596071     -9.2619245112405990E-02
   8.3999998867511749E-02   79.50731926895665     -8.7461614135511415E-02
   8.4199994802474976E-02   79.69641649565183     -8.2272088162958695E-02
   8.4399998188018799E-02   79.88553313198710     -7.7050404100124550E-02
   8.4600001573562622E-02   80.07466217992942     -7.1796877342234902E-02
   8.4799997508525848E-02   80.26379663908855     -6.6511827134081422E-02
   8.5000000894069672E-02   80.45295064665591     -6.1194980577953445E-02
   8.5199996829032898E-02   80.64211015458920     -5.5846853795513372E-02
   8.5400000214576721E-02   80.83128930095864     -5.0467167439753859E-02
   8.5599996149539948E-02   81.02047403487263     -4.5056440580583015E-02
   8.5799999535083771E-02   81.20967849531539     -3.9614387488960560E-02
   8.5999995470046997E-02   81.39888862855446     -3.4141530179431202E-02
   8.6199998855590820E-02   81.58811857452234     -2.8637576607084918E-02
   8.6399994790554047E-02   81.77735427665415     -2.3103051726972836E-02
   8.6599998176097870E-02   81.96660987586408     -1.7537657243329230E-02
   8.6799994111061096E-02   82.15587131276288     -1.1941921047627931E-02
   8.6999997496604919E-02   82.34515272927909     -6.3155386569050597E-03
   8.7200000882148743E-02   82.53444711509499     -6.5882960605279420E-04
   8.7399996817111969E-02   82.72374745752117      5.0278828462821772E-03
   8.7600000202655792E-02   82.91306790006730      1.0744912346769143E-02
   8.7799996137619019E-02   83.10239437631689      1.6491723682107474E-02
   8.7999999523162842E-02   83.29174103087232      2.2268636531733707E-02
   8.8199995458126068E-02   83.48109379451904      2.8075112761767006E-02
   8.8399998843669891E-02   83.67046681298221      3.3911478024438169E-02
   8.8599994778633118E-02   83.85984601425633      3.9777191270217900E-02
   8.8799998164176941E-02   84.04924554521854      4.5672584065371100E-02
   8.8999994099140167E-02   84.23865133107931      5.1597112449634629E-02
   8.9199997484683990E-02   84.42807751989646      5.7551113845626632E-02
   8.9400000870227814E-02   84.61751709140717      6.3534264815071823E-02
   8.9599996805191040E-02   84.80696302296526      6.9546238297243157E-02
   8.9800000190734863E-02   84.99642946445184      7.5587380393010523E-02
   8.9999996125698090E-02   85.18590233414568      8.1657139888165309E-02
   9.0199999511241913E-02   85.37539578317730      8.7755868599744102E-02
   9.0399995446205139E-02   85.56489572706380      9.3883012421429837E-02
   9.0599998831748962E-02   85.75441631821140      0.1000389288320949    
   9.0799994766712189E-02   85.94394346938151      0.1062230608388593    
   9.0999998152256012E-02   86.13349133428191      0.1124357715289906    
   9.1199994087219238E-02   86.32304582292419      0.1186765010286853    
   9.1399997472763062E-02   86.51262109034272      0.1249456179811476    
   9.1600000858306885E-02   86.70221010668305      0.1312427947431005    
   9.1799996793270111E-02   86.89180583969645      0.1375677001451982    
   9.2000000178813934E-02   87.08142244645312      0.1439207110681138    
   9.2199996113777161E-02   87.27104583011456      0.1503012604611738    
   9.2399999499320984E-02   87.46069014913806      0.1567097306335054    
   9.2599995434284210E-02   87.65034130395445      0.1631455516741822    
   9.2799998819828033E-02   87.84001345443120      0.1696091112713619    
   9.2999994754791260E-02   88.02969249827360      0.1760998366598528    
   9.3199998140335083E-02   88.21939259678211      0.1826181208582072    
   9.3399994075298309E-02   88.40909964494143      0.1891633882531225    
   9.3599997460842133E-02   88.59882780550696      0.1957360371457683    
   9.3800000846385956E-02   88.78857003933973      0.2023357354373233    
   9.3999996781349182E-02   88.97831930489619      0.2089621475951626    
   9.4200000166893005E-02   89.16808976715458      0.2156156797563921    
   9.4399996101856232E-02   89.35786731431959      0.2222957492146192    
   9.4599999487400055E-02   89.54766611287748      0.2290027672735166    
   9.4799995422363281E-02   89.73747204832895      0.2357361484004869    
   9.4999998807907104E-02   89.92729928868890      0.2424963090205414    
   9.5199994742870331E-02   90.11713371675847      0.2492826607813927    
   9.5399998128414154E-02   90.30698950210098      0.2560956251849327    
   9.5599994063377380E-02   90.49685252482247      0.2629346110656716    
   9.5799997448921204E-02   90.68673695605422      0.2698000449587487    
   9.6000000834465027E-02   90.87663574764055      0.2766915901029353    
   9.6199996769428253E-02   91.06654184901195      0.2836089063906396    
   9.6400000154972076E-02   91.25646943368730      0.2905524278266748    
   9.6599996089935303E-02   91.44640437505288      0.2975215562408771    
   9.6799999475479126E-02   91.63636084824238      0.3045167305652159    
   9.6999995410442352E-02   91.82632472396124      0.3115373498392387    
   9.7199998795986176E-02   92.01631017897587      0.3185838578808705    
   9.7399994730949402E-02   92.20630308131489      0.3256556509458478    
   9.7599998116493225E-02   92.39631760939498      0.3327531776975041    
   9.7799994051456451E-02   92.58633962857165      0.3398758316145547    
   9.7999997437000275E-02   92.77638331892912      0.3470240661656752    
   9.8200000822544098E-02   92.96644162352960      0.3541975397565920    
   9.8399996757507324E-02   93.15650748301310      0.3613959075300139    
   9.8600000143051147E-02   93.34659507999660      0.3686196300891750    
   9.8799996078014374E-02   93.53669027316863      0.3758680939995520    
   9.8999999463558197E-02   93.72680724685497      0.3831417645725573    
   9.9199995398521423E-02   93.91693185708365      0.3904400256202275    
   9.9399998784065247E-02   94.10707828990515      0.3977633471244178    
   9.9599994719028473E-02   94.29723239869027      0.4051111101503634    
   9.9799998104572296E-02   94.48740837122968      0.4124837893131443    
   9.9999994039535522E-02   94.67759205824046      0.4198807629380621    
   0.1001999974250793       94.86779764926870      0.4273025102367629    
   0.1004000008106232       95.05801807880060      0.4347486846423760    
   0.1005999967455864       95.24824627889295      0.4422189364040846    
   0.1008000001311302       95.43849644175256      0.4497137515610035    
   0.1009999960660934       95.62875441147600      0.4572325016181984    
   0.1011999994516373       95.81903438206190      0.4647756771222772    
   0.1013999953866005       96.00932219496414      0.4723426468621990    
   0.1015999987721443       96.19963204598722      0.4799339058572260    
   0.1017999947071075       96.38994977394523      0.4875488201870114    
   0.1019999980926514       96.58028957646233      0.4951878893094282    
   0.1021999940276146       96.77063728971585      0.5028504766016113    
   0.1023999974131584       96.96100711316281      0.5105370859263149    
   0.1026000007987022       97.15139197289567      0.5182473656304867    
   0.1027999967336655       97.34178479257075      0.5259809609522005    
   0.1030000001192093       97.53219977441903      0.5337383822996641    
   0.1031999960541725       97.72262274803848      0.5415189863235190    
   0.1033999994397163       97.91306791752528      0.5493232877549481    
   0.1035999953746796       98.10352110985058      0.5571506405659908    
   0.1037999987602234       98.29399653098800      0.5650015637788559    
   0.1039999946951866       98.48448000528461      0.5728754086937218    
   0.1041999980807304       98.67498574060363      0.5807726985924423    
   0.1043999940156937       98.86549955867068      0.5886927821101672    
   0.1045999974012375       99.05603566925045      0.5966361867573422    
   0.1048000007867813       99.24658699020286      0.6046025557032150    
   0.1049999967217445       99.43714643694601      0.6125915290794580    
   0.1052000001072884       99.62772822211853      0.6206036406824724    
   0.1053999960422516       99.81831816090344      0.6286382325144638    
   0.1055999994277954       100.0089304678693      0.6366958425250112    
   0.1057999953627586       100.1995509555866      0.6447758100750337    
   0.1059999987483025       100.3901938405647      0.6528786772379037    
   0.1061999946832657       100.5808449327639      0.6610037807399647    
   0.1063999980688095       100.7715184506452      0.6691516667493232    
   0.1065999940037727       100.9622002015612      0.6773216693645668    
   0.1067999973893166       101.1529044059348      0.6855143388200086    
   0.1070000007748604       101.3436239735368      0.6937293130343065    
   0.1071999967098236       101.5343518116917      0.7019662269563131    
   0.1074000000953674       101.7251021437845      0.7102256368670418    
   0.1075999960303307       101.9158607706587      0.7185068703249317    
   0.1077999994158745       102.1066419176865      0.7268104876075633    
   0.1079999953508377       102.2974313831118      0.7351358136690114    
   0.1081999987363815       102.4882433943036      0.7434834127563124    
   0.1083999946713448       102.6790637469083      0.7518526072258710    
   0.1085999980568886       102.8699066703013      0.7602439652674253    
   0.1087999939918518       103.0607579575337      0.7686568066462615    
   0.1089999973773956       103.2516318399964      0.7770917034684651    
   0.1092000007629395       103.4425212194994      0.7855482883451516    
   0.1093999966979027       103.6334189954024      0.7940261909819086    
   0.1096000000834465       103.8243394021364      0.8025259893105899    
   0.1097999960184097       104.0152682262738      0.8110469966477775    
   0.1099999994039536       104.2062197042835      0.8195897947773626    
   0.1101999953389168       104.3971796201500      0.8281536944478789    
   0.1103999987244606       104.5881622123884      0.8367392812701406    
   0.1105999946594238       104.7791532623976      0.8453458634311796    
   0.1107999980449677       104.9701670107473      0.8539740303439340    
   0.1109999939799309       105.1611892362525      0.8626230876405417    
   0.1111999973654747       105.3522341815457      0.8712936285116635    
   0.1114000007510185       105.5432947405913      0.8799852802172951    
   0.1115999966859818       105.7343638048997      0.8886976671727184    
   0.1118000000715256       105.9254556202128      0.8974313881902721    
   0.1119999960064888       106.1165559588948      0.9061857425429468    
   0.1121999993920326       106.3076790687700      0.9149613327612770    
   0.1123999953269958       106.4988107196255      0.9237574555858710    
   0.1125999987125397       106.6899651613757      0.9325747172422169    
   0.1127999946475029       106.8811281612327      0.9414124119449655    
   0.1129999980330467       107.0723139712082      0.9502711495916210    
   0.1131999939680099       107.2635083559413      0.9591502218772028    
   0.1133999973535538       107.4547255695483      0.9680502423486793    
   0.1136000007390976       107.6459584982508      0.9769708328825937    
   0.1137999966740608       107.8372000258148      0.9859116125686219    
   0.1140000000596046       108.0284644095267      0.9948732003862242    
   0.1141999959945679       108.2197374076007       1.003854881758939    
   0.1143999993801117       108.4110332794450       1.012857279260484    
   0.1145999953150749       108.6023377807072       1.021879675816846    
   0.1147999987006187       108.7936651729239       1.030922697574408    
   0.1149999946355820       108.9850012091780       1.039985624967831    
   0.1151999980211258       109.1763601531410       1.049069087694938    
   0.1153999939560890       109.3677277553325       1.058172363705233    
   0.1155999973416328       109.5591182815657       1.067296086226955    
   0.1158000007271767       109.7505246104136       1.076439871730558    
   0.1159999966621399       109.9419396179919       1.085603333954412    
   0.1162000000476837       110.1333775733378       1.094787111383880    
   0.1163999959826469       110.3248242205699       1.103990475782372    
   0.1165999993681908       110.5162938308823       1.113214069114536    
   0.1167999953031540       110.7077721458367       1.122457160680067    
   0.1169999986886978       110.8992734387894       1.131720395902872    
   0.1171999946236610       111.0907834487468       1.141003041624927    
   0.1173999980092049       111.2823164512335       1.150305746709684    
   0.1175999939441681       111.4738581827020       1.159627775547470    
   0.1177999973297119       111.6654229208510       1.168969780421721    
   0.1180000007152557       111.8570035366898       1.178331372382051    
   0.1181999966502190       112.0485928987693       1.187712159797999    
   0.1184000000357628       112.2402052880592       1.197112800047176    
   0.1185999959707260       112.4318264346346       1.206532551416864    
   0.1187999993562698       112.6234706216528       1.215972074657074    
   0.1189999952912331       112.8151235766405       1.225430625624234    
   0.1191999986767769       113.0067995849476       1.234908868422162    
   0.1193999946117401       113.1984843715544       1.244406056482350    
   0.1195999979972839       113.3901922240084       1.253922857244049    
   0.1197999939322472       113.5819088647448       1.263458521719650    
   0.1199999973177910       113.7736485835137       1.273013720665711    
   0.1201999932527542       113.9653971002072       1.282587702681306    
   0.1203999966382980       114.1571687067824       1.292181141822453    
   0.1206000000238419       114.3489562654092       1.301793642722666    
   0.1207999959588051       114.5407526357983       1.311424807393642    
   0.1209999993443489       114.7325721132271       1.321075314807590    
   0.1211999952793121       114.9244004112357       1.330744407555347    
   0.1213999986648560       115.1162518273204       1.340432767864854    
   0.1215999945998192       115.3081120724836       1.350139635933643    
   0.1217999979853630       115.4999954464446       1.359865697228302    
   0.1219999939203262       115.6918876576695       1.369610189558707    
   0.1221999973058701       115.8838030081054       1.379373801613173    
   0.1223999932408333       116.0757272036833       1.389155768819598    
   0.1225999966263771       116.2676745485822       1.398956783071339    
   0.1228000000119209       116.4596378975688       1.408776443571332    
   0.1229999959468842       116.6516101029511       1.418614346947096    
   0.1231999993324280       116.8436054722638       1.428471189868903    
   0.1233999952673912       117.0356097051069       1.438346201833831    
   0.1235999986529350       117.2276371112575       1.448240082676529    
   0.1237999945878983       117.4196733877856       1.458152059531404    
   0.1239999979734421       117.6117328467143       1.468082835381468    
   0.1241999939084053       117.8038011825854       1.478031635003944    
   0.1243999972939491       117.9958927096715       1.487999164514521    
   0.1245999932289124       118.1879931199878       1.497984646338665    
   0.1247999966144562       118.3801167300603       1.507988789709105    
   0.1250000000000000       118.5722563873167       1.518011188401665    
   0.1252000033855438       118.7644120952623       1.528051808035633    
   0.1253999918699265       118.9565695390691       1.538109864314565    
   0.1255999952554703       119.1487573574503       1.548186822087497    
   0.1257999986410141       119.3409612366438       1.558281898783491    
   0.1260000020265579       119.5331811798951       1.568395060765238    
   0.1261999905109406       119.7254028673308       1.578525519085310    
   0.1263999938964844       119.9176549469823       1.588674750115903    
   0.1265999972820282       120.1099231000484       1.598841966615425    
   0.1268000006675720       120.3022073295236       1.609027135671070    
   0.1270000040531158       120.4945076383415       1.619230224548146    
   0.1271999925374985       120.6868097003304       1.629450438514401    
   0.1273999959230423       120.8791421751932       1.639689268208422    
   0.1275999993085861       121.0714907378370       1.649945920580084    
   0.1278000026941299       121.2638553909560       1.660220363596204    
   0.1279999911785126       121.4562218033466       1.670511797919587    
   0.1281999945640564       121.6486186440662       1.680821725494507    
   0.1283999979496002       121.8410315829950       1.691149348647510    
   0.1286000013351440       122.0334606225968       1.701494636029066    
   0.1287999898195267       122.2258914266413       1.711856783717077    
   0.1289999932050705       122.4183526735555       1.722237304868547    
   0.1291999965906143       122.6108300281979       1.732635397207225    
   0.1293999999761581       122.8033234928103       1.743051030049958    
   0.1296000033617020       122.9958330695801       1.753484172877655    
   0.1297999918460846       123.1883444160018       1.763934016064981    
   0.1299999952316284       123.3808862222336       1.774402086657222    
   0.1301999986171722       123.5734441468647       1.784887576653000    
   0.1304000020027161       123.7660181918706       1.795390456178856    
   0.1305999904870987       123.9585940097318       1.805909911068717    
   0.1307999938726425       124.1512003000060       1.816447479378982    
   0.1309999972581863       124.3438227162730       1.827002348550564    
   0.1312000006437302       124.5364612603040       1.837574489339704    
   0.1314000040292740       124.7291159338206       1.848163872657463    
   0.1315999925136566       124.9217723830433       1.858769678688819    
   0.1317999958992004       125.1144593192964       1.869393459132911    
   0.1319999992847443       125.3071623899050       1.880034395761172    
   0.1322000026702881       125.4998815963957       1.890692460094928    
   0.1323999911546707       125.6926025799873       1.901366827821196    
   0.1325999945402145       125.8853540614298       1.912059061458751    
   0.1327999979257584       126.0781216830504       1.922768338265160    
   0.1330000013113022       126.2709054461881       1.933494630356877    
   0.1331999897956848       126.4636909870655       1.944237108941625    
   0.1333999931812286       126.6565070358685       1.954997347275894    
   0.1335999965667725       126.8493392299319       1.965774518122284    
   0.1337999999523163       127.0421875704138       1.976568594177856    
   0.1340000033378601       127.2350520584282       1.987379548282579    
   0.1341999918222427       127.4279183239596       1.998206546070799    
   0.1343999952077866       127.6208151090027       2.009051174108610    
   0.1345999985933304       127.8137280446590       2.019912599566289    
   0.1348000019788742       128.0066571318698       2.030790795846777    
   0.1349999904632568       128.1995879956353       2.041684924145952    
   0.1351999938488007       128.3925493874073       2.052596581589866    
   0.1353999972343445       128.5855269333065       2.063524930895539    
   0.1356000006198883       128.7785206341076       2.074469946015256    
   0.1358000040054321       128.9715304905453       2.085431601036581    
   0.1359999924898148       129.1645421213967       2.096409051632287    
   0.1361999958753586       129.3575842899465       2.107403908021307    
   0.1363999992609024       129.5506426160962       2.118415327379623    
   0.1366000026464462       129.7437171004217       2.129443284327737    
   0.1367999911308289       129.9367933567274       2.140486930139492    
   0.1369999945163727       130.1299001577730       2.151547885424649    
   0.1371999979019165       130.3230231184904       2.162625302946470    
   0.1374000012874603       130.5161622393027       2.173719157845466    
   0.1375999897718430       130.7093031290472       2.184828597013865    
   0.1377999931573868       130.9024745699650       2.195955251379771    
   0.1379999965429306       131.0956621720238       2.207098269311178    
   0.1381999999284744       131.2888659354994       2.218257626456195    
   0.1384000033140182       131.4820858606314       2.229433298587944    
   0.1385999917984009       131.6753075500554       2.240624427145414    
   0.1387999951839447       131.8685597978735       2.251832655855161    
   0.1389999985694885       132.0618282078550       2.263057127615333    
   0.1392000019550323       132.2551127800992       2.274297818691744    
   0.1393999904394150       132.4483991122859       2.285553866179500    
   0.1395999938249588       132.6417160080124       2.296826923966170    
   0.1397999972105026       132.8350490660949       2.308116130593129    
   0.1400000005960464       133.0283982864975       2.319421462807172    
   0.1401999890804291       133.2217492619494       2.330742053376017    
   0.1403999924659729       133.4151308055483       2.342079566280590    
   0.1405999958515167       133.6085285111623       2.353433135722310    
   0.1407999992370605       133.8019423786253       2.364802738917695    
   0.1410000026226044       133.9953724077392       2.376188353198882    
   0.1411999911069870       134.1888041850519       2.387589105946875    
   0.1413999944925308       134.3822665355433       2.399006673666954    
   0.1415999978780746       134.5757450469036       2.410440185158446    
   0.1418000012636185       134.7692397188102       2.421889618209617    
   0.1419999897480011       134.9627361328721       2.433354095909955    
   0.1421999931335449       135.1562631235795       2.444835304711649    
   0.1423999965190887       135.3498062736854       2.456332369110692    
   0.1425999999046326       135.5433655827478       2.467845267340662    
   0.1428000032901764       135.7369410502955       2.479373977744995    
   0.1429999917745590       135.9305182517706       2.490917618070648    
   0.1431999951601028       136.1241260335561       2.502477887115394    
   0.1433999985456467       136.3177499722407       2.514053904018181    
   0.1436000019311905       136.5113900672393       2.525645647554961    
   0.1437999904155731       136.7050318890660       2.537252231216014    
   0.1439999938011169       136.8987042936216       2.548875363606455    
   0.1441999971866608       137.0923928525690       2.560514159597238    
   0.1444000005722046       137.2860975652133       2.572168598386905    
   0.1445999890565872       137.4798039971456       2.583837789224140    
   0.1447999924421310       137.6735410137874       2.595523450461537    
   0.1449999958276749       137.8672941818807       2.607224692717331    
   0.1451999992132187       138.0610635006244       2.618941495602975    
   0.1454000025987625       138.2548489691920       2.630673838831787    
   0.1455999910831451       138.4486361470283       2.642420826371201    
   0.1457999944686890       138.6424539114584       2.654184188675835    
   0.1459999978542328       138.8362878230799       2.665963031069284    
   0.1462000012397766       139.0301378809652       2.677757333666047    
   0.1463999897241592       139.2239896396479       2.689566196225090    
   0.1465999931097031       139.4178719859776       2.701391358818201    
   0.1467999964952469       139.6117704756422       2.713231922550107    
   0.1469999998807907       139.8056851076172       2.725087867927198    
   0.1472000032663345       139.9996158808544       2.736959175552627    
   0.1473999917507172       140.1935483437545       2.748844939944947    
   0.1475999951362610       140.3875113950758       2.760746913118923    
   0.1477999985218048       140.5814905843752       2.772664190926076    
   0.1480000019073486       140.7754859105121       2.784596754350497    
   0.1481999903917313       140.9694829169868       2.796543693734265    
   0.1483999937772751       141.1635105120851       2.808506770585213    
   0.1485999971628189       141.3575542404648       2.820485076568378    
   0.1488000005483627       141.5516141008967       2.832478593040253    
   0.1489999890327454       141.7456756319851       2.844486406180445    
   0.1491999924182892       141.9397677515442       2.856510286936286    
   0.1493999958038330       142.1338759993378       2.868549322800559    
   0.1495999991893768       142.3280003740508       2.880603495493901    
   0.1498000025749207       142.5221408743472       2.892672786826693    
   0.1499999910593033       142.7162830327193       2.904756277794348    
   0.1501999944448471       142.9104557788917       2.916855751070563    
   0.1503999978303909       143.1046446465171       2.928970288952141    
   0.1506000012159348       143.2988496341781       2.941099873603425    
   0.1507999897003174       143.4930562694822       2.953243581887783    
   0.1509999930858612       143.6872934916828       2.965403205802365    
   0.1511999964714050       143.8815468295489       2.977577823502663    
   0.1513999998569489       144.0758162815849       2.989767417499152    
   0.1516000032424927       144.2701018462763       3.001971970387614    
   0.1517999917268753       144.4643890451314       3.014190553884704    
   0.1519999951124191       144.6587068293136       3.026424971572200    
   0.1521999984979630       144.8530407214946       3.038674296447614    
   0.1524000018835068       145.0473907200850       3.050938511443300    
   0.1525999903678894       145.2417423417196       3.063216684173212    
   0.1527999937534332       145.4361245470892       3.075510627431935    
   0.1529999971389771       145.6305228539925       3.087819410105433    
   0.1532000005245209       145.8249372607686       3.100143015455272    
   0.1533999890089035       146.0193532791836       3.112480507005356    
   0.1535999923944473       146.2137998794542       3.124833706715575    
   0.1537999957799911       146.4082625745113       3.137201679373257    
   0.1539999991655350       146.6027413626253       3.149584408561919    
   0.1542000025510788       146.7972362420498       3.161981877944571    
   0.1543999910354614       146.9917327184712       3.174393145950134    
   0.1545999944210052       147.1862597740125       3.186820045929656    
   0.1547999978065491       147.3808029155263       3.199261637565012    
   0.1550000011920929       147.5753621412007       3.211717904832466    
   0.1551999896764755       147.7699229518641       3.224187902098855    
   0.1553999930620193       147.9645143391624       3.236673471776842    
   0.1555999964475632       148.1591218050908       3.249173669478188    
   0.1557999998331070       148.3537453477748       3.261688479485390    
   0.1560000032186508       148.5483849653241       3.274217886156599    
   0.1561999917030334       148.7430261525016       3.286760938798210    
   0.1563999950885773       148.9376979128541       3.299319491087285    
   0.1565999984741211       149.1323857423118       3.311892593565094    
   0.1568000018596649       149.3270896389252       3.324480230887850    
   0.1569999903440475       149.5217950926093       3.337081448326932    
   0.1571999937295914       149.7165311164298       3.349698108522019    
   0.1573999971151352       149.9112832014701       3.362329257971551    
   0.1576000005006790       150.1060513457233       3.374974881623469    
   0.1577999889850616       150.3008210342620       3.387634020725759    
   0.1579999923706055       150.4956212896680       3.400308546838202    
   0.1581999957561493       150.6904375981826       3.412997502428186    
   0.1583999991416931       150.8852699577439       3.425700872729182    
   0.1586000025272369       151.0801183662765       3.438418643045046    
   0.1587999910116196       151.2749683028065       3.451149849610677    
   0.1589999943971634       151.4698488018072       3.463896375077335    
   0.1591999977827072       151.6647453434742       3.476657256890179    
   0.1594000011682510       151.8596579256797       3.489432480630871    
   0.1595999896526337       152.0545720226182       3.502221078536617    
   0.1597999930381775       152.2495166782728       3.515024942086082    
   0.1599999964237213       152.4444773680078       3.527843104719251    
   0.1601999998092651       152.6394540896453       3.540675552289926    
   0.1604000031948090       152.8344468409958       3.553522270718760    
   0.1605999916791916       153.0294410902198       3.566382287261472    
   0.1607999950647354       153.2244658931845       3.579257504374785    
   0.1609999984502792       153.4195067192207       3.592146950508508    
   0.1612000018358231       153.6145635660915       3.605050611848038    
   0.1613999903202057       153.8096218971363       3.617967511676105    
   0.1615999937057495       154.0047107777249       3.630899561188258    
   0.1617999970912933       154.1998156723675       3.643845784854221    
   0.1620000004768372       154.3949365787815       3.656806169118779    
   0.1621999889612198       154.5900589554895       3.669779733302284    
   0.1623999923467636       154.7852118773613       3.682768397300833    
   0.1625999957323074       154.9803808040904       3.695771181615215    
   0.1627999991178513       155.1755657333508       3.708788072943851    
   0.1630000025033951       155.3707666628056       3.721819058047691    
   0.1631999909877777       155.5659690449632       3.734863151309220    
   0.1633999943733215       155.7612019665628       3.747922283447720    
   0.1635999977588654       155.9564508812840       3.760995470017658    
   0.1638000011444092       156.1517157867489       3.774082698027208    
   0.1639999896287918       156.3469821306598       3.787182977920007    
   0.1641999930143356       156.5422790092470       3.800298249032759    
   0.1643999963998795       156.7375918713842       3.813427522974852    
   0.1645999997854233       156.9329207146540       3.826570786996277    
   0.1648000031709671       157.1282655366295       3.839728028406833    
   0.1649999916553497       157.3236117790116       3.852898252740960    
   0.1651999950408936       157.5189885498893       3.866083410057079    
   0.1653999984264374       157.7143812921353       3.879282507047425    
   0.1656000018119812       157.9097900032852       3.892495531257498    
   0.1657999902963638       158.1052001202444       3.905721484305690    
   0.1659999936819077       158.3006407605841       3.918962324788206    
   0.1661999970674515       158.4960973623811       3.932217055475297    
   0.1664000004529953       158.6915699231355       3.945485664143022    
   0.1665999889373779       158.8870438749617       3.958767148503720    
   0.1667999923229218       159.0825483449085       3.972063475657207    
   0.1669999957084656       159.2780687662617       3.985373644461434    
   0.1671999990940094       159.4736051364875       3.998697642918533    
   0.1674000024795532       159.6691574530439       4.012035459086545    
   0.1675999909639359       159.8647111420623       4.025386085808467    
   0.1677999943494797       160.0602953424330       4.038751500766750    
   0.1679999977350235       160.2558954814592       4.052130697942549    
   0.1682000011205673       160.4515115565669       4.065523665614196    
   0.1683999896049500       160.6471289891067       4.078929392739985    
   0.1685999929904938       160.8427769274367       4.092349865431284    
   0.1687999963760376       161.0384407940792       4.105784073778985    
   0.1689999997615814       161.2341205864295       4.119232006276998    
   0.1692000031471252       161.4298163018753       4.132693651472565    
   0.1693999916315079       161.6255133557978       4.146167993481181    
   0.1695999950170517       161.8212409083830       4.159657028905483    
   0.1697999984025955       162.0169843761837       4.173159742986442    
   0.1700000017881393       162.2127437565587       4.186676124481532    
   0.1701999902725220       162.4085044601186       4.200205153642393    
   0.1703999936580658       162.6042956565066       4.213748835429123    
   0.1705999970436096       162.8001027575045       4.227306151213409    
   0.1708000004291534       162.9959257604439       4.240877089958615    
   0.1709999889135361       163.1917500711694       4.254460628061433    
   0.1711999922990799       163.3876048687758       4.268058778808816    
   0.1713999956846237       163.5834755602792       4.281670519712131    
   0.1715999990701675       163.7793621429848       4.295295839936544    
   0.1718000024557114       163.9752646141921       4.308934728697030    
   0.1719999909400940       164.1711683737941       4.322586157584055    
   0.1721999943256378       164.3671026126937       4.336252150250726    
   0.1723999977111816       164.5630527319554       4.349931679395528    
   0.1726000010967255       164.7590187288539       4.363624734430188    
   0.1727999895811081       164.9549859985265       4.377330283110004    
   0.1729999929666519       165.1509837413164       4.391050357347679    
   0.1731999963521957       165.3469973535321       4.404783926001400    
   0.1733999997377396       165.5430268324250       4.418530978675638    
   0.1735999882221222       165.7390575683810       4.432290479299092    
   0.1737999916076660       165.9351187711786       4.446064468015065    
   0.1739999949932098       166.1311958323743       4.459851909850186    
   0.1741999983787537       166.3272887491978       4.473652794597770    
   0.1744000017642975       166.5233975188729       4.487467112097697    
   0.1745999902486801       166.7195075258526       4.501293821507202    
   0.1747999936342239       166.9156479917018       4.515134973218230    
   0.1749999970197678       167.1118043020437       4.528989527479643    
   0.1752000004053116       167.3079764540819       4.542857474315599    
   0.1753999888896942       167.5041498275280       4.556737769075314    
   0.1755999922752380       167.7003536533695       4.570632470318374    
   0.1757999956607819       167.8965733124882       4.584540534480935    
   0.1759999990463257       168.0928088020681       4.598461951767632    
   0.1762000024318695       168.2890601192884       4.612396712427716    
   0.1763999909162521       168.4853126379404       4.626343767061699    
   0.1765999943017960       168.6815956007820       4.640305184400726    
   0.1767999976873398       168.8778943827745       4.654279916126449    
   0.1770000010728836       169.0742089810789       4.668267952664118    
   0.1771999895572662       169.2705247647550       4.682268240824603    
   0.1773999929428101       169.4668709859710       4.696282857445992    
   0.1775999963283539       169.6632330149564       4.710310750415548    
   0.1777999997138977       169.8596108488551       4.724351910331033    
   0.1779999881982803       170.0559898519998       4.738405280221324    
   0.1781999915838242       170.2523992859634       4.752472945005538    
   0.1783999949693680       170.4488245162478       4.766553848784419    
   0.1785999983549118       170.6452655399808       4.780647982324940    
   0.1788000017404556       170.8417223542863       4.794755336435763    
   0.1789999902248383       171.0381803175946       4.808874849428834    
   0.1791999936103821       171.2346687032259       4.823008616288850    
   0.1793999969959259       171.4311728707788       4.837155576394371    
   0.1796000003814697       171.6276928173626       4.851315720718990    
   0.1797999888658524       171.8242138966905       4.865487983809810    
   0.1799999922513962       172.0207653914734       4.879674468675823    
   0.1801999956369400       172.2173326565930       4.893874110926165    
   0.1803999990224838       172.4139156891442       4.908086901696317    
   0.1806000024080276       172.6105144862186       4.922312832161663    
   0.1807999908924103       172.8071143956393       4.936550832173574    
   0.1809999942779541       173.0037447118477       4.950803014736785    
   0.1811999976634979       173.2003907838348       4.965068310759587    
   0.1814000010490417       173.3970526086791       4.979346711575103    
   0.1815999895334244       173.5937155294964       4.993637143286476    
   0.1817999929189682       173.7904088501059       5.007941726867979    
   0.1819999963045120       173.9871179147906       5.022259389475489    
   0.1821999996900558       174.1838427206172       5.036590122596897    
   0.1823999881744385       174.3805686059985       5.050932848594029    
   0.1825999915599823       174.5773248841249       5.065289696387397    
   0.1827999949455261       174.7740968945763       5.079659589387490    
   0.1829999983310699       174.9708846344079       5.094042519234055    
   0.1832000017166138       175.1676881006726       5.108438477604180    
   0.1833999902009964       175.3644926259107       5.122846382193075    
   0.1835999935865402       175.5613275350180       5.137268371821453    
   0.1837999969720840       175.7581781617012       5.151703365228372    
   0.1840000003576279       175.9550445030028       5.166151354238989    
   0.1841999888420105       176.1519118867698       5.180611252822997    
   0.1843999922275543       176.3488096472557       5.195085207695941    
   0.1845999956130981       176.5457231134732       5.209572133867447    
   0.1847999989986420       176.7426522824554       5.224072023307866    
   0.1850000023841858       176.9395971512332       5.238584868023485    
   0.1851999908685684       177.1365430417931       5.253109577336673    
   0.1853999942541122       177.3335193000762       5.267648307800284    
   0.1855999976396561       177.5305112492344       5.282199969771908    
   0.1858000010251999       177.7275188862899       5.296764555399476    
   0.1859999895095825       177.9245275285459       5.311340970294964    
   0.1861999928951263       178.1215665312865       5.325931378856823    
   0.1863999962806702       178.3186212129794       5.340534687728440    
   0.1865999996662140       178.5156915706391       5.355150889196890    
   0.1867999881505966       178.7127629168894       5.369778885170220    
   0.1869999915361404       178.9098646163511       5.384420847871142    
   0.1871999949216843       179.1069819828122       5.399075680235692    
   0.1873999983072281       179.3041150132799       5.413743374687098    
   0.1876000016927719       179.5012637047599       5.428423923682431    
   0.1877999901771545       179.6984133640327       5.443116224508961    
   0.1879999935626984       179.8955933673812       5.457822459140563    
   0.1881999969482422       180.0927890227491       5.472541525888022    
   0.1884000003337860       180.2900003271361       5.487273417341387    
   0.1885999888181686       180.4872125826528       5.502017027098533    
   0.1887999922037125       180.6844551749041       5.516774544911147    
   0.1889999955892563       180.8817134071637       5.531544865397084    
   0.1891999989748001       181.0789872764251       5.546327981276950    
   0.1894000023603439       181.2762767796808       5.561123885303615    
   0.1895999908447266       181.4735672132103       5.575931466471843    
   0.1897999942302704       181.6708879742619       5.590752924227582    
   0.1899999976158142       181.8682243602772       5.605587148581257    
   0.1902000010013580       182.0655763682437       5.620434132413241    
   0.1903999894857407       182.2629292897807       5.635292761042644    
   0.1905999928712845       182.4603125314438       5.650165241648723    
   0.1907999962568283       182.6577113860137       5.665050460563005    
   0.1909999996423721       182.8551258504735       5.679948410790847    
   0.1911999881267548       183.0525412117865       5.694857973981717    
   0.1913999915122986       183.2499868858090       5.709781365029054    
   0.1915999948978424       183.4474481606651       5.724717466591423    
   0.1917999982833862       183.6449250333341       5.739666271796947    
   0.1920000016689301       183.8424175007944       5.754627773803985    
   0.1921999901533127       184.0399108441949       5.769600849683179    
   0.1923999935388565       184.2374344910087       5.784587723944185    
   0.1925999969244003       184.4349737235448       5.799587274662835    
   0.1928000003099442       184.6325285387784       5.814599495117258    
   0.1929999887943268       184.8300842132118       5.829623258721688    
   0.1931999921798706       185.0276701836038       5.844660797657872    
   0.1933999955654144       185.2252717276159       5.859710986341961    
   0.1935999989509583       185.4228888422211       5.874773818169730    
   0.1938000023365021       185.6205215243913       5.889849286565986    
   0.1939999908208847       185.8181550448265       5.904936260382176    
   0.1941999942064285       186.0158188518830       5.920036981364928    
   0.1943999975919724       186.2134982174190       5.935150319363865    
   0.1946000009775162       186.4111931384049       5.950276267918619    
   0.1947999894618988       186.6088888809027       5.965413692236850    
   0.1949999928474426       186.8066149025396       5.980564841697006    
   0.1951999962329865       187.0043564705358       5.995728582501918    
   0.1953999996185303       187.2021135818599       6.010904908303787    
   0.1955999881029129       187.3998714979408       6.026092680671923    
   0.1957999914884567       187.5976596856697       6.041294156599315    
   0.1959999948740005       187.7954634076324       6.056508198647381    
   0.1961999982595444       187.9932826607970       6.071734800579011    
   0.1964000016450882       188.1911174421314       6.086973956184297    
   0.1965999901294708       188.3889530072781       6.102224522492135    
   0.1967999935150146       188.5868188346990       6.117488765989606    
   0.1969999969005585       188.7847001811929       6.132765544694209    
   0.1972000002861023       188.9825970437274       6.148054852504072    
   0.1973999887704849       189.1804946733207       6.163355542821738    
   0.1975999921560287       189.3784225576834       6.178669889710736    
   0.1977999955415726       189.5763659489896       6.193996747559435    
   0.1979999989271164       189.7743248442067       6.209336110371935    
   0.1982000023126602       189.9722992403025       6.224687972178463    
   0.1983999907970428       190.1702743825206       6.240051181856056    
   0.1985999941825867       190.3682797701230       6.255428022915748    
   0.1987999975681305       190.5663006495080       6.270817345216781    
   0.1990000009536743       190.7643370176441       6.286219142892992    
   0.1991999894380569       190.9623741151596       6.301632261206528    
   0.1993999928236008       191.1604414505499       6.317058991208472    
   0.1995999962091446       191.3585242655976       6.332498179140541    
   0.1997999995946884       191.5566225572720       6.347949819238319    
   0.1999999880790710       191.7547215615905       6.363412753154106    
