  1.999999949475750E-004  0.170527553169128       1.868079310075865E-002
  3.999999898951501E-004  0.359735940863420       1.868092130380539E-002
  5.999999702908099E-004  0.548944405500016       1.868116379879792E-002
  7.999999797903001E-004  0.738153000171985       1.868154417998169E-002
  9.999999310821295E-004  0.927361654075128       1.868208605145028E-002
  1.199999940581620E-003   1.11657048914302       1.868281302794017E-002
  1.399999950081110E-003   1.30577946211170       1.868374873386447E-002
  1.599999959580600E-003   1.49498858478753       1.868491680389339E-002
  1.799999969080091E-003   1.68419786898026       1.868634088281662E-002
  1.999999862164259E-003   1.87340721636856       1.868804462446794E-002
  2.199999988079071E-003   2.06261696917225       1.869005169711357E-002
  2.399999881163239E-003   2.25182669867320       1.869238577121823E-002
  2.600000007078052E-003   2.44103685723310       1.869507053751063E-002
  2.799999900162220E-003   2.63024701613961       1.869812968511830E-002
  3.000000026077032E-003   2.81945762776220       1.870158692670243E-002
  3.199999919161201E-003   3.00866826339421       1.870546596983624E-002
  3.399999812245369E-003   3.19787915514221       1.870979054402833E-002
  3.599999938160181E-003   3.38709053511736       1.871458439098506E-002
  3.799999831244349E-003   3.57630197462132       1.871987124553121E-002
  3.999999724328518E-003   3.76551370577168       1.872567486905519E-002
  4.199999850243330E-003   3.95472596069073       1.873201903547361E-002
  4.399999976158142E-003   4.14393853096072       1.873892751474671E-002
  4.600000102072954E-003   4.33315142843864       1.874642409340854E-002
  4.799999762326479E-003   4.52236422443834       1.875453254850257E-002
  4.999999888241291E-003   4.71157781191577       1.876327672451605E-002
  5.200000014156103E-003   4.90079176219235       1.877268042019065E-002
  5.399999674409628E-003   5.09000564658946       1.878276743824525E-002
  5.599999800324440E-003   5.27922035807825       1.879356166274349E-002
  5.799999926239252E-003   5.46843546798775       1.880508691827032E-002
  6.000000052154064E-003   5.65765098819857       1.881736706220494E-002
  6.199999712407589E-003   5.84686649004180       1.883042593072659E-002
  6.399999838322401E-003   6.03608286650959       1.884428746222166E-002
  6.599999964237213E-003   6.22529968894077       1.885897551495219E-002
  6.799999624490738E-003   6.41451652867337       1.887451394959960E-002
  6.999999750405550E-003   6.60373427871591       1.889092674646520E-002
  7.199999876320362E-003   6.79295251041427       1.890823778848283E-002
  7.400000002235174E-003   6.98217123567266       1.892647100388700E-002
  7.599999662488699E-003   7.17139002583802       1.894565028525808E-002
  7.799999788403511E-003   7.36060977394147       1.896579967033674E-002
  7.999999448657036E-003   7.54982961077473       1.898694302377280E-002
  8.200000040233135E-003   7.73905086994494       1.900910446550075E-002
  8.399999700486660E-003   7.92827180111807       1.903230776789222E-002
  8.599999360740185E-003   8.11749329734480       1.905657702055308E-002
  8.799999952316284E-003   8.30671625168968       1.908193634306166E-002
  8.999999612569809E-003   8.49593891381303       1.910840950837667E-002
  9.200000204145908E-003   8.68516305792585       1.913602078244558E-002
  9.399999864399433E-003   8.87438693368410       1.916479393750059E-002
  9.599999524652958E-003   9.06361143416861       1.919475313884789E-002
  9.800000116229057E-003   9.25283745247523       1.922592258401146E-002
  9.999999776482582E-003   9.44206323825261       1.925832604243993E-002
  1.019999943673611E-002   9.63128968460033       1.929198772621277E-002
  1.040000002831221E-002   9.82051768463367       1.932693188095946E-002
  1.059999968856573E-002   10.0097454879929       1.936318227134493E-002
  1.079999934881926E-002   10.1989739877970       1.940076315721129E-002
  1.099999994039536E-002   10.3882040771811       1.943969883332208E-002
  1.119999960064888E-002   10.5774340057761       1.948001305752101E-002
  1.139999926090240E-002   10.7666646667207       1.952173013843961E-002
  1.159999985247850E-002   10.9558969531706       1.956487442096488E-002
  1.179999951273203E-002   11.1451291147463       1.960946965411381E-002
  1.200000010430813E-002   11.3343629257946       1.965554041432327E-002
  1.219999976456165E-002   11.5235966359287       1.970311044359896E-002
  1.239999942481518E-002   11.7128311383212       1.975220413411805E-002
  1.260000001639128E-002   11.9020673261630       1.980284591657799E-002
  1.279999967664480E-002   12.0913034490551       1.985505952077027E-002
  1.299999933689833E-002   12.2805404001916       1.990886939036152E-002
  1.319999992847443E-002   12.4697790727848       1.996430000887628E-002
  1.339999958872795E-002   12.6590177164230       2.002137509187207E-002
  1.359999924898148E-002   12.8482572243215       2.008011913551755E-002
  1.379999984055758E-002   13.0374984897153       2.014055667717152E-002
  1.399999950081110E-002   13.2267397621785       2.020271141614138E-002
  1.420000009238720E-002   13.4159828161796       2.026660820372861E-002
  1.439999975264072E-002   13.6052259012830       2.033227072726085E-002
  1.459999941289425E-002   13.7944699107412       2.039972357264830E-002
  1.480000000447035E-002   13.9837157378273       2.046899136925973E-002
  1.499999966472387E-002   14.1729616320897       2.054009778477450E-002
  1.519999932497740E-002   14.3622084868041       2.061306746030134E-002
  1.539999991655350E-002   14.5514571952671       2.068792508178241E-002
  1.559999957680702E-002   14.7407060070105       2.076469429519001E-002
  1.579999923706055E-002   14.9299558153332       2.084339979786876E-002
  1.599999889731407E-002   15.1192066322846       2.092406595309804E-002
  1.620000042021275E-002   15.3084602324700       2.100671791336239E-002
  1.640000008046627E-002   15.4977131028493       2.109137852288434E-002
  1.659999974071980E-002   15.6869670180253       2.117807293578444E-002
  1.679999940097332E-002   15.8762219900606       2.126682555584303E-002
  1.699999906122684E-002   16.0654780310213       2.135766079695145E-002
  1.719999872148037E-002   16.2547351529769       2.145060308312807E-002
  1.740000024437904E-002   16.4439951306128       2.154567774396554E-002
  1.759999990463257E-002   16.6332544507904       2.164290745300335E-002
  1.779999956488609E-002   16.8225148881916       2.174231754013434E-002
  1.799999922513962E-002   17.0117764548994       2.184393246984584E-002
  1.819999888539314E-002   17.2010391630002       2.194777671676817E-002
  1.840000040829182E-002   17.3903047872490       2.205387576433182E-002
  1.860000006854534E-002   17.5795698144191       2.216225213136980E-002
  1.879999972879887E-002   17.7688360192614       2.227293130044572E-002
  1.899999938905239E-002   17.9581034138758       2.238593778667664E-002
  1.919999904930592E-002   18.1473720103655       2.250129611528706E-002
  1.939999870955944E-002   18.3366418208372       2.261903082165162E-002
  1.960000023245811E-002   18.5259146201333       2.273916758132799E-002
  1.979999989271164E-002   18.7151868949136       2.286172871242442E-002
  1.999999955296516E-002   18.9044604200158       2.298673988826749E-002
  2.019999921321869E-002   19.0937352075601       2.311422568471855E-002
  2.039999887347221E-002   19.2830112696699       2.324421068772864E-002
  2.060000039637089E-002   19.4722903812637       2.337672073930008E-002
  2.080000005662441E-002   19.6615690289005       2.351177797764592E-002
  2.099999971687794E-002   19.8508489874935       2.364940824140405E-002
  2.119999937713146E-002   20.0401302691797       2.378963615700158E-002
  2.139999903738499E-002   20.2294128860992       2.393248636103351E-002
  2.159999869763851E-002   20.4186968503960       2.407798350016321E-002
  2.180000022053719E-002   20.6079839370833       2.422615362366543E-002
  2.199999988079071E-002   20.7972706325917       2.437701863879127E-002
  2.219999954104424E-002   20.9865587119287       2.453060459006196E-002
  2.239999920129776E-002   21.1758481872514       2.468693616464890E-002
  2.259999886155128E-002   21.3651390707205       2.484603805983809E-002
  2.279999852180481E-002   21.5544313744998       2.500793498306209E-002
  2.300000004470348E-002   21.7437268737017       2.517265319911033E-002
  2.319999970495701E-002   21.9330220546203       2.534021436774125E-002
  2.339999936521053E-002   22.1223186923613       2.551064474761588E-002
  2.359999902546406E-002   22.3116167991021       2.568396908663928E-002
  2.379999868571758E-002   22.5009163870235       2.586021214284173E-002
  2.400000020861626E-002   22.6902192313235       2.603940036695107E-002
  2.419999986886978E-002   22.8795218181762       2.622155519982172E-002
  2.439999952912331E-002   23.0688259227722       2.640670308490911E-002
  2.459999918937683E-002   23.2581315573060       2.659486882071604E-002
  2.479999884963036E-002   23.4474387339751       2.678607721588477E-002
  2.499999850988388E-002   23.6367474649806       2.698035308916857E-002
  2.520000003278255E-002   23.8260595256268       2.717772312204758E-002
  2.539999969303608E-002   24.0153714019365       2.737820847744388E-002
  2.559999935328960E-002   24.2046848692060       2.758183582818674E-002
  2.579999901354313E-002   24.3939999396500       2.778863003349841E-002
  2.599999867379665E-002   24.5833166254864       2.799861596275122E-002
  2.620000019669533E-002   24.7726367021111       2.821182049608950E-002
  2.639999985694885E-002   24.9619566554147       2.842826455209746E-002
  2.659999951720238E-002   25.1512782607847       2.864797500108196E-002
  2.679999917745590E-002   25.3406015304526       2.887097675291272E-002
  2.699999883770943E-002   25.5299264766531       2.909729472753497E-002
  2.719999849796295E-002   25.7192531116244       2.932695385505824E-002
  2.740000002086163E-002   25.9085832108764       2.955998126165227E-002
  2.759999968111515E-002   26.0979132601332       2.979639755742269E-002
  2.779999934136868E-002   26.2872450348957       3.003622985730559E-002
  2.799999900162220E-002   26.4765785474154       3.027950313189365E-002
  2.819999866187572E-002   26.6659138099473       3.052624236188350E-002
  2.840000018477440E-002   26.8552525980997       3.077647488488111E-002
  2.859999984502792E-002   27.0445913974514       3.103022104111020E-002
  2.879999950528145E-002   27.2339319836008       3.128750815579195E-002
  2.899999916553497E-002   27.4232743688164       3.154836125012039E-002
  2.919999882578850E-002   27.6126185653702       3.181280535539344E-002
  2.939999848604202E-002   27.8019645855374       3.208086551303424E-002
  2.960000000894070E-002   27.9913142050475       3.235256932204678E-002
  2.979999966919422E-002   28.1806639092981       3.262793678345588E-002
  2.999999932944775E-002   28.3700154740082       3.290699548247389E-002
  3.019999898970127E-002   28.5593689114666       3.318977050101779E-002
  3.039999864995480E-002   28.7487242339655       3.347628693112625E-002
  3.059999831020832E-002   28.9380814538004       3.376656987494542E-002
  3.079999983310699E-002   29.1274423468264       3.406064720127588E-002
  3.099999949336052E-002   29.3168033982512       3.435853855514637E-002
  3.119999915361404E-002   29.5061663839189       3.466027179014830E-002
  3.139999881386757E-002   29.6955313161384       3.496587204893586E-002
  3.159999847412109E-002   29.8848982072222       3.527536448427782E-002
  3.179999813437462E-002   30.0742670694860       3.558877425904328E-002
  3.199999779462814E-002   30.2636379152490       3.590612654623726E-002
  3.219999745488167E-002   30.4530107568335       3.622744652901133E-002
  3.240000084042549E-002   30.6423891339718       3.655276549736897E-002
  3.260000050067902E-002   30.8317660042184       3.688209653620333E-002
  3.280000016093254E-002   31.0211449072746       3.721547088118271E-002
  3.299999982118607E-002   31.2105258554764       3.755291375591341E-002
  3.319999948143959E-002   31.3999088611632       3.789445039412698E-002
  3.339999914169312E-002   31.5892939366777       3.824010603969086E-002
  3.359999880194664E-002   31.7786810943661       3.858990594658707E-002
  3.379999846220016E-002   31.9680703465778       3.894387537888377E-002
  3.399999812245369E-002   32.1574617056657       3.930203961082412E-002
  3.419999778270721E-002   32.3468551839860       3.966442392675162E-002
  3.439999744296074E-002   32.5362507938983       4.003105362112791E-002
  3.460000082850456E-002   32.7256520755999       4.040196094702964E-002
  3.480000048875809E-002   32.9150519858290       4.077715740241672E-002
  3.500000014901161E-002   33.1044540647494       4.115667518082944E-002
  3.519999980926514E-002   33.2938583247344       4.154053961722326E-002
  3.539999946951866E-002   33.4832647781603       4.192877605668599E-002
  3.559999912977219E-002   33.6726734374070       4.232140985437383E-002
  3.579999879002571E-002   33.8620843148578       4.271846637563215E-002
  3.599999845027924E-002   34.0514974228992       4.311997099587472E-002
  3.619999811053276E-002   34.2409127739212       4.352594910064767E-002
  3.639999777078629E-002   34.4303303803172       4.393642608567205E-002
  3.659999743103981E-002   34.6197502544840       4.435142735670894E-002
  3.680000081658363E-002   34.8091759371114       4.477098618696829E-002
  3.700000047683716E-002   34.9986003840660       4.519511237339202E-002
  3.720000013709068E-002   35.1880271360019       4.562383912443124E-002
  3.739999979734421E-002   35.3774562053295       4.605719188636925E-002
  3.759999945759773E-002   35.5668876044622       4.649519611562170E-002
  3.779999911785126E-002   35.7563213458171       4.693787727871523E-002
  3.799999877810478E-002   35.9457574418144       4.738526085230887E-002
  3.819999843835831E-002   36.1351959048780       4.783737232314422E-002
  3.839999809861183E-002   36.3246367474348       4.829423718813786E-002
  3.859999775886536E-002   36.5140799819154       4.875588095428895E-002
  3.879999741911888E-002   36.7035256207535       4.922232913875035E-002
  3.900000080466270E-002   36.8929772051601       4.969361609215639E-002
  3.920000046491623E-002   37.0824276900738       5.016974979577071E-002
  3.940000012516975E-002   37.2718806166671       5.065076453031025E-002
  3.959999978542328E-002   37.4613359973873       5.113668585335773E-002
  3.979999944567680E-002   37.6507938446851       5.162753933268505E-002
  3.999999910593033E-002   37.8402541710146       5.212335054613959E-002
  4.019999876618385E-002   38.0297169888333       5.262414508172952E-002
  4.039999842643738E-002   38.2191823106019       5.312994853751718E-002
  4.059999808669090E-002   38.4086501487847       5.364078652178961E-002
  4.079999774694443E-002   38.5981205158493       5.415668465283829E-002
  4.099999740719795E-002   38.7875934242666       5.467766855916523E-002
  4.120000079274178E-002   38.9770724157962       5.520377372643281E-002
  4.140000045299530E-002   39.1665504443932       5.573500620513272E-002
  4.160000011324883E-002   39.3560310517761       5.627140140572351E-002
  4.179999977350235E-002   39.5455142504296       5.681298499715126E-002
  4.199999943375587E-002   39.7350000528413       5.735978265850861E-002
  4.219999909400940E-002   39.9244884715025       5.791182007900630E-002
  4.239999875426292E-002   40.1139795189078       5.846912295793771E-002
  4.259999841451645E-002   40.3034732075551       5.903171700474275E-002
  4.279999807476997E-002   40.4929695499456       5.959962793902207E-002
  4.299999773502350E-002   40.6824685585842       6.017288149042344E-002
  4.319999739527702E-002   40.8719702459788       6.075150339877666E-002
  4.339999705553055E-002   41.0614746246409       6.133551941399418E-002
  4.360000044107437E-002   41.2509852369610       6.192496632591116E-002
  4.380000010132790E-002   41.4404950357566       6.251984794680965E-002
  4.399999976158142E-002   41.6300075633745       6.312020098559401E-002
  4.419999942183495E-002   41.8195228323395       6.372605123264208E-002
  4.439999908208847E-002   42.0090408551801       6.433742448851376E-002
  4.459999874234200E-002   42.1985616444279       6.495434656385157E-002
  4.479999840259552E-002   42.3880852126179       6.557684327943747E-002
  4.499999806284904E-002   42.5776115722885       6.620494046617154E-002
  4.519999772310257E-002   42.7671407359816       6.683866396507909E-002
  4.539999738335609E-002   42.9566727162424       6.747803962730359E-002
  4.559999704360962E-002   43.1462075256193       6.812309331410660E-002
  4.580000042915344E-002   43.3357487071107       6.877386307146338E-002
  4.600000008940697E-002   43.5252892124324       6.943035053865287E-002
  4.619999974966049E-002   43.7148325845364       7.009259367543308E-002
  4.639999940991402E-002   43.9043788359848       7.076061838353098E-002
  4.659999907016754E-002   44.0939279793429       7.143445057484854E-002
  4.679999873042107E-002   44.2834800271796       7.211411617134189E-002
  4.699999839067459E-002   44.4730349920669       7.279964110514214E-002
  4.719999805092812E-002   44.6625928865806       7.349105131849853E-002
  4.739999771118164E-002   44.8521537232994       7.418837276374290E-002
  4.759999737143517E-002   45.0417175148056       7.489163140337496E-002
  4.779999703168869E-002   45.2312842736850       7.560085320997700E-002
  4.800000041723251E-002   45.4208575435718       7.631607754409941E-002
  4.820000007748604E-002   45.6104302750237       7.703730375522611E-002
  4.839999973773956E-002   45.8000060116262       7.776457111234691E-002
  4.859999939799309E-002   45.9895847659784       7.849790562855929E-002
  4.879999905824661E-002   46.1791665506828       7.923733332705041E-002
  4.899999871850014E-002   46.3687513783454       7.998288024114686E-002
  4.919999837875366E-002   46.5583392615754       8.073457241430759E-002
  4.939999803900719E-002   46.7479302129854       8.149243590012389E-002
  4.959999769926071E-002   46.9375242451916       8.225649676224833E-002
  4.979999735951424E-002   47.1271213708133       8.302678107452266E-002
  4.999999701976776E-002   47.3167216024732       8.380331492087123E-002
  5.020000040531158E-002   47.5063284844703       8.458613903496826E-002
  5.040000006556511E-002   47.6959349661470       8.537525035940519E-002
  5.059999972581863E-002   47.8855445917508       8.617068953091689E-002
  5.079999938607216E-002   48.0751573739179       8.697248267397129E-002
  5.099999904632568E-002   48.2647733252879       8.778065592309758E-002
  5.119999870657921E-002   48.4543924585040       8.859523542294312E-002
  5.139999836683273E-002   48.6440147862124       8.941624732832310E-002
  5.159999802708626E-002   48.8336403210629       9.024371780410689E-002
  5.179999768733978E-002   49.0232690757087       9.107767302535308E-002
  5.199999734759331E-002   49.2129010628063       9.191813917720282E-002
  5.219999700784683E-002   49.4025362950155       9.276514245493672E-002
  5.240000039339066E-002   49.5921783173282       9.361872502416446E-002
  5.260000005364418E-002   49.7818200778150       9.447888130293336E-002
  5.279999971389771E-002   49.9714651214135       9.534565335461309E-002
  5.299999937415123E-002   50.1611134607972       9.621906741494968E-002
  5.319999903440475E-002   50.3507651086428       9.709914972984279E-002
  5.339999869465828E-002   50.5404200776304       9.798592655528893E-002
  5.359999835491180E-002   50.7300783804436       9.887942415739559E-002
  5.379999801516533E-002   50.9197400297692       9.977966881240263E-002
  5.399999767541885E-002   51.1094050382975       0.100686686806704     
  5.419999733567238E-002   51.2990734187220       0.101600504436774     
  5.439999699592590E-002   51.4887451837399       0.102521148009188     
  5.460000038146973E-002   51.6784238790643       0.103448661180693     
  5.480000004172325E-002   51.8681024514368       0.104383035726549     
  5.499999970197678E-002   52.0577844465140       0.105324315195823     
  5.519999936223030E-002   52.2474698770065       0.106272525935594     
  5.539999902248383E-002   52.4371587556281       0.107227694303084     
  5.559999868273735E-002   52.6268510950961       0.108189846665645     
  5.579999834299088E-002   52.8165469081309       0.109159009400727     
  5.599999800324440E-002   53.0062462074568       0.110135208895898     
  5.619999766349792E-002   53.1959490058009       0.111118471548870     
  5.639999732375145E-002   53.3856553158940       0.112108823767457     
  5.659999698400497E-002   53.5753651504703       0.113106291969615     
  5.680000036954880E-002   53.7650820559931       0.114110921362446     
  5.700000002980232E-002   53.9547989778178       0.115122700959837     
  5.719999969005585E-002   54.1445194623483       0.116141675855815     
  5.739999935030937E-002   54.3342435223324       0.117167872508873     
  5.759999901056290E-002   54.5239711705210       0.118201317387516     
  5.779999867081642E-002   54.7137024196685       0.119242036970419     
  5.799999833106995E-002   54.9034372825326       0.120290057746395     
  5.819999799132347E-002   55.0931757718743       0.121345406214353     
  5.839999765157700E-002   55.2829179004583       0.122408108883320     
  5.859999731183052E-002   55.4726636810522       0.123478192272465     
  5.879999697208405E-002   55.6624131264274       0.124555682911073     
  5.900000035762787E-002   55.8521697838260       0.125640627616256     
  5.920000001788139E-002   56.0419265971596       0.126733012521292     
  5.939999967813492E-002   56.2316871136086       0.127832884324853     
  5.959999933838844E-002   56.4214513459576       0.128940269596697     
  5.979999899864197E-002   56.6112193069949       0.130055194916700     
  5.999999865889549E-002   56.8009910095117       0.131177686874885     
  6.019999831914902E-002   56.9907664663030       0.132307772071407     
  6.039999797940254E-002   57.1805456901670       0.133445477116446     
  6.059999763965607E-002   57.3703286939053       0.134590828630444     
  6.079999729990959E-002   57.5601154903227       0.135743853243866     
  6.099999696016312E-002   57.7499060922278       0.136904577597306     
  6.119999662041664E-002   57.9397005124320       0.138073028341559     
  6.140000000596046E-002   58.1295022990603       0.139249254118347     
  6.159999966621399E-002   58.3193043943834       0.140433237781991     
  6.179999932646751E-002   58.5091103464613       0.141625027849869     
  6.199999898672104E-002   58.6989201681193       0.142824651013171     
  6.219999864697456E-002   58.8887338721859       0.144032133973269     
  6.239999830722809E-002   59.0785514714931       0.145247503441610     
  6.260000169277191E-002   59.2683765146198       0.146470808999112     
  6.279999762773514E-002   59.4581984071739       0.147702008799513     
  6.300000101327896E-002   59.6480313051183       0.148941221318722     
  6.319999694824219E-002   59.8378610778846       0.150188380981035     
  6.340000033378601E-002   60.0277018820296       0.151443607471741     
  6.359999626874924E-002   60.2175395864024       0.152706834042291     
  6.379999965429306E-002   60.4073883481576       0.153978181595271     
  6.399999558925629E-002   60.5972340355582       0.155257582201315     
  6.419999897480011E-002   60.7870908063604       0.156545157988326     
  6.439999490976334E-002   60.9769445282371       0.157840839838087     
  6.459999829530716E-002   61.1668093595500       0.159144751111832     
  6.480000168085098E-002   61.3566782405010       0.160456870527177     
  6.499999761581421E-002   61.5465441106923       0.161777175588725     
  6.520000100135803E-002   61.7364211294006       0.163105791522703     
  6.539999693632126E-002   61.9262951628073       0.164442646203817     
  6.560000032186508E-002   62.1161803708040       0.165787866111600     
  6.579999625682831E-002   62.3060626189689       0.167141377903917     
  6.599999964237213E-002   62.4959560678123       0.168503309321622     
  6.619999557733536E-002   62.6858465823051       0.169873585797752     
  6.639999896287918E-002   62.8757483235803       0.171252336342476     
  6.659999489784241E-002   63.0656471559977       0.172639485155976     
  6.679999828338623E-002   63.2555572413169       0.174035162525797     
  6.700000166893005E-002   63.4454715180993       0.175439343878885     
  6.719999760389328E-002   63.6353829242850       0.176852003385171     
  6.740000098943710E-002   63.8253056225807       0.178273273263301     
  6.759999692440033E-002   64.0152254758014       0.179703074596162     
  6.780000030994415E-002   64.2051566472900       0.181141540899802     
  6.799999624490738E-002   64.3950849992369       0.182588591996208     
  6.819999963045120E-002   64.5850246956251       0.184044362706842     
  6.839999556541443E-002   64.7749615980165       0.185508771584722     
  6.859999895095825E-002   64.9649098710377       0.186981954764846     
  6.879999488592148E-002   65.1548553756188       0.188463829523087     
  6.899999827146530E-002   65.3448122770338       0.189954533316111     
  6.920000165700912E-002   65.5347735121451       0.191454038158838     
  6.939999759197235E-002   65.7247320171729       0.192962314764912     
  6.960000097751617E-002   65.9147019583701       0.194479502588464     
  6.979999691247940E-002   66.1046691950690       0.196005515677442     
  7.000000029802322E-002   66.2946478941799       0.197540494827734     
  7.019999623298645E-002   66.4846239143897       0.199084352781910     
  7.039999961853027E-002   66.6746114232695       0.200637231685747     
  7.059999555349350E-002   66.8645962788567       0.202199042968417     
  7.079999893903732E-002   67.0545926493875       0.203769930133575     
  7.099999487400055E-002   67.2445863922456       0.205349803288982     
  7.119999825954437E-002   67.4345916763365       0.206938807304269     
  7.140000164508820E-002   67.6246014367652       0.208536910660428     
  7.159999758005142E-002   67.8146086079732       0.210144080492782     
  7.180000096559525E-002   68.0046273598766       0.211760463735061     
  7.199999690055847E-002   68.1946435482083       0.213385967155986     
  7.220000028610229E-002   68.3846713435630       0.215020739075584     
  7.239999622106552E-002   68.5746966010064       0.216664684912786     
  7.259999960660934E-002   68.7647334918158       0.218317954381874     
  7.279999554157257E-002   68.9547678703861       0.219980451543918     
  7.299999892711639E-002   69.1448139086808       0.221652327515685     
  7.319999486207962E-002   69.3348574604200       0.223333484992153     
  7.339999824762344E-002   69.5249126982574       0.225024076500716     
  7.360000163316727E-002   69.7149725554824       0.226724066866083     
  7.379999756813049E-002   69.9050299646993       0.228433419522631     
  7.400000095367432E-002   70.0950990996044       0.230152289128810     
  7.419999688863754E-002   70.2851658122140       0.231880574928994     
  7.440000027418137E-002   70.4752442769242       0.233618433012552     
  7.459999620914459E-002   70.6653203450630       0.235365761229360     
  7.479999959468842E-002   70.8554081917303       0.237122717107852     
  7.499999552965164E-002   71.0454936675618       0.238889197095247     
  7.519999891519547E-002   71.2355909483651       0.240665360167128     
  7.539999485015869E-002   71.4256858840799       0.242451101360004     
  7.559999823570251E-002   71.6157926512252       0.244246581104790     
  7.580000162124634E-002   71.8059041812161       0.246051760447074     
  7.599999755620956E-002   71.9960134047610       0.247866598997192     
  7.620000094175339E-002   72.1861344994539       0.249691259384434     
  7.639999687671661E-002   72.3762533134769       0.251525633082593     
  7.660000026226044E-002   72.5663840251452       0.253369884196729     
  7.679999619722366E-002   72.7565124819314       0.255223902761216     
  7.699999958276749E-002   72.9466528628756       0.257087854365096     
  7.719999551773071E-002   73.1367910147367       0.258961627595269     
  7.739999890327454E-002   73.3269411172843       0.260845389532776     
  7.759999483823776E-002   73.5170890165595       0.262739027308811     
  7.779999822378159E-002   73.7072488930647       0.264642709504770     
  7.800000160932541E-002   73.8974136762817       0.266556393263599     
  7.819999754428864E-002   74.0875762949643       0.268480034248128     
  7.840000092983246E-002   74.2777509307216       0.270413803305544     
  7.859999686479568E-002   74.4679234277842       0.272357583891818     
  7.880000025033951E-002   74.6581079685039       0.274311548375039     
  7.899999618530273E-002   74.8482903963798       0.276275578726768     
  7.919999957084656E-002   75.0384848945107       0.278249848844069     
  7.939999550580978E-002   75.2286773056604       0.280234239205853     
  7.959999889135361E-002   75.4188818136784       0.282228925246372     
  7.979999482631683E-002   75.6090842605894       0.284233785943783     
  7.999999821186066E-002   75.7992988309972       0.286248998277756     
  8.020000159740448E-002   75.9895184523913       0.288274515364748     
  8.039999753236771E-002   76.1797360515115       0.290310288795979     
  8.060000091791153E-002   76.3699658141008       0.292356497884541     
  8.079999685287476E-002   76.5601935803193       0.294413017820602     
  8.100000023841858E-002   76.7504335366743       0.296480029483391     
  8.119999617338181E-002   76.9406715225730       0.298557406533334     
  8.139999955892563E-002   77.1309217252909       0.300645331423894     
  8.159999549388885E-002   77.3211699834787       0.302743676277643     
  8.179999887943268E-002   77.5114304851838       0.304852625130565     
  8.199999481439590E-002   77.7016890682965       0.306972048559047     
  8.219999819993973E-002   77.8919599216403       0.309102132189835     
  8.240000158548355E-002   78.0822359706529       0.311242824988554     
  8.259999752044678E-002   78.2725101400013       0.313394074350143     
  8.280000090599060E-002   78.4627966196806       0.315556068302925     
  8.299999684095383E-002   78.6530812456622       0.317728673521799     
  8.320000022649765E-002   78.8433782087268       0.319912079646585     
  8.339999616146088E-002   79.0336733440718       0.322106151777120     
  8.359999954700470E-002   79.2239808432677       0.324311081172866     
  8.379999548196793E-002   79.4142865407335       0.326526731350341     
  8.399999886751175E-002   79.6046046288333       0.328753295196947     
  8.419999480247498E-002   79.7949209412041       0.330990634637587     
  8.439999818801880E-002   79.9852496710077       0.333238944195941     
  8.460000157356262E-002   80.1755837415710       0.335498168561912     
  8.479999750852585E-002   80.3659160754288       0.337768250809006     
  8.500000089406967E-002   80.5562608669467       0.340049387930918     
  8.519999682903290E-002   80.7466039477888       0.342341437837149     
  8.540000021457672E-002   80.9369595131283       0.344644599178309     
  8.559999614953995E-002   81.1273133938336       0.346958728243322     
  8.579999953508377E-002   81.3176797858891       0.349284025348041     
  8.599999547004700E-002   81.5080445193632       0.351620345152426     
  8.619999885559082E-002   81.6984217910558       0.353967889646000     
  8.639999479055405E-002   81.8887974302315       0.356326511851378     
  8.659999817609787E-002   82.0791856345095       0.358696415440022     
  8.679999411106110E-002   82.2695722323466       0.361077451788944     
  8.699999749660492E-002   82.4599714221851       0.363469826259873     
  8.720000088214874E-002   82.6503761247809       0.365873478327785     
  8.739999681711197E-002   82.8407792600716       0.368288345797268     
  8.760000020265579E-002   83.0311950277418       0.370714636581170     
  8.779999613761902E-002   83.2216092542117       0.373152197905938     
  8.799999952316284E-002   83.4120361399991       0.375601239395436     
  8.819999545812607E-002   83.6024615107025       0.378061606601378     
  8.839999884366989E-002   83.7928995676767       0.380533510867124     
  8.859999477863312E-002   83.9833361356946       0.383016796061213     
  8.879999816417694E-002   84.1737854169523       0.385511675254790     
  8.899999409914017E-002   84.3642332353931       0.388017990624931     
  8.919999748468399E-002   84.5546937940579       0.390535956978894     
  8.940000087022781E-002   84.7451600114616       0.393065509241623     
  8.959999680519104E-002   84.9356248052792       0.395606580621831     
  8.980000019073486E-002   85.1261023798266       0.398159388546688     
  8.999999612569809E-002   85.3165785569561       0.400723770927939     
  9.019999951124191E-002   85.5070675418383       0.403299946949915     
  9.039999544620514E-002   85.6975551554822       0.405887752803537     
  9.059999883174896E-002   85.8880556039175       0.408487409438592     
  9.079999476671219E-002   86.0785547073055       0.411098751316871     
  9.099999815225601E-002   86.2690666725388       0.413722001161958     
  9.119999408721924E-002   86.4595773189275       0.416356991698080     
  9.139999747276306E-002   86.6501008542310       0.419003947431122     
  9.160000085830688E-002   86.8406301946632       0.421662798609461     
  9.179999679327011E-002   87.0311582555767       0.424333473719201     
  9.200000017881393E-002   87.2216992460384       0.427016199955261     
  9.219999611377716E-002   87.4122389832128       0.429710805661216     
  9.239999949932098E-002   87.6027916770435       0.432417519835326     
  9.259999543428421E-002   87.7933431438299       0.435136169054161     
  9.279999881982803E-002   87.9839075943961       0.437866984127638     
  9.299999475479126E-002   88.1744708441725       0.440609789856993     
  9.319999814033508E-002   88.3650471048679       0.443364818872112     
  9.339999407529831E-002   88.5556221910394       0.446131894190486     
  9.359999746084213E-002   88.7462103152845       0.448911250270555     
  9.380000084638596E-002   88.9368043914566       0.451702812557258     
  9.399999678134918E-002   89.1273973325255       0.454506504686776     
  9.420000016689301E-002   89.3180033524291       0.457322563876232     
  9.439999610185623E-002   89.5086082635244       0.460150808646517     
  9.459999948740005E-002   89.6992262806477       0.462991478064367     
  9.479999542236328E-002   89.8898432152688       0.465844388837397     
  9.499999880790710E-002   90.0804732831269       0.468709781890354     
  9.519999474287033E-002   90.2711022948004       0.471587472109093     
  9.539999812841415E-002   90.4617444669351       0.474477702284773     
  9.559999406337738E-002   90.6523856092145       0.477380285473075     
  9.579999744892120E-002   90.8430399391950       0.480295466340138     
  9.600000083446503E-002   91.0337003683088       0.483223165399835     
  9.619999676942825E-002   91.2243598070829       0.486163301310896     
  9.640000015497208E-002   91.4150324744471       0.489116121567804     
  9.659999608993530E-002   91.6057041778295       0.492081434613539     
  9.679999947547913E-002   91.7963891370804       0.495059489838681     
  9.699999541044235E-002   91.9870731587191       0.498050093826336     
  9.719999879598618E-002   92.1777704635202       0.501053497871737     
  9.739999473094940E-002   92.3684668570901       0.504069506689646     
  9.759999811649323E-002   92.5591765611320       0.507098373488333     
  9.779999405145645E-002   92.7498853803351       0.510139901105674     
  9.799999743700027E-002   92.9406075373352       0.513194344671604     
  9.820000082254410E-002   93.1313359410833       0.516261619640929     
  9.839999675750732E-002   93.3220634996031       0.519341639566747     
  9.860000014305115E-002   93.5128044369367       0.522434662477139     
  9.879999607801437E-002   93.7035445554631       0.525540486480821     
  9.899999946355820E-002   93.8942980801672       0.528659371548770     
  9.919999539852142E-002   94.0850508124967       0.531791113882932     
  9.939999878406525E-002   94.2758169783830       0.534935975405759     
  9.959999471902847E-002   94.4665823783390       0.538093750404059     
  9.979999810457230E-002   94.6573612392466       0.541264702760088     
  9.999999403953552E-002   94.8481393606795       0.544448624837088     
  0.100199997425079        95.0389309704742       0.547645782485688     
  0.100400000810623        95.2297289750399       0.550856085973223     
  0.100599996745586        95.4205262798362       0.554079443618377     
  0.100800000131130        95.6113371141390       0.557316124240359     
  0.100999996066093        95.8021472751567       0.560565915355951     
  0.101199999451637        95.9929709931300       0.563829087774124     
  0.101399995386600        96.1837940643142       0.567105427058110     
  0.101599998772144        96.3746307199183       0.570395206015220     
  0.101799994707108        96.5654667552406       0.573698208246597     
  0.101999998092651        96.7563164024631       0.577014708566324     
  0.102199994027615        96.9471654559224       0.580344488604979     
  0.102399997413158        97.1380281487774       0.583687825192015     
  0.102600000798702        97.3288973848346       0.587044623278260     
  0.102799996733665        97.5197660669287       0.590414785818822     
  0.103000000119209        97.7106484296910       0.593798592682305     
  0.103199996054173        97.9015302650379       0.597195820535234     
  0.103399999439716        98.0924258085873       0.600606751283053     
  0.103599995374680        98.2833208512803       0.604031159591628     
  0.103799998760223        98.4742296297256       0.607469329411870     
  0.103999994695187        98.6651379338849       0.610921033400459     
  0.104199998080730        98.8560600013620       0.614386557562128     
  0.104399994015694        99.0469816211350       0.617865672535928     
  0.104599997401237        99.2379170318065       0.621358666389114     
  0.104800000786781        99.4288591345196       0.624865438626543     
  0.104999996721745        99.6198008294234       0.628385886710021     
  0.105200000107288        99.8107563566263       0.631920301816905     
  0.105399996042252        100.001711502631       0.635468449504017     
  0.105599999427795        100.192680508554       0.639030623032795     
  0.105799995362759        100.383649159900       0.642606585912219     
  0.105999998748302        100.574631698801       0.646196633496345     
  0.106199994683266        100.765613909758       0.649800527237687     
  0.106399998068810        100.956610035920       0.653418564591561     
  0.106599994003773        101.147605860785       0.657050504945374     
  0.106799997389317        101.338615628520       0.660696647864413     
  0.107000000774860        101.529632237544       0.664356887277407     
  0.107199996709824        101.720648585259       0.668031115022771     
  0.107400000095367        101.911678917375       0.671719633846877     
  0.107599996030331        102.102709014855       0.675422197936527     
  0.107799999415874        102.293753124440       0.679139112169580     
  0.107999995350838        102.484797026075       0.682870128637461     
  0.108199998736382        102.675854967535       0.686615554358212     
  0.108399994671345        102.866912727743       0.690375139319301     
  0.108599998056889        103.057984555511       0.694149192687561     
  0.108799993991852        103.249056228735       0.697937462337734     
  0.108999997377396        103.440141997271       0.701740259594231     
  0.109200000762939        103.631234756752       0.705557472679132     
  0.109399996697903        103.822327401772       0.709388987676817     
  0.109600000083447        104.013434183762       0.713235119163954     
  0.109799996018410        104.204540878028       0.717095609695846     
  0.109999999403954        104.395661737053       0.720970776028409     
  0.110199995338917        104.586782535103       0.724860358573864     
  0.110399998724461        104.777917525718       0.728764676275958     
  0.110599994659424        104.969052482117       0.732683467395248     
  0.110799998044968        105.160201658904       0.736617053071981     
  0.110999993979931        105.351350828245       0.740565169406366     
  0.111199997365475        105.542514245811       0.744528139743807     
  0.111400000751019        105.733684804385       0.748505846469001     
  0.111599996685982        105.924855395694       0.752498169780793     
  0.111800000071526        106.116040277011       0.756505436348732     
  0.111999996006489        106.307225217862       0.760527376834077     
  0.112199999392033        106.498424476597       0.764564320133275     
  0.112399995326996        106.689623821677       0.768615994716882     
  0.112599998712540        106.880837512533       0.772682731716884     
  0.112799994647503        107.072051316558       0.776764257404295     
  0.112999998033047        107.263279494264       0.780860905155578     
  0.113199993968010        107.454507811973       0.784972399033407     
  0.113399997353554        107.645750531286       0.789099074667334     
  0.113600000739098        107.837000542081       0.793240808472987     
  0.113799996674061        108.028250733152       0.797397474632220     
  0.114000000059605        108.219515367740       0.801569412170636     
  0.114199995994568        108.410780209466       0.805756339592094     
  0.114399999380112        108.602059522671       0.809958598197113     
  0.114599995315075        108.793339069889       0.814175904250817     
  0.114799998700619        108.984633116562       0.818408601337339     
  0.114999994635582        109.175927424134       0.822656403474184     
  0.115199998021126        109.367236259154       0.826919656538010     
  0.115399993956089        109.558545381969       0.831198072289965     
  0.115599997341633        109.749869060240       0.835491998907870     
  0.115800000727177        109.941200180874       0.839801306706178     
  0.115999996662140        110.132531629670       0.844125863717608     
  0.116200000047684        110.323877675964       0.848466021588095     
  0.116399995982647        110.515224077346       0.852821486399748     
  0.116599999368191        110.706585104272       0.857192612121665     
  0.116799995303154        110.897946513224       0.861579102548930     
  0.116999998688698        111.089322575782       0.865981313982459     
  0.117199994623661        111.280699047316       0.870398947921558     
  0.117399998009205        111.472090200532       0.874832363007869     
  0.117599993944168        111.663481789684       0.879281258436109     
  0.117799997329712        111.854888088613       0.883745995197359     
  0.118000000715256        112.046301981193       0.888226437372481     
  0.118199996650219        112.237716350170       0.892722446712270     
  0.118400000035763        112.429145471094       0.897234387748426     
  0.118599995970726        112.620575095404       0.901761953875805     
  0.118799999356270        112.812019499792       0.906305511997658     
  0.118999995291233        113.003464434566       0.910864753173328     
  0.119199998676777        113.194924177567       0.915440046686356     
  0.119399994611740        113.386384477965       0.920031081251921     
  0.119599997997284        113.577859614753       0.924638228542648     
  0.119799993932247        113.769335335963       0.929261174920740     
  0.119999997317791        113.960825921740       0.933900294456677     
  0.120199993252754        114.152317118973       0.938555271150832     
  0.120399996638298        114.343823208969       0.943226481480451     
  0.120600000023842        114.535337071938       0.947913781987879     
  0.120799995958805        114.726851586937       0.952617026827937     
  0.120999999344349        114.918381037019       0.957336596104653     
  0.121199995279312        115.109911166194       0.962072167875093     
  0.121399998664856        115.301456258685       0.966824124672030     
  0.121599994599819        115.493002057344       0.971592142159750     
  0.121799997985363        115.684562847568       0.976376605308744     
  0.121999993920326        115.876124371046       0.981177187381689     
  0.122199997305870        116.067700914353       0.985994275795633     
  0.122399993240833        116.259278218011       0.990827541402723     
  0.122599996626377        116.450870569779       0.995677374075370     
  0.122800000011921        116.642470846701        1.00054362383150     
  0.122999995946884        116.834071924640        1.00542613825270     
  0.123199999332428        117.025688093139        1.01032531091121     
  0.123399995267391        117.217305089783        1.01524080659416     
  0.123599998652935        117.408937205304        1.02017302135135     
  0.123799994587898        117.600570176108        1.02512161752834     
  0.123999997973442        117.792218294124        1.03008699366140     
  0.124199993908405        117.983867294571        1.03506880964572     
  0.124399997293949        118.175531470581        1.04006746651289     
  0.124599993228912        118.367196556182        1.04508262169873     
  0.124799996614456        118.558876845711        1.05011467873913     
  0.125000000000000        118.750565212981        1.05516348099336     
  0.125200003385544        118.942261671884        1.06022905835263     
  0.125399991869926        119.133951953151        1.06531106143110     
  0.125599995255470        119.325664636404        1.07041027745946     
  0.125799998641014        119.517385452986        1.07552635832519     
  0.126000002026558        119.709114416802        1.08065933396009     
  0.126199990510941        119.900837256169        1.08580884998382     
  0.126399993896484        120.092582555573        1.09097570372845     
  0.126599997282028        120.284336043948        1.09615954209605     
  0.126800000667572        120.476097735212        1.10136039505878     
  0.127000004053116        120.667867643287        1.10657829259907     
  0.127199992537498        120.859631493451        1.11181287404341     
  0.127399995923042        121.051417876315        1.11706494945091     
  0.127599999308586        121.243212517779        1.12233415944154     
  0.127800002694130        121.435015431776        1.12762053403817     
  0.127999991178513        121.626812341132        1.13292370749261     
  0.128199994564056        121.818631841400        1.13824450012592     
  0.128399997949600        122.010459656030        1.14358254749227     
  0.128600001335144        122.202295798970        1.14893787965508     
  0.128799989819527        122.394125990577        1.15431012575543     
  0.128999993205070        122.585978831378        1.15970011644821     
  0.129199996590614        122.777840042357        1.16510748218595     
  0.129399999976158        122.969709637478        1.17053225307244     
  0.129600003361702        123.161587630706        1.17597445922166     
  0.129799991846085        123.353459739288        1.18143372333607     
  0.129999995231628        123.545354570016        1.18691088908855     
  0.130199998617172        123.737257840769        1.19240558050409     
  0.130400002002716        123.929169565529        1.19791782773719     
  0.130599990487099        124.121075459034        1.20344724829886     
  0.130799993872643        124.313004133125        1.20899469635725     
  0.130999997258186        124.504941303181        1.21455979075499     
  0.131200000643730        124.696886983194        1.22014256168701     
  0.131400004029274        124.888841187162        1.22574303935835     
  0.131599992513657        125.080789626668        1.23136083474029     
  0.131799995899200        125.272760919911        1.23699681522112     
  0.131999999284744        125.464740779117        1.24265059311492     
  0.132200002670288        125.656729218296        1.24832219866727     
  0.132399991154671        125.848711946491        1.25401123757695     
  0.132599994540215        126.040717587021        1.25971858788954     
  0.132799997925758        126.232731849575        1.26544385665578     
  0.133000001311302        126.424754748175        1.27118707416170     
  0.133199989795685        126.616771989305        1.27694784079763     
  0.133399993181229        126.808812201439        1.28272704533852     
  0.133599996566772        127.000861091710        1.28852428953562     
  0.133799999952316        127.192918674156        1.29433960371547     
  0.134000003337860        127.384984962818        1.30017301821471     
  0.134199991822243        127.577045660953        1.30602412673726     
  0.134399995207787        127.769129403529        1.31189383157145     
  0.134599998593330        127.961221894461        1.31778172779340     
  0.134800001978874        128.153323147804        1.32368784578023     
  0.134999990463257        128.345418864217        1.32961177384612     
  0.135199993848801        128.537537683900        1.33555442517138     
  0.135399997234344        128.729665308175        1.34151538945142     
  0.135600000619888        128.921801751110        1.34749469710377     
  0.135800004005432        129.113947026774        1.35349237855627     
  0.135999992489815        129.306086832557        1.35950801533465     
  0.136199995875359        129.498249815248        1.36554253433650     
  0.136399999260902        129.690421672900        1.37159551848004     
  0.136600002646446        129.882602419599        1.37766699823365     
  0.136799991130829        130.074777750097        1.38375654965165     
  0.136999994516373        130.266976316491        1.38986511068677     
  0.137199997901917        130.459183814204        1.39599225879502     
  0.137400001287460        130.651400257333        1.40213802448511     
  0.137599989771843        130.843611337980        1.40830197830365     
  0.137799993157387        131.035845713582        1.41448506933136     
  0.137999996542931        131.228089076913        1.42068686952555     
  0.138199999928474        131.420341442085        1.42690740943539     
  0.138400003314018        131.612602823214        1.43314671962017     
  0.138599991798401        131.804858909060        1.43940436369064     
  0.138799995183945        131.997138363784        1.44568130473979     
  0.138999998569489        132.189426876828        1.45197710780025     
  0.139200001955032        132.381724462319        1.45829180347204     
  0.139399990439415        132.574016806330        1.46462494977590     
  0.139599993824959        132.766332578437        1.47097752109676     
  0.139799997210503        132.958657465396        1.47734907688672     
  0.140000000596046        133.150991481348        1.48373964778614     
  0.140199989080429        133.343320309659        1.49014878618959     
  0.140399992465973        133.535672625355        1.49657747784678     
  0.140599995851517        133.728034112489        1.50302527659275     
  0.140799999237061        133.920404785216        1.50949221310833     
  0.141000002622604        134.112784657696        1.51597831808431     
  0.141199991106987        134.305159409885        1.52248313683117     
  0.141399994492531        134.497557723670        1.52900766940752     
  0.141599997878075        134.689965279703        1.53555146257543     
  0.141800001263618        134.882382092155        1.54211454706649     
  0.141999989748001        135.074793838238        1.54869646248230     
  0.142199993133545        135.267229205367        1.55529822041109     
  0.142399996519089        135.459673871450        1.56191936191553     
  0.142599999904633        135.652127850674        1.56855991776754     
  0.142800003290176        135.844591157228        1.57521991874907     
  0.142999991774559        136.037049464868        1.58189889727484     
  0.143199995160103        136.229531467964        1.58859787944760     
  0.143399998545647        136.422022840976        1.59531639915437     
  0.143600001931190        136.614523598107        1.60205448721774     
  0.143799990415573        136.807019410330        1.60881167026099     
  0.143999993801117        136.999538977616        1.61558898608172     
  0.144199997186661        137.192067971648        1.62238596278493     
  0.144400000572205        137.384606406641        1.62920263123360     
  0.144599989056587        137.577139950769        1.63603851222314     
  0.144799992442131        137.769697309639        1.64289465531925     
  0.144999995827675        137.962264152138        1.64977058280820     
  0.145199999213219        138.154840492495        1.65666632559345     
  0.145400002598763        138.347426344942        1.66358191458858     
  0.145599991083145        138.540007374131        1.67051686325246     
  0.145799994468689        138.732612292761        1.67747223596430     
  0.145999997854233        138.925226766199        1.68444754768524     
  0.146200001239777        139.117850808692        1.69144282936938     
  0.146399989724159        139.310470082052        1.69845758856468     
  0.146599993109703        139.503113304692        1.70549290158436     
  0.146799996495247        139.695766139146        1.71254827748791     
  0.146999999880791        139.888428599672        1.71962374726985     
  0.147200003266335        140.081100700535        1.72671934193497     
  0.147399991750717        140.273768099974        1.73383456159075     
  0.147599995136261        140.466459523592        1.74097049757148     
  0.147799998521805        140.659160630355        1.74812665150793     
  0.148000001907349        140.851871434540        1.75530305444516     
  0.148199990391731        141.044577591511        1.76249920049673     
  0.148399993777275        141.237307832659        1.76971619309725     
  0.148599997162819        141.430047814078        1.77695352789246     
  0.148800000548363        141.622797550058        1.78421123596814     
  0.148999989032745        141.815542693071        1.79148880540680     
  0.149199992418289        142.008311980329        1.79878735181723     
  0.149399995803833        142.201091065039        1.80610636482351     
  0.149599999189377        142.393879961505        1.81344587555176     
  0.149800002574921        142.586678684032        1.82080591513841     
  0.149999991059303        142.779472881452        1.82818596407489     
  0.150199994444847        142.972291298304        1.83558715329212     
  0.150399997830391        143.165119584160        1.84300896483492     
  0.150600001215935        143.357957753338        1.85045142988008     
  0.150799989700317        143.550791451738        1.85791402280455     
  0.150999993085861        143.743649429800        1.86539788688052     
  0.151199996471405        143.936517334166        1.87290249804755     
  0.151399999856949        144.129395179171        1.88042788752287     
  0.151600003242493        144.322282979152        1.88797408653383     
  0.151799991726875        144.515166376317        1.89554056176206     
  0.151999995112419        144.708074128532        1.90312847201076     
  0.152199998497963        144.900991878753        1.91073728553567     
  0.152400001883507        145.093919641334        1.91836703360462     
  0.152599990367889        145.286843055511        1.92601717670095     
  0.152799993753433        145.479790885126        1.93368888613657     
  0.152999997138977        145.672748770172        1.94138162397834     
  0.153200000524521        145.865716725013        1.94909542153448     
  0.153399989008904        146.058680385900        1.95682973305273     
  0.153599992394447        146.251668522685        1.96458574242840     
  0.153799995779991        146.444666772378        1.97236290550191     
  0.153999999165535        146.637675149357        1.98016125362219     
  0.154200002551079        146.830693668002        1.98798081814809     
  0.154399991035461        147.023707960807        1.99582104548045     
  0.154599994421005        147.216746805185        2.00368313534855     
  0.154799997806549        147.409795834393        2.01156653575765     
  0.155000001192093        147.602855062827        2.01947127810718     
  0.155199989676476        147.795910119952        2.02739680247808     
  0.155399993062019        147.988989789270        2.03534432135143     
  0.155599996447563        148.182079701018        2.04331327642186     
  0.155799999833107        148.375179869602        2.05130369912942     
  0.156000003218651        148.568290309435        2.05931562092417     
  0.156199991703033        148.761396646176        2.06734847393480     
  0.156399995088577        148.954527670987        2.07540348668689     
  0.156599998474121        149.147669010301        2.08348009293474     
  0.156800001859665        149.340820678542        2.09157832416886     
  0.156999990344048        149.533968298307        2.09969760611398     
  0.157199993729591        149.727140666922        2.10783918021582     
  0.157399997115135        149.920323407760        2.11600247383402     
  0.157600000500679        150.113516535259        2.12418751849950     
  0.157799988985062        150.306705668933        2.13239373349546     
  0.157999992370605        150.499919612308        2.14062237326297     
  0.158199995756149        150.693143985680        2.14887285872928     
  0.158399999141693        150.886378803501        2.15714522146598     
  0.158600002527237        151.079624080227        2.16543949305472     
  0.158799991011620        151.272865431494        2.17375508467359     
  0.158999994397163        151.466131668626        2.18209326711366     
  0.159199997782707        151.659408408050        2.19045345320905     
  0.159400001168251        151.852695664232        2.19883567458197     
  0.159599989652634        152.045979049690        2.20723933588411     
  0.159799993038177        152.239287382026        2.21566572107130     
  0.159999996423721        152.432606274548        2.22411423646074     
  0.160199999809265        152.625935741738        2.23258491371507     
  0.160400003194809        152.819275798082        2.24107778450704     
  0.160599991679192        153.012612052172        2.24959224527754     
  0.160799995064735        153.205973329504        2.25812959654417     
  0.160999998450279        153.399345239468        2.26668923642501     
  0.161200001835823        153.592727796562        2.27527119663333     
  0.161399990320206        153.786106606218        2.28387486699873     
  0.161599993705750        153.979510500290        2.29250156137334     
  0.161799997091293        154.172925085009        2.30115067127352     
  0.162000000476837        154.366350374889        2.30982222845299     
  0.162199988961220        154.559771972185        2.31851561609230     
  0.162399992346764        154.753218715140        2.32723216145365     
  0.162599995732307        154.946676206813        2.33597124941386     
  0.162799999117851        155.140144461731        2.34473291176707     
  0.163000002503395        155.333623494425        2.35351718031760     
  0.163199990987778        155.527098903153        2.36232342988137     
  0.163399994373322        155.720599534194        2.37115300458993     
  0.163599997758865        155.914110986618        2.38000528096723     
  0.163800001144409        156.107633274970        2.38888029085811     
  0.163999989628792        156.301151994292        2.39777740234391     
  0.164199993014336        156.494695997330        2.40669797313703     
  0.164399996399879        156.688250879945        2.41564137303661     
  0.164599999785423        156.881816656692        2.42460763392779     
  0.164800003170967        157.075393342132        2.43359678770605     
  0.164999991655350        157.268966527265        2.44260819398147     
  0.165199995040894        157.462565072969        2.45164322754920     
  0.165399998426437        157.656174571066        2.46070124974858     
  0.165600001811981        157.849795036129        2.46978229251567     
  0.165799990296364        158.043412055903        2.47888570864055     
  0.165999993681908        158.237054497813        2.48801288667013     
  0.166199997067451        158.430707950429        2.49716318113352     
  0.166400000452995        158.624372428339        2.50633662400702     
  0.166599988937378        158.818033516014        2.51553256122276     
  0.166799992322922        159.011720087462        2.52475239515573     
  0.166999995708466        159.205417727983        2.53399547348644     
  0.167199999094009        159.399126452179        2.54326182823178     
  0.167400002479553        159.592846274653        2.55255149141880     
  0.167599990963936        159.786562775765        2.56186380035325     
  0.167799994349480        159.980304837792        2.57120017480253     
  0.167999997735023        160.174058041930        2.58055995383287     
  0.168200001120567        160.367822402795        2.58994316951177     
  0.168399989604950        160.561583497434        2.59934915220111     
  0.168599992990494        160.755370214786        2.60877933566803     
  0.168799996376038        160.949168132737        2.61823305204433     
  0.168999999761581        161.142977265919        2.62771033343807     
  0.169200003147125        161.336797628964        2.63721121196730     
  0.169399991631508        161.530614794757        2.64673500926020     
  0.169599995017052        161.724457660609        2.65628317669123     
  0.169799998402596        161.918311800248        2.66585503767044     
  0.170000001788139        162.112177228321        2.67545062435650     
  0.170199990272522        162.306039514361        2.68506925134739     
  0.170399993658066        162.499927562418        2.69471238418964     
  0.170599997043610        162.693826942871        2.70437933927283     
  0.170800000429153        162.887737670383        2.71407014879611     
  0.170999988913536        163.081645311119        2.72378412028908     
  0.171199992299080        163.275578775898        2.73352273354692     
  0.171399995684624        163.469523631740        2.74328529790040     
  0.171599999070168        163.663479893318        2.75307184558906     
  0.171800002455711        163.857447575312        2.76288240886271     
  0.171999990940094        164.051412239651        2.77271628636129     
  0.172199994325638        164.245402805669        2.78257497579904     
  0.172399997711182        164.439404836157        2.79245777762924     
  0.172600001096725        164.633418345806        2.80236472414185     
  0.172799989581108        164.827428893138        2.81229510682218     
  0.172999992966652        165.021465404339        2.82225043780610     
  0.173199996352196        165.215513438796        2.83223001040145     
  0.173399999737740        165.409573011213        2.84223385693892     
  0.173599988222122        165.603629676687        2.85226126171020     
  0.173799991607666        165.797712368292        2.86231375134983     
  0.173999994993210        165.991806641992        2.87239061198201     
  0.174199998378754        166.185912512507        2.88249187597779     
  0.174400001764297        166.380029994557        2.89261757571845     
  0.174599990248680        166.574144638935        2.90276698644959     
  0.174799993634224        166.768285387369        2.91294165303790     
  0.174999997019768        166.962437791526        2.92314085257328     
  0.175200000405312        167.156601866139        2.93336461747754     
  0.175399988889694        167.350763158537        2.94361221571592     
  0.175599992275238        167.544950617413        2.95388520682744     
  0.175799995660782        167.739149790972        2.96418286063152     
  0.175999999046326        167.933360693964        2.97450520959035     
  0.176200002431870        168.127583341140        2.98485228617642     
  0.176399990916252        168.321803275473        2.99522334919996     
  0.176599994301796        168.516049454412        3.00561997664954     
  0.176799997687340        168.710307421813        3.01604142920181     
  0.177000001072884        168.904577192440        3.02648773936957     
  0.177199989557266        169.098844305763        3.03695815859584     
  0.177399992942810        169.293137726275        3.04745427971562     
  0.177599996328354        169.487442994331        3.05797535604788     
  0.177799999713898        169.681760124711        3.06852142014597     
  0.177999988198280        169.876074653360        3.07909171604666     
  0.178199991583824        170.070415551853        3.08968785150910     
  0.178399994969368        170.264768357027        3.10030907245576     
  0.178599998354912        170.459133083676        3.11095541148043     
  0.178800001740456        170.653509746595        3.12162690118708     
  0.178999990224838        170.847883877304        3.13232277630021     
  0.179199993610382        171.042284456276        3.14304466334337     
  0.179399996995926        171.236697015925        3.15379179893876     
  0.179600000381470        171.431121571064        3.16456421573088     
  0.179799988865852        171.625543649649        3.17536114095051     
  0.179999992251396        171.819992239311        3.18618421622023     
  0.180199995636940        172.014452868911        3.19703267067823     
  0.180399999022484        172.208925553271        3.20790653700956     
  0.180600002408028        172.403410307219        3.21880584790932     
  0.180799990892410        172.597892654235        3.22972982118642     
  0.180999994277954        172.792401590949        3.24068011744674     
  0.181199997663498        172.986922641749        3.25165595641897     
  0.181400001049042        173.181455821476        3.26265737083870     
  0.181599989533424        173.375986650011        3.27368357093346     
  0.181799992918968        173.570544131219        3.28473623258364     
  0.181999996304512        173.765113785894        3.29581456794619     
  0.182199999690056        173.959695628889        3.30691860979721     
  0.182399988174438        174.154275176465        3.31804756074393     
  0.182599991559982        174.348881439765        3.32920311201912     
  0.182799994945526        174.543499935964        3.34038446816916     
  0.182999998331070        174.738130679931        3.35159166201063     
  0.183200001716614        174.932773686537        3.36282472637018     
  0.183399990200996        175.127414467493        3.37408285427460     
  0.183599993586540        175.322082043084        3.38536775625715     
  0.183799996972084        175.516761925943        3.39667862729604     
  0.184000000357628        175.711454130956        3.40801550025836     
  0.184199988842010        175.906144166175        3.41937756046255     
  0.184399992227554        176.100861059239        3.43076653397037     
  0.184599995613098        176.295590319127        3.44218160806133     
  0.184799998998642        176.490331960736        3.45362281564314     
  0.185000002384186        176.685085998969        3.46509018963351     
  0.185199990868568        176.879837937280        3.47658290566017     
  0.185399994254112        177.074616812549        3.48810270930574     
  0.185599997639656        177.269408129162        3.49964877817141     
  0.185800001025200        177.464211902034        3.51122114521550     
  0.185999989509583        177.659013630923        3.52281897826893     
  0.186199992895126        177.853842360139        3.53444403861940     
  0.186399996280670        178.048683590377        3.54609549608125     
  0.186599999666214        178.243537336565        3.55777338365317     
  0.186799988150597        178.438389094743        3.56947686133014     
  0.186999991536140        178.633267916692        3.58120770618365     
  0.187199994921684        178.828159299393        3.59296508020162     
  0.187399998307228        179.023063257788        3.60474901642340     
  0.187600001692772        179.217979806822        3.61655954789828     
  0.187799990177155        179.412894437864        3.62839582477079     
  0.187999993562698        179.607836212082        3.64025964395273     
  0.188199996948242        179.802790621793        3.65215015759409     
  0.188400000333786        179.997757681953        3.66406739878465     
  0.188599988818169        180.192722880178        3.67601050974440     
  0.188799992203712        180.387715285182        3.68798130334588     
  0.188999995589256        180.582720385531        3.69997892382435     
  0.189199998974800        180.777738196197        3.71200340431011     
  0.189400002360344        180.972768732153        3.72405477794359     
  0.189599990844727        181.167797476294        3.73613217698332     
  0.189799994230270        181.362853506822        3.74823743436423     
  0.189999997615814        181.557922307585        3.76036968437242     
  0.190200001001358        181.753003893573        3.77252896018882     
  0.190399989485741        181.948083743882        3.78471438605851     
  0.190599992871284        182.143190944343        3.79692781105493     
  0.190799996256828        182.338310975014        3.80916836146068     
  0.190999999642372        182.533443850897        3.82143607049704     
  0.191199988126755        182.728575047274        3.83373005435595     
  0.191399991512299        182.923733657641        3.84605217832885     
  0.191599994897842        183.118905158245        3.85840156065481     
  0.191799998283386        183.314089564103        3.87077823459595     
  0.192000001668930        183.509286890232        3.88318223342421     
  0.192199990153313        183.704482607122        3.89561266320922     
  0.192399993538857        183.899705817901        3.90807140962627     
  0.192599996924400        184.094941994028        3.92055758080463     
  0.192800000309944        184.290191150536        3.93307121005702     
  0.192999988794327        184.485438754059        3.94561139531064     
  0.193199992179871        184.680713915470        3.95818003863698     
  0.193399995565414        184.876002102378        3.97077624003308     
  0.193599998950958        185.071303329830        3.98340003285190     
  0.193800002336502        185.266617612874        3.99605145045658     
  0.193999990820885        185.461930413302        4.00872958054043     
  0.194199994206429        185.657270851718        4.02143634578232     
  0.194399997591972        185.852624390895        4.03417083595767     
  0.194600000977516        186.047991045895        4.04693308447006     
  0.194799989461899        186.243356274612        4.05972217078116     
  0.194999992847443        186.438749205481        4.07254003414471     
  0.195199996232986        186.634155297379        4.08538575611442     
  0.195399999618530        186.829574565386        4.09825937013437     
  0.195599988102913        187.024992463480        4.11115994739444     
  0.195799991488457        187.220438127959        4.12408944380343     
  0.195999994874001        187.415897013793        4.13704693265322     
  0.196199998259544        187.611369136073        4.15003244742834     
  0.196400001645088        187.806854509891        4.16304602162359     
  0.196599990129471        188.002338584312        4.17608671603293     
  0.196799993515015        188.197850505510        4.18915650749616     
  0.196999996900558        188.393375723546        4.20225445892183     
  0.197200000286102        188.588914253526        4.21538060384515     
  0.197399988770485        188.784451540561        4.22853399469867     
  0.197599992156029        188.980016738769        4.24171662515661     
  0.197799995541573        189.175595294260        4.25492754977591     
  0.197999998927116        189.371187222154        4.26816680213247     
  0.198200002312660        189.566792537576        4.28143441581196     
  0.198399990797043        189.762396680670        4.29472943273882     
  0.198599994182587        189.958028815531        4.30805386774284     
  0.198799997568130        190.153674383309        4.32140676488547     
  0.199000000953674        190.349333399142        4.33478815779304     
  0.199199989438057        190.544991299179        4.34819707993825     
  0.199399992823601        190.740677255541        4.36163556316563     
  0.199599996209145        190.936376705387        4.37510264309515     
  0.199799999594688        191.132089663869        4.38859835339338     
  0.199999988079071        191.327801563125        4.40212171904136     
