 0.2510000169277191 242.5726806363908 11.503612750394222
 0.25200000405311584 243.58519779584642 11.641289413139187
 0.25300002098083496 244.59829047236055 11.778460270713847
 0.2540000081062317 245.61189413029248 11.915126859186394
 0.2550000250339508 246.626065104858 12.051306946645607
 0.25600001215934753 247.64073893645905 12.187001948668302
 0.25699999928474426 248.65594189843068 12.322225374928621
 0.2580000162124634 249.6717003944517 12.456990591748234
 0.2590000033378601 250.68795007211215 12.591298837621434
 0.2600000202655792 251.7047477607819 12.725167304297937
 0.26100000739097595 252.72202917513246 12.85859711449922
 0.26200002431869506 253.73985133292507 12.991605240344262
 0.2630000114440918 254.75815001256694 13.124192690492688
 0.2639999985694885 255.77695204468017 13.25637229007724
 0.26500001549720764 256.79628437976043 13.388156735272505
 0.26600000262260437 257.81608288582026 13.519546866651925
 0.2670000195503235 258.83640503009 13.65055913298619
 0.2680000066757202 259.85718673649483 13.781194264668262
 0.26900002360343933 260.87848564391333 13.911468510989668
 0.27000001072883605 261.9002377292571 14.041382493566813
 0.2710000276565552 262.9225007986516 14.170952267613796
 0.2720000147819519 263.94521087917473 14.300178347298429
 0.27300000190734863 264.9683954392451 14.429072762470458
 0.27400001883506774 265.99208205552054 14.557647430724105
 0.2750000059604645 267.01620682526493 14.685902707383656
 0.2760000228881836 268.0408279544813 14.813854185144674
 0.2770000100135803 269.0658815839907 14.941502114886557
 0.27800002694129943 270.09142607283683 15.06886191300207
 0.27900001406669616 271.11739760291794 15.195933727010797
 0.2800000011920929 272.14382408553473 15.32272902698202
 0.281000018119812 273.17073353239226 15.449259182493217
 0.28200000524520874 274.1980621825457 15.575524187924463
 0.28300002217292785 275.22586876155043 15.70153903953933
 0.2840000092983246 276.2540895437143 15.82730363080735
 0.2850000262260437 277.28278339509654 15.952832797868481
 0.28600001335144042 278.3118866230681 16.078126334163094
 0.28700000047683715 279.3414275412802 16.20319519595091
 0.2880000174045563 280.3714345568666 16.328050249814666
 0.289000004529953 281.40184402284984 16.452691140694227
 0.2900000214576721 282.4327151423281 16.577132323238274
 0.29100000858306884 283.46398429623383 16.7013733443426
 0.29200002551078796 284.49571081708313 16.82542851330041
 0.2930000126361847 285.5278311117765 16.94929727967677
 0.2939999997615814 286.5603738604776 17.072990127565077
 0.29500001668930053 287.59336783070835 17.196517461350158
 0.29600000381469726 288.6267494648224 17.31987858584342
 0.2970000207424164 289.66057840628735 17.443087464160235
 0.2980000078678131 290.69479111884794 17.566143305378957
 0.2990000247955322 291.7294473655685 17.689059940773866
 0.30000001192092895 292.7644836298574 17.811836484261021
 0.30100002884864807 293.7999597917787 17.93448663892471
 0.3020000159740448 294.8358123527328 18.057009424053521
 0.30300000309944152 295.87207041795306 18.179414771781353
 0.30400002002716064 296.90876317317292 18.301712546238036
 0.3050000071525574 297.9458271437603 18.4239016257009
 0.3060000240802765 298.9833224914782 18.54599540817913
 0.3070000112056732 300.021185755734 18.667992678514401
 0.30800002813339233 301.0594772068639 18.789906718625836
 0.30900001525878906 302.09813339681926 18.91173622034305
 0.3100000023841858 303.13718372990786 19.033490725214846
 0.3110000193119049 304.1766576862873 19.15517971511644
 0.31200000643730163 305.2164918340226 19.276801743091112
 0.31300002336502075 306.25674670527985 19.398369814991838
 0.3140000104904175 307.2973588771282 19.5198823917856
 0.3150000274181366 308.33838898281254 19.64135237436581
 0.3160000145435333 309.37977360706446 19.762778131952622
 0.31700000166893005 310.4215424289797 19.88416884619077
 0.31800001859664916 311.4637251993764 20.005533646773756
 0.3190000057220459 312.5062585120505 20.126870765869682
 0.320000022649765 313.54920324439615 20.24819285501633
 0.32100000977516174 314.5924959946878 20.369498055359326
 0.32200002670288085 315.6361977347256 20.490798923733635
 0.3230000138282776 316.6802450660554 20.612093510514572
 0.3240000009536743 317.7246679209005 20.73339066554348
 0.32500001788139343 318.76949629954 20.854699193878744
 0.32600000500679016 319.81466680623515 20.976017010172817
 0.3270000219345093 320.86024064118043 21.09735644654135
 0.328000009059906 321.90615440903673 21.21871532741453
 0.3290000259876251 322.95246939845395 21.3401058996748
 0.33000001311302185 323.99912221340036 21.461525897719276
 0.33100003004074096 325.0461742294018 21.582987485768253
 0.3320000171661377 326.09356204867236 21.704488308358467
 0.3330000042915344 327.14131590074083 21.826036826329332
 0.33400002121925354 328.18946607906923 21.947641464215188
 0.33500000834465026 329.23794918131272 22.069299732055036
 0.3360000252723694 330.2868267936058 22.191023598294545
 0.3370000123977661 331.3360355093208 22.312810483480827
 0.33800002932548522 332.38563699632686 22.434672281960352
 0.33900001645088195 333.43556784274994 22.556606324911875
 0.3400000035762787 334.4858584899716 22.678620797305434
 0.3410000205039978 335.53653944050466 22.80072385387751
 0.34200000762939453 336.58754727285526 22.922912691960124
 0.34300002455711364 337.6389438533476 23.04519903072686
 0.3440000116825104 338.69066575294345 23.16757997839882
 0.3450000286102295 339.7427749151068 23.290067187980756
 0.3460000157356262 340.79520790237774 23.412657678666995
 0.34700000286102294 341.84799535294894 23.535359380908374
 0.34800001978874206 342.9011679636546 23.658180200573745
 0.3490000069141388 343.9546622828063 23.781117023454534
 0.3500000238418579 345.0085404414586 23.90418134647171
 0.35100001096725463 346.0627389774058 24.027369966558712
 0.35200002789497375 347.11732009473286 24.15069432182026
 0.3530000150203705 348.1722203199155 24.274151120384132
 0.3540000021457672 349.2274704744582 24.397748057888563
 0.35500001907348632 350.28310143629266 24.521492810654741
 0.35600000619888305 351.3390497134582 24.64538195368508
 0.3570000231266022 352.39537768791 24.76942678670731
 0.3580000102519989 353.4520218544514 24.89362379601746
 0.359000027179718 354.50904466439146 25.017984229349345
 0.36000001430511474 355.56638259856316 25.142504484320326
 0.36100003123283386 356.6240981766519 25.26719575852899
 0.3620000183582306 357.682127864804 25.392054360935745
 0.3630000054836273 358.7405027025597 25.517087711850074
 0.36400002241134643 359.7992537833994 25.64230321851119
 0.36500000953674316 360.8583175501351 25.767697056923836
 0.3660000264644623 361.91775668930824 25.893280307226447
 0.367000013589859 362.9775076273283 26.019049056799584
 0.3680000305175781 364.0376331159217 26.14501434184998
 0.36900001764297485 365.09806956443685 26.27117216113808
 0.3700000047683716 366.1588481697686 26.397529739822196
 0.3710000216960907 367.22000018106456 26.524094294469815
 0.3720000088214874 368.2814619808797 26.65086169091252
 0.37300002574920654 369.34329648024674 26.777842862850263
 0.37400001287460327 370.4054400430791 26.90503358749006
 0.3750000298023224 371.4679556427366 27.03244476036698
 0.3760000169277191 372.5307796238845 27.160072070055605
 0.37700000405311584 373.5939433312343 27.28792256184841
 0.37800002098083496 374.65747816025344 27.416003276624053
 0.3790000081062317 375.72132042562503 27.544309769989524
 0.3800000250339508 376.7855332532513 27.672852848871816
 0.38100001215934753 377.8500529371075 27.801627980216597
 0.38200002908706665 378.91494266286252 27.930645938145257
 0.3830000162124634 379.98013870322353 28.05990210092586
 0.3840000033378601 381.04567254212133 28.189403348166138
 0.3850000202655792 382.1115757129147 28.31915655894878
 0.38600000739097595 383.1777844553829 28.44915697849346
 0.38700002431869506 384.24436210167493 28.57941530523594
 0.3880000114440918 385.3112448689513 28.709926695673132
 0.3890000283718109 386.37849614683324 28.840701820418534
 0.39000001549720764 387.44605212934283 28.971735747226347
 0.39100003242492675 388.51397626296244 29.103039120247032
 0.3920000195503235 389.5822047180671 29.23460691847159
 0.3930000066757202 390.65076914629196 29.36644582769341
 0.39400002360343933 391.71970124721644 29.498562537790007
 0.39500001072883605 392.7889371548144 29.630951894568262
 0.3960000276565552 393.8585404551705 29.76362448178105
 0.3970000147819519 394.92844725738603 29.896575056418747
 0.398000031709671 395.9987212024138 30.029814180308235
 0.39900001883506774 397.0692983740088 30.16333652160288
 0.4000000059604645 398.14021054639044 30.29714862913343
 0.4010000228881836 399.21148954071975 30.43125705911413
 0.4020000100135803 400.2830714018686 30.565656346404324
 0.40300002694129943 401.35501990567445 30.70035700337008
 0.40400001406669616 402.42727107052326 30.835353475981925
 0.4050000309944153 403.4998887253342 30.970656258897882
 0.406000018119812 404.57280886156706 31.10625970918121
 0.40700000524520874 405.64606336987725 31.242170249827765
 0.40800002217292785 406.7196841869796 31.378394314281294
 0.4090000092983246 407.7936072631393 31.514926126211896
 0.4100000262260437 408.86789655793256 31.65177614097913
 0.41100001335144042 409.9424879936364 31.78893849330332
 0.41200003027915954 411.01744558130803 31.92642362475224
 0.4130000174045563 412.0927052148258 32.06422558108218
 0.4140000343322754 413.16833095630283 32.20235479113522
 0.4150000214576721 414.24425867081566 32.34080521169092
 0.41600000858306884 415.3205203906321 32.47958311905157
 0.41700002551078796 416.3971481930986 32.61869480358407
 0.4180000126361847 417.4740778993525 32.75813408858227
 0.4190000295639038 418.5513736973684 32.89791137559497
 0.42000001668930053 419.6289713785086 33.03802039891465
 0.42100003361701965 420.7069351804153 33.17847155092357
 0.4220000207424164 421.7852008642995 33.31925847690672
 0.4230000078678131 422.86380056693303 33.46038734991
 0.4240000247955322 423.9427664695102 33.60186435961904
 0.42500001192092895 425.02203428732673 33.74368301780135
 0.42600002884864807 426.1016683805992 33.88585369811327
 0.4270000159740448 427.1816044335624 34.0283698233091
 0.4280000329017639 428.2619068548565 34.17124176117676
 0.42900002002716064 429.3425112973027 34.31446284545994
 0.4300000071525574 430.42344999775343 34.458039154701616
 0.4310000240802765 431.50475523691073 34.60197678646164
 0.4320000112056732 432.5863626198292 34.74626894097923
 0.43300002813339233 433.66833667478283 34.890925975251626
 0.43400001525878906 434.7506129745597 35.03594100052575
 0.4350000321865082 435.8332560947442 35.181324370983844
 0.4360000193119049 436.9162015755277 35.32706910889153
 0.43700000643730163 437.99948174984 35.47318120641913
 0.43800002336502075 439.0831289939591 35.61966667694627
 0.4390000104904175 440.16707879857602 35.766518409297574
 0.4400000274181366 441.25139585627573 35.913746754206066
 0.4410000145435333 442.3360156243529 36.061344511558793
 0.44200003147125244 443.42100284170743 36.209322032095784
 0.44300001859664916 444.50629293192696 36.35767202679074
 0.4440000355243683 445.5919506799618 36.506404847155195
 0.445000022649765 446.67791147538844 36.65551311527589
 0.44600000977516174 447.76420776938124 36.80500272329279
 0.44700002670288085 448.8508720559159 36.954879587110603
 0.4480000138282776 449.937839672993 37.10513619554274
 0.4490000307559967 451.02517551958396 37.25578290526555
 0.45000001788139343 452.11281489894105 37.40681211628616
 0.45100003480911254 453.200822755224 37.55823418859467
 0.4520000219345093 454.28913435664884 37.71004143343196
 0.453000009059906 455.37778224267 37.86223967303083
 0.4540000259876251 456.4667989951825 38.014834755184203
 0.45500001311302185 457.556119829323 38.16781885806366
 0.45600003004074096 458.6458098012366 38.32120235291878
 0.4570000171661377 459.7358040903307 38.474977329267325
 0.4580000340938568 460.82616779716863 38.62915416400981
 0.45900002121925354 461.91683606515886 38.783724858062406
 0.46000000834465026 463.0078415191379 38.93869517010635
 0.4610000252723694 464.09921682607352 39.09407088601597
 0.4620000123977661 465.1908970748806 39.24984387391137
 0.46300002932548522 466.2829474762889 39.40602452754865
 0.46400001645088195 467.3753030825608 39.56260462659346
 0.4650000333786011 468.4680291481577 39.71959457259433
 0.4660000205039978 469.5610606884374 39.87698605682819
 0.46700000762939453 470.65443041099024 40.03478478030664
 0.46800002455711364 471.7481710652737 40.192996472710724
 0.4690000116825104 472.84221761082204 40.35161269286866
 0.4700000286102295 473.9366354106368 40.51064386430373
 0.4710000157356262 475.03135938673324 40.67008145763832
 0.47200003266334533 476.1264549452301 40.82993590614459
 0.47300001978874206 477.2218569703836 40.99019859231945
 0.4740000367164612 478.31763091126754 41.150879959710223
 0.4750000238418579 479.41371161414525 41.31197130277264
 0.47600001096725463 480.5101318895343 41.4734782562945
 0.47700002789497375 481.60692458953326 41.63540648541802
 0.4780000150203705 482.70402450298553 41.79774715270653
 0.4790000319480896 483.8014971856723 41.960510729602205
 0.48000001907348632 484.8992773878749 42.12368829085855
 0.48100003600120544 485.9974307077991 42.28729031992209
 0.4820000231266022 487.095891856943 42.45130780383674
 0.4830000102519989 488.19469372345002 42.61574633152222
 0.484000027179718 489.2938692368616 42.780611523398604
 0.48500001430511474 490.39335305009586 42.94589423514111
 0.48600003123283386 491.4932108668164 43.11160498220492
 0.4870000183582306 492.59337730062264 43.277734532824055
 0.4880000352859497 493.69391809713005 43.444293416020215
 0.48900002241134643 494.79476783041155 43.6112723127016
 0.49000000953674316 495.89595946432297 43.7786767704208
 0.4910000264644623 496.99752600396766 43.94651236923983
 0.492000013589859 498.0994019637458 44.11476965930542
 0.4930000305175781 499.20165319361456 44.28345920535146
 0.49400001764297485 500.3042141679442 44.45257147050758
 0.49500003457069396 501.40715077822306 44.6221170344765
 0.4960000216960907 502.51039745859344 44.79208627350259
 0.4970000088214874 503.613987246887 44.962484697894794
 0.49800002574920654 504.7179532220564 45.13331785135115
 0.49900001287460327 505.8222297575431 45.30457598004429
 0.5 506.92684992239094 45.476264579497055
 0.5010000467300415 508.03187976275825 45.64839431500654
 0.5020000338554382 509.1371877291351 45.82094504375347
 0.503000020980835 510.2428398472919 45.993927370340855
 0.5040000081062317 511.3488362914152 46.16734163555343
 0.5049999952316284 512.4551772356604 46.341188162823513
 0.5060000419616699 513.5619288288442 46.51547765916665
 0.5070000290870666 514.6689593160578 46.690189637544193
 0.5080000162124634 515.776334825335 46.865334744765874
 0.5090000033378601 516.8840555303644 47.040913235436534
 0.5100000500679016 517.9921876616673 47.2169358513014
 0.5110000371932983 519.1005992990393 47.39338183035595
 0.5120000243186951 520.2093566519168 47.570261854533015
 0.5130000114440918 521.3184598929995 47.74757611052071
 0.5139999985694885 522.4279091946626 47.92532476816663
 0.51500004529953 523.5377708890663 48.103518614171335
 0.5160000324249268 524.6479128482089 48.28213654350384
 0.5170000195503235 525.7584013828045 48.46118928354937
 0.5180000066757202 526.8692366636197 48.64067693733807
 0.5190000534057617 527.9804851037611 48.82061032865994
 0.5200000405311584 529.0920144080745 49.00096807873055
 0.5210000276565552 530.2038909679435 49.181760952426614
 0.5220000147819519 531.3161149520549 49.36298898681157
 0.5230000019073486 532.4286865285061 49.544652202587485
 0.5240000486373901 533.5416722111582 49.72676147116748
 0.5250000357627869 534.6549394948183 49.909295072581926
 0.5260000228881836 535.7685548712949 50.092263819836304
 0.5270000100135803 536.8825185060454 50.27566766869653
 0.527999997138977 537.9968305637992 50.459506558820905
 0.5290000438690186 539.1115576587335 50.64379141048927
 0.5300000309944153 540.2265670744381 50.828500163846854
 0.531000018119812 541.3419254027216 51.01364368127916
 0.5320000052452087 542.4576328051455 51.19922183850217
 0.5330000519752502 543.573755975843 51.38524559567598
 0.534000039100647 544.6901620286133 51.57169262210384
 0.5350000262260437 545.8069176349826 51.758573820466224
 0.5360000133514404 546.9240229529395 51.94588900330794
 0.5370000004768372 548.0414781395195 52.1336379674984
 0.5380000472068787 549.1593499884565 52.32183172389446
 0.5390000343322754 550.2775054003321 52.51044760474734
 0.5400000214576721 551.3960111459864 52.69949656395971
 0.5410000085830688 552.5148673784033 52.88897833616312
 0.5420000553131104 553.6341409707373 53.07890397335099
 0.5430000424385071 554.7536986522427 53.269250539452315
 0.5440000295639038 555.8736072729605 53.46002902993169
 0.5450000166893005 556.9938669814599 53.65123911790755
 0.5460000038146973 558.1144779251505 53.84288046123231
 0.5470000505447388 559.2355070761585 54.034964163914864
 0.5480000376701355 560.3568209486742 54.227466956293426
 0.5490000247955322 561.4784864914507 54.420399886386064
 0.550000011920929 562.6005038470483 54.61376255141087
 0.5509999990463257 563.7228731567628 54.80755453353302
 0.5520000457763672 564.845661491375 55.001786989298665
 0.5530000329017639 565.9687351490522 55.1964363176445
 0.5540000200271606 567.0921611769543 55.39151361967217
 0.5550000071525574 568.2159397111171 55.58701841776319
 0.5560000538825989 569.3401379010288 55.78296191076805
 0.5570000410079956 570.4646218713797 55.97932023420492
 0.5580000281333923 571.5894587478475 56.17610453192604
 0.5590000152587891 572.7146486608979 56.373314267185904
 0.5600000023841858 573.8401917395555 56.57094888856048
 0.5610000491142273 574.9661552314363 56.76901964800486
 0.562000036239624 576.0924050436001 56.96750235405348
 0.5630000233650208 577.2190083996293 57.166408204224694
 0.5640000104904175 578.3459654226061 57.365736588769735
 0.5649999976158142 579.4732762340815 57.56548688345704
 0.5660000443458557 580.60100817953 57.765670393461775
 0.5670000314712524 581.7290269475543 57.96626260305038
 0.5680000185966492 582.8573998593824 58.16727476353314
 0.5690000057220459 583.9861270302719 58.36870619312967
 0.5700000524520874 585.1152758837983 58.57056823958146
 0.5710000395774841 586.2447119332332 58.77283612981988
 0.5720000267028809 587.3745025777455 58.97552115818475
 0.5730000138282776 588.50464792603 59.17862258595083
 0.5740000009536743 589.6351480851008 59.38213966024907
 0.5750000476837158 590.7660705759378 59.586083781901194
 0.5760000348091125 591.8972806919842 59.790429858923303
 0.5770000219345093 593.028845929622 59.99518923932531
 0.578000009059906 594.1607663889839 60.20036111402561
 0.5790000557899475 595.2931096688028 60.405956926124815
 0.5800000429153442 596.425740886154 60.61195133082445
 0.581000030040741 597.5587276150271 60.81835571888978
 0.5820000171661377 598.6920699484319 61.025169225599114
 0.5830000042915344 599.8257679775627 61.23239097240595
 0.5840000510215759 600.9598893981322 61.4400324549178
 0.5850000381469727 602.09429910617 61.64806801536494
 0.5860000252723694 603.2290647724733 61.85650909762688
 0.5870000123977661 604.3641864808251 62.065354768209815
 0.5879999995231628 605.4996643131212 62.274604079968526
 0.5890000462532043 606.6355660618296 62.48426858051516
 0.5900000333786011 607.7717564013218 62.694322302664843
 0.5910000205039978 608.9083030989897 62.90477674291836
 0.5920000076293945 610.0452062290453 63.11563089985569
 0.593000054359436 611.182533661203 63.326896362247964
 0.5940000414848328 612.3201498920978 63.53854691805458
 0.5950000286102295 613.4581227662463 63.750594105436533
 0.5960000157356262 614.5964523499695 63.963036869223685
 0.597000002861023 615.7351387075835 64.17587414088877
 0.5980000495910645 616.8742498051639 64.38911755998706
 0.5990000367164612 618.0136499167056 64.60274061190961
 0.6000000238418579 619.1534069829439 64.81675488623793
 0.6010000109672546 620.293521060057 65.03115926133273
 0.6020000576972961 621.4340601910543 65.24596541677107
 0.6030000448226929 622.5748884714706 65.46114659879547
 0.6040000319480896 623.7160739188678 65.67671443752485
 0.6050000190734863 624.8576165810979 65.89266775870573
 0.6060000061988831 625.9995165039034 66.1090053750074
 0.6070000529289246 627.141841826268 66.32573901517387
 0.6080000400543213 628.2844564202563 66.5428416302939
 0.609000027179718 629.4274283992795 66.76032490030877
 0.6100000143051147 630.5707578005295 66.97818758587894
 0.6110000014305115 631.7144446590354 67.19642843473761
 0.612000048160553 632.8585572095408 67.41505922372966
 0.6130000352859497 634.0029591002447 67.63405261315339
 0.6140000224113464 635.1477185402017 67.85342033171534
 0.6150000095367432 636.2928355556791 68.0731610757301
 0.6160000562667847 637.4383784578738 68.29328665967512
 0.6170000433921814 638.584210715639 68.51376951447327
 0.6180000305175781 639.7304006143949 68.73462140700568
 0.6190000176429749 640.8769481714875 68.95584098262722
 0.6200000047683716 642.0238534020077 69.17742687402313
 0.6210000514984131 643.1711847125224 69.39939094155707
 0.6220000386238098 644.3188053474261 69.62170533364818
 0.6230000257492065 645.4667836874083 69.84438186375021
 0.6240000128746033 646.6151197384476 70.06741911414923
 0.625 647.7638135042207 70.29081565460018
 0.6260000467300415 648.9129334864438 70.51458338996423
 0.6270000338554382 650.0623427047883 70.73869419099748
 0.628000020980835 651.2121096350014 70.96315991634711
 0.6290000081062317 652.362234271467 71.18797908591446
 0.6300000548362732 653.512785191857 71.41316363908226
 0.6310000419616699 654.6636252359078 71.63868522807476
 0.6320000290870666 655.8148229552562 71.86455574662625
 0.6330000162124634 656.9663783348543 72.09077366521021
 0.6340000033378601 658.1182913572761 72.3173374420096
 0.6350000500679016 659.2706306949344 72.54425905812082
 0.6360000371932983 660.4232589624864 72.7715098972422
 0.6370000243186951 661.5762448062314 72.99910189554114
 0.6380000114440918 662.7295881991491 73.22703346229102
 0.6390000581741333 663.8833578892754 73.45531661074341
 0.64000004529953 665.037416311106 73.68392251358986
 0.6410000324249268 666.1918321865078 73.91286313973339
 0.6420000195503235 667.3466054787426 74.14213684994593
 0.6430000066757202 668.5017361486236 74.3717419929356
 0.6440000534057617 669.6572930384973 74.60169062053367
 0.6450000405311584 670.8131383575771 74.83195364658101
 0.6460000276565552 671.9693409219791 75.06254307929888
 0.6470000147819519 673.1259006826504 75.29345721938944
 0.6480000019073486 674.2828175880553 75.52469435561386
 0.6490000486373901 675.4401605746025 75.75626657649212
 0.6500000357627869 676.5977916261752 75.98814454262023
 0.6510000228881836 677.7557796528978 76.22034029965798
 0.6520000100135803 678.9141245932293 76.45285208884323
 0.6530000567436218 680.0728954586436 76.68569202661664
 0.6540000438690186 681.2319540527582 76.91883057512027
 0.6550000309944153 682.3913693607234 77.15227980854374
 0.656000018119812 683.5511413108894 77.38603792097854
 0.6570000052452087 684.7112698290618 77.62010309478921
 0.6580000519752502 685.8718240203083 77.85448747943951
 0.659000039100647 687.0326654629498 78.08916129432438
 0.6600000262260437 688.1938632356895 78.32413664742748
 0.6610000133514404 689.3554172540985 78.55941167442805
 0.6620000600814819 690.5173966979228 78.7949985496463
 0.6630000472068787 691.6796629653037 79.03086730263024
 0.6640000343322754 692.8422852095954 79.26703006684338
 0.6650000214576721 694.0052633360395 79.50348493164356
 0.6660000085830688 695.1685972472798 79.74022997486239
 0.6670000553131104 696.332356216155 79.97727739984879
 0.6680000424385071 697.4964014156968 80.21459700441915
 0.6690000295639038 698.6608020923247 80.45220095185854
 0.6700000166893005 699.8255581382407 80.6900872741169
 0.6710000038146973 700.9906694430219 80.92825399173029
 0.6720000505447388 702.1562053723069 81.16671333471737
 0.6730000376701355 703.3220268741869 81.40543487550474
 0.6740000247955322 704.488203287861 81.64443080485083
 0.675000011920929 705.6547344923574 81.88369909784089
 0.6760000586509705 706.8216899273375 82.12325200406434
 0.6770000457763672 707.9889303610912 82.36305892030921
 0.6780000329017639 709.1565252068283 82.60313205755682
 0.6790000200271606 710.3244743329494 82.84346934577854
 0.6800000071525574 711.4927776051846 83.08406870372093
 0.6810000538825989 712.6615045554389 83.32494240315057
 0.6820000410079956 713.8305157274839 83.56605962727792
 0.6830000281333923 714.9998806267652 83.80743261008575
 0.6840000152587891 716.16959910829 84.04905922562108
 0.6850000619888306 717.3397407775228 84.2909517615019
 0.6860000491142273 718.5101659988354 84.53307923495035
 0.687000036239624 719.6809443512325 84.77545389647054
 0.6880000233650208 720.8520756789254 85.01807357573168
 0.6890000104904175 722.023559823416 85.26093609135907
 0.690000057220459 723.1954664818152 85.50405374834571
 0.6910000443458557 724.3676557945525 85.74739536264954
 0.6920000314712524 725.540197432283 85.99097320299532
 0.6930000185966492 726.713091225628 86.23478504402678
 0.6940000057220459 727.886337002479 86.47882864944287
 0.6950000524520874 729.0600045512425 86.72311633881
 0.6960000395774841 730.2339537887913 86.96761673387829
 0.6970000267028809 731.4082544770874 87.21234211880457
 0.6980000138282776 732.5829064330621 87.45729021369328
 0.6990000605583191 733.7579795178974 87.70247334769167
 0.7000000476837158 734.9333334699296 87.9478599923658
 0.7010000348091125 736.10903812391 88.1934624421481
 0.7020000219345093 737.285093285749 88.4392783738526
 0.703000009059906 738.4614987585928 88.68530545351709
 0.7040000557899475 739.6383244942533 88.93155601959046
 0.7050000429153442 740.815430008324 89.17799836251362
 0.706000030040741 741.992885226208 89.42464478689982
 0.7070000171661377 743.1706899399607 89.67149291586836
 0.7080000042915344 744.3488439388561 89.91854036185379
 0.7090000510215759 745.5274172649451 90.16579946954926
 0.7100000381469727 746.7062692115946 90.41323835575088
 0.7110000252723694 747.8854697944773 90.66086933220745
 0.7120000123977661 749.0650187917086 90.90868996879831
 0.7130000591278076 750.2449863172396 91.15671261295051
 0.7140000462532043 751.4252314870611 91.40490524802865
 0.7150000333786011 752.6058243887722 91.65328018923881
 0.7160000205039978 753.7867647892831 91.90183496418774
 0.7170000076293945 754.9680524526927 92.15056708996173
 0.718000054359436 756.1497575824501 92.3994889145037
 0.7190000414848328 757.3317390733696 92.6485682613719
 0.7200000286102295 758.5140671025894 92.89781744720062
 0.7210000157356262 759.696741422943 93.14723394715386
 0.7220000624656677 760.8798323091663 93.39683010721285
 0.7230000495910645 762.0631984795968 93.64657362876625
 0.7240000367164612 763.2469101826972 93.89647682722568
 0.7250000238418579 764.4309671599904 94.14653713610693
 0.7260000109672546 765.6153691501673 94.39675197855638
 0.7270000576972961 766.800186516668 94.64713369506114
 0.7280000448226929 767.9852777578569 94.8976498415172
 0.7290000319480896 769.1707132109525 95.1483127287758
 0.7300000190734863 770.3564926032835 95.3991197386722
 0.7310000061988831 771.542615659331 95.65006824275503
 0.7320000529289246 772.729152830779 95.90117057255452
 0.7330000400543213 773.9159623967505 96.15239414663353
 0.734000027179718 775.1031147827644 96.40375126783198
 0.7350000143051147 776.2906097018931 96.6552392667175
 0.7360000610351562 777.478517676069 96.90687046510646
 0.737000048160553 778.6666968095828 97.15861217766263
 0.7380000352859497 779.8552175982531 97.41047669827947
 0.7390000224113464 781.0440797437066 97.6624613167989
 0.7400000095367432 782.2332829447031 97.91456331292386
 0.7410000562667847 783.422897810542 98.16679499306991
 0.7420000433921814 784.6127822277117 98.41912354961397
 0.7430000305175781 785.803006779466 98.67156126201621
 0.7440000176429749 786.9935711530777 98.92410536957266
 0.7450000643730164 788.1845460273722 99.17676816372045
 0.7460000514984131 789.3757891152165 99.42951674516286
 0.7470000386238098 790.5673710694498 99.68236337916443
 0.7480000257492065 791.7592915658273 99.93530526486256
 0.7490000128746033 792.9515502772186 100.1883395913942
 0.7500000596046448 794.1442179688839 100.44147862808211
 0.7510000467300415 795.3371521374792 100.69468936885153
 0.7520000338554382 796.5304235223572 100.94798405784093
 0.753000020980835 797.7240317848339 101.2013598443354
 0.7540000081062317 798.9179765833326 101.45481386769404
 0.7550000548362732 800.1123287690057 101.70835837127896
 0.7560000419616699 801.3069456232465 101.96196025105206
 0.7570000290870666 802.5018979713846 102.21563172619364
 0.7580000162124634 803.6971854602559 102.46936989650902
 0.7590000629425049 804.8928790093246 102.72318698176878
 0.7600000500679016 806.0888357284873 102.97704980600582
 0.7610000371932983 807.2851265114584 103.23097056561573
 0.7620000243186951 808.4817509934612 103.48494632108873
 0.7630000114440918 809.6787088068124 103.73897412312175
 0.7640000581741333 810.8760709558476 103.99306615839595
 0.76500004529953 812.0736943370266 104.24718916920324
 0.7660000324249268 813.2716499290292 104.50135531987166
 0.7670000195503235 814.4699373525319 104.75556162207283
 0.7680000066757202 815.6685562252983 105.0098050777533
 0.7690000534057617 816.8675776359419 105.26409783643447
 0.7700000405311584 818.0668582685647 105.51840656787215
 0.7710000276565552 819.2664691862252 105.7727434002694
 0.7720000147819519 820.4664099950212 106.02710529683014
 0.7730000615119934 821.6667518505492 106.28150437436221
 0.7740000486373901 822.8673512678333 106.53590725131318
 0.7750000357627869 824.068279377 106.79032602400906
 0.7760000228881836 825.2695357724618 107.04475761713263
 0.7770000100135803 826.4711200457084 107.2991989457717
 0.7780000567436218 827.6731034354997 107.55366208204453
 0.7790000438690186 828.8753422465627 107.80811358878219
 0.7800000309944153 830.0779076922984 108.06256551867574
 0.781000018119812 831.2807993524901 108.3170147485663
 0.7820000648498535 832.4840885319654 108.57147331173434
 0.7830000519752502 833.6876313680823 108.8259077334144
 0.784000039100647 834.8914991404015 109.08033002831331
 0.7850000262260437 836.0956914169846 109.33473703524066
 0.7860000133514404 837.3002077629606 109.58912558353154
 0.7870000600814819 838.505119565147 109.84350765399512
 0.7880000472068787 839.7102827528141 110.0978497336115
 0.7890000343322754 840.9157686876323 110.35216378569237
 0.7900000214576721 842.1215769229923 110.6064466018056
 0.7910000085830688 843.3277070093482 110.86069496411244
 0.7920000553131104 844.5342304148244 111.11492079652209
 0.7930000424385071 845.7410028619006 111.3690905575898
 0.7940000295639038 846.9480957936809 111.62321615481562
 0.7950000166893005 848.1555087488651 111.87729433285256
 0.796000063419342 849.3633132601237 112.13133696684912
 0.7970000505447388 850.5713648854626 112.38531049979366
 0.7980000376701355 851.7797351326352 112.63922679130076
 0.7990000247955322 852.9884235285781 112.89308254872384
 0.800000011920929 854.1974295972846 113.14687447012244
 0.8010000586509705 855.4068249514596 113.40061436557659
 0.8020000457763672 856.6164649447619 113.65426866769195
 0.8030000329017639 857.8264211651173 113.9078491721258
 0.8040000200271606 859.0366931247426 114.16135253988693
 0.8050000667572021 860.2473524998452 114.41479052566405
 0.8060000538825989 861.4582544816268 114.66812956109982
 0.8070000410079956 862.6694707216262 114.92138138735356
 0.8080000281333923 863.8810007202767 115.17454262858331
 0.8090000152587891 865.0928439750643 115.42760989976557
 0.8100000619888306 866.3050722408964 115.68059488211293
 0.8110000491142273 867.5175405072212 115.9334640153536
 0.812000036239624 868.7303205044225 116.18622896830101
 0.8130000233650208 869.9434117181945 116.43888631932424
 0.8140000104904175 871.156813631281 116.69143263766938
 0.815000057220459 872.3705980765208 116.94387952629904
 0.8160000443458557 873.5846198431132 117.19619344347274
 0.8170000314712524 874.7989507395232 117.44838598089359
 0.8180000185966492 876.0135902366965 117.70045367144104
 0.8190000653266907 877.2286102292492 117.95240805198779
 0.8200000524520874 878.4438653472959 118.20421560322745
 0.8210000395774841 879.6594274612044 118.4558878516969
 0.8220000267028809 880.8752960301154 118.70742129409518
 0.8230000138282776 882.0914705102186 118.95881241810781
 0.8240000605583191 883.3080228726255 119.2100726735764
 0.8250000476837158 884.5248075500281 119.46116857885818
 0.8260000348091125 885.7418964894495 119.71211157461823
 0.8270000219345093 886.9592891352712 119.96289811259533
 0.8280000686645508 888.1770575192072 120.21353956942676
 0.8290000557899475 889.3950559171867 120.46400250137458
 0.8300000429153442 890.6133563369654 120.71429827683693
 0.831000030040741 891.8319582111164 120.96442331178741
 0.8320000171661377 893.0508609692596 121.21437401328865
 0.8330000638961792 894.2701367181021 121.46416166193211
 0.8340000510215759 895.489639539127 121.7137528711931
 0.8350000381469727 896.7094415152524 121.9631589146083
 0.8360000252723694 897.9295420642885 122.21237616370047
 0.8370000123977661 899.1499406010907 122.46140098113557
 0.8380000591278076 900.3707093064993 122.71024454635636
 0.8390000462532043 901.5917020692652 122.95887354108817
 0.8400000333786011 902.8129910466139 123.20729913891154
 0.8410000205039978 904.0345756415915 123.45551766717551
 0.8420000672340393 905.2565280937085 123.7035402206779
 0.843000054359436 906.4787021387987 123.95133354377992
 0.8440000414848328 907.7011699929013 124.19890872638086
 0.8450000286102295 908.923931047252 124.44626206068563
 0.8460000157356262 910.1469846901334 124.69338983014251
 0.8470000624656677 911.3704032335863 124.9403030190287
 0.8480000495910645 912.5940402239187 125.18696846015132
 0.8490000367164612 913.8179679498819 125.43339713410114
 0.8500000238418579 915.0421857879517 125.67958528939857
 0.8510000109672546 916.2666931116514 125.92552916585822
 0.8520000576972961 917.491562304632 126.17123963193399
 0.8530000448226929 918.7166467255201 126.4166836202723
 0.8540000319480896 919.9420187348655 126.66187199686561
 0.8550000190734863 921.1676776943877 126.90680096681359
 0.8560000658035278 922.3936960443491 127.15148130204494
 0.8570000529289246 923.6199269945901 127.39588002336683
 0.8580000400543213 924.8464429624263 127.64000790123748
 0.859000027179718 926.0732432977779 127.88386110620513
 0.8600000143051147 927.3003273476138 128.1274358002085
 0.8610000610351562 928.5277676221002 128.37074262963335
 0.862000048160553 929.7554171468317 128.6137487359539
 0.8630000352859497 930.9833484092223 128.856464765329
 0.8640000224113464 932.2115607444493 129.09888684535303
 0.8650000691413879 933.4401267178987 129.34102551802192
 0.8660000562667847 934.6688992091829 129.5828480297955
 0.8670000433921814 935.8979507611002 129.82436492344726
 0.8680000305175781 937.1272806970353 130.06557229238995
 0.8690000176429749 938.3568883374279 130.30646622151664
 0.8700000643730164 939.5868463157932 130.54705711733834
 0.8710000514984131 940.8170073310805 130.7873123682112
 0.8720000386238098 942.0474439944221 131.02724238268928
 0.8730000257492065 943.278155614475 131.26684321168426
 0.8740000128746033 944.509141496951 131.50611089763503
 0.8750000596046448 945.7404743424827 131.7450557059513
 0.8760000467300415 946.9720066714044 131.9836451788537
 0.8770000338554382 948.2038111621778 132.22188958507013
 0.878000020980835 949.4358871087397 132.45978493325537
 0.8790000677108765 950.6683072646733 132.69734137184622
 0.8800000548362732 951.9009240089297 132.9345265748541
 0.8810000419616699 953.1338100730911 133.17135069506366
 0.8820000290870666 954.3669647393282 133.40780970750017
 0.8830000162124634 955.6003872868707 133.64389957880553
 0.8840000629425049 956.8341505345408 133.87963030603407
 0.8850000500679016 958.0681066864838 134.11496973890956
 0.8860000371932983 959.3023285397414 134.34992788013187
 0.8870000243186951 960.5368153617859 134.58450066290345
 0.8880000710487366 961.7716400228594 134.81869795899825
 0.8890000581741333 963.0066545888303 135.05248776756525
 0.89000004529953 964.2419319083384 135.2858799670688
 0.8910000324249268 965.4774712371081 135.51887045742364
 0.8920000195503235 966.713271827929 135.75145513024654
 0.893000066280365 967.949406614335 135.98364369543583
 0.8940000534057617 969.1857274913456 136.21540435009353
 0.8950000405311584 970.422307371121 136.44674681212421
 0.8960000276565552 971.6591454947131 136.6776669400449
 0.8970000147819519 972.8962411002425 136.90816058411553
 0.8980000615119934 974.133667183427 137.13823728643933
 0.8990000486373901 975.3712754706929 137.36786545459574
 0.9000000357627869 976.6091389366181 137.59705464002172
 0.9010000228881836 977.8472568075963 137.8258006600597
 0.9020000696182251 979.0857021282819 138.05411291826715
 0.9030000567436218 980.3243264918834 138.2819599997057
 0.9040000438690186 981.5632029221015 138.5093513183349
 0.9050000309944153 982.8023306336166 138.73628265872673
 0.906000018119812 984.0417088381823 138.96274979727968
 0.9070000648498535 985.2814106405847 139.18876195893358
 0.9080000519752502 986.5212874696205 139.41428796207321
 0.909000039100647 987.7614124093648 139.63933704338546
 0.9100000262260437 989.0017846598704 139.86390494667728
 0.9110000729560852 990.2424773731899 140.08800074960083
 0.9120000600814819 991.4833418483037 140.31159346645165
 0.9130000472068787 992.7244512167504 140.53469218771806
 0.9140000343322754 993.9658046668932 140.75729262475226
 0.9150000214576721 995.2074013841731 140.97939048081263
 0.9160000681877136 996.4493145786585 141.2009946439057
 0.9170000553131104 997.6913953892405 141.42207438487923
 0.9180000424385071 998.9337170057227 141.64263860594041
 0.9190000295639038 1000.1762786018711 141.86268297806861
 0.9200000166893005 1001.4190793485382 142.0822031641967
 0.921000063419342 1002.6621925125986 142.30120785646442
 0.9220000505447388 1003.9054690753185 142.51966659534286
 0.9230000376701355 1005.1489822835648 142.73758808855166
 0.9240000247955322 1006.3927312965276 142.95496796691452
 0.9250000715255737 1007.6367894256487 143.17181476136192
 0.9260000586509705 1008.8810075278959 143.3880982375524
 0.9270000457763672 1010.1254588949072 143.60382694310362
 0.9280000329017639 1011.3701426742266 143.81899647686827
 0.9290000200271606 1012.6150580104887 144.03360242972337
 0.9300000667572021 1013.8602782697192 144.24765312538761
 0.9310000538825989 1015.1056541558067 144.46111862296254
 0.9320000410079956 1016.3512590152374 144.67400726425091
 0.9330000281333923 1017.5970919810144 144.88631460832345
 0.9340000152587891 1018.8431521832359 145.09803620632521
 0.9350000619888306 1020.089513041249 145.3091801683703
 0.9360000491142273 1021.3360251084491 145.5197168603961
 0.937000036239624 1022.5827617849104 145.72965441200904
 0.9380000233650208 1023.8297221891163 145.93898834271146
 0.9390000700950623 1025.0769797821455 146.14772658708852
 0.940000057220459 1026.3243849988925 146.35583976627458
 0.9410000443458557 1027.5720112813796 146.5633358354803
 0.9420000314712524 1028.8198577364905 146.7702102826962
 0.9430000185966492 1030.0679234682115 146.976458588058
 0.9440000653266907 1031.3162819886124 147.18208846088487
 0.9450000524520874 1032.5647835868626 147.3870708535511
 0.9460000395774841 1033.8135017562512 147.59141349742958
 0.9470000267028809 1035.0624355891814 147.79511184130387
 0.9480000734329224 1036.3116586375631 147.9981734095603
 0.9490000605583191 1037.5610210759364 148.20056942943438
 0.9500000476837158 1038.810596437654 148.40230744851214
 0.9510000348091125 1040.0603838035522 148.6033828843556
 0.9520000219345093 1041.3103822515777 148.8037911467395
 0.9530000686645508 1042.560665382233 149.0035395229272
 0.9540000557899475 1043.811083229244 149.20259959616657
 0.9550000429153442 1045.0617093748396 149.40097867836357
 0.956000030040741 1046.3125428854175 149.5986721482293
 0.9570000171661377 1047.563582824492 149.79567537672664
 0.9580000638961792 1048.8149028397951 149.99199540731922
 0.9590000510215759 1050.0663528270283 150.1876041931904
 0.9600000381469727 1051.3180064159405 150.38250880390307
 0.9610000252723694 1052.5698626585135 150.57670457951155
 0.9620000720024109 1053.8219952392744 150.77019836359227
 0.9630000591278076 1055.0742539455375 150.9629624153779
 0.9640000462532043 1056.3267124440776 151.15500360571923
 0.9650000333786011 1057.5793697753636 151.34631724388123
 0.9660000205039978 1058.8322249769864 151.53689863145154
 0.9670000672340393 1060.0853517782011 151.72675435604196
 0.968000054359436 1061.338599833426 151.9158570721662
 0.9690000414848328 1062.5920428544604 152.10421339618517
 0.9700000286102295 1063.845679867402 152.29181859904826
 0.971000075340271 1065.0995846362652 152.4786790586744
 0.9720000624656677 1066.353606711246 152.66476775604576
 0.9730000495910645 1067.6078198391437 152.85009109901523
 0.9740000367164612 1068.8622230345781 153.0346443280156
 0.9750000238418579 1070.1168153092994 153.2184226758701
 0.9760000705718994 1071.3716704694804 153.4014322521764
 0.9770000576972961 1072.6266379376907 153.58364645889867
 0.9780000448226929 1073.8817915031904 153.76507143706282
 0.9790000319480896 1075.1371301662736 153.9457023891232
 0.9800000190734863 1076.3926529243706 154.12553450995642
 0.9810000658035278 1077.6484336243534 154.30457363389325
 0.9820000529289246 1078.9043215641522 154.48279359831713
 0.9830000400543213 1080.1603905740362 154.66020027048898
 0.984000027179718 1081.4166396399991 154.8367888150657
 0.9850000739097595 1082.673142640408 155.01256484111706
 0.9860000610351562 1083.9297487756621 155.1875025448336
 0.987000048160553 1085.1865319077783 155.36160756942831
 0.9880000352859497 1086.4434910113277 155.53487504944882
 0.9890000224113464 1087.7006250580302 155.70730011193097
 0.9900000691413879 1088.9580079642767 155.87888807802323
 0.9910000562667847 1090.2154888113141 156.04961360559855
 0.9920000433921814 1091.4731414994976 156.2194820514719
 0.9930000305175781 1092.7309649891478 156.38848851271154
 0.9940000176429749 1093.9889582377375 156.55662807891553
 0.9950000643730164 1095.2471951981624 156.7239057761974
 0.9960000514984131 1096.5055248356281 156.8902967388583
 0.9970000386238098 1097.764021087316 157.05580603020723
 0.9980000257492065 1099.0226828993218 157.2204287100185
 0.999000072479248 1100.2815842526415 157.3841695632142
 1.0 1101.540498974456 157.54699443692561
 1.0010000467300415 1102.7997261726704 157.7089371915231
 1.002000093460083 1104.059114706342 157.86997339099298
 1.003000020980835 1105.3185133547654 158.0300790241563
 1.0040000677108764 1106.5782213327165 158.18928728078424
 1.0049999952316284 1107.8379372427543 158.34755521268562
 1.00600004196167 1109.097960369631 158.50491555666724
 1.0070000886917114 1110.3581394623902 158.66134438150731
 1.0080000162124633 1111.6183231928803 158.81681819275445
 1.0090000629425048 1112.8788109489023 158.97136903886485
 1.0099999904632568 1114.1393011329514 159.12495504512537
 1.0110000371932983 1115.400093200239 159.27760779515392
 1.0120000839233398 1116.661035793029 159.4293038775752
 1.0130000114440917 1117.9219774789871 159.58002032981414
 1.0140000581741333 1119.1832178125005 159.72978802924842
 1.0150001049041748 1120.4446053733313 159.87858388369204
 1.0160000324249267 1121.7059886682218 160.0263852570115
 1.0170000791549682 1122.9676673483857 160.17322230955574
 1.0180000066757202 1124.2293395097956 160.3190549469757
 1.0190000534057617 1125.4913048669013 160.46391284558842
 1.0200001001358032 1126.7534118979433 160.6077734573771
 1.0210000276565551 1128.0155090107964 160.75061470254104
 1.0220000743865966 1129.2778960127798 160.89246552227132
 1.0230000019073486 1130.5402708169128 161.03328697452525
 1.0240000486373901 1131.802933291098 161.17310750435422
 1.0250000953674316 1133.065731815398 161.3119051232502
 1.0260000228881835 1134.3285147021947 161.44965832317086
 1.027000069618225 1135.591581908257 161.58639479581063
 1.027999997138977 1136.8546311703821 161.72207678214647
 1.0290000438690185 1138.117962503233 161.85673146553358
 1.03000009059906 1139.3814241920786 161.99033743242227
 1.031000018119812 1140.6448644572287 162.12287376205813
 1.0320000648498535 1141.9085833981573 162.2543668660876
 1.0329999923706054 1143.1722785822555 162.38478019942294
 1.034000039100647 1144.4362501641744 162.51413965309018
 1.0350000858306884 1145.7003463378148 162.6424244040395
 1.0360000133514404 1146.9644152348728 162.7696141344503
 1.037000060081482 1148.2287570907042 162.89573394514582
 1.0380001068115234 1149.4932200460525 163.02076337488995
 1.0390000343322753 1150.7576521811238 163.14468247517083
 1.040000081062317 1152.0223538094928 163.26751554545387
 1.0410000085830688 1153.287022241887 163.389228047801
 1.0420000553131103 1154.5519578426362 163.50984374122845
 1.0430001020431518 1155.8170086666857 163.6293427801072
 1.0440000295639038 1157.0820227112524 163.74770584409156
 1.0450000762939453 1158.3473004146987 163.86495587214244
 1.0460000038146972 1159.612538936461 163.9810596216471
 1.0470000505447387 1160.8780387628498 164.09603947861216
 1.0480000972747802 1162.1436478665491 164.2098762288423
 1.0490000247955322 1163.409214165356 164.32255119606736
 1.0500000715255737 1164.6750382153791 164.43408592740695
 1.0509999990463256 1165.9408170318802 164.5444485072668
 1.0520000457763671 1167.2068512160765 164.65365991721932
 1.0530000925064086 1168.4729886619686 164.7617015904341
 1.0540000200271606 1169.7390772115431 164.8685555107295
 1.0550000667572021 1171.005417531533 164.97424180184498
 1.055999994277954 1172.2717065002227 165.0787299070937
 1.0570000410079956 1173.5382448265804 165.1820393719821
 1.058000087738037 1174.8048803295432 165.2841522930811
 1.059000015258789 1176.071460778939 165.38505133041894
 1.0600000619888305 1177.3382869449162 165.48475515258837
 1.061000108718872 1178.6052066031274 165.58324626193814
 1.062000036239624 1179.872067481876 165.68050773200786
 1.0630000829696655 1181.1391704098678 165.77655734296388
 1.0640000104904174 1182.4062120614107 165.8713667792449
 1.065000057220459 1183.673493302779 165.9649532223291
 1.0660001039505004 1184.9408618404374 166.05729986383425
 1.0670000314712524 1186.208165336463 166.1483904795126
 1.068000078201294 1187.4757047112746 166.23824134312985
 1.069000005722046 1188.7431765213132 166.32682558194403
 1.0700000524520874 1190.0108817216084 166.41415885813034
 1.071000099182129 1191.2786679531627 166.50022506888024
 1.0720000267028808 1192.546382815588 166.58500870854584
 1.0730000734329223 1193.8143273135942 166.6685245121838
 1.0740000009536743 1195.0821978932526 166.7507470825144
 1.0750000476837158 1196.3502955908961 166.83169053001984
 1.0760000944137573 1197.6184679858342 166.91133947386845
 1.0770000219345092 1198.8865626190113 166.98967914350453
 1.0780000686645507 1200.154880571927 167.06672270275453
 1.0789999961853027 1201.4231181878658 167.14244626265087
 1.0800000429153442 1202.6915765769231 167.21686234938351
 1.0810000896453857 1203.960103260527 167.28995632060684
 1.0820000171661376 1205.2285457247985 167.3617141574423
 1.0830000638961791 1206.49720512044 167.432147419766
 1.0840001106262207 1207.7659289359964 167.50124191628924
 1.0850000381469726 1209.0345646265536 167.5689840871538
 1.0860000848770141 1210.303413380664 167.6353845140561
 1.0870000123977661 1211.5721713931218 167.70042179017696
 1.0880000591278076 1212.8411398761677 167.76410583849883
 1.0890001058578491 1214.110166266644 167.82642323284403
 1.090000033378601 1215.3790979710461 167.88736119179054
 1.0910000801086425 1216.6482362348237 167.94692864028786
 1.0920000076293945 1217.917277170076 168.005105766194
 1.093000054359436 1219.1865220428321 168.0619008224645
 1.0940001010894775 1220.455818242147 168.11730116480487
 1.0950000286102294 1221.7250131298762 168.17129480708058
 1.096000075340271 1222.9944080005691 168.22388898422218
 1.097000002861023 1224.2636988915041 168.27506551236467
 1.0980000495910644 1225.5331871146686 168.3248309410783
 1.099000096321106 1226.80272001529 168.37317342482754
 1.100000023841858 1228.07214491457 168.42008178972082
 1.1010000705718994 1229.3417631482793 168.46556154720121
 1.1019999980926513 1230.6112706868336 168.50959617546163
 1.1030000448226928 1231.880968880268 168.55219048714252
 1.1040000915527343 1233.150705033978 168.59333345243408
 1.1050000190734863 1234.4203264325428 168.63301472674402
 1.1060000658035278 1235.690134444997 168.6712380643521
 1.1069999933242797 1236.9598249829275 168.70798863950108
 1.1080000400543212 1238.2296994264254 168.7432694941415
 1.1090000867843627 1239.499605045094 168.77707043126383
 1.1100000143051147 1240.7693890909604 168.80938195272983
 1.1110000610351562 1242.0393529582811 168.84020602177406
 1.1120001077651977 1243.3093438971363 168.86953294931254
 1.1130000352859497 1244.5792091419946 168.89735375335362
 1.1140000820159912 1245.8492500983506 168.923669306153
 1.1150000095367431 1247.1191626005902 168.94846756684773
 1.1160000562667846 1248.3892480600668 168.97174867354465
 1.1170001029968261 1249.6593536976167 168.99350379748625
 1.1180000305175781 1250.9293267217531 169.01372483078921
 1.1190000772476196 1252.1994685501581 169.03241080003272
 1.1200000047683715 1253.4694749796683 169.04955144971722
 1.121000051498413 1254.7396474305367 169.06514505853988
 1.1220000982284545 1256.0098330984931 169.0791836754031
 1.1230000257492065 1257.2798791702728 169.091660083938
 1.124000072479248 1258.5500870674968 169.102571430642
 1.125 1259.8201525577792 169.11190928009364
 1.1260000467300415 1261.0903770619888 169.1196700170908
 1.127000093460083 1262.3606077549366 169.12584658562263
 1.128000020980835 1263.630691805793 169.13043267834837
 1.1290000677108764 1264.9009306317893 169.13342352707923
 1.1299999952316284 1266.1710199797237 169.13481255137571
 1.13100004196167 1267.4412612627202 169.13459420744811
 1.1320000886917114 1268.711501638892 169.13276235190596
 1.1330000162124633 1269.9815882641046 169.1293116040415
 1.1340000629425048 1271.2518225427836 169.12423524617202
 1.1350001096725463 1272.5220516250708 169.1175276909346
 1.1360000371932983 1273.7921226609053 169.10918412210207
 1.1370000839233398 1275.0623370429607 169.09919663549135
 1.1380000114440917 1276.3323905024283 169.08756169174762
 1.1390000581741333 1277.6025844224398 169.07427058868756
 1.1400001049041748 1278.8727659432818 169.0593186798153
 1.1410000324249267 1280.1427822084808 169.042702103912
 1.1420000791549682 1281.4129345842823 169.02441095119661
 1.1430000066757202 1282.6829188033027 169.00444362897974
 1.1440000534057617 1283.9530362188106 168.9827894153682
 1.1450001001358032 1285.2231339655645 168.959444622521
 1.1460000276565551 1286.4930591850352 168.93440636208788
 1.1470000743865966 1287.7631132084277 168.9076626833628
 1.1480000019073486 1289.032991778476 168.8792139759396
 1.1490000486373901 1290.3029962099337 168.84904746281495
 1.1500000953674316 1291.5729736364028 168.81716043267533
 1.1510000228881835 1292.8427712016984 168.78355098800261
 1.152000069618225 1294.112690193283 168.74820510164272
 1.152999997138977 1295.3824263727865 168.7111251812803
 1.1540000438690185 1296.6522810077206 168.67229635920352
 1.15500009059906 1297.9221012349341 168.6317169186034
 1.156000018119812 1299.1917342050271 168.5893859708474
 1.1570000648498535 1300.461481152943 168.545287376616
 1.158000111579895 1301.7311892196087 168.49942002447937
 1.159000039100647 1303.0007055618445 168.45178363984564
 1.1600000858306884 1304.2703313788354 168.4023607988613
 1.1610000133514404 1305.5397624808967 168.35115721313218
 1.162000060081482 1306.8093000415965 168.29815459526435
 1.1630001068115234 1308.078791212246 168.24335285729512
 1.1640000343322753 1309.3480831636325 168.18675276260182
 1.165000081062317 1310.6174770282148 168.12833471761155
 1.1660000085830688 1311.8866686583921 168.06810654603373
 1.1670000553131103 1313.155959157422 168.0060477762852
 1.1680001020431518 1314.4251956915088 167.9421593621007
 1.1690000295639038 1315.6942254499504 167.87644312312886
 1.1700000762939453 1316.9633494894974 167.80887725985166
 1.1710000038146972 1318.232263713692 167.73947174458794
 1.1720000505447387 1319.5012691464673 167.66820388526025
 1.1730000972747802 1320.7702129734727 167.59507569562106
 1.1740000247955322 1322.0389424070947 167.520090069994
 1.1750000715255737 1323.3077584193142 167.44322296649306
 1.1759999990463256 1324.576356973958 167.36448654273726
 1.1770000457763671 1325.8450390065434 167.2838558496676
 1.1780000925064086 1327.1136517267473 167.2013339794703
 1.1790000200271606 1328.3820423746717 167.11692491962708
 1.1800000667572021 1329.6505118283866 167.0306023492799
 1.1810001134872436 1330.9189073142081 166.94237001655733
 1.1820000410079956 1332.1870760910983 166.85223257376264
 1.183000087738037 1333.4553189763616 166.7601623149842
 1.184000015258789 1334.7233320494824 166.66617497114293
 1.1850000619888305 1335.991416085403 166.57024190559127
 1.186000108718872 1337.2594183418941 166.47236797455752
 1.187000036239624 1338.527186113104 166.37255895329644
 1.1880000829696655 1339.7950201076416 166.2707847979375
 1.1890000104904174 1341.0626164894008 166.16706352100504
 1.190000057220459 1342.3302759209018 166.06136413307194
 1.1910001039505004 1343.5978456960601 165.95369261712676
 1.1920000314712524 1344.8651731489308 165.84405589011157
 1.193000078201294 1346.1325588700865 165.7324215330891
 1.194000005722046 1347.3996991172487 165.61880987756126
 1.1950000524520874 1348.6668944311427 165.5031875441423
 1.196000099182129 1349.9339921465591 165.38556166133116
 1.1970000267028808 1351.200839642219 165.26594030658884
 1.1980000734329223 1352.467737381238 165.14428864861042
 1.1990000009536743 1353.7343817246655 165.02062937544633
