   0.157E+00  0.2367E+02  0.1863E+00 -0.2989E-01  0.1067E+00 -0.4708E+02  0.4671E+01
   0.213E+00  0.1419E+02  0.2994E+00  0.2656E-02  0.1156E+00  0.5290E+01  0.5587E+00
   0.270E+00  0.1262E+02  0.5076E+00  0.7236E-02  0.1261E+00  0.1692E+02  0.5999E+00
   0.327E+00  0.1231E+02  0.6710E+00  0.9561E-02  0.1352E+00  0.2547E+02  0.7482E+00
   0.383E+00  0.1213E+02  0.8139E+00  0.1126E-01  0.1448E+00  0.3320E+02  0.8910E+00
   0.440E+00  0.1198E+02  0.9372E+00  0.1250E-01  0.1548E+00  0.4000E+02  0.1019E+01
   0.497E+00  0.1184E+02  0.1042E+01  0.1339E-01  0.1652E+00  0.4583E+02  0.1129E+01
   0.553E+00  0.1169E+02  0.1130E+01  0.1400E-01  0.1759E+00  0.5070E+02  0.1223E+01
   0.610E+00  0.1154E+02  0.1204E+01  0.1438E-01  0.1867E+00  0.5467E+02  0.1301E+01
   0.667E+00  0.1140E+02  0.1264E+01  0.1457E-01  0.1977E+00  0.5782E+02  0.1366E+01
   0.723E+00  0.1126E+02  0.1313E+01  0.1460E-01  0.2086E+00  0.6026E+02  0.1419E+01
   0.780E+00  0.1112E+02  0.1352E+01  0.1451E-01  0.2195E+00  0.6210E+02  0.1462E+01
   0.837E+00  0.1100E+02  0.1384E+01  0.1433E-01  0.2301E+00  0.6342E+02  0.1496E+01
   0.893E+00  0.1087E+02  0.1408E+01  0.1407E-01  0.2405E+00  0.6432E+02  0.1523E+01
   0.950E+00  0.1076E+02  0.1428E+01  0.1376E-01  0.2505E+00  0.6488E+02  0.1544E+01
   0.101E+01  0.1066E+02  0.1442E+01  0.1340E-01  0.2600E+00  0.6517E+02  0.1559E+01
   0.106E+01  0.1056E+02  0.1453E+01  0.1301E-01  0.2690E+00  0.6525E+02  0.1571E+01
   0.112E+01  0.1048E+02  0.1460E+01  0.1260E-01  0.2774E+00  0.6517E+02  0.1579E+01
   0.118E+01  0.1040E+02  0.1465E+01  0.1217E-01  0.2851E+00  0.6499E+02  0.1585E+01
   0.123E+01  0.1033E+02  0.1468E+01  0.1174E-01  0.2920E+00  0.6473E+02  0.1588E+01
   0.129E+01  0.1028E+02  0.1469E+01  0.1131E-01  0.2980E+00  0.6444E+02  0.1590E+01
   0.135E+01  0.1023E+02  0.1470E+01  0.1088E-01  0.3030E+00  0.6415E+02  0.1591E+01
   0.140E+01  0.1021E+02  0.1468E+01  0.1044E-01  0.3064E+00  0.6393E+02  0.1680E+01
   0.146E+01  0.1019E+02  0.1466E+01  0.1000E-01  0.3088E+00  0.6370E+02  0.1729E+01
   0.152E+01  0.1018E+02  0.1465E+01  0.9581E-02  0.3102E+00  0.6356E+02  0.1587E+01
   0.157E+01  0.1018E+02  0.1465E+01  0.9178E-02  0.3102E+00  0.6356E+02  0.1587E+01
   0.163E+01  0.1020E+02  0.1467E+01  0.8786E-02  0.3086E+00  0.6372E+02  0.1734E+01
   0.169E+01  0.1022E+02  0.1469E+01  0.8394E-02  0.3053E+00  0.6401E+02  0.1652E+01
   0.174E+01  0.1027E+02  0.1469E+01  0.7964E-02  0.2991E+00  0.6438E+02  0.1590E+01
   0.180E+01  0.1036E+02  0.1467E+01  0.7476E-02  0.2890E+00  0.6485E+02  0.1587E+01
