   0.228E+00  0.1356E+02  0.3451E+00  0.1903E+02  0.3647E+00
   0.256E+00  0.1267E+02  0.4943E+00  0.3100E+02  0.5108E+00
   0.284E+00  0.1246E+02  0.6142E+00  0.4240E+02  0.6352E+00
   0.312E+00  0.1238E+02  0.7308E+00  0.5447E+02  0.7602E+00
   0.340E+00  0.1234E+02  0.8428E+00  0.6673E+02  0.8845E+00
   0.368E+00  0.1231E+02  0.9493E+00  0.7886E+02  0.1007E+01
   0.396E+00  0.1228E+02  0.1050E+01  0.9057E+02  0.1129E+01
   0.424E+00  0.1225E+02  0.1143E+01  0.1017E+03  0.1248E+01
   0.452E+00  0.1221E+02  0.1230E+01  0.1120E+03  0.1366E+01
   0.480E+00  0.1216E+02  0.1309E+01  0.1216E+03  0.1482E+01
   0.508E+00  0.1211E+02  0.1382E+01  0.1302E+03  0.1597E+01
   0.536E+00  0.1205E+02  0.1449E+01  0.1380E+03  0.1711E+01
   0.564E+00  0.1198E+02  0.1509E+01  0.1449E+03  0.1824E+01
   0.592E+00  0.1192E+02  0.1563E+01  0.1509E+03  0.1936E+01
   0.620E+00  0.1184E+02  0.1612E+01  0.1561E+03  0.2048E+01
   0.648E+00  0.1177E+02  0.1656E+01  0.1605E+03  0.2160E+01
   0.676E+00  0.1169E+02  0.1695E+01  0.1643E+03  0.2271E+01
   0.704E+00  0.1162E+02  0.1730E+01  0.1674E+03  0.2382E+01
   0.732E+00  0.1154E+02  0.1761E+01  0.1699E+03  0.2494E+01
   0.760E+00  0.1146E+02  0.1788E+01  0.1718E+03  0.2605E+01
   0.788E+00  0.1138E+02  0.1812E+01  0.1733E+03  0.2716E+01
   0.816E+00  0.1131E+02  0.1834E+01  0.1744E+03  0.2828E+01
   0.844E+00  0.1123E+02  0.1852E+01  0.1751E+03  0.2939E+01
   0.872E+00  0.1115E+02  0.1868E+01  0.1754E+03  0.3051E+01
   0.900E+00  0.1108E+02  0.1882E+01  0.1755E+03  0.3162E+01
   0.928E+00  0.1100E+02  0.1894E+01  0.1753E+03  0.3274E+01
   0.956E+00  0.1093E+02  0.1905E+01  0.1748E+03  0.3385E+01
   0.984E+00  0.1085E+02  0.1913E+01  0.1742E+03  0.3496E+01
   0.101E+01  0.1078E+02  0.1920E+01  0.1733E+03  0.3607E+01
   0.104E+01  0.1071E+02  0.1926E+01  0.1724E+03  0.3718E+01
   0.107E+01  0.1065E+02  0.1931E+01  0.1713E+03  0.3828E+01
   0.110E+01  0.1058E+02  0.1935E+01  0.1700E+03  0.3938E+01
   0.112E+01  0.1051E+02  0.1938E+01  0.1687E+03  0.4048E+01
   0.115E+01  0.1045E+02  0.1939E+01  0.1673E+03  0.4157E+01
   0.118E+01  0.1038E+02  0.1941E+01  0.1659E+03  0.4266E+01
   0.121E+01  0.1032E+02  0.1941E+01  0.1644E+03  0.4373E+01
   0.124E+01  0.1026E+02  0.1941E+01  0.1628E+03  0.4481E+01
   0.126E+01  0.1020E+02  0.1940E+01  0.1612E+03  0.4588E+01
   0.129E+01  0.1015E+02  0.1938E+01  0.1596E+03  0.4694E+01
   0.132E+01  0.1009E+02  0.1937E+01  0.1579E+03  0.4800E+01
   0.135E+01  0.1003E+02  0.1934E+01  0.1563E+03  0.4904E+01
   0.138E+01  0.9979E+01  0.1932E+01  0.1546E+03  0.5008E+01
   0.140E+01  0.9926E+01  0.1929E+01  0.1529E+03  0.5112E+01
   0.143E+01  0.9875E+01  0.1926E+01  0.1513E+03  0.5214E+01
   0.146E+01  0.9824E+01  0.1922E+01  0.1496E+03  0.5316E+01
   0.149E+01  0.9776E+01  0.1919E+01  0.1480E+03  0.5415E+01
   0.152E+01  0.9728E+01  0.1915E+01  0.1463E+03  0.5515E+01
   0.154E+01  0.9681E+01  0.1911E+01  0.1447E+03  0.5614E+01
   0.157E+01  0.9636E+01  0.1906E+01  0.1431E+03  0.5711E+01
   0.160E+01  0.9591E+01  0.1902E+01  0.1415E+03  0.5809E+01
