   0.247E+00  0.1304E+02  0.4081E+00  0.2786E-01  0.1172E+00  0.2376E+02  0.4224E+00
   0.293E+00  0.1243E+02  0.6535E+00  0.5917E-01  0.1276E+00  0.4638E+02  0.6654E+00
   0.340E+00  0.1234E+02  0.8428E+00  0.9128E-01  0.1368E+00  0.6673E+02  0.8567E+00
   0.387E+00  0.1229E+02  0.1017E+01  0.1273E+00  0.1467E+00  0.8673E+02  0.1034E+01
   0.433E+00  0.1224E+02  0.1173E+01  0.1656E+00  0.1574E+00  0.1052E+03  0.1194E+01
   0.480E+00  0.1216E+02  0.1309E+01  0.2050E+00  0.1686E+00  0.1216E+03  0.1336E+01
   0.527E+00  0.1207E+02  0.1427E+01  0.2444E+00  0.1804E+00  0.1355E+03  0.1460E+01
   0.573E+00  0.1196E+02  0.1528E+01  0.2831E+00  0.1926E+00  0.1470E+03  0.1568E+01
   0.620E+00  0.1184E+02  0.1612E+01  0.3203E+00  0.2052E+00  0.1561E+03  0.1661E+01
   0.667E+00  0.1172E+02  0.1683E+01  0.3558E+00  0.2182E+00  0.1631E+03  0.1741E+01
   0.713E+00  0.1159E+02  0.1741E+01  0.3893E+00  0.2314E+00  0.1683E+03  0.1810E+01
   0.760E+00  0.1146E+02  0.1788E+01  0.4207E+00  0.2448E+00  0.1718E+03  0.1868E+01
   0.807E+00  0.1133E+02  0.1827E+01  0.4499E+00  0.2584E+00  0.1741E+03  0.1919E+01
   0.853E+00  0.1120E+02  0.1858E+01  0.4770E+00  0.2722E+00  0.1752E+03  0.1962E+01
   0.900E+00  0.1108E+02  0.1882E+01  0.5021E+00  0.2861E+00  0.1755E+03  0.1999E+01
   0.947E+00  0.1095E+02  0.1901E+01  0.5253E+00  0.3002E+00  0.1750E+03  0.2032E+01
   0.993E+00  0.1083E+02  0.1916E+01  0.5466E+00  0.3143E+00  0.1739E+03  0.2060E+01
   0.104E+01  0.1071E+02  0.1926E+01  0.5662E+00  0.3285E+00  0.1724E+03  0.2084E+01
   0.109E+01  0.1060E+02  0.1934E+01  0.5843E+00  0.3428E+00  0.1705E+03  0.2105E+01
   0.113E+01  0.1049E+02  0.1938E+01  0.6010E+00  0.3572E+00  0.1683E+03  0.2124E+01
   0.118E+01  0.1038E+02  0.1941E+01  0.6163E+00  0.3715E+00  0.1659E+03  0.2140E+01
   0.123E+01  0.1028E+02  0.1941E+01  0.6304E+00  0.3860E+00  0.1633E+03  0.2154E+01
   0.127E+01  0.1018E+02  0.1939E+01  0.6434E+00  0.4005E+00  0.1607E+03  0.2167E+01
   0.132E+01  0.1009E+02  0.1937E+01  0.6554E+00  0.4150E+00  0.1579E+03  0.2178E+01
   0.137E+01  0.9997E+01  0.1933E+01  0.6664E+00  0.4295E+00  0.1552E+03  0.2189E+01
   0.141E+01  0.9909E+01  0.1928E+01  0.6766E+00  0.4440E+00  0.1524E+03  0.2198E+01
   0.146E+01  0.9824E+01  0.1922E+01  0.6861E+00  0.4586E+00  0.1496E+03  0.2206E+01
   0.151E+01  0.9744E+01  0.1916E+01  0.6948E+00  0.4731E+00  0.1469E+03  0.2213E+01
   0.155E+01  0.9665E+01  0.1909E+01  0.7028E+00  0.4876E+00  0.1441E+03  0.2220E+01
   0.160E+01  0.9591E+01  0.1902E+01  0.7103E+00  0.5021E+00  0.1415E+03  0.2226E+01
