   0.247E+00  0.1304E+02  0.4081E+00  0.2217E-02  0.1172E+00  0.1891E+01  0.4223E+00
   0.293E+00  0.1243E+02  0.6535E+00  0.4708E-02  0.1276E+00  0.3690E+01  0.6645E+00
   0.340E+00  0.1234E+02  0.8428E+00  0.7264E-02  0.1368E+00  0.5310E+01  0.8544E+00
   0.387E+00  0.1229E+02  0.1017E+01  0.1013E-01  0.1467E+00  0.6901E+01  0.1030E+01
   0.433E+00  0.1224E+02  0.1173E+01  0.1318E-01  0.1574E+00  0.8374E+01  0.1187E+01
   0.480E+00  0.1216E+02  0.1309E+01  0.1631E-01  0.1686E+00  0.9675E+01  0.1324E+01
   0.527E+00  0.1207E+02  0.1427E+01  0.1945E-01  0.1804E+00  0.1078E+02  0.1444E+01
   0.573E+00  0.1196E+02  0.1528E+01  0.2253E-01  0.1926E+00  0.1170E+02  0.1545E+01
   0.620E+00  0.1184E+02  0.1612E+01  0.2549E-01  0.2052E+00  0.1242E+02  0.1631E+01
   0.667E+00  0.1172E+02  0.1683E+01  0.2832E-01  0.2182E+00  0.1298E+02  0.1702E+01
   0.713E+00  0.1159E+02  0.1741E+01  0.3098E-01  0.2314E+00  0.1339E+02  0.1761E+01
   0.760E+00  0.1146E+02  0.1788E+01  0.3348E-01  0.2448E+00  0.1368E+02  0.1810E+01
   0.807E+00  0.1133E+02  0.1827E+01  0.3580E-01  0.2584E+00  0.1385E+02  0.1849E+01
   0.853E+00  0.1120E+02  0.1858E+01  0.3796E-01  0.2722E+00  0.1394E+02  0.1881E+01
   0.900E+00  0.1108E+02  0.1882E+01  0.3996E-01  0.2861E+00  0.1396E+02  0.1907E+01
   0.947E+00  0.1095E+02  0.1901E+01  0.4180E-01  0.3002E+00  0.1392E+02  0.1927E+01
   0.993E+00  0.1083E+02  0.1916E+01  0.4350E-01  0.3143E+00  0.1384E+02  0.1942E+01
   0.104E+01  0.1071E+02  0.1926E+01  0.4506E-01  0.3285E+00  0.1372E+02  0.1954E+01
   0.109E+01  0.1060E+02  0.1934E+01  0.4650E-01  0.3428E+00  0.1356E+02  0.1962E+01
   0.113E+01  0.1049E+02  0.1938E+01  0.4782E-01  0.3572E+00  0.1339E+02  0.1968E+01
   0.118E+01  0.1038E+02  0.1941E+01  0.4904E-01  0.3715E+00  0.1320E+02  0.1971E+01
   0.123E+01  0.1028E+02  0.1941E+01  0.5017E-01  0.3860E+00  0.1300E+02  0.1972E+01
   0.127E+01  0.1018E+02  0.1939E+01  0.5120E-01  0.4005E+00  0.1279E+02  0.1972E+01
   0.132E+01  0.1009E+02  0.1937E+01  0.5215E-01  0.4150E+00  0.1257E+02  0.1970E+01
   0.137E+01  0.9997E+01  0.1933E+01  0.5303E-01  0.4295E+00  0.1235E+02  0.1967E+01
   0.141E+01  0.9909E+01  0.1928E+01  0.5385E-01  0.4440E+00  0.1213E+02  0.1963E+01
   0.146E+01  0.9824E+01  0.1922E+01  0.5459E-01  0.4586E+00  0.1191E+02  0.1958E+01
   0.151E+01  0.9744E+01  0.1916E+01  0.5529E-01  0.4731E+00  0.1169E+02  0.1953E+01
   0.155E+01  0.9665E+01  0.1909E+01  0.5593E-01  0.4876E+00  0.1147E+02  0.1947E+01
   0.160E+01  0.9591E+01  0.1902E+01  0.5652E-01  0.5021E+00  0.1126E+02  0.1941E+01
