   0.228E+00  0.1356E+02  0.3451E+00  0.1514E+01  0.3634E+00
   0.256E+00  0.1267E+02  0.4943E+00  0.2467E+01  0.5061E+00
   0.284E+00  0.1246E+02  0.6142E+00  0.3374E+01  0.6253E+00
   0.312E+00  0.1238E+02  0.7308E+00  0.4334E+01  0.7420E+00
   0.340E+00  0.1234E+02  0.8428E+00  0.5310E+01  0.8544E+00
   0.368E+00  0.1231E+02  0.9493E+00  0.6275E+01  0.9615E+00
   0.396E+00  0.1228E+02  0.1050E+01  0.7207E+01  0.1062E+01
   0.424E+00  0.1225E+02  0.1143E+01  0.8092E+01  0.1157E+01
   0.452E+00  0.1221E+02  0.1230E+01  0.8916E+01  0.1244E+01
   0.480E+00  0.1216E+02  0.1309E+01  0.9675E+01  0.1324E+01
   0.508E+00  0.1211E+02  0.1382E+01  0.1036E+02  0.1398E+01
   0.536E+00  0.1205E+02  0.1449E+01  0.1098E+02  0.1465E+01
   0.564E+00  0.1198E+02  0.1509E+01  0.1153E+02  0.1526E+01
   0.592E+00  0.1192E+02  0.1563E+01  0.1201E+02  0.1581E+01
   0.620E+00  0.1184E+02  0.1612E+01  0.1242E+02  0.1631E+01
   0.648E+00  0.1177E+02  0.1656E+01  0.1278E+02  0.1675E+01
   0.676E+00  0.1169E+02  0.1695E+01  0.1307E+02  0.1715E+01
   0.704E+00  0.1162E+02  0.1730E+01  0.1332E+02  0.1750E+01
   0.732E+00  0.1154E+02  0.1761E+01  0.1352E+02  0.1782E+01
   0.760E+00  0.1146E+02  0.1788E+01  0.1368E+02  0.1810E+01
   0.788E+00  0.1138E+02  0.1812E+01  0.1379E+02  0.1835E+01
   0.816E+00  0.1131E+02  0.1834E+01  0.1388E+02  0.1856E+01
   0.844E+00  0.1123E+02  0.1852E+01  0.1393E+02  0.1875E+01
   0.872E+00  0.1115E+02  0.1868E+01  0.1396E+02  0.1892E+01
   0.900E+00  0.1108E+02  0.1882E+01  0.1396E+02  0.1907E+01
   0.928E+00  0.1100E+02  0.1894E+01  0.1395E+02  0.1919E+01
   0.956E+00  0.1093E+02  0.1905E+01  0.1391E+02  0.1930E+01
   0.984E+00  0.1085E+02  0.1913E+01  0.1386E+02  0.1939E+01
   0.101E+01  0.1078E+02  0.1920E+01  0.1379E+02  0.1947E+01
   0.104E+01  0.1071E+02  0.1926E+01  0.1372E+02  0.1954E+01
   0.107E+01  0.1065E+02  0.1931E+01  0.1363E+02  0.1959E+01
   0.110E+01  0.1058E+02  0.1935E+01  0.1353E+02  0.1963E+01
   0.112E+01  0.1051E+02  0.1938E+01  0.1343E+02  0.1967E+01
   0.115E+01  0.1045E+02  0.1939E+01  0.1332E+02  0.1969E+01
   0.118E+01  0.1038E+02  0.1941E+01  0.1320E+02  0.1971E+01
   0.121E+01  0.1032E+02  0.1941E+01  0.1308E+02  0.1972E+01
   0.124E+01  0.1026E+02  0.1941E+01  0.1295E+02  0.1972E+01
   0.126E+01  0.1020E+02  0.1940E+01  0.1283E+02  0.1972E+01
   0.129E+01  0.1015E+02  0.1938E+01  0.1270E+02  0.1971E+01
   0.132E+01  0.1009E+02  0.1937E+01  0.1257E+02  0.1970E+01
   0.135E+01  0.1003E+02  0.1934E+01  0.1244E+02  0.1968E+01
   0.138E+01  0.9979E+01  0.1932E+01  0.1230E+02  0.1966E+01
   0.140E+01  0.9926E+01  0.1929E+01  0.1217E+02  0.1964E+01
   0.143E+01  0.9875E+01  0.1926E+01  0.1204E+02  0.1961E+01
   0.146E+01  0.9824E+01  0.1922E+01  0.1191E+02  0.1958E+01
   0.149E+01  0.9776E+01  0.1919E+01  0.1177E+02  0.1955E+01
   0.152E+01  0.9728E+01  0.1915E+01  0.1164E+02  0.1952E+01
   0.154E+01  0.9681E+01  0.1911E+01  0.1151E+02  0.1948E+01
   0.157E+01  0.9636E+01  0.1906E+01  0.1138E+02  0.1944E+01
   0.160E+01  0.9591E+01  0.1902E+01  0.1126E+02  0.1941E+01
