   0.228E+00  0.1356E+02  0.3451E+00  0.2182E-01  0.1146E+00  0.1903E+02  0.1832E-01
   0.256E+00  0.1267E+02  0.4943E+00  0.3744E-01  0.1208E+00  0.3100E+02  0.1182E-01
   0.284E+00  0.1246E+02  0.6142E+00  0.5336E-01  0.1258E+00  0.4240E+02  0.1097E-01
   0.312E+00  0.1238E+02  0.7308E+00  0.7144E-01  0.1312E+00  0.5447E+02  0.1103E-01
   0.340E+00  0.1234E+02  0.8428E+00  0.9128E-01  0.1368E+00  0.6673E+02  0.1141E-01
   0.368E+00  0.1231E+02  0.9493E+00  0.1125E+00  0.1427E+00  0.7886E+02  0.1193E-01
   0.396E+00  0.1228E+02  0.1050E+01  0.1348E+00  0.1488E+00  0.9057E+02  0.1247E-01
   0.424E+00  0.1225E+02  0.1143E+01  0.1578E+00  0.1552E+00  0.1017E+03  0.1302E-01
   0.452E+00  0.1221E+02  0.1230E+01  0.1813E+00  0.1618E+00  0.1120E+03  0.1356E-01
   0.480E+00  0.1216E+02  0.1309E+01  0.2050E+00  0.1686E+00  0.1216E+03  0.1402E-01
   0.508E+00  0.1211E+02  0.1382E+01  0.2287E+00  0.1756E+00  0.1302E+03  0.1445E-01
   0.536E+00  0.1205E+02  0.1449E+01  0.2522E+00  0.1828E+00  0.1380E+03  0.1483E-01
   0.564E+00  0.1198E+02  0.1509E+01  0.2754E+00  0.1901E+00  0.1449E+03  0.1516E-01
   0.592E+00  0.1192E+02  0.1563E+01  0.2982E+00  0.1976E+00  0.1509E+03  0.1546E-01
   0.620E+00  0.1184E+02  0.1612E+01  0.3203E+00  0.2052E+00  0.1561E+03  0.1570E-01
   0.648E+00  0.1177E+02  0.1656E+01  0.3419E+00  0.2129E+00  0.1605E+03  0.1591E-01
   0.676E+00  0.1169E+02  0.1695E+01  0.3627E+00  0.2208E+00  0.1643E+03  0.1607E-01
   0.704E+00  0.1162E+02  0.1730E+01  0.3828E+00  0.2287E+00  0.1674E+03  0.1620E-01
   0.732E+00  0.1154E+02  0.1761E+01  0.4021E+00  0.2367E+00  0.1699E+03  0.1633E-01
   0.760E+00  0.1146E+02  0.1788E+01  0.4207E+00  0.2448E+00  0.1718E+03  0.1639E-01
   0.788E+00  0.1138E+02  0.1812E+01  0.4385E+00  0.2530E+00  0.1733E+03  0.1645E-01
   0.816E+00  0.1131E+02  0.1834E+01  0.4555E+00  0.2612E+00  0.1744E+03  0.1648E-01
   0.844E+00  0.1123E+02  0.1852E+01  0.4718E+00  0.2695E+00  0.1751E+03  0.1650E-01
   0.872E+00  0.1115E+02  0.1868E+01  0.4873E+00  0.2778E+00  0.1754E+03  0.1647E-01
   0.900E+00  0.1108E+02  0.1882E+01  0.5021E+00  0.2861E+00  0.1755E+03  0.1643E-01
   0.928E+00  0.1100E+02  0.1894E+01  0.5162E+00  0.2946E+00  0.1753E+03  0.1642E-01
   0.956E+00  0.1093E+02  0.1905E+01  0.5297E+00  0.3030E+00  0.1748E+03  0.1635E-01
   0.984E+00  0.1085E+02  0.1913E+01  0.5425E+00  0.3115E+00  0.1742E+03  0.1628E-01
   0.101E+01  0.1078E+02  0.1920E+01  0.5546E+00  0.3200E+00  0.1733E+03  0.1622E-01
   0.104E+01  0.1071E+02  0.1926E+01  0.5662E+00  0.3285E+00  0.1724E+03  0.1615E-01
   0.107E+01  0.1065E+02  0.1931E+01  0.5773E+00  0.3371E+00  0.1713E+03  0.1608E-01
   0.110E+01  0.1058E+02  0.1935E+01  0.5878E+00  0.3457E+00  0.1700E+03  0.1600E-01
   0.112E+01  0.1051E+02  0.1938E+01  0.5977E+00  0.3543E+00  0.1687E+03  0.1587E-01
   0.115E+01  0.1045E+02  0.1939E+01  0.6073E+00  0.3629E+00  0.1673E+03  0.1576E-01
   0.118E+01  0.1038E+02  0.1941E+01  0.6163E+00  0.3715E+00  0.1659E+03  0.1567E-01
   0.121E+01  0.1032E+02  0.1941E+01  0.6249E+00  0.3802E+00  0.1644E+03  0.1557E-01
   0.124E+01  0.1026E+02  0.1941E+01  0.6331E+00  0.3889E+00  0.1628E+03  0.1546E-01
   0.126E+01  0.1020E+02  0.1940E+01  0.6409E+00  0.3976E+00  0.1612E+03  0.1535E-01
   0.129E+01  0.1015E+02  0.1938E+01  0.6483E+00  0.4063E+00  0.1596E+03  0.1526E-01
   0.132E+01  0.1009E+02  0.1937E+01  0.6554E+00  0.4150E+00  0.1579E+03  0.1510E-01
   0.135E+01  0.1003E+02  0.1934E+01  0.6621E+00  0.4237E+00  0.1563E+03  0.1503E-01
   0.138E+01  0.9979E+01  0.1932E+01  0.6686E+00  0.4324E+00  0.1546E+03  0.1492E-01
   0.140E+01  0.9926E+01  0.1929E+01  0.6747E+00  0.4411E+00  0.1529E+03  0.1478E-01
   0.143E+01  0.9875E+01  0.1926E+01  0.6805E+00  0.4498E+00  0.1513E+03  0.1467E-01
   0.146E+01  0.9824E+01  0.1922E+01  0.6861E+00  0.4586E+00  0.1496E+03  0.1455E-01
   0.149E+01  0.9776E+01  0.1919E+01  0.6914E+00  0.4673E+00  0.1480E+03  0.1446E-01
   0.152E+01  0.9728E+01  0.1915E+01  0.6964E+00  0.4760E+00  0.1463E+03  0.1434E-01
   0.154E+01  0.9681E+01  0.1911E+01  0.7013E+00  0.4847E+00  0.1447E+03  0.1425E-01
   0.157E+01  0.9636E+01  0.1906E+01  0.7059E+00  0.4934E+00  0.1431E+03  0.1415E-01
   0.160E+01  0.9591E+01  0.1902E+01  0.7103E+00  0.5021E+00  0.1415E+03  0.1403E-01
