   0.157E+00  0.2367E+02  0.1863E+00  0.8555E-02  0.1072E+00  0.1341E+02  0.4484E+01
   0.213E+00  0.1419E+02  0.2994E+00  0.4232E-02  0.1128E+00  0.8639E+01  0.5415E+00
   0.270E+00  0.1254E+02  0.5546E+00  0.8303E-02  0.1233E+00  0.1982E+02  0.6326E+00
   0.327E+00  0.1235E+02  0.7901E+00  0.1229E-01  0.1341E+00  0.3298E+02  0.8630E+00
   0.383E+00  0.1229E+02  0.1005E+01  0.1578E-01  0.1460E+00  0.4622E+02  0.1087E+01
   0.440E+00  0.1223E+02  0.1193E+01  0.1862E-01  0.1589E+00  0.5834E+02  0.1289E+01
   0.497E+00  0.1213E+02  0.1354E+01  0.2080E-01  0.1728E+00  0.6871E+02  0.1462E+01
   0.553E+00  0.1201E+02  0.1487E+01  0.2237E-01  0.1873E+00  0.7711E+02  0.1606E+01
   0.610E+00  0.1187E+02  0.1595E+01  0.2339E-01  0.2025E+00  0.8359E+02  0.1725E+01
   0.667E+00  0.1172E+02  0.1683E+01  0.2395E-01  0.2182E+00  0.8835E+02  0.1820E+01
   0.723E+00  0.1156E+02  0.1752E+01  0.2415E-01  0.2342E+00  0.9163E+02  0.1895E+01
   0.780E+00  0.1141E+02  0.1806E+01  0.2407E-01  0.2506E+00  0.9369E+02  0.1954E+01
   0.837E+00  0.1125E+02  0.1848E+01  0.2376E-01  0.2673E+00  0.9476E+02  0.1999E+01
   0.893E+00  0.1109E+02  0.1879E+01  0.2330E-01  0.2842E+00  0.9506E+02  0.2033E+01
   0.950E+00  0.1094E+02  0.1903E+01  0.2273E-01  0.3012E+00  0.9475E+02  0.2059E+01
   0.101E+01  0.1080E+02  0.1919E+01  0.2207E-01  0.3184E+00  0.9399E+02  0.2076E+01
   0.106E+01  0.1066E+02  0.1930E+01  0.2137E-01  0.3357E+00  0.9287E+02  0.2088E+01
   0.112E+01  0.1052E+02  0.1937E+01  0.2064E-01  0.3530E+00  0.9150E+02  0.2095E+01
   0.118E+01  0.1039E+02  0.1940E+01  0.1990E-01  0.3705E+00  0.8995E+02  0.2098E+01
   0.123E+01  0.1027E+02  0.1941E+01  0.1915E-01  0.3881E+00  0.8826E+02  0.2098E+01
   0.129E+01  0.1015E+02  0.1939E+01  0.1842E-01  0.4057E+00  0.8650E+02  0.2096E+01
   0.135E+01  0.1004E+02  0.1935E+01  0.1770E-01  0.4233E+00  0.8469E+02  0.2091E+01
   0.140E+01  0.9928E+01  0.1929E+01  0.1700E-01  0.4409E+00  0.8287E+02  0.2085E+01
   0.146E+01  0.9824E+01  0.1922E+01  0.1633E-01  0.4586E+00  0.8104E+02  0.2078E+01
   0.152E+01  0.9727E+01  0.1915E+01  0.1568E-01  0.4762E+00  0.7923E+02  0.2069E+01
   0.157E+01  0.9633E+01  0.1906E+01  0.1505E-01  0.4938E+00  0.7745E+02  0.2060E+01
   0.163E+01  0.9544E+01  0.1897E+01  0.1446E-01  0.5115E+00  0.7571E+02  0.2050E+01
   0.169E+01  0.9459E+01  0.1887E+01  0.1389E-01  0.5292E+00  0.7400E+02  0.2040E+01
   0.174E+01  0.9376E+01  0.1877E+01  0.1334E-01  0.5470E+00  0.7232E+02  0.2029E+01
   0.180E+01  0.9296E+01  0.1867E+01  0.1283E-01  0.5651E+00  0.7066E+02  0.2018E+01
