   0.157E+00  0.2367E+02  0.1863E+00  0.4454E+11  0.5580E+12  0.1341E+02  0.4995E+37
   0.213E+00  0.1419E+02  0.2994E+00  0.2203E+11  0.5871E+12  0.8639E+01  0.2144E+36
   0.270E+00  0.1254E+02  0.5546E+00  0.4322E+11  0.6418E+12  0.1982E+02  0.3915E+35
   0.327E+00  0.1235E+02  0.7901E+00  0.6396E+11  0.6980E+12  0.3298E+02  0.1718E+35
   0.383E+00  0.1229E+02  0.1005E+01  0.8213E+11  0.7601E+12  0.4622E+02  0.9420E+34
   0.440E+00  0.1223E+02  0.1193E+01  0.9695E+11  0.8274E+12  0.5834E+02  0.5808E+34
   0.497E+00  0.1213E+02  0.1354E+01  0.1083E+12  0.8993E+12  0.6871E+02  0.3856E+34
   0.553E+00  0.1201E+02  0.1487E+01  0.1164E+12  0.9751E+12  0.7711E+02  0.2702E+34
   0.610E+00  0.1187E+02  0.1595E+01  0.1217E+12  0.1054E+13  0.8359E+02  0.1991E+34
   0.667E+00  0.1172E+02  0.1683E+01  0.1247E+12  0.1136E+13  0.8835E+02  0.1519E+34
   0.723E+00  0.1156E+02  0.1752E+01  0.1257E+12  0.1219E+13  0.9163E+02  0.1195E+34
   0.780E+00  0.1141E+02  0.1806E+01  0.1253E+12  0.1305E+13  0.9369E+02  0.9642E+33
   0.837E+00  0.1125E+02  0.1848E+01  0.1237E+12  0.1392E+13  0.9476E+02  0.7962E+33
   0.893E+00  0.1109E+02  0.1879E+01  0.1213E+12  0.1479E+13  0.9506E+02  0.6715E+33
   0.950E+00  0.1094E+02  0.1903E+01  0.1183E+12  0.1568E+13  0.9475E+02  0.5731E+33
   0.101E+01  0.1080E+02  0.1919E+01  0.1149E+12  0.1657E+13  0.9399E+02  0.4950E+33
   0.106E+01  0.1066E+02  0.1930E+01  0.1112E+12  0.1747E+13  0.9287E+02  0.4336E+33
   0.112E+01  0.1052E+02  0.1937E+01  0.1074E+12  0.1838E+13  0.9150E+02  0.3853E+33
   0.118E+01  0.1039E+02  0.1940E+01  0.1036E+12  0.1929E+13  0.8995E+02  0.3429E+33
   0.123E+01  0.1027E+02  0.1941E+01  0.9971E+11  0.2020E+13  0.8826E+02  0.3098E+33
   0.129E+01  0.1015E+02  0.1939E+01  0.9589E+11  0.2112E+13  0.8650E+02  0.2803E+33
   0.135E+01  0.1004E+02  0.1935E+01  0.9215E+11  0.2204E+13  0.8469E+02  0.2578E+33
   0.140E+01  0.9928E+01  0.1929E+01  0.8851E+11  0.2295E+13  0.8287E+02  0.2358E+33
   0.146E+01  0.9824E+01  0.1922E+01  0.8500E+11  0.2387E+13  0.8104E+02  0.2175E+33
   0.152E+01  0.9727E+01  0.1915E+01  0.8161E+11  0.2479E+13  0.7923E+02  0.2039E+33
   0.157E+01  0.9633E+01  0.1906E+01  0.7836E+11  0.2571E+13  0.7745E+02  0.1888E+33
   0.163E+01  0.9544E+01  0.1897E+01  0.7526E+11  0.2663E+13  0.7571E+02  0.1776E+33
   0.169E+01  0.9459E+01  0.1887E+01  0.7229E+11  0.2755E+13  0.7400E+02  0.1673E+33
   0.174E+01  0.9376E+01  0.1877E+01  0.6947E+11  0.2848E+13  0.7232E+02  0.1567E+33
   0.180E+01  0.9296E+01  0.1867E+01  0.6678E+11  0.2942E+13  0.7066E+02  0.1482E+33
