   0.157E+00  0.2367E+02  0.1863E+00  0.4278E-01  0.5360E+00  0.1341E+02  0.1326E+02
   0.213E+00  0.1419E+02  0.2994E+00  0.2116E-01  0.5638E+00  0.8639E+01  0.1101E+01
   0.270E+00  0.1254E+02  0.5546E+00  0.4151E-01  0.6164E+00  0.1982E+02  0.8684E+00
   0.327E+00  0.1235E+02  0.7901E+00  0.6143E-01  0.6704E+00  0.3298E+02  0.1088E+01
   0.383E+00  0.1229E+02  0.1005E+01  0.7888E-01  0.7300E+00  0.4622E+02  0.1327E+01
   0.440E+00  0.1223E+02  0.1193E+01  0.9312E-01  0.7947E+00  0.5834E+02  0.1548E+01
   0.497E+00  0.1213E+02  0.1354E+01  0.1040E+00  0.8638E+00  0.6871E+02  0.1742E+01
   0.553E+00  0.1201E+02  0.1487E+01  0.1118E+00  0.9366E+00  0.7711E+02  0.1909E+01
   0.610E+00  0.1187E+02  0.1595E+01  0.1169E+00  0.1012E+01  0.8359E+02  0.2050E+01
   0.667E+00  0.1172E+02  0.1683E+01  0.1198E+00  0.1091E+01  0.8835E+02  0.2169E+01
   0.723E+00  0.1156E+02  0.1752E+01  0.1208E+00  0.1171E+01  0.9163E+02  0.2269E+01
   0.780E+00  0.1141E+02  0.1806E+01  0.1203E+00  0.1253E+01  0.9369E+02  0.2354E+01
   0.837E+00  0.1125E+02  0.1848E+01  0.1188E+00  0.1336E+01  0.9476E+02  0.2426E+01
   0.893E+00  0.1109E+02  0.1879E+01  0.1165E+00  0.1421E+01  0.9506E+02  0.2488E+01
   0.950E+00  0.1094E+02  0.1903E+01  0.1136E+00  0.1506E+01  0.9475E+02  0.2541E+01
   0.101E+01  0.1080E+02  0.1919E+01  0.1104E+00  0.1592E+01  0.9399E+02  0.2587E+01
   0.106E+01  0.1066E+02  0.1930E+01  0.1068E+00  0.1678E+01  0.9287E+02  0.2627E+01
   0.112E+01  0.1052E+02  0.1937E+01  0.1032E+00  0.1765E+01  0.9150E+02  0.2664E+01
   0.118E+01  0.1039E+02  0.1940E+01  0.9948E-01  0.1853E+01  0.8995E+02  0.2696E+01
   0.123E+01  0.1027E+02  0.1941E+01  0.9576E-01  0.1940E+01  0.8826E+02  0.2726E+01
   0.129E+01  0.1015E+02  0.1939E+01  0.9209E-01  0.2028E+01  0.8650E+02  0.2752E+01
   0.135E+01  0.1004E+02  0.1935E+01  0.8850E-01  0.2116E+01  0.8469E+02  0.2777E+01
   0.140E+01  0.9928E+01  0.1929E+01  0.8501E-01  0.2205E+01  0.8287E+02  0.2800E+01
   0.146E+01  0.9824E+01  0.1922E+01  0.8163E-01  0.2293E+01  0.8104E+02  0.2821E+01
   0.152E+01  0.9727E+01  0.1915E+01  0.7838E-01  0.2381E+01  0.7923E+02  0.2842E+01
   0.157E+01  0.9633E+01  0.1906E+01  0.7526E-01  0.2469E+01  0.7745E+02  0.2860E+01
   0.163E+01  0.9544E+01  0.1897E+01  0.7228E-01  0.2557E+01  0.7571E+02  0.2879E+01
   0.169E+01  0.9459E+01  0.1887E+01  0.6943E-01  0.2646E+01  0.7400E+02  0.2896E+01
   0.174E+01  0.9376E+01  0.1877E+01  0.6672E-01  0.2735E+01  0.7232E+02  0.2912E+01
   0.180E+01  0.9296E+01  0.1867E+01  0.6414E-01  0.2826E+01  0.7066E+02  0.2928E+01
