   0.3000000119209290       292.5596296782358       16.05610426820072    
   0.3010000288486481       293.5885541750376       16.16906678634756    
   0.3020000159740448       294.6178235788340       16.28220061221371    
   0.3030000030994415       295.6474678819160       16.39550867717899    
   0.3040000200271606       296.6775171242701       16.50899395440615    
   0.3050000071525574       297.7079092513182       16.62264928896935    
   0.3060000240802765       298.7387050231631       16.73648108495046    
   0.3070000112056732       299.7698423469259       16.85048220730616    
   0.3080000281333923       300.8013820333928       16.96465912068646    
   0.3090000152587891       301.8332619516785       17.07900470886111    
   0.3100000023841858       302.8655121938685       17.19352208034773    
   0.3110000193119049       303.8981628994405       17.30821438313569    
   0.3120000064373016       304.9311518810250       17.42307452725663    
   0.3130000233650208       305.9645400760006       17.53810912354780    
   0.3140000104904175       306.9982652596738       17.65331109827407    
   0.3150000274181366       308.0323884199915       17.76868711875667    
   0.3160000145435333       309.0668472951894       17.88423012649752    
   0.3170000016689301       310.1016720777055       17.99994339311584    
   0.3180000185966492       311.1368930070238       18.11583022768549    
   0.3190000057220459       312.1724477662265       18.23188359273716    
   0.3200000226497650       313.2083974694383       18.34811029214595    
   0.3210000097751617       314.2446797632581       18.46450330127080    
   0.3220000267028809       315.2813558121676       18.58106947683728    
   0.3230000138282776       316.3183632264995       18.69780180610056    
   0.3240000009536743       317.3557322992285       18.81470371115475    
   0.3250000178813934       318.3934933699972       18.93177864979491    
   0.3260000050067902       319.4315839951275       19.04901962540898    
   0.3270000219345093       320.4700654646529       19.16643362270784    
   0.3280000090599060       321.5088752991334       19.28401365471793    
   0.3290000259876251       322.5480748386731       19.40176675576938    
   0.3300000131130219       323.5876015682568       19.51968594765158    
   0.3310000300407410       324.6275168779657       19.63777831345821    
   0.3320000171661377       325.6677582173880       19.75603688288144    
   0.3330000042915344       326.7083560085478       19.87446525493413    
   0.3340000212192535       327.7493407196167       19.99306706241689    
   0.3350000083446503       328.7906497474066       20.11183534529416    
   0.3360000252723694       329.8323446065039       20.23077730500963    
   0.3370000123977661       330.8743626587367       20.34988598734168    
   0.3380000293254852       331.9167654683089       20.46916863972105    
   0.3390000164508820       332.9594903622179       20.58861831292886    
   0.3400000035762787       334.0025678623923       20.70823873208976    
   0.3410000205039978       335.0460285364883       20.82803365486409    
   0.3420000076293945       336.0898096595291       20.94799613804332    
   0.3430000245571136       337.1339729192686       21.06813354086514    
   0.3440000116825104       338.1784555562510       21.18843892315050    
   0.3450000286102295       339.2233193074464       21.30891968765915    
   0.3460000157356262       340.2685013790507       21.42956889647320    
   0.3470000028610229       341.3140323922801       21.55039039184562    
   0.3480000197887421       342.3599430136508       21.67138804749588    
   0.3490000069141388       343.4061703980673       21.79255492748364    
   0.3500000238418579       344.4527764050038       21.91389854057104    
   0.3510000109672546       345.4996981553154       22.03541195120885    
   0.3520000278949738       346.5469975572598       22.15710270949589    
   0.3530000150203705       347.5946116977524       22.27896387954557    
   0.3540000021457672       348.6425712965307       22.40099941262520    
   0.3550000190734863       349.6909071182013       22.52321329056492    
   0.3560000061988831       350.7395561989669       22.64559857562790    
   0.3570000231266022       351.7885805684773       22.76816291877261    
   0.3580000102519989       352.8379172292487       22.89089938014767    
   0.3590000271797180       353.8876282592586       23.01381565011362    
   0.3600000143051147       354.9376506274295       23.13690478601107    
   0.3610000312328339       355.9880464599333       23.26017451709247    
   0.3620000183582306       357.0387526921861       23.38361789720631    
   0.3630000054836273       358.0898001692813       23.50723900710816    
   0.3640000224113464       359.1412197806312       23.63104195716818    
   0.3650000095367432       360.1929484115485       23.75501979473357    
   0.3660000264644623       361.2450483081028       23.87918034417004    
   0.3670000135898590       362.2974563223010       24.00351664766193    
   0.3680000305175781       363.3502347479347       24.12803656681837    
   0.3690000176429749       364.4033204037779       24.25273313800813    
   0.3700000047683716       365.4567442312913       24.37761053526531    
   0.3710000216960907       366.5105372158330       24.50267296164978    
   0.3720000088214874       367.5646361264569       24.62791344360017    
   0.3730000257492065       368.6191033756590       24.75333993396892    
   0.3740000128746033       369.6738756994257       24.87894545178279    
   0.3750000298023224       370.7290155574946       25.00473798568550    
   0.3760000169277191       371.7844596528445       25.13071054666751    
   0.3770000040531158       372.8402390222420       25.25686739621555    
   0.3780000209808350       373.8963847459377       25.38321282436711    
   0.3790000081062317       374.9528334775035       25.50973982890388    
   0.3800000250339508       376.0096477941770       25.63645648630965    
   0.3810000121593475       377.0667643166562       25.76335578480087    
   0.3820000290870667       378.1242456689375       25.89044583537849    
   0.3830000162124634       379.1820284388930       26.01771961609603    
   0.3840000033378601       380.2401437574889       26.14518147062080    
   0.3850000202655792       381.2986227987710       26.27283577080073    
   0.3860000073909760       382.3574021014565       26.40067547833718    
   0.3870000243186951       383.4165444058358       26.52870878908974    
   0.3880000114440918       384.4759862179064       26.65692865313078    
   0.3890000283718109       385.5357903242368       26.78534329972168    
   0.3900000154972076       386.5958931981414       26.91394566673201    
   0.3910000324249268       387.6563576723304       27.04274401653345    
   0.3920000195503235       388.7171201874706       27.17173127422411    
   0.3930000066757202       389.7782119939657       27.30091188218772    
   0.3940000236034393       390.8396643847989       27.43029031064627    
   0.3950000107288361       391.9014137517238       27.55985946449002    
   0.3960000276565552       392.9635230422082       27.68962768766612    
   0.3970000147819519       394.0259286154328       27.81958787090128    
   0.3980000317096710       395.0886934645317       27.94974839032066    
   0.3990000188350677       396.1517539161376       28.08010212194142    
   0.4000000059604645       397.2151413122265       28.21065358008453    
   0.4010000228881836       398.2788870369787       28.34140730673576    
   0.4020000100135803       399.3429273682472       28.47235615483710    
   0.4030000269412994       400.4073254127476       28.60350857991773    
   0.4040000140666962       401.4720174158381       28.73485741887065    
   0.4050000309944153       402.5370665294347       28.86641115859582    
   0.4060000181198120       403.6024089664180       28.99816261941118    
   0.4070000052452087       404.6680761591702       29.13011638377824    
   0.4080000221729279       405.7340995819168       29.26227706172120    
   0.4090000092983246       406.8004153988488       29.39463744772241    
   0.4100000262260437       407.8670868743100       29.52720610621280    
   0.4110000133514404       408.9340501400474       29.65997581380953    
   0.4120000302791595       410.0013685051489       29.79295516562032    
   0.4130000174045563       411.0689780689268       29.92613691989045    
   0.4140000343322754       412.1369421850851       30.05952970222527    
   0.4150000214576721       413.2051969205095       30.19312625199704    
   0.4160000085830688       414.2737738221109       30.32693123427408    
   0.4170000255107880       415.3427044781992       30.46094934164958    
   0.4180000126361847       416.4119249070317       30.59517328425740    
   0.4190000295639038       417.4814985732961       30.72961176321491    
   0.4200000166893005       418.5513614628348       30.86425746855126    
   0.4210000336170197       419.6215770845099       30.99911913131611    
   0.4220000207424164       420.6920813917503       31.13418942095075    
   0.4230000078678131       421.7629060192264       31.26947306328663    
   0.4240000247955322       422.8340826426806       31.40497481171355    
   0.4250000119209290       423.9055471669210       31.54068730389496    
   0.4260000288486481       424.9773632107065       31.67661934509117    
   0.4270000159740448       426.0494666464280       31.81276355118954    
   0.4280000329017639       427.1219211365906       31.94912875690576    
   0.4290000200271606       428.1946625211634       32.08570755588385    
   0.4300000071525574       429.2677225214409       32.22250473198551    
   0.4310000240802765       430.3411328994769       32.35952509671208    
   0.4320000112056732       431.4148294465969       32.49676120947814    
   0.4330000281333923       432.4888759341499       32.63422197811915    
   0.4340000152587891       433.5632081210227       32.77189993865931    
   0.4350000321865082       434.6378898218955       32.90980402799115    
   0.4360000193119049       435.7128567632067       33.04792675829815    
   0.4370000064373016       436.7881407517575       33.18627296900029    
   0.4380000233650208       437.8637736348120       33.32484752728055    
   0.4390000104904175       438.9396910901153       33.46364290872543    
   0.4400000274181366       440.0159570401732       33.60266812244272    
   0.4410000145435333       441.0925071302518       33.74191561906981    
   0.4420000314712524       442.1694053257890       33.88139443644444    
   0.4430000185966492       443.2465872395588       34.02109699981928    
   0.4440000355243683       444.3241168798189       34.16103237568048    
   0.4450000226497650       445.4019298268356       34.30119296346498    
   0.4460000097751617       446.4800579957439       34.44158367077035    
   0.4470000267028809       447.5585333417824       34.58220943316982    
   0.4480000138282776       448.6372913964233       34.72306261057717    
   0.4490000307559967       449.7163962744953       34.86415234077362    
   0.4500000178813934       450.7957834749180       35.00547095679750    
   0.4510000348091125       451.8755171549597       35.14702762483090    
   0.4520000219345093       452.9555327809689       35.28881465061961    
   0.4530000090599060       454.0358623511255       35.43083699252144    
   0.4540000259876251       455.1165379034493       35.57309963706968    
   0.4550000131130219       456.1974948553924       35.71559484829896    
   0.4560000300407410       457.2787974698603       35.85833186313710    
   0.4570000171661377       458.3603811316790       36.00130291730258    
   0.4580000340938568       459.4423101458277       36.14451727593043    
   0.4590000212192535       460.5245198644835       36.28796714601970    
   0.4600000083446503       461.6070423678381       36.43165753491279    
   0.4610000252723694       462.6899097756747       36.57559347835246    
   0.4620000123977661       463.7730573911522       36.71976713951246    
   0.4630000293254852       464.8565496239906       36.86418785385210    
   0.4640000164508820       465.9403217446377       37.00884775483635    
   0.4650000333786011       467.0244382045372       37.15375620598594    
   0.4660000205039978       468.1088342413980       37.29890531066839    
   0.4670000076293945       469.1935420164189       37.44430012360441    
   0.4680000245571136       470.2785937301560       37.58994572816189    
   0.4690000116825104       471.3639245711601       37.73583418184161    
   0.4700000286102295       472.4495990947586       37.88197491817696    
   0.4710000157356262       473.5355524566928       38.02835996361570    
   0.4720000326633453       474.6218492536790       38.17499877964856    
   0.4730000197887421       475.7084246086192       38.32188336129425    
   0.4740000367164612       476.7953431595245       38.46902319797841    
   0.4750000238418579       477.8825399964281       38.61641025291912    
   0.4760000109672546       478.9700473832538       38.76404963963596    
   0.4770000278949738       480.0578976230033       38.91194650064027    
   0.4780000150203705       481.1460257563476       39.06009275075979    
   0.4790000319480896       482.2344965241344       39.20849794917565    
   0.4800000190734863       483.3232449340859       39.35715397800161    
   0.4810000360012054       484.4123357680279       39.50607042429576    
   0.4820000231266022       485.5017040007009       39.65523913709827    
   0.4830000102519989       486.5913819748545       39.80466527418719    
   0.4840000271797180       487.6814020721138       39.95435402261324    
   0.4850000143051147       488.7716992176820       40.10429718114260    
   0.4860000312328339       489.8623382954505       40.25450440648298    
   0.4870000183582306       490.9532541975541       40.40496746344530    
   0.4880000352859497       492.0445118485609       40.55569603658623    
   0.4890000224113464       493.1360461075023       40.70668185641595    
   0.4900000095367432       494.2278893950509       40.85793012381183    
   0.4910000264644623       495.3200741705645       41.00944606921690    
   0.4920000135898590       496.4125352433510       41.16122137104840    
   0.4930000305175781       497.5053376393075       41.31326578347674    
   0.4940000176429749       498.5984161345469       41.46557094976816    
   0.4950000345706940       499.6918357953554       41.61814665193992    
   0.4960000216960907       500.7855313646123       41.77098449777337    
   0.4970000088214874       501.8795353400407       41.92408973019482    
   0.4980000257492065       502.9738802578709       42.07746762199511    
   0.4990000128746033       504.0685008110613       42.23110972711032    
   0.5000000000000000       505.1634295300967       42.38502130619005    
   0.5010000467300415       506.2587316295076       42.53921224894436    
   0.5020000338554382       507.3542764702004       42.69366486468245    
   0.5030000209808350       508.4501292516991       42.84838902261348    
   0.5040000081062317       509.5462899023227       43.00338540769123    
   0.5049999952316284       510.6427583520313       43.15865470258507    
   0.5060000419616699       511.7395999153788       43.31420686700684    
   0.5070000290870667       512.8366837779682       43.47002403657950    
   0.5080000162124634       513.9340752392236       43.62611614992876    
   0.5090000033378601       515.0317742355275       43.78248388020810    
   0.5100000500679016       516.1298461611236       43.93913724317760    
   0.5110000371932983       517.2281600612598       44.09605823338043    
   0.5120000243186951       518.3267813149520       44.25325684503611    
   0.5130000114440918       519.4257098647786       44.41073374119289    
   0.5139999985694885       520.5249456548312       44.56848958228306    
   0.5150000452995300       521.6245541785688       44.72653445420137    
   0.5160000324249268       522.7244043056404       44.88485017253804    
   0.5170000195503235       523.8245615141545       45.04344680109425    
   0.5180000066757202       524.9250257541189       45.20232498948667    
   0.5190000534057617       526.0258625980571       45.36149487978556    
   0.5200000405311584       527.1269407750043       45.52093814238166    
   0.5210000276565552       528.2283258420348       45.68066489682256    
   0.5220000147819519       529.3300177548518       45.84067578135890    
   0.5230000019073486       530.4320164705487       46.00097143131656    
   0.5240000486373901       531.5343876601085       46.16156205908112    
   0.5250000357627869       532.6369998766154       46.32242915105987    
   0.5260000228881836       533.7399187754805       46.48358289659324    
   0.5270000100135803       534.8431443192202       46.64502391897752    
   0.5279999971389771       535.9466764716722       46.80675283842078    
   0.5290000438690186       537.0505810018821       46.96877993773787    
   0.5300000309944153       538.1547262867650       47.13108651666290    
   0.5310000181198120       539.2591780796712       47.29368283446038    
   0.5320000052452087       540.3639363495934       47.45656949866927    
   0.5330000519752502       541.4690669437509       47.61975684853551    
   0.5340000391006470       542.5744380979561       47.78322603256771    
   0.5350000262260437       543.6801156436346       47.94698736606902    
   0.5360000133514404       544.7860995547223       48.11104144341426    
   0.5370000004768372       545.8923898063586       48.27538885561053    
   0.5380000472068787       546.9990523431460       48.44004001255569    
   0.5390000343322754       548.1059552242992       48.60497587143365    
   0.5400000214576721       549.2131643785045       48.77020681772301    
   0.5410000085830688       550.3206797855838       48.93573342866836    
   0.5420000553131104       551.4285674677890       49.10156617078069    
   0.5430000424385071       552.5366953428718       49.26768584639665    
   0.5440000295639038       553.6451294170706       49.43410289723921    
   0.5450000166893005       554.7538696746836       49.60081788632577    
   0.5460000038146973       555.8629161010961       49.76783137304691    
   0.5470000505447388       556.9723348153104       49.93515389479461    
   0.5480000376701355       558.0819935580122       50.10276605818083    
   0.5490000247955322       559.1919584320668       50.27067837536122    
   0.5500000119209290       560.3022294270842       50.43889139093869    
   0.5509999990463257       561.4128065336971       50.60740564575031    
   0.5520000457763672       562.5237559673262       50.77623174819487    
   0.5530000329017639       563.6349452913122       50.94535010682558    
   0.5540000200271606       564.7464407048172       51.11477130437302    
   0.5550000071525574       565.8582422024493       51.28449586634468    
   0.5560000538825989       566.9704160765320       51.45453445803400    
   0.5570000410079956       568.0828297483241       51.62486732791908    
   0.5580000281333923       569.1955494937945       51.79550511528974    
   0.5590000152587891       570.3085753113289       51.96644832990463    
   0.5600000023841858       571.4219072002270       52.13769747752178    
   0.5610000491142273       572.5356115486633       52.30926329465682    
   0.5620000362396240       573.6495556000289       52.48112582772969    
   0.5630000233650208       574.7638057260227       52.65329578684699    
   0.5640000104904175       575.8783619294807       52.82577366150976    
   0.5649999976158142       576.9932242140934       52.99855993709215    
   0.5660000443458557       578.1084590635865       53.17166542144216    
   0.5670000314712524       579.2239335431818       53.34506995681443    
   0.5680000185966492       580.3397141200101       53.51878432425735    
   0.5690000057220459       581.4558008010603       53.69280899239709    
   0.5700000524520874       582.5722601462929       53.86715482622036    
   0.5710000395774841       583.6889590781705       54.04180150318731    
   0.5720000267028809       584.8059641399628       54.21675986118269    
   0.5730000138282776       585.9232753417705       54.39203035170411    
   0.5740000009536743       587.0408926944426       54.56761342190952    
   0.5750000476837158       588.1588828529833       54.74352000828989    
   0.5760000348091125       589.2771125611217       54.91972958055578    
   0.5770000219345093       590.3956484570525       55.09625304773151    
   0.5780000090599060       591.5144905545062       55.27309083938493    
   0.5790000557899475       592.6337055843289       55.45025394926871    
   0.5800000429153442       593.7531601470303       55.62772167953902    
   0.5810000300407410       594.8729209565530       55.80550499620130    
   0.5820000171661377       595.9929880293274       55.98360431087405    
   0.5830000042915344       597.1133613824314       56.16202003063453    
   0.5840000510215759       598.2341078412793       56.34076322087187    
   0.5850000381469727       599.3550938270635       56.51981297268078    
   0.5860000252723694       600.4763861481802       56.69918032336399    
   0.5870000123977661       601.5979848241826       56.87886566161550    
   0.5879999995231628       602.7198898752164       57.05886937148044    
   0.5890000462532043       603.8421682210159       57.23920259003723    
   0.5900000333786011       604.9646861031251       57.41984419559888    
   0.5910000205039978       606.0875104241441       57.60080529683113    
   0.5920000076293945       607.2106412064746       57.78208625897629    
   0.5930000543594360       608.3341454451340       57.96369827648904    
   0.5940000414848328       609.4578892377064       58.14562005627727    
   0.5950000286102295       610.5819395619809       58.32786276413317    
   0.5960000157356262       611.7062964424458       58.51042674616968    
   0.5970000028610229       612.8309599040832       58.69331234366736    
   0.5980000495910645       613.9559970358022       58.87653082281869    
   0.5990000367164612       615.0812737549335       59.06006067487303    
   0.6000000238418579       616.2068571330459       59.24391313705954    
   0.6010000109672546       617.3327471969943       59.42808853113367    
   0.6020000576972961       618.4590111106404       59.61259818067899    
   0.6030000448226929       619.5855146468662       59.79742040335162    
   0.6040000319480896       620.7123249521031       59.98256649354123    
   0.6050000190734863       621.8394420549113       60.16803675317046    
   0.6060000061988831       622.9668659842508       60.35383147915559    
   0.6070000529289246       624.0946639974774       60.53996206680373    
   0.6080000400543213       625.2227016866051       60.72640661552020    
   0.6090000271797180       626.3510462914481       60.91317649114200    
   0.6100000143051147       627.4796978424667       61.10027197037941    
   0.6110000014305115       628.6086563704704       61.28769332484490    
   0.6120000481605530       629.7379892260977       61.47545202152861    
   0.6130000352859497       630.8675618201521       61.66352594027207    
   0.6140000224113464       631.9974414856200       61.85192651833414    
   0.6150000095367432       633.1276282546095       62.04065400675783    
   0.6160000562667847       634.2581895522379       62.22971992983706    
   0.6170000433921814       635.3889906440924       62.41910199087620    
   0.6180000305175781       636.5200989375513       62.60881168423555    
   0.6190000176429749       637.6515144658621       62.79884924010965    
   0.6200000047683716       638.7832372625319       62.98921488343685    
   0.6210000514984131       639.9153348455985       63.17992021006327    
   0.6220000386238098       641.0476722988200       63.37094270159215    
   0.6230000257492065       642.1803171223877       63.56229392369902    
   0.6240000128746033       643.3132693507526       63.75397408012989    
   0.6250000000000000       644.4465290185778       63.94598336929184    
   0.6260000467300415       645.5801637366299       64.13833345847729    
   0.6270000338554382       646.7140384064933       64.33100160652718    
   0.6280000209808350       647.8482206209826       64.52399945033702    
   0.6290000081062317       648.9827104155123       64.71732716679035    
   0.6300000548362732       650.1175754748980       64.91099648024029    
   0.6310000419616699       651.2526805547396       65.10498447061806    
   0.6320000290870667       652.3880933218163       65.29930283170816    
   0.6330000162124634       653.5238138121439       65.49395171861369    
   0.6340000033378601       654.6598420618643       65.68893128095237    
   0.6350000500679016       655.7962458481909       65.88425331426060    
   0.6360000371932983       656.9328897439367       66.07989467403416    
   0.6370000243186951       658.0698415081746       66.27586712503874    
   0.6380000114440918       659.2071011774624       66.47217079479805    
   0.6390000581741333       660.3447366028045       66.66881753566206    
   0.6400000452995300       661.4826122105392       66.86578402299889    
   0.6410000324249268       662.6207958334493       67.06308207823616    
   0.6420000195503235       663.7592875083618       67.26071180655862    
   0.6430000066757202       664.8980872721488       67.45867330753029    
   0.6440000534057617       666.0372630678977       67.65697850432815    
   0.6450000405311584       667.1766791385530       67.85560384651480    
   0.6460000276565552       668.3164034088800       68.05456122616650    
   0.6470000147819519       669.4564359158398       68.25385072021122    
   0.6480000019073486       670.5967766963948       68.45347239988244    
   0.6490000486373901       671.7374937855476       68.65343825894472    
   0.6500000357627869       672.8784512425158       68.85372452052722    
   0.6510000228881836       674.0197170838807       69.05434314712693    
   0.6520000100135803       675.1612913465176       69.25529418705425    
   0.6530000567436218       676.3032421388425       69.45658969034892    
   0.6540000438690186       677.4454333728555       69.65820569860514    
   0.6550000309944153       678.5879331384729       69.86015423047171    
   0.6560000181198120       679.7307414723449       70.06243531111181    
   0.6570000052452087       680.8738584110437       70.26504895986893    
   0.6580000519752502       682.0173521546068       70.46800729685653    
   0.6590000391006470       683.1610864307203       70.67128613634590    
   0.6600000262260437       684.3051294208262       70.87489756691727    
   0.6610000133514404       685.4494811611013       71.07884158449362    
   0.6620000600814819       686.5942099247669       71.28313036501171    
   0.6630000472068787       687.7391792918268       71.48773954062135    
   0.6640000343322754       688.8844575168315       71.69268125562076    
   0.6650000214576721       690.0300446354265       71.89795548229961    
   0.6660000085830688       691.1759406831045       72.10356218700825    
   0.6670000553131104       692.3222140244271       72.30951361513793    
   0.6680000424385071       693.4687280545119       72.51578517094025    
   0.6690000295639038       694.6155511191561       72.72238906804627    
   0.6700000166893005       695.7626832531564       72.92932524891579    
   0.6710000038146973       696.9101244911160       73.13659365000264    
   0.6720000505447388       698.0579432887832       73.34420658575995    
   0.6730000376701355       699.2060028560808       73.55213923235735    
   0.6740000247955322       700.3543716299013       73.76040387238071    
   0.6750000119209290       701.5030496439897       73.96900041814210    
   0.6760000586509705       702.6521054269364       74.17794123903607    
   0.6770000457763672       703.8014020402890       74.38720132870263    
   0.6780000329017639       704.9510079937085       74.59679302459239    
   0.6790000200271606       706.1009233199559       74.80671621467937    
   0.6800000071525574       707.2511480515254       75.01697078082358    
   0.6810000538825989       708.4017508079237       75.22756916068357    
   0.6820000410079956       709.5525944649635       75.43848611973800    
   0.6830000281333923       710.7037476231354       75.64973406361612    
   0.6840000152587891       711.8552103137919       75.86131284960048    
   0.6850000619888306       713.0070512290673       76.07323496960747    
   0.6860000491142273       714.1591330959773       76.28547500664909    
   0.6870000362396240       715.3115245875707       76.49804542055249    
   0.6880000233650208       716.4642257339347       76.71094604383880    
   0.6890000104904175       717.6172365648212       76.92417670280953    
   0.6900000572204590       718.7706258630158       77.13774995672696    
   0.6910000443458557       719.9242561692846       77.35164016068509    
   0.6920000314712524       721.0781962472440       77.56585984179480    
   0.6930000185966492       722.2324461252285       77.78040880136922    
   0.6940000057220459       723.3870058311996       77.99528683444643    
   0.6950000524520874       724.5419442384501       78.21050656707149    
   0.6960000395774841       725.6971237012214       78.42604212669592    
   0.6970000267028809       726.8526130735530       78.64190610716501    
   0.6980000138282776       728.0084123818408       78.85809827830674    
   0.6990000605583191       729.1645905716783       79.07463131916232    
   0.7000000476837158       730.3210098478949       79.29147917533533    
   0.7010000348091125       731.4777391367667       79.50865449363469    
   0.7020000219345093       732.6347784630055       79.72615701850874    
   0.7030000090599060       733.7921278508851       79.94398648803298    
   0.7040000557899475       734.9498563362438       80.16215564692037    
   0.7050000429153442       736.1078259369160       80.38063821388286    
   0.7060000300407410       737.2661056693437       80.59944690137519    
   0.7070000171661377       738.4246955559718       80.81858142188221    
   0.7080000042915344       739.5835956187717       81.03804148146696    
   0.7090000510215759       740.7428749836835       81.25783988983984    
   0.7100000381469727       741.9023954812966       81.47795013938310    
   0.7110000252723694       743.0622262180763       81.69838500753292    
   0.7120000123977661       744.2223672140242       81.91914417455843    
   0.7130000591278076       745.3828876670569       82.14024050165591    
   0.7140000462532043       746.5436492577962       82.36164730061566    
   0.7150000333786011       747.7047211646235       82.58337740035715    
   0.7160000205039978       748.8661034054593       82.80543045519578    
   0.7170000076293945       750.0277959976875       83.02780611293520    
   0.7180000543594360       751.1898682290637       83.25051729845347    
   0.7190000414848328       752.3521815925445       83.47353709848005    
   0.7200000286102295       753.5148053562767       83.69687840562308    
   0.7210000157356262       754.6777395354261       83.92054084153892    
   0.7220000624656677       755.8410534895140       84.14453738148549    
   0.7230000495910645       757.0046085612074       84.36884093274897    
   0.7240000367164612       758.1684740903610       84.59346443833157    
   0.7250000238418579       759.3326500898156       84.81840749359198    
   0.7260000109672546       760.4971365718122       85.04366968729141    
   0.7270000576972961       761.6620029854475       85.26926405691768    
   0.7280000448226929       762.8271104853387       85.49516328630028    
   0.7290000319480896       763.9925285008445       85.72138038070146    
   0.7300000190734863       765.1582570417489       85.94791490239967    
   0.7310000061988831       766.3242961172050       86.17476640702974    
   0.7320000529289246       767.4907152657332       86.40194799344532    
   0.7330000400543213       768.6573754537047       86.62943212305528    
   0.7340000271797180       769.8243461998358       86.85723186252828    
   0.7350000143051147       770.9916275106905       87.08534674083737    
   0.7360000610351562       772.1592889962212       87.31378990527409    
   0.7370000481605530       773.3271914720681       87.54253364013005    
   0.7380000352859497       774.4954045283263       87.77159106055323    
   0.7390000224113464       775.6639281688686       88.00096166871515    
   0.7400000095367432       776.8327623968792       88.23064496006599    
   0.7410000562667847       778.0019769114629       88.46065414159177    
   0.7420000433921814       779.1714323396895       88.69096127729694    
   0.7430000305175781       780.3411983607422       88.92157954208957    
   0.7440000176429749       781.5112749749875       89.15250840444567    
   0.7450000643730164       782.6817319527415       89.38376111839843    
   0.7460000514984131       783.8524297700999       89.61530957267641    
   0.7470000386238098       785.0234381774067       89.84716698929427    
   0.7480000257492065       786.1947571721124       90.07933280962111    
   0.7490000128746033       787.3663867509223       90.31180646822861    
   0.7500000596046448       788.5383967730234       90.54460127703335    
   0.7510000467300415       789.7106475256606       90.77768890695188    
   0.7520000338554382       790.8832088479902       91.01108263796716    
   0.7530000209808350       792.0560807336777       91.24478187738180    
   0.7540000081062317       793.2292631756154       91.47878602565990    
   0.7550000548362732       794.4028261217032       91.71310845152996    
   0.7560000419616699       795.5766296701964       91.94772060962224    
   0.7570000290870667       796.7507437489053       92.18263583683122    
   0.7580000162124634       797.9251683475629       92.41785350619195    
   0.7590000629425049       799.0999734849215       92.65338703108173    
   0.7600000500679016       800.2750191079566       92.88920769427067    
   0.7610000371932983       801.4503752152867       93.12532887738938    
   0.7620000243186951       802.6260417933908       93.36174992592024    
   0.7630000114440918       803.8020188279199       93.59847017843866    
   0.7640000581741333       804.9783764260437       93.83550310309212    
   0.7650000452995300       806.1549743455386       94.07281976937949    
   0.7660000324249268       807.3318826733855       94.31043361382044    
   0.7670000195503235       808.5091013918658       94.54834394728698    
   0.7680000066757202       809.6866304824039       94.78655007370509    
   0.7690000534057617       810.8645401404177       95.02506551479337    
   0.7700000405311584       812.0426899343876       95.26386112860372    
   0.7710000276565552       813.2211500394909       95.50295040536005    
   0.7720000147819519       814.3999204336682       95.74233262113739    
   0.7730000615119934       815.5790713828102       95.98202133961560    
   0.7740000486373901       816.7584623039031       96.22198725107646    
   0.7750000357627869       817.9381634425577       96.46224388782059    
   0.7760000228881836       819.1181747731408       96.70279049795512    
   0.7770000100135803       820.2984962691120       96.94362632257706    
   0.7780000567436218       821.4791982842956       97.18476497666047    
   0.7790000438690186       822.6601400462475       97.42617694259948    
   0.7800000309944153       823.8413918884647       97.66787580414326    
   0.7810000181198120       825.0229537807218       97.90986077428069    
   0.7820000648498535       826.2048961470610       98.15214550806411    
   0.7830000519752502       827.3870780634546       98.39470032310564    
   0.7840000391006470       828.5695699335809       98.63753884336499    
   0.7850000262260437       829.7523717234425       98.88066025361253    
   0.7860000133514404       830.9354833980871       99.12406373154700    
   0.7870000600814819       832.1189754691611       99.36776298108229    
   0.7880000472068787       833.3027068231241       99.61172811585540    
   0.7890000343322754       834.4867479512166       99.85597280886422    
   0.7900000214576721       835.6710988146065       100.1004962094555    
   0.7910000085830688       836.8557593734782       100.3452974598683    
   0.7920000553131104       838.0408002268952       100.5903903114608    
   0.7930000424385071       839.2260800717817       100.8357446762206    
   0.7940000295639038       840.4116694867530       101.0813742747787    
   0.7950000166893005       841.5975684280094       101.3272782208912    
   0.7960000634193420       842.7838475644079       101.5734703028161    
   0.7970000505447388       843.9703654412389       101.8199202729707    
   0.7980000376701355       845.1571927068798       102.0666418890466    
   0.7990000247955322       846.3443293134638       102.3136342362133    
   0.8000000119209290       847.5317752120956       102.5608963924766    
   0.8010000586509705       848.7196011586951       102.8084421908611    
   0.8020000457763672       849.9076655090178       103.0562411866025    
   0.8030000329017639       851.0960389984691       103.3043071823687    
   0.8040000200271606       852.2847215739824       103.5526392274546    
   0.8050000667572021       853.4737840609823       103.8012511895773    
   0.8060000538825989       854.6630846636153       104.0501124681205    
   0.8070000410079956       855.8526941867618       104.2992369006245    
   0.8080000281333923       857.0426125731070       104.5486235075730    
   0.8090000152587891       858.2328397642614       104.7982713022333    
   0.8100000619888306       859.4234466723409       105.0481941942516    
   0.8110000491142273       860.6142913120166       105.2983613906537    
   0.8120000362396240       861.8054445748298       105.5487867711419    
   0.8130000233650208       862.9969063980410       105.7994693200532    
   0.8140000104904175       864.1886767178135       106.0504080144768    
   0.8150000572204590       865.3808265327408       106.3016168043416    
   0.8160000443458557       866.5732136680773       106.5530647071525    
   0.8170000314712524       867.7659091018122       106.8047656431402    
   0.8180000185966492       868.9589127656617       107.0567185603462    
   0.8190000653266907       870.1522957272438       107.3089374397093    
   0.8200000524520874       871.3459156603340       107.5613911492316    
   0.8210000395774841       872.5398436119219       107.8140936403564    
   0.8220000267028809       873.7340795092019       108.0670438319887    
   0.8230000138282776       874.9286232782256       108.3202406357324    
   0.8240000605583191       876.1235460726887       108.5736980697192    
   0.8250000476837158       877.3187053770984       108.8273848178158    
   0.8260000348091125       878.5141723244981       109.0813148689275    
   0.8270000219345093       879.7099468363225       109.3354871054087    
   0.8280000686645508       880.9061001349627       109.5899155738599    
   0.8290000557899475       882.1024895535907       109.8445688131023    
   0.8300000429153442       883.2991862939278       110.0994608407326    
   0.8310000300407410       884.4961902727164       110.3545905097679    
   0.8320000171661377       885.6935014055156       110.6099566658782    
   0.8330000638961792       886.8911910003719       110.8655733896029    
   0.8340000510215759       888.0891162014041       111.1214090413766    
   0.8350000381469727       889.2873482959666       111.3774776730244    
   0.8360000252723694       890.4858871948358       111.6337781007711    
   0.8370000123977661       891.6847328075812       111.8903091334675    
   0.8380000591278076       892.8839565276605       112.1470848837109    
   0.8390000462532043       894.0834153102838       112.4040735369039    
   0.8400000333786011       895.2831805281991       112.6612891772295    
   0.8410000205039978       896.4832520861032       112.9187305839911    
   0.8420000672340393       897.6837014456020       113.1764118940425    
   0.8430000543594360       898.8843854108972       113.4343011552490    
   0.8440000414848328       900.0853754228726       113.6924124763034    
   0.8450000286102295       901.2866713812813       113.9507446068773    
   0.8460000157356262       902.4882731846299       114.2092962892212    
   0.8470000624656677       903.6902523794797       114.4680816887338    
   0.8480000495910645       904.8924655814342       114.7270686845655    
   0.8490000367164612       906.0949843163190       114.9862714142755    
   0.8500000238418579       907.2978084776094       115.2456885903856    
   0.8510000109672546       908.5009379575133       115.5053189179711    
   0.8520000576972961       909.7044443872808       115.7651765889472    
   0.8530000448226929       910.9081841941215       116.0252293174208    
   0.8540000319480896       912.1122289885399       116.2854912678034    
   0.8550000190734863       913.3165786576262       116.5459611153443    
   0.8560000658035278       914.5213049001875       116.8066530716779    
   0.8570000529289246       915.7262639928771       117.0675347215933    
   0.8580000400543213       916.9315276137472       117.3286202495005    
   0.8590000271797180       918.1370956447058       117.5899083007432    
   0.8600000143051147       919.3429679663542       117.8513975131798    
   0.8610000610351562       920.5492163616931       118.1131021211821    
   0.8620000481605530       921.7556969193968       118.3749895513873    
   0.8630000352859497       922.9624814017068       118.6370740113006    
   0.8640000224113464       924.1695696839565       118.8993541087827    
   0.8650000691413879       925.3770336162975       119.1618440948342    
   0.8660000562667847       926.5847291372066       119.4245112724356    
   0.8670000433921814       927.7927280760726       119.6873698660184    
   0.8680000305175781       929.0010303028963       119.9504184533702    
   0.8690000176429749       930.2096356863364       120.2136556047519    
   0.8700000643730164       931.4186161602166       120.4770955899521    
   0.8710000514984131       932.6278274755205       120.7407055610624    
   0.8720000386238098       933.8373415453077       121.0044997616809    
   0.8730000257492065       935.0471582328228       121.2684767319073    
   0.8740000128746033       936.2572773999481       121.5326350042930    
   0.8750000596046448       937.4677710638789       121.7969888651435    
   0.8760000467300415       938.6784947884045       122.0615053198569    
   0.8770000338554382       939.8895205699578       122.3261986289410    
   0.8780000209808350       941.1008482649266       122.5910672946999    
   0.8790000677108765       942.3125499569829       122.8561256149836    
   0.8800000548362732       943.5244810603900       123.1213404809335    
   0.8810000419616699       944.7367136380585       123.3867261649245    
   0.8820000290870667       945.9492475408219       123.6522811389448    
   0.8830000162124634       947.1620826181154       123.9180038673932    
   0.8840000629425049       948.3752910364184       124.1839086604167    
   0.8850000500679016       949.5887280233943       124.4499622703062    
   0.8860000371932983       950.8024657247678       124.7161789821498    
   0.8870000243186951       952.0165039843424       124.9825572299462    
   0.8880000710487366       953.2309150346092       125.2491113319418    
   0.8890000581741333       954.4455539542116       125.5158079325933    
   0.8900000452995300       955.6604929548934       125.7826613254269    
   0.8910000324249268       956.8757318747653       126.0496699139783    
   0.8920000195503235       958.0912705505036       126.3168320941565    
   0.8930000662803650       959.3071812968172       126.5841621921094    
   0.8940000534057617       960.5233190064150       126.8516267216603    
   0.8950000405311584       961.7397559732693       127.1192399846736    
   0.8960000276565552       962.9564920282888       127.3870003465144    
   0.8970000147819519       964.1735270009324       127.6549061649018    
   0.8980000615119934       965.3909332877822       127.9229717713676    
   0.8990000486373901       966.6085655960172       128.1911635538275    
   0.9000000357627869       967.8264963014969       128.4594958199792    
   0.9010000228881836       969.0447252278391       128.7279668969194    
   0.9020000696182251       970.2633248368720       128.9965911186370    
   0.9030000567436218       971.4821496876567       129.2653347758028    
   0.9040000438690186       972.7012722213123       129.5342121789409    
   0.9050000309944153       973.9206922555564       129.8032216244642    
   0.9060000181198120       975.1404096066233       130.0723614011044    
   0.9070000648498535       976.3604968175774       130.3416458435643    
   0.9080000519752502       977.5808082627319       130.6110411254104    
   0.9090000391006470       978.8014164644603       130.8805615583508    
   0.9100000262260437       980.0223212330268       131.1502054003591    
   0.9110000729560852       981.2435951762187       131.4199869847850    
   0.9120000600814819       982.4650925208870       131.6898723951471    
   0.9130000472068787       983.6868858541471       131.9598759421866    
   0.9140000343322754       984.9089749802348       132.2299958530601    
   0.9150000214576721       986.1313597018700       132.5002303472116    
   0.9160000681877136       987.3541127074072       132.7705937538552    
   0.9170000553131104       988.5770880398097       133.0410520485834    
   0.9180000424385071       989.8003583667816       133.3116195384964    
   0.9190000295639038       991.0239234849464       133.5822944121477    
   0.9200000166893005       992.2477831893959       133.8530748503615    
   0.9210000634193420       993.4720102486633       134.1239751754443    
   0.9220000505447388       994.6964585223354       134.3949612603289    
   0.9230000376701355       995.9212007583230       134.6660474057134    
   0.9240000247955322       997.1462367455525       134.9372317614616    
   0.9250000715255737       998.3716393164163       135.2085286423224    
   0.9260000586509705       999.5972621841840       135.4799038429680    
   0.9270000457763672       1000.823178160649       135.7513716569526    
   0.9280000329017639       1002.049387028519       136.0229302031248    
   0.9290000200271606       1003.275888568938       136.2945775925726    
   0.9300000667572021       1004.502755693759       136.5663281280083    
   0.9310000538825989       1005.729841933857       136.8381475112155    
   0.9320000410079956       1006.957220180513       137.1100500242394    
   0.9330000281333923       1008.184890208591       137.3820337470873    
   0.9340000152587891       1009.412851791369       137.6540967519843    
   0.9350000619888306       1010.641177919745       137.9262533266804    
   0.9360000491142273       1011.869721942776       138.1984690856631    
   0.9370000362396240       1013.098556830828       138.4707582965548    
   0.9380000233650208       1014.327682350829       138.7431190004358    
   0.9390000700950623       1015.557171556608       139.0155654709388    
   0.9400000572204590       1016.786877652204       139.2880632568202    
   0.9410000443458557       1018.016873670940       139.5606266120282    
   0.9420000314712524       1019.247159373346       139.8332535464434    
   0.9430000185966492       1020.477734518343       140.1059420621374    
   0.9440000653266907       1021.708672238030       140.3787064123723    
   0.9450000524520874       1022.939825555735       140.6515120689691    
   0.9460000395774841       1024.171267583096       140.9243732660668    
   0.9470000267028809       1025.402998072567       141.1972879744757    
   0.9480000734329224       1026.635090218548       141.4702704289377    
   0.9490000605583191       1027.867396900266       141.7432860439897    
   0.9500000476837158       1029.099991291689       142.0163490357117    
   0.9510000348091125       1030.332873138757       142.2894573436008    
   0.9520000219345093       1031.566042185776       142.5626088993234    
   0.9530000686645508       1032.799571704610       142.8358179116532    
   0.9540000557899475       1034.033314394961       143.1090497289426    
   0.9550000429153442       1035.267343508309       143.3823185418878    
   0.9560000300407410       1036.501658782381       143.6556222507810    
   0.9570000171661377       1037.736259953255       143.9289587480643    
   0.9580000638961792       1038.971220369795       144.2023422133596    
   0.9590000510215759       1040.206392552876       144.4757379349688    
   0.9600000381469727       1041.441849831028       144.7491600750335    
   0.9610000252723694       1042.677591933690       145.0226064945643    
   0.9620000720024109       1043.913692270987       145.2960913475285    
   0.9630000591278076       1045.150003221250       145.5695798786862    
   0.9640000462532043       1046.386598174310       145.8430862250107    
   0.9650000333786011       1047.623476852920       146.1166082160343    
   0.9660000205039978       1048.860638978154       146.3901436734155    
   0.9670000672340393       1050.098158036277       146.6637067160891    
   0.9680000543594360       1051.335886228110       146.9372625401087    
   0.9690000414848328       1052.573897019673       147.2108252480368    
   0.9700000286102295       1053.812190125298       147.4843926299961    
   0.9710000753402710       1055.050839091804       147.7579787744911    
   0.9720000624656677       1056.289695978556       148.0315488432621    
   0.9730000495910645       1057.528834312172       148.3051169089463    
   0.9740000367164612       1058.768253800197       148.5786807300847    
   0.9750000238418579       1060.007954148463       148.8522380573224    
   0.9760000705718994       1061.248008979030       149.1258029380662    
   0.9770000576972961       1062.488270175152       149.3993404970844    
   0.9780000448226929       1063.728811338748       149.6728647665583    
   0.9790000319480896       1064.969632168807       149.9463734654959    
   0.9800000190734863       1066.210732362597       150.2198643049941    
   0.9810000658035278       1067.452185616898       150.4933512879156    
   0.9820000529289246       1068.693843639674       150.7667995087366    
   0.9830000400543213       1069.935780107626       151.0402229557484    
   0.9840000271797180       1071.177994711122       151.3136193083594    
   0.9850000739097595       1072.420561206340       151.5870025312770    
   0.9860000610351562       1073.663331161611       151.8603376996362    
   0.9870000481605530       1074.906378313093       152.1336387641036    
   0.9880000352859497       1076.149702344199       152.4069033723598    
   0.9890000224113464       1077.393302936604       152.6801291641476    
   0.9900000691413879       1078.637253920249       152.9533300532749    
   0.9910000562667847       1079.881406689711       153.2264710969203    
   0.9920000433921814       1081.125835054977       153.4995661955275    
   0.9930000305175781       1082.370538690715       153.7726129570621    
   0.9940000176429749       1083.615517269836       154.0456089815362    
   0.9950000643730164       1084.860844695499       154.3185681282505    
   0.9960000514984131       1086.106372189413       154.5914554434428    
   0.9970000386238098       1087.352173634852       154.8642847737402    
   0.9980000257492065       1088.598248697668       155.1370536873263    
   0.9990000724792480       1089.844671339190       155.4097759972574    
    1.000000000000000       1091.091218329989       155.6824004972844    
    1.001000046730042       1092.338186552078       155.9549897349578    
    1.002000093460083       1093.585427069660       156.2275087404819    
    1.003000020980835       1094.832790815325       156.4999225695794    
    1.004000067710876       1096.080574860483       156.7722936956472    
    1.004999995231628       1097.328481377564       157.0445546959707    
    1.006000041961670       1098.576807563815       157.3167679915503    
    1.007000088691711       1099.825404312324       157.5888986152928    
    1.008000016212463       1101.074122385377       157.8609116315421    
    1.009000062942505       1102.323259168340       158.1328693782126    
    1.009999990463257       1103.572516502171       158.4047044912228    
    1.011000037193298       1104.822191897213       158.6764792500855    
    1.012000083923340       1106.072136076405       158.9481586977795    
    1.013000011444092       1107.322199632721       159.2197079147334    
    1.014000058174133       1108.572680263315       159.4911890883012    
    1.015000104904175       1109.823428589515       159.7625672710916    
    1.016000032424927       1111.074295103194       160.0338075568145    
    1.017000079154968       1112.325577687515       160.3049720351515    
    1.018000006675720       1113.576977657370       160.5759934671520    
    1.019000053405762       1114.828793019472       160.8469338742959    
    1.020000100135803       1116.080874226614       161.1177583313002    
    1.021000027656555       1117.333071603002       161.3884319601512    
    1.022000074386597       1118.585683339999       161.6590166753565    
    1.023000001907349       1119.838410426480       161.9294453361158    
    1.024000048637390       1121.091551176440       162.1997797824888    
    1.025000095367432       1122.344955875178       162.4699851189766    
    1.026000022888184       1123.598474680301       162.7400265036200    
    1.027000069618225       1124.852406089060       163.0099656600597    
    1.027999997138977       1126.106450766508       163.2797355612783    
    1.029000043869019       1127.360907331594       163.5493978501224    
    1.030000090599060       1128.615625903192       163.8189176686841    
    1.031000018119812       1129.870456473403       164.0882602189544    
    1.032000064849854       1131.125697843001       164.3574870177741    
    1.032999992370605       1132.381050355479       164.6265311677797    
    1.034000039100647       1133.636812932342       164.8954540985843    
    1.035000085830688       1134.892835527146       165.1642209977898    
    1.036000013351440       1136.148967967608       165.4327971193532    
    1.037000060081482       1137.405509355604       165.7012437571478    
    1.038000106811523       1138.662309546038       165.9695261299390    
    1.039000034332275       1139.919218268544       166.2376095267607    
    1.040000081062317       1141.176534804479       166.5055550998461    
    1.041000008583069       1142.433958987660       166.7732961928975    
    1.042000055313110       1143.691790218595       167.0408938604149    
    1.043000102043152       1144.949878188685       167.3083133796004    
    1.044000029563904       1146.208072465035       167.5755201045372    
    1.045000076293945       1147.466672626120       167.8425749381222    
    1.046000003814697       1148.725378190322       168.1094113961108    
    1.047000050544739       1149.984488854246       168.3760902769775    
    1.048000097274780       1151.243854146968       168.6425769246023    
    1.049000024795532       1152.503323474261       168.9088367664462    
    1.050000071525574       1153.763196709157       169.1749304392847    
    1.050999999046326       1155.023173057055       169.4407916476600    
    1.052000045776367       1156.283552508080       169.7064809171444    
    1.053000092506409       1157.544184430183       169.9719636666447    
    1.054000020027161       1158.804918069031       170.2372054054626    
    1.055000066757202       1160.066053589596       170.5022664872154    
    1.055999994277954       1161.327289886812       170.7670808222191    
    1.057000041007996       1162.588927241681       171.0317086460119    
    1.058000087738037       1163.850814862263       171.2961154610150    
    1.059000015258789       1165.112801835373       171.5602668669391    
    1.060000061988831       1166.375188615252       171.8242229169790    
    1.061000108718872       1167.637824314627       172.0879491677848    
    1.062000036239624       1168.900557925620       172.3514112774814    
    1.063000082969666       1170.163690074723       172.6146691106182    
    1.064000010490417       1171.426919165499       172.8776569426775    
    1.065000057220459       1172.690545938725       173.1404345089192    
    1.066000103950500       1173.954419349271       173.4029674633271    
    1.067000031471252       1175.218388232477       173.6652215684119    
    1.068000078201294       1176.482753499707       173.9272563601700    
    1.069000005722046       1177.747213250871       174.1890063651368    
    1.070000052452087       1179.012068510494       174.4505309828965    
    1.071000099182129       1180.277168076899       174.7117959735569    
    1.072000026702881       1181.542360629975       174.9727672129090    
    1.073000073432922       1182.807947363140       175.2335038904985    
    1.074000000953674       1184.073626075373       175.4939408017770    
    1.075000047683716       1185.339698072106       175.7541369926527    
    1.076000094413757       1186.606011996452       176.0140583382808    
    1.077000021934509       1187.872416374212       176.2736708367414    
    1.078000068664551       1189.139212677980       176.5330333130034    
    1.078999996185303       1190.406098408586       176.7920808495227    
    1.080000042915344       1191.673375149471       177.0508721203053    
    1.081000089645386       1192.940891389903       177.3093731245912    
    1.082000017166138       1194.208495502992       177.5675499918903    
    1.083000063896179       1195.476489237568       177.8254611642120    
    1.084000110626221       1196.744720991264       178.0830727196364    
    1.085000038146973       1198.013039046250       178.3403508709687    
    1.086000084877014       1199.281745315672       178.5973538215210    
    1.087000012397766       1200.550536829256       178.8540171512140    
    1.088000059127808       1201.819715609083       179.1103989004818    
    1.089000105857849       1203.089129901192       179.3664652862092    
    1.090000033378601       1204.358627837350       179.6221826674995    
    1.091000080108643       1205.628511602125       179.8776088348043    
    1.092000007629395       1206.898477934611       180.1326797032430    
    1.093000054359436       1208.168829127082       180.3874528928177    
    1.094000101089478       1209.439413275436       180.6418947685697    
    1.095000028610229       1210.710078362503       180.8959718453575    
    1.096000075340271       1211.981126841188       181.1497414817697    
    1.097000002861023       1213.252255162949       181.4031399470948    
    1.098000049591064       1214.523765887148       181.6562244218029    
    1.099000096321106       1215.795506961015       181.9089614285719    
    1.100000023841858       1217.067326219944       182.1613176475920    
    1.101000070571899       1218.339526382036       182.4133499863413    
    1.101999998092651       1219.611803614167       182.6649950874978    
    1.103000044822693       1220.884460739620       182.9163096726540    
    1.104000091552734       1222.157345558463       183.1672604317270    
    1.105000019073486       1223.430305760188       183.4178142199376    
    1.106000065803528       1224.703644324886       183.6680274741669    
    1.106999993324280       1225.977057137971       183.9178372299386    
    1.108000040054321       1227.250847283418       184.1672997303876    
    1.109000086784363       1228.524862415673       184.4163818423918    
    1.110000014305115       1229.798950079886       184.6650506060263    
    1.111000061035156       1231.073413514876       184.9133619678413    
    1.112000107765198       1232.348100288466       185.1612829056136    
    1.113000035285950       1233.622857859962       185.4087805750970    
    1.114000082015991       1234.897989621829       185.6559106190706    
    1.115000009536743       1236.173191015779       185.9026107427077    
    1.116000056266785       1237.448765536036       186.1489363822598    
    1.117000102996826       1238.724560607324       186.3948547082795    
    1.118000030517578       1240.000423547171       186.6403330773396    
    1.119000077247620       1241.276658001429       186.8854266098189    
    1.120000004768372       1242.552959138734       187.1300734554835    
    1.121000051498413       1243.829630705337       187.3743285200651    
    1.122000098228455       1245.106519984483       187.6181591769349    
    1.123000025749207       1246.383474153560       187.8615329936308    
    1.124000072479248       1247.660797108390       188.1045045477669    
    1.125000000000000       1248.938183747873       188.3470124540393    
    1.126000046730042       1250.215938066845       188.5891110672038    
    1.127000093460083       1251.493907208715       188.8307679736181    
    1.128000020980835       1252.771938212411       189.0719509620449    
    1.129000067710876       1254.050335220245       189.3127140467285    
    1.129999995231628       1255.328792864780       189.5529963278863    
    1.131000041961670       1256.607615385932       189.7928515885922    
    1.132000088691711       1257.886649788961       190.0322476384751    
    1.133000016212463       1259.165742976037       190.2711524979158    
    1.134000062942505       1260.445199332418       190.5096195969376    
    1.135000109672546       1261.724865781291       190.7476168841282    
    1.136000037193298       1263.004589143603       190.9851125238702    
    1.137000083923340       1264.284673948662       191.2221595855477    
    1.138000011444092       1265.564814410116       191.4586979896375    
    1.139000058174133       1266.845315152580       191.6947805608537    
    1.140000104904175       1268.126022963840       191.9303754877757    
    1.141000032424927       1269.406784530876       192.1654511832747    
    1.142000079154968       1270.687904620158       192.4000600986500    
    1.143000006675720       1271.969077188130       192.6341426945669    
    1.144000053405762       1273.250607095094       192.8677511690974    
    1.145000100135803       1274.532340995203       193.1008539614162    
    1.146000027656555       1275.814125443254       193.3334197435889    
    1.147000074386597       1277.096265439186       193.5655003273498    
    1.148000001907349       1278.378454685855       193.7970367350253    
    1.149000048637390       1279.660998275534       194.0280805164558    
    1.150000095367432       1280.943742730532       194.2586003721509    
    1.151000022888184       1282.226534475285       194.4885652442008    
    1.152000069618225       1283.509678739439       194.7180262830435    
    1.152999997138977       1284.792868975950       194.9469250943826    
    1.154000043869019       1286.076410505279       195.1753125580023    
    1.155000090599060       1287.360149719713       195.4031576466038    
    1.156000018119812       1288.643932915180       195.6304295832509    
    1.157000064849854       1289.928065547212       195.8571788351178    
    1.158000111579895       1291.212393930974       196.0833745434772    
    1.159000039100647       1292.496764286189       196.3089861052931    
    1.160000085830688       1293.781482202060       196.5340635671280    
    1.161000013351440       1295.066240739528       196.7585495138698    
    1.162000060081482       1296.351345576128       196.9824937072099    
    1.163000106811523       1297.636642899992       197.2058655782316    
    1.164000034332275       1298.921978805360       197.4286348226613    
    1.165000081062317       1300.207659101079       197.6508507681286    
    1.166000008583069       1301.493376608068       197.8724566405112    
    1.167000055313110       1302.779437221924       198.0935014735535    
    1.168000102043152       1304.065687005654       198.3139549993314    
    1.169000029563904       1305.351971929942       198.5337872236007    
    1.170000076293945       1306.638598019304       198.7530467324566    
    1.171000003814697       1307.925257858549       198.9716774153625    
    1.172000050544739       1309.212257557326       199.1897275554160    
    1.173000097274780       1310.499443055458       199.4071671969767    
    1.174000024795532       1311.786660202044       199.6239666672357    
    1.175000071525574       1313.074215233217       199.8401737878945    
    1.175999999046326       1314.361800501655       200.0557331348555    
    1.177000045776367       1315.649722326992       200.2706922176110    
    1.178000092506409       1316.937826527836       200.4850214042351    
    1.179000020027161       1318.225958833699       200.6986913548712    
    1.180000066757202       1319.514425688225       200.9117491037289    
    1.181000113487244       1320.803072838254       201.1241652186418    
    1.182000041007996       1322.091745942518       201.3359105651114    
    1.183000087738037       1323.380751567168       201.5470316936604    
    1.184000015258789       1324.669781701909       201.7574743266337    
    1.185000061988831       1325.959142993723       201.9672846874058    
    1.186000108718872       1327.248681071461       202.1764336860558    
    1.187000036239624       1328.538241477530       202.3848925397318    
    1.188000082969666       1329.828130978888       202.5927069739944    
    1.189000010490417       1331.118041343754       202.7998234581887    
    1.190000057220459       1332.408279418211       203.0062873812620    
    1.191000103950500       1333.698690715182       203.2120700072837    
    1.192000031471252       1334.989120662829       203.4171429168926    
    1.193000078201294       1336.279876224645       203.6215509869488    
    1.194000005722046       1337.570648951569       203.8252414575374    
    1.195000052452087       1338.861745884494       204.0282588593399    
    1.196000099182129       1340.153012422496       204.2305748222871    
    1.197000026702881       1341.444293881614       204.4321613024722    
    1.198000073432922       1342.735897417535       204.6330623040767    
    1.199000000953674       1344.027514368197       204.8332258619023    
    1.200000047683716       1345.319451964937       205.0326956242893    
    1.201000094413757       1346.611555495107       205.2314435990176    
    1.202000021934509       1347.903670164771       205.4294421297313    
    1.203000068664551       1349.196103317410       205.6267343236973    
    1.204000115394592       1350.488700174378       205.8232924212172    
    1.205000042915344       1351.781305876794       206.0190890043241    
    1.206000089645386       1353.074227878680       206.2141666303977    
    1.207000017166138       1354.367157186222       206.4084746563060    
    1.208000063896179       1355.660401326234       206.6020552679239    
    1.209000110626221       1356.953805411811       206.7948811028534    
    1.210000038146973       1358.247214477600       206.9869251502789    
    1.211000084877014       1359.540936158243       207.1782290313896    
    1.212000012397766       1360.834661258344       207.3687429612908    
    1.213000059127808       1362.128697483518       207.5585081797482    
    1.214000105857849       1363.422889840811       207.7474977339748    
    1.215000033378601       1364.717083260626       207.9356850327239    
    1.216000080108643       1366.011585553665       208.1231107361206    
    1.217000007629395       1367.306087327452       208.3097259423851    
    1.218000054359436       1368.600896461815       208.4955709202044    
    1.219000101089478       1369.895857859987       208.6806191388416    
    1.220000028610229       1371.190816350400       208.8648444391544    
    1.221000075340271       1372.486079915176       209.0482864950943    
    1.222000002861023       1373.781338969342       209.2308973131121    
    1.223000049591064       1375.076901562273       209.4127161656020    
    1.224000096321106       1376.372612495667       209.5937169564426    
    1.225000023841858       1377.668316498286       209.7738739712616    
    1.226000070571899       1378.964321718971       209.9532258724633    
    1.227000117301941       1380.260472899602       210.1317468307792    
    1.228000044822693       1381.556614710256       210.3094114048338    
    1.229000091552734       1382.853055397525       210.4862576378208    
    1.230000019073486       1384.149485078125       210.6622390422508    
    1.231000065803528       1385.446212062855       210.8373932433771    
    1.232000112533569       1386.743080995769       211.0116948669053    
    1.233000040054321       1388.039936451019       211.1851189367454    
    1.234000086784363       1389.337086834268       211.3577024434528    
    1.235000014305115       1390.634222081941       211.5293998742590    
    1.236000061035156       1391.931650661966       211.7002477913986    
    1.237000107765198       1393.229217122930       211.8702212884455    
    1.238000035285950       1394.526765945451       212.0392958675779    
    1.239000082015991       1395.824605689390       212.2075074407090    
    1.240000009536743       1397.122426115699       212.3748114958034    
    1.241000056266785       1398.420535844540       212.5412435059823    
    1.242000102996826       1399.718779331428       212.7067790456853    
    1.243000030517578       1401.017000965863       212.8713941084794    
    1.244000077247620       1402.315509456979       213.0351235013765    
    1.245000004768372       1403.613994395127       213.1979237393374    
    1.246000051498413       1404.912764547749       213.3598291800182    
    1.247000098228455       1406.211664279711       213.5208158918670    
    1.248000025749207       1407.510537891855       213.6808603730663    
