 v= -0.400  w= -0.400  u= -0.150
 
   -1.500000E+00  -2.598076E-01  -6.928203E-01   0.000000E+00
   -2.598076E-01  -1.300000E+00  -3.000000E-01  -6.928203E-01
   -6.928203E-01  -3.000000E-01  -3.000000E-01  -2.598076E-01
    0.000000E+00  -6.928203E-01  -2.598076E-01   1.500000E+00
 
    3.486134-305  -1.500000E+00  -2.598076E-01  -6.928203E-01   0.000000E+00
    3.674796-305  -2.598076E-01  -1.300000E+00  -3.000000E-01  -6.928203E-01
    1.554020-304  -6.928203E-01  -3.000000E-01  -3.000000E-01  -2.598076E-01
    1.502918-304   0.000000E+00  -6.928203E-01  -2.598076E-01   1.500000E+00
   2
 
 full eff int 2+3 body
 folds= 0  -2.239773E+00  -1.237934E+00
    -.249990E+00    -.365062E+00
    -.349339E+00    -.227581E-02
 folds= 1  -2.004116E+00  -1.248150E+00
    -.320585E+00    -.405800E+00
    -.396528E+00    -.306133E-01
 folds= 2  -2.102134E+00  -1.249065E+00
    -.281385E+00    -.383353E+00
    -.368970E+00    -.149266E-01
 folds= 3  -2.047149E+00  -1.249162E+00
    -.297891E+00    -.392674E+00
    -.380336E+00    -.213527E-01
 folds= 4  -2.070069E+00  -1.249175E+00
    -.289307E+00    -.387843E+00
    -.374370E+00    -.179956E-01
 folds= 5  -2.058126E+00  -1.249177E+00
    -.293241E+00    -.390055E+00
    -.377094E+00    -.195268E-01
 folds= 6  -2.063590E+00  -1.249178E+00
    -.292907E+00    -.389867E+00
    -.376862E+00    -.193965E-01
 folds= 7  -2.063126E+00  -1.249178E+00
 
 two body eff int test for two body case
   -1.000000E+00  -1.060660E-01  -4.000000E-01
   -1.060660E-01  -4.000000E-01  -1.060660E-01
   -4.000000E-01  -1.060660E-01   1.000000E+00
 
    0.000000E+00  -1.000000E+00  -1.060660E-01  -4.000000E-01
   -6.043396E-01  -1.060660E-01  -4.000000E-01  -1.060660E-01
    1.697597-313  -4.000000E-01  -1.060660E-01   1.000000E+00
   2
 
 folds= 0  -1.103223E+00  -3.824024E-01
    -.756368E-01    -.126122E+00
    -.128443E+00    0.594067E+00
 folds= 1  -1.099010E+00  -3.825602E-01
    -.757265E-01    -.126146E+00
    -.129037E+00    0.593909E+00
 folds= 2  -1.099211E+00  -3.826067E-01
    -.756861E-01    -.126135E+00
    -.129205E+00    0.593864E+00
 folds= 3  -1.099201E+00  -3.826208E-01
    -.756770E-01    -.126133E+00
    -.129257E+00    0.593850E+00
 folds= 4  -1.099201E+00  -3.826252E-01
    -.756741E-01    -.126132E+00
    -.129273E+00    0.593846E+00
 folds= 5  -1.099201E+00  -3.826265E-01
    -.756732E-01    -.126132E+00
    -.129278E+00    0.593845E+00
 folds= 6  -1.099201E+00  -3.826269E-01
    -.756729E-01    -.126132E+00
    -.129280E+00    0.593844E+00
 folds= 7  -1.099201E+00  -3.826270E-01
    -.756728E-01    -.126132E+00
    -.129280E+00    0.593844E+00
 folds= 8  -1.099201E+00  -3.826271E-01
    -.756728E-01    -.126132E+00
    -.129281E+00    0.593844E+00
 folds= 9  -1.099201E+00  -3.826271E-01
    -.756728E-01    -.126132E+00
    -.129281E+00    0.593844E+00
 folds=10  -1.099201E+00  -3.826271E-01
    -.756728E-01    -.126132E+00
    -.129281E+00    0.593844E+00
 folds=11  -1.099201E+00  -3.826271E-01
    -.756728E-01    -.126132E+00
    -.129281E+00    0.593844E+00
 folds=12  -1.099201E+00  -3.826271E-01
    -.756728E-01    -.126132E+00
    -.129281E+00    0.593844E+00
 folds=13  -1.099201E+00  -3.826271E-01
    -.756728E-01    -.126132E+00
    -.129281E+00    0.593844E+00
 folds=14  -1.099201E+00  -3.826271E-01
 
 2 body eff int applied to 3 body case
 folds= 0  -1.916207E+00  -1.188376E+00
    -.207341E+00    -.299376E+00
    -.281601E+00    0.139469E+00
 folds= 1  -1.872128E+00  -1.195744E+00
    -.214615E+00    -.301057E+00
    -.283948E+00    0.138360E+00
 folds= 2  -1.879643E+00  -1.196612E+00
    -.213444E+00    -.300735E+00
    -.283059E+00    0.138536E+00
 folds= 3  -1.878186E+00  -1.196722E+00
    -.213700E+00    -.300794E+00
    -.283163E+00    0.138506E+00
 folds= 4  -1.878458E+00  -1.196737E+00
    -.213657E+00    -.300783E+00
    -.283133E+00    0.138512E+00
 folds= 5  -1.878406E+00  -1.196739E+00
    -.213666E+00    -.300785E+00
    -.283137E+00    0.138511E+00
 folds= 6  -1.878416E+00  -1.196739E+00
    -.213665E+00    -.300785E+00
    -.283136E+00    0.138512E+00
 folds= 7  -1.878414E+00  -1.196739E+00
    -.213665E+00    -.300785E+00
    -.283137E+00    0.138511E+00
 folds= 8  -1.878415E+00  -1.196739E+00
    -.213665E+00    -.300785E+00
    -.283137E+00    0.138512E+00
 folds= 9  -1.878415E+00  -1.196739E+00
    -.213665E+00    -.300785E+00
    -.283137E+00    0.138512E+00
 folds=10  -1.878415E+00  -1.196739E+00
    -.213665E+00    -.300785E+00
    -.283137E+00    0.138512E+00
 folds=11  -1.878415E+00  -1.196739E+00
    -.213665E+00    -.300785E+00
    -.283137E+00    0.138512E+00
 folds=12  -1.878415E+00  -1.196739E+00
    -.213665E+00    -.300785E+00
    -.283137E+00    0.138512E+00
 folds=13  -1.878415E+00  -1.196739E+00
    -.213665E+00    -.300785E+00
    -.283137E+00    0.138512E+00
 folds=14  -1.878415E+00  -1.196739E+00
