0.100000E-01  0.406439E+01
0.200000E-01  0.523431E+01
0.300000E-01  0.587972E+01
0.400000E-01  0.628593E+01
0.500000E-01  0.657089E+01
0.600000E-01  0.679820E+01
0.700000E-01  0.700723E+01
0.800000E-01  0.722462E+01
0.900000E-01  0.746946E+01
0.100000E+00  0.775605E+01
0.110000E+00  0.809546E+01
0.120000E+00  0.849650E+01
0.130000E+00  0.896630E+01
0.140000E+00  0.951077E+01
0.150000E+00  0.101348E+02
0.160000E+00  0.108427E+02
0.170000E+00  0.116380E+02
0.180000E+00  0.125237E+02
0.190000E+00  0.135026E+02
0.200000E+00  0.145771E+02
0.210000E+00  0.157493E+02
0.220000E+00  0.170210E+02
0.230000E+00  0.183939E+02
0.240000E+00  0.198695E+02
0.250000E+00  0.214491E+02
0.260000E+00  0.231340E+02
0.270000E+00  0.249253E+02
0.280000E+00  0.268239E+02
0.290000E+00  0.288309E+02
0.300000E+00  0.309470E+02
0.310000E+00  0.331730E+02
0.320000E+00  0.355097E+02
0.330000E+00  0.379576E+02
0.340000E+00  0.405175E+02
0.350000E+00  0.431898E+02
0.360000E+00  0.459751E+02
0.370000E+00  0.488739E+02
0.380000E+00  0.518867E+02
0.390000E+00  0.550138E+02
0.400000E+00  0.582557E+02
0.410000E+00  0.616127E+02
0.420000E+00  0.650852E+02
0.430000E+00  0.686735E+02
0.440000E+00  0.723780E+02
0.450000E+00  0.761989E+02
0.460000E+00  0.801365E+02
0.470000E+00  0.841910E+02
0.480000E+00  0.883627E+02
0.490000E+00  0.926519E+02
0.500000E+00  0.970587E+02
0.510000E+00  0.101583E+03
0.520000E+00  0.106226E+03
0.530000E+00  0.110987E+03
0.540000E+00  0.115866E+03
0.550000E+00  0.120864E+03
0.560000E+00  0.125981E+03
0.570000E+00  0.131217E+03
0.580000E+00  0.136571E+03
0.590000E+00  0.142045E+03
0.600000E+00  0.147638E+03
0.610000E+00  0.153351E+03
0.620000E+00  0.159183E+03
0.630000E+00  0.165135E+03
0.640000E+00  0.171207E+03
0.650000E+00  0.177398E+03
0.660000E+00  0.183710E+03
0.670000E+00  0.190142E+03
0.680000E+00  0.196694E+03
0.690000E+00  0.203366E+03
0.700000E+00  0.210158E+03
0.710000E+00  0.217071E+03
0.720000E+00  0.224105E+03
0.730000E+00  0.231259E+03
0.740000E+00  0.238534E+03
0.750000E+00  0.245929E+03
0.760000E+00  0.253446E+03
0.770000E+00  0.261083E+03
0.780000E+00  0.268841E+03
0.790000E+00  0.276721E+03
0.800000E+00  0.284721E+03
0.810000E+00  0.292843E+03
0.820000E+00  0.301085E+03
0.830000E+00  0.309449E+03
0.840000E+00  0.317935E+03
0.850000E+00  0.326541E+03
0.860000E+00  0.335269E+03
0.870000E+00  0.344119E+03
0.880000E+00  0.353090E+03
0.890000E+00  0.362182E+03
0.900000E+00  0.371396E+03
0.910000E+00  0.380732E+03
0.920000E+00  0.390189E+03
0.930000E+00  0.399768E+03
0.940000E+00  0.409469E+03
0.950000E+00  0.419291E+03
0.960000E+00  0.429235E+03
0.970000E+00  0.439301E+03
0.980000E+00  0.449489E+03
0.990000E+00  0.459799E+03
0.100000E+01  0.470231E+03
0.101000E+01  0.480785E+03
0.102000E+01  0.491461E+03
0.103000E+01  0.502258E+03
0.104000E+01  0.513178E+03
0.105000E+01  0.524220E+03
0.106000E+01  0.535384E+03
0.107000E+01  0.546670E+03
0.108000E+01  0.558078E+03
0.109000E+01  0.569609E+03
0.110000E+01  0.581261E+03
0.111000E+01  0.593036E+03
0.112000E+01  0.604933E+03
0.113000E+01  0.616953E+03
0.114000E+01  0.629094E+03
0.115000E+01  0.641358E+03
0.116000E+01  0.653745E+03
0.117000E+01  0.666253E+03
0.118000E+01  0.678884E+03
0.119000E+01  0.691637E+03
0.120000E+01  0.704513E+03
0.121000E+01  0.717511E+03
0.122000E+01  0.730632E+03
0.123000E+01  0.743875E+03
0.124000E+01  0.757241E+03
0.125000E+01  0.770729E+03
0.126000E+01  0.784339E+03
0.127000E+01  0.798072E+03
0.128000E+01  0.811928E+03
0.129000E+01  0.825906E+03
0.130000E+01  0.840007E+03
0.131000E+01  0.854230E+03
0.132000E+01  0.868576E+03
0.133000E+01  0.883044E+03
0.134000E+01  0.897635E+03
0.135000E+01  0.912349E+03
0.136000E+01  0.927185E+03
0.137000E+01  0.942144E+03
0.138000E+01  0.957226E+03
0.139000E+01  0.972430E+03
0.140000E+01  0.987757E+03
0.141000E+01  0.100321E+04
0.142000E+01  0.101878E+04
0.143000E+01  0.103447E+04
0.144000E+01  0.105029E+04
0.145000E+01  0.106623E+04
0.146000E+01  0.108230E+04
0.147000E+01  0.109848E+04
0.148000E+01  0.111479E+04
0.149000E+01  0.113122E+04
0.150000E+01  0.114778E+04
0.151000E+01  0.116446E+04
0.152000E+01  0.118126E+04
0.153000E+01  0.119818E+04
0.154000E+01  0.121522E+04
0.155000E+01  0.123239E+04
0.156000E+01  0.124968E+04
0.157000E+01  0.126710E+04
0.158000E+01  0.128464E+04
0.159000E+01  0.130230E+04
0.160000E+01  0.132008E+04
0.161000E+01  0.133798E+04
0.162000E+01  0.135601E+04
0.163000E+01  0.137416E+04
0.164000E+01  0.139244E+04
0.165000E+01  0.141084E+04
0.166000E+01  0.142936E+04
0.167000E+01  0.144800E+04
0.168000E+01  0.146677E+04
0.169000E+01  0.148565E+04
0.170000E+01  0.150467E+04
0.171000E+01  0.152380E+04
0.172000E+01  0.154306E+04
0.173000E+01  0.156244E+04
0.174000E+01  0.158194E+04
0.175000E+01  0.160157E+04
0.176000E+01  0.162132E+04
0.177000E+01  0.164119E+04
0.178000E+01  0.166119E+04
0.179000E+01  0.168131E+04
0.180000E+01  0.170155E+04
0.181000E+01  0.172191E+04
0.182000E+01  0.174240E+04
0.183000E+01  0.176301E+04
0.184000E+01  0.178375E+04
0.185000E+01  0.180460E+04
0.186000E+01  0.182558E+04
0.187000E+01  0.184669E+04
0.188000E+01  0.186791E+04
0.189000E+01  0.188926E+04
0.190000E+01  0.191073E+04
0.191000E+01  0.193233E+04
0.192000E+01  0.195405E+04
0.193000E+01  0.197589E+04
0.194000E+01  0.199785E+04
0.195000E+01  0.201994E+04
0.196000E+01  0.204215E+04
0.197000E+01  0.206448E+04
0.198000E+01  0.208694E+04
0.199000E+01  0.210952E+04
0.200000E+01  0.213222E+04
