0.100000E-01  0.389295E+01
0.200000E-01  0.493926E+01
0.300000E-01  0.550271E+01
0.400000E-01  0.586272E+01
0.500000E-01  0.613160E+01
0.600000E-01  0.636760E+01
0.700000E-01  0.660500E+01
0.800000E-01  0.686553E+01
0.900000E-01  0.716364E+01
0.100000E+00  0.750917E+01
0.110000E+00  0.790895E+01
0.120000E+00  0.836769E+01
0.130000E+00  0.888866E+01
0.140000E+00  0.947400E+01
0.150000E+00  0.101251E+02
0.160000E+00  0.108427E+02
0.170000E+00  0.116271E+02
0.180000E+00  0.124784E+02
0.190000E+00  0.133960E+02
0.200000E+00  0.143796E+02
0.210000E+00  0.154285E+02
0.220000E+00  0.165418E+02
0.230000E+00  0.177186E+02
0.240000E+00  0.189579E+02
0.250000E+00  0.202588E+02
0.260000E+00  0.216202E+02
0.270000E+00  0.230409E+02
0.280000E+00  0.245198E+02
0.290000E+00  0.260558E+02
0.300000E+00  0.276478E+02
0.310000E+00  0.292947E+02
0.320000E+00  0.309954E+02
0.330000E+00  0.327487E+02
0.340000E+00  0.345535E+02
0.350000E+00  0.364088E+02
0.360000E+00  0.383135E+02
0.370000E+00  0.402665E+02
0.380000E+00  0.422669E+02
0.390000E+00  0.443136E+02
0.400000E+00  0.464057E+02
0.410000E+00  0.485421E+02
0.420000E+00  0.507219E+02
0.430000E+00  0.529443E+02
0.440000E+00  0.552083E+02
0.450000E+00  0.575129E+02
0.460000E+00  0.598575E+02
0.470000E+00  0.622410E+02
0.480000E+00  0.646628E+02
0.490000E+00  0.671219E+02
0.500000E+00  0.696176E+02
0.510000E+00  0.721492E+02
0.520000E+00  0.747159E+02
0.530000E+00  0.773169E+02
0.540000E+00  0.799517E+02
0.550000E+00  0.826194E+02
0.560000E+00  0.853194E+02
0.570000E+00  0.880510E+02
0.580000E+00  0.908137E+02
0.590000E+00  0.936067E+02
0.600000E+00  0.964295E+02
0.610000E+00  0.992815E+02
0.620000E+00  0.102162E+03
0.630000E+00  0.105071E+03
0.640000E+00  0.108007E+03
0.650000E+00  0.110970E+03
0.660000E+00  0.113959E+03
0.670000E+00  0.116975E+03
0.680000E+00  0.120016E+03
0.690000E+00  0.123081E+03
0.700000E+00  0.126171E+03
0.710000E+00  0.129286E+03
0.720000E+00  0.132423E+03
0.730000E+00  0.135584E+03
0.740000E+00  0.138767E+03
0.750000E+00  0.141973E+03
0.760000E+00  0.145201E+03
0.770000E+00  0.148450E+03
0.780000E+00  0.151720E+03
0.790000E+00  0.155010E+03
0.800000E+00  0.158321E+03
0.810000E+00  0.161652E+03
0.820000E+00  0.165002E+03
0.830000E+00  0.168372E+03
0.840000E+00  0.171760E+03
0.850000E+00  0.175168E+03
0.860000E+00  0.178593E+03
0.870000E+00  0.182036E+03
0.880000E+00  0.185497E+03
0.890000E+00  0.188975E+03
0.900000E+00  0.192470E+03
0.910000E+00  0.195981E+03
0.920000E+00  0.199510E+03
0.930000E+00  0.203054E+03
0.940000E+00  0.206614E+03
0.950000E+00  0.210190E+03
0.960000E+00  0.213781E+03
0.970000E+00  0.217387E+03
0.980000E+00  0.221008E+03
0.990000E+00  0.224644E+03
0.100000E+01  0.228294E+03
0.101000E+01  0.231958E+03
0.102000E+01  0.235636E+03
0.103000E+01  0.239327E+03
0.104000E+01  0.243032E+03
0.105000E+01  0.246751E+03
0.106000E+01  0.250482E+03
0.107000E+01  0.254227E+03
0.108000E+01  0.257983E+03
0.109000E+01  0.261753E+03
0.110000E+01  0.265534E+03
0.111000E+01  0.269328E+03
0.112000E+01  0.273133E+03
0.113000E+01  0.276951E+03
0.114000E+01  0.280779E+03
0.115000E+01  0.284619E+03
0.116000E+01  0.288470E+03
0.117000E+01  0.292332E+03
0.118000E+01  0.296205E+03
0.119000E+01  0.300089E+03
0.120000E+01  0.303983E+03
0.121000E+01  0.307888E+03
0.122000E+01  0.311803E+03
0.123000E+01  0.315727E+03
0.124000E+01  0.319662E+03
0.125000E+01  0.323607E+03
0.126000E+01  0.327561E+03
0.127000E+01  0.331524E+03
0.128000E+01  0.335497E+03
0.129000E+01  0.339479E+03
0.130000E+01  0.343471E+03
0.131000E+01  0.347471E+03
0.132000E+01  0.351480E+03
0.133000E+01  0.355498E+03
0.134000E+01  0.359524E+03
0.135000E+01  0.363559E+03
0.136000E+01  0.367602E+03
0.137000E+01  0.371654E+03
0.138000E+01  0.375713E+03
0.139000E+01  0.379781E+03
0.140000E+01  0.383856E+03
0.141000E+01  0.387940E+03
0.142000E+01  0.392031E+03
0.143000E+01  0.396129E+03
0.144000E+01  0.400235E+03
0.145000E+01  0.404349E+03
0.146000E+01  0.408470E+03
0.147000E+01  0.412598E+03
0.148000E+01  0.416733E+03
0.149000E+01  0.420875E+03
0.150000E+01  0.425024E+03
0.151000E+01  0.429180E+03
0.152000E+01  0.433343E+03
0.153000E+01  0.437513E+03
0.154000E+01  0.441689E+03
0.155000E+01  0.445871E+03
0.156000E+01  0.450060E+03
0.157000E+01  0.454255E+03
0.158000E+01  0.458457E+03
0.159000E+01  0.462664E+03
0.160000E+01  0.466878E+03
0.161000E+01  0.471098E+03
0.162000E+01  0.475324E+03
0.163000E+01  0.479555E+03
0.164000E+01  0.483793E+03
0.165000E+01  0.488036E+03
0.166000E+01  0.492285E+03
0.167000E+01  0.496539E+03
0.168000E+01  0.500799E+03
0.169000E+01  0.505064E+03
0.170000E+01  0.509335E+03
0.171000E+01  0.513611E+03
0.172000E+01  0.517893E+03
0.173000E+01  0.522180E+03
0.174000E+01  0.526471E+03
0.175000E+01  0.530768E+03
0.176000E+01  0.535070E+03
0.177000E+01  0.539377E+03
0.178000E+01  0.543689E+03
0.179000E+01  0.548006E+03
0.180000E+01  0.552327E+03
0.181000E+01  0.556653E+03
0.182000E+01  0.560984E+03
0.183000E+01  0.565320E+03
0.184000E+01  0.569660E+03
0.185000E+01  0.574004E+03
0.186000E+01  0.578354E+03
0.187000E+01  0.582707E+03
0.188000E+01  0.587065E+03
0.189000E+01  0.591428E+03
0.190000E+01  0.595794E+03
0.191000E+01  0.600165E+03
0.192000E+01  0.604540E+03
0.193000E+01  0.608919E+03
0.194000E+01  0.613302E+03
0.195000E+01  0.617690E+03
0.196000E+01  0.622081E+03
0.197000E+01  0.626476E+03
0.198000E+01  0.630876E+03
0.199000E+01  0.635279E+03
0.200000E+01  0.639686E+03
