          70     25
  8.000000000000000E-002   8.35636159414713     
  0.100000000000000        9.43032079274141     
  0.120000000000000        10.4998390566318     
  0.140000000000000        11.6542320156570     
  0.160000000000000        12.8372495340806     
  0.180000000000000        14.0669181347453     
  0.200000000000000        15.4341089736839     
  0.220000000000000        16.9205704903831     
  0.240000000000000        18.4601662260840     
  0.260000000000000        20.0596690064373     
  0.280000000000000        21.7662923761173     
  0.300000000000000        23.6200587532791     
  0.320000000000000        25.5760619945573     
  0.340000000000000        27.5996593478282     
  0.360000000000000        29.6736148095650     
  0.380000000000000        31.8272081986605     
  0.400000000000000        34.0713195134174     
  0.420000000000000        36.4174951249003     
  0.440000000000000        38.8470003937193     
  0.460000000000000        41.3528619835058     
  0.480000000000000        43.9459022475022     
  0.500000000000000        46.5997674406345     
  0.520000000000000        49.2979510676246     
  0.540000000000000        52.0238133599509     
  0.560000000000000        54.6905976426487     
  0.580000000000000        57.3784441805837     
  0.600000000000000        60.1014019656207     
  0.620000000000000        62.8714388091182     
  0.640000000000000        65.7214500300327     
  0.660000000000000        68.6462659717048     
  0.680000000000000        71.6466585358422     
  0.700000000000000        74.7263468872385     
  0.720000000000000        77.8950024550927     
  0.740000000000000        81.2582533347284     
  0.760000000000000        84.6916881758166     
  0.780000000000000        88.1728596289011     
  0.800000000000000        91.6782874104121     
  0.820000000000000        95.1854610368522     
  0.840000000000000        98.4068422710418     
  0.860000000000000        101.602867316860     
  0.880000000000000        104.838948793571     
  0.900000000000000        108.155477516368     
  0.920000000000000        111.588824106023     
  0.940000000000000        115.253340447395     
  0.960000000000000        119.267361013894     
  0.980000000000000        123.467204072749     
   1.00000000000000        127.849172784019     
   1.02000000000000        132.410556204637     
   1.04000000000000        137.147630207399     
   1.06000000000000        142.074658323596     
   1.08000000000000        147.226892516943     
   1.10000000000000        152.532573895583     
   1.12000000000000        157.977933368147     
   1.14000000000000        163.548192249182     
   1.16000000000000        169.228562818683     
   1.18000000000000        175.004248839925     
   1.20000000000000        180.800446039364     
   1.22000000000000        186.635342551966     
   1.24000000000000        192.538119334980     
   1.26000000000000        198.507950552865     
   1.28000000000000        204.541003935804     
   1.30000000000000        210.633441114000     
   1.32000000000000        216.784417929745     
   1.34000000000000        222.990084729041     
   1.36000000000000        229.247586634405     
   1.38000000000000        235.554063800332     
   1.40000000000000        241.907651652748     
   1.42000000000000        248.304481113674     
   1.44000000000000        254.742678812206     
   1.46000000000000        261.218367282826     
