0.1000E-01  0.2542E+01  0.1316E-01  0.2164E+02  0.5061E-01  0.1828E+01
0.2000E-01  0.3762E+01  0.4554E-01  0.3586E+02  0.6514E-01  0.1750E+01
0.3000E-01  0.4837E+01  0.9148E-01  0.4637E+02  0.7408E-01  0.1690E+01
0.4000E-01  0.5805E+01  0.1478E+00  0.5469E+02  0.8045E-01  0.1645E+01
0.5000E-01  0.6690E+01  0.2126E+00  0.6178E+02  0.8551E-01  0.1615E+01
0.6000E-01  0.7510E+01  0.2849E+00  0.6839E+02  0.8996E-01  0.1600E+01
0.7000E-01  0.8277E+01  0.3646E+00  0.7510E+02  0.9427E-01  0.1602E+01
0.8000E-01  0.9001E+01  0.4520E+00  0.8239E+02  0.9874E-01  0.1620E+01
0.9000E-01  0.9692E+01  0.5480E+00  0.9064E+02  0.1036E+00  0.1654E+01
0.1000E+00  0.1036E+02  0.6539E+00  0.1002E+03  0.1089E+00  0.1703E+01
0.1100E+00  0.1100E+02  0.7713E+00  0.1113E+03  0.1148E+00  0.1764E+01
0.1200E+00  0.1163E+02  0.9020E+00  0.1243E+03  0.1213E+00  0.1837E+01
0.1300E+00  0.1226E+02  0.1048E+01  0.1392E+03  0.1283E+00  0.1918E+01
0.1400E+00  0.1288E+02  0.1212E+01  0.1562E+03  0.1360E+00  0.2005E+01
0.1500E+00  0.1349E+02  0.1396E+01  0.1755E+03  0.1441E+00  0.2095E+01
0.1600E+00  0.1412E+02  0.1603E+01  0.1970E+03  0.1527E+00  0.2185E+01
0.1700E+00  0.1475E+02  0.1835E+01  0.2208E+03  0.1616E+00  0.2273E+01
0.1800E+00  0.1539E+02  0.2094E+01  0.2469E+03  0.1709E+00  0.2358E+01
0.1900E+00  0.1604E+02  0.2384E+01  0.2753E+03  0.1805E+00  0.2438E+01
0.2000E+00  0.1671E+02  0.2707E+01  0.3059E+03  0.1903E+00  0.2511E+01
0.2100E+00  0.1740E+02  0.3065E+01  0.3386E+03  0.2002E+00  0.2578E+01
0.2200E+00  0.1810E+02  0.3460E+01  0.3734E+03  0.2102E+00  0.2638E+01
0.2300E+00  0.1883E+02  0.3895E+01  0.4101E+03  0.2203E+00  0.2690E+01
0.2400E+00  0.1957E+02  0.4372E+01  0.4485E+03  0.2304E+00  0.2736E+01
0.2500E+00  0.2034E+02  0.4893E+01  0.4886E+03  0.2405E+00  0.2774E+01
0.2600E+00  0.2114E+02  0.5459E+01  0.5301E+03  0.2505E+00  0.2806E+01
0.2700E+00  0.2196E+02  0.6071E+01  0.5729E+03  0.2604E+00  0.2831E+01
0.2800E+00  0.2281E+02  0.6732E+01  0.6167E+03  0.2702E+00  0.2850E+01
0.2900E+00  0.2368E+02  0.7442E+01  0.6615E+03  0.2798E+00  0.2864E+01
0.3000E+00  0.2458E+02  0.8202E+01  0.7069E+03  0.2892E+00  0.2873E+01
0.3100E+00  0.2550E+02  0.9013E+01  0.7528E+03  0.2985E+00  0.2877E+01
0.3200E+00  0.2645E+02  0.9875E+01  0.7989E+03  0.3075E+00  0.2877E+01
0.3300E+00  0.2743E+02  0.1079E+02  0.8452E+03  0.3163E+00  0.2873E+01
0.3400E+00  0.2843E+02  0.1175E+02  0.8913E+03  0.3248E+00  0.2865E+01
0.3500E+00  0.2946E+02  0.1277E+02  0.9372E+03  0.3330E+00  0.2854E+01
0.3600E+00  0.3052E+02  0.1384E+02  0.9826E+03  0.3410E+00  0.2841E+01
0.3700E+00  0.3160E+02  0.1495E+02  0.1027E+04  0.3487E+00  0.2825E+01
0.3800E+00  0.3270E+02  0.1612E+02  0.1071E+04  0.3560E+00  0.2806E+01
0.3900E+00  0.3383E+02  0.1733E+02  0.1114E+04  0.3631E+00  0.2786E+01
0.4000E+00  0.3498E+02  0.1859E+02  0.1156E+04  0.3699E+00  0.2764E+01
0.4100E+00  0.3615E+02  0.1990E+02  0.1197E+04  0.3764E+00  0.2740E+01
0.4200E+00  0.3735E+02  0.2125E+02  0.1237E+04  0.3825E+00  0.2715E+01
0.4300E+00  0.3856E+02  0.2265E+02  0.1275E+04  0.3884E+00  0.2689E+01
0.4400E+00  0.3980E+02  0.2409E+02  0.1312E+04  0.3940E+00  0.2663E+01
0.4500E+00  0.4105E+02  0.2556E+02  0.1347E+04  0.3993E+00  0.2635E+01
0.4600E+00  0.4232E+02  0.2708E+02  0.1382E+04  0.4043E+00  0.2608E+01
0.4700E+00  0.4361E+02  0.2863E+02  0.1414E+04  0.4091E+00  0.2580E+01
0.4800E+00  0.4491E+02  0.3022E+02  0.1446E+04  0.4137E+00  0.2552E+01
0.4900E+00  0.4623E+02  0.3185E+02  0.1477E+04  0.4180E+00  0.2524E+01
0.5000E+00  0.4757E+02  0.3350E+02  0.1506E+04  0.4222E+00  0.2497E+01
0.5100E+00  0.4891E+02  0.3519E+02  0.1535E+04  0.4261E+00  0.2471E+01
0.5200E+00  0.5027E+02  0.3691E+02  0.1562E+04  0.4300E+00  0.2445E+01
0.5300E+00  0.5164E+02  0.3866E+02  0.1590E+04  0.4337E+00  0.2421E+01
0.5400E+00  0.5302E+02  0.4045E+02  0.1616E+04  0.4374E+00  0.2398E+01
0.5500E+00  0.5442E+02  0.4226E+02  0.1643E+04  0.4410E+00  0.2376E+01
0.5600E+00  0.5582E+02  0.4410E+02  0.1670E+04  0.4446E+00  0.2357E+01
0.5700E+00  0.5723E+02  0.4597E+02  0.1698E+04  0.4482E+00  0.2339E+01
0.5800E+00  0.5865E+02  0.4787E+02  0.1726E+04  0.4519E+00  0.2323E+01
0.5900E+00  0.6007E+02  0.4980E+02  0.1755E+04  0.4557E+00  0.2310E+01
0.6000E+00  0.6151E+02  0.5177E+02  0.1786E+04  0.4597E+00  0.2300E+01
0.6100E+00  0.6295E+02  0.5377E+02  0.1818E+04  0.4639E+00  0.2292E+01
0.6200E+00  0.6440E+02  0.5581E+02  0.1853E+04  0.4683E+00  0.2288E+01
0.6300E+00  0.6585E+02  0.5789E+02  0.1891E+04  0.4730E+00  0.2286E+01
0.6400E+00  0.6732E+02  0.6002E+02  0.1931E+04  0.4781E+00  0.2288E+01
0.6500E+00  0.6879E+02  0.6219E+02  0.1975E+04  0.4835E+00  0.2294E+01
0.6600E+00  0.7026E+02  0.6441E+02  0.2023E+04  0.4893E+00  0.2304E+01
0.6700E+00  0.7174E+02  0.6668E+02  0.2075E+04  0.4956E+00  0.2317E+01
0.6800E+00  0.7323E+02  0.6902E+02  0.2132E+04  0.5023E+00  0.2334E+01
0.6900E+00  0.7473E+02  0.7142E+02  0.2194E+04  0.5096E+00  0.2355E+01
0.7000E+00  0.7623E+02  0.7390E+02  0.2262E+04  0.5174E+00  0.2381E+01
0.7100E+00  0.7774E+02  0.7645E+02  0.2335E+04  0.5257E+00  0.2410E+01
0.7200E+00  0.7927E+02  0.7909E+02  0.2415E+04  0.5346E+00  0.2443E+01
0.7300E+00  0.8080E+02  0.8182E+02  0.2502E+04  0.5441E+00  0.2480E+01
0.7400E+00  0.8234E+02  0.8465E+02  0.2595E+04  0.5542E+00  0.2521E+01
0.7500E+00  0.8389E+02  0.8759E+02  0.2696E+04  0.5648E+00  0.2565E+01
0.7600E+00  0.8545E+02  0.9065E+02  0.2805E+04  0.5761E+00  0.2613E+01
0.7700E+00  0.8703E+02  0.9383E+02  0.2921E+04  0.5879E+00  0.2663E+01
0.7800E+00  0.8862E+02  0.9714E+02  0.3045E+04  0.6003E+00  0.2717E+01
0.7900E+00  0.9022E+02  0.1006E+03  0.3178E+04  0.6132E+00  0.2773E+01
0.8000E+00  0.9184E+02  0.1042E+03  0.3319E+04  0.6267E+00  0.2831E+01
0.8100E+00  0.9348E+02  0.1080E+03  0.3468E+04  0.6406E+00  0.2891E+01
0.8200E+00  0.9513E+02  0.1119E+03  0.3626E+04  0.6551E+00  0.2952E+01
0.8300E+00  0.9681E+02  0.1160E+03  0.3792E+04  0.6699E+00  0.3014E+01
0.8400E+00  0.9850E+02  0.1203E+03  0.3967E+04  0.6851E+00  0.3076E+01
0.8500E+00  0.1002E+03  0.1249E+03  0.4149E+04  0.7007E+00  0.3139E+01
0.8600E+00  0.1020E+03  0.1296E+03  0.4340E+04  0.7166E+00  0.3201E+01
0.8700E+00  0.1037E+03  0.1345E+03  0.4538E+04  0.7328E+00  0.3262E+01
0.8800E+00  0.1055E+03  0.1397E+03  0.4743E+04  0.7492E+00  0.3321E+01
0.8900E+00  0.1073E+03  0.1450E+03  0.4955E+04  0.7658E+00  0.3378E+01
0.9000E+00  0.1092E+03  0.1507E+03  0.5174E+04  0.7825E+00  0.3434E+01
0.9100E+00  0.1111E+03  0.1565E+03  0.5398E+04  0.7992E+00  0.3486E+01
0.9200E+00  0.1130E+03  0.1627E+03  0.5626E+04  0.8160E+00  0.3536E+01
0.9300E+00  0.1149E+03  0.1690E+03  0.5859E+04  0.8327E+00  0.3582E+01
0.9400E+00  0.1169E+03  0.1757E+03  0.6096E+04  0.8493E+00  0.3624E+01
0.9500E+00  0.1189E+03  0.1826E+03  0.6335E+04  0.8658E+00  0.3662E+01
0.9600E+00  0.1209E+03  0.1898E+03  0.6575E+04  0.8821E+00  0.3696E+01
0.9700E+00  0.1230E+03  0.1972E+03  0.6816E+04  0.8981E+00  0.3725E+01
0.9800E+00  0.1251E+03  0.2049E+03  0.7056E+04  0.9138E+00  0.3750E+01
0.9900E+00  0.1273E+03  0.2129E+03  0.7294E+04  0.9291E+00  0.3769E+01
0.1000E+01  0.1294E+03  0.2211E+03  0.7530E+04  0.9439E+00  0.3784E+01
