0.1000E-01  0.1239E+03  0.1695E-01  0.2080E+02  0.4961E-01  0.1363E+01
0.2000E-01  0.1253E+03  0.4279E-01  0.2538E+02  0.5480E-01  0.1318E+01
0.3000E-01  0.1262E+03  0.7326E-01  0.2958E+02  0.5917E-01  0.1346E+01
0.4000E-01  0.1269E+03  0.1089E+00  0.3486E+02  0.6423E-01  0.1422E+01
0.5000E-01  0.1276E+03  0.1513E+00  0.4162E+02  0.7018E-01  0.1529E+01
0.6000E-01  0.1281E+03  0.2020E+00  0.4998E+02  0.7691E-01  0.1649E+01
0.7000E-01  0.1287E+03  0.2629E+00  0.5994E+02  0.8422E-01  0.1773E+01
0.8000E-01  0.1292E+03  0.3358E+00  0.7148E+02  0.9197E-01  0.1892E+01
0.9000E-01  0.1297E+03  0.4223E+00  0.8452E+02  0.1000E+00  0.2001E+01
0.1000E+00  0.1303E+03  0.5242E+00  0.9901E+02  0.1082E+00  0.2099E+01
0.1100E+00  0.1308E+03  0.6429E+00  0.1149E+03  0.1166E+00  0.2184E+01
0.1200E+00  0.1313E+03  0.7799E+00  0.1321E+03  0.1250E+00  0.2258E+01
0.1300E+00  0.1319E+03  0.9368E+00  0.1505E+03  0.1335E+00  0.2320E+01
0.1400E+00  0.1324E+03  0.1115E+01  0.1701E+03  0.1419E+00  0.2374E+01
0.1500E+00  0.1330E+03  0.1315E+01  0.1909E+03  0.1503E+00  0.2419E+01
0.1600E+00  0.1336E+03  0.1539E+01  0.2127E+03  0.1586E+00  0.2456E+01
0.1700E+00  0.1342E+03  0.1788E+01  0.2355E+03  0.1669E+00  0.2488E+01
0.1800E+00  0.1349E+03  0.2063E+01  0.2593E+03  0.1752E+00  0.2514E+01
0.1900E+00  0.1355E+03  0.2365E+01  0.2840E+03  0.1833E+00  0.2535E+01
0.2000E+00  0.1362E+03  0.2694E+01  0.3096E+03  0.1914E+00  0.2553E+01
0.2100E+00  0.1368E+03  0.3053E+01  0.3360E+03  0.1994E+00  0.2568E+01
0.2200E+00  0.1375E+03  0.3441E+01  0.3631E+03  0.2073E+00  0.2579E+01
0.2300E+00  0.1383E+03  0.3860E+01  0.3910E+03  0.2151E+00  0.2589E+01
0.2400E+00  0.1390E+03  0.4311E+01  0.4196E+03  0.2228E+00  0.2596E+01
0.2500E+00  0.1398E+03  0.4793E+01  0.4489E+03  0.2305E+00  0.2602E+01
0.2600E+00  0.1405E+03  0.5308E+01  0.4788E+03  0.2380E+00  0.2606E+01
0.2700E+00  0.1413E+03  0.5857E+01  0.5093E+03  0.2455E+00  0.2608E+01
0.2800E+00  0.1421E+03  0.6440E+01  0.5403E+03  0.2529E+00  0.2610E+01
0.2900E+00  0.1430E+03  0.7058E+01  0.5719E+03  0.2601E+00  0.2611E+01
0.3000E+00  0.1438E+03  0.7711E+01  0.6039E+03  0.2673E+00  0.2611E+01
0.3100E+00  0.1447E+03  0.8400E+01  0.6364E+03  0.2744E+00  0.2610E+01
0.3200E+00  0.1456E+03  0.9126E+01  0.6694E+03  0.2815E+00  0.2608E+01
0.3300E+00  0.1465E+03  0.9888E+01  0.7028E+03  0.2884E+00  0.2606E+01
0.3400E+00  0.1474E+03  0.1069E+02  0.7365E+03  0.2952E+00  0.2603E+01
0.3500E+00  0.1483E+03  0.1152E+02  0.7706E+03  0.3020E+00  0.2600E+01
0.3600E+00  0.1493E+03  0.1240E+02  0.8051E+03  0.3087E+00  0.2597E+01
0.3700E+00  0.1502E+03  0.1331E+02  0.8398E+03  0.3153E+00  0.2593E+01
0.3800E+00  0.1512E+03  0.1427E+02  0.8749E+03  0.3218E+00  0.2589E+01
0.3900E+00  0.1522E+03  0.1526E+02  0.9101E+03  0.3282E+00  0.2585E+01
0.4000E+00  0.1532E+03  0.1629E+02  0.9457E+03  0.3345E+00  0.2580E+01
0.4100E+00  0.1542E+03  0.1736E+02  0.9814E+03  0.3408E+00  0.2575E+01
0.4200E+00  0.1553E+03  0.1847E+02  0.1017E+04  0.3470E+00  0.2571E+01
0.4300E+00  0.1563E+03  0.1962E+02  0.1054E+04  0.3531E+00  0.2565E+01
0.4400E+00  0.1574E+03  0.2081E+02  0.1090E+04  0.3591E+00  0.2560E+01
0.4500E+00  0.1585E+03  0.2204E+02  0.1126E+04  0.3651E+00  0.2555E+01
0.4600E+00  0.1596E+03  0.2331E+02  0.1163E+04  0.3709E+00  0.2549E+01
0.4700E+00  0.1607E+03  0.2463E+02  0.1199E+04  0.3767E+00  0.2543E+01
0.4800E+00  0.1618E+03  0.2598E+02  0.1236E+04  0.3825E+00  0.2538E+01
0.4900E+00  0.1629E+03  0.2737E+02  0.1273E+04  0.3881E+00  0.2532E+01
0.5000E+00  0.1641E+03  0.2881E+02  0.1310E+04  0.3937E+00  0.2526E+01
0.5100E+00  0.1653E+03  0.3028E+02  0.1347E+04  0.3992E+00  0.2520E+01
0.5200E+00  0.1664E+03  0.3180E+02  0.1384E+04  0.4046E+00  0.2514E+01
0.5300E+00  0.1676E+03  0.3336E+02  0.1421E+04  0.4100E+00  0.2508E+01
0.5400E+00  0.1688E+03  0.3496E+02  0.1457E+04  0.4153E+00  0.2501E+01
0.5500E+00  0.1700E+03  0.3660E+02  0.1494E+04  0.4205E+00  0.2495E+01
0.5600E+00  0.1712E+03  0.3828E+02  0.1531E+04  0.4257E+00  0.2489E+01
0.5700E+00  0.1724E+03  0.4000E+02  0.1568E+04  0.4307E+00  0.2482E+01
0.5800E+00  0.1737E+03  0.4176E+02  0.1605E+04  0.4358E+00  0.2476E+01
0.5900E+00  0.1749E+03  0.4357E+02  0.1641E+04  0.4407E+00  0.2470E+01
0.6000E+00  0.1762E+03  0.4541E+02  0.1678E+04  0.4456E+00  0.2463E+01
0.6100E+00  0.1774E+03  0.4729E+02  0.1714E+04  0.4504E+00  0.2457E+01
0.6200E+00  0.1787E+03  0.4922E+02  0.1750E+04  0.4551E+00  0.2450E+01
0.6300E+00  0.1800E+03  0.5118E+02  0.1787E+04  0.4598E+00  0.2443E+01
0.6400E+00  0.1813E+03  0.5319E+02  0.1823E+04  0.4644E+00  0.2437E+01
0.6500E+00  0.1826E+03  0.5523E+02  0.1858E+04  0.4690E+00  0.2430E+01
0.6600E+00  0.1839E+03  0.5732E+02  0.1894E+04  0.4734E+00  0.2423E+01
0.6700E+00  0.1852E+03  0.5944E+02  0.1930E+04  0.4779E+00  0.2417E+01
0.6800E+00  0.1866E+03  0.6161E+02  0.1965E+04  0.4822E+00  0.2410E+01
0.6900E+00  0.1879E+03  0.6381E+02  0.2000E+04  0.4865E+00  0.2403E+01
0.7000E+00  0.1892E+03  0.6605E+02  0.2035E+04  0.4907E+00  0.2396E+01
0.7100E+00  0.1906E+03  0.6833E+02  0.2069E+04  0.4949E+00  0.2389E+01
0.7200E+00  0.1920E+03  0.7065E+02  0.2104E+04  0.4990E+00  0.2382E+01
0.7300E+00  0.1933E+03  0.7301E+02  0.2138E+04  0.5030E+00  0.2375E+01
0.7400E+00  0.1947E+03  0.7540E+02  0.2172E+04  0.5070E+00  0.2368E+01
0.7500E+00  0.1961E+03  0.7783E+02  0.2206E+04  0.5109E+00  0.2361E+01
0.7600E+00  0.1975E+03  0.8030E+02  0.2239E+04  0.5147E+00  0.2354E+01
0.7700E+00  0.1989E+03  0.8281E+02  0.2272E+04  0.5185E+00  0.2347E+01
0.7800E+00  0.2003E+03  0.8535E+02  0.2305E+04  0.5222E+00  0.2340E+01
0.7900E+00  0.2017E+03  0.8793E+02  0.2337E+04  0.5259E+00  0.2333E+01
0.8000E+00  0.2031E+03  0.9054E+02  0.2369E+04  0.5295E+00  0.2326E+01
0.8100E+00  0.2045E+03  0.9319E+02  0.2401E+04  0.5331E+00  0.2319E+01
0.8200E+00  0.2059E+03  0.9588E+02  0.2433E+04  0.5365E+00  0.2312E+01
0.8300E+00  0.2073E+03  0.9860E+02  0.2464E+04  0.5400E+00  0.2304E+01
0.8400E+00  0.2088E+03  0.1014E+03  0.2494E+04  0.5433E+00  0.2297E+01
0.8500E+00  0.2102E+03  0.1041E+03  0.2525E+04  0.5466E+00  0.2290E+01
0.8600E+00  0.2117E+03  0.1070E+03  0.2555E+04  0.5499E+00  0.2282E+01
0.8700E+00  0.2131E+03  0.1098E+03  0.2585E+04  0.5530E+00  0.2275E+01
0.8800E+00  0.2146E+03  0.1127E+03  0.2614E+04  0.5562E+00  0.2268E+01
0.8900E+00  0.2160E+03  0.1156E+03  0.2643E+04  0.5592E+00  0.2260E+01
0.9000E+00  0.2175E+03  0.1186E+03  0.2671E+04  0.5622E+00  0.2253E+01
0.9100E+00  0.2189E+03  0.1216E+03  0.2699E+04  0.5652E+00  0.2245E+01
0.9200E+00  0.2204E+03  0.1246E+03  0.2727E+04  0.5681E+00  0.2238E+01
0.9300E+00  0.2219E+03  0.1276E+03  0.2754E+04  0.5709E+00  0.2230E+01
0.9400E+00  0.2234E+03  0.1307E+03  0.2781E+04  0.5737E+00  0.2222E+01
0.9500E+00  0.2249E+03  0.1338E+03  0.2807E+04  0.5764E+00  0.2215E+01
0.9600E+00  0.2263E+03  0.1369E+03  0.2833E+04  0.5790E+00  0.2207E+01
0.9700E+00  0.2278E+03  0.1401E+03  0.2859E+04  0.5816E+00  0.2199E+01
0.9800E+00  0.2293E+03  0.1433E+03  0.2884E+04  0.5841E+00  0.2191E+01
0.9900E+00  0.2308E+03  0.1465E+03  0.2908E+04  0.5866E+00  0.2183E+01
0.1000E+01  0.2323E+03  0.1498E+03  0.2932E+04  0.5890E+00  0.2175E+01
