    2.000000000000000      0.1255400000000000    
    1.990000000000000      0.1269260000000000    
    1.980000000000000      0.1282860000000000    
    1.970000000000000      0.1296210000000000    
    1.960000000000000      0.1309300000000000    
    1.950000000000000      0.1322130000000000    
    1.940000000000000      0.1334710000000000    
    1.930000000000000      0.1347040000000000    
    1.920000000000000      0.1359110000000000    
    1.910000000000000      0.1370930000000000    
    1.900000000000000      0.1382490000000000    
    1.890000000000000      0.1393810000000000    
    1.880000000000000      0.1404870000000000    
    1.870000000000000      0.1415680000000000    
    1.860000000000000      0.1426250000000000    
    1.850000000000000      0.1436570000000000    
    1.840000000000000      0.1446640000000000    
    1.830000000000000      0.1456470000000000    
    1.820000000000000      0.1466050000000000    
    1.810000000000000      0.1475390000000000    
    1.800000000000000      0.1484500000000000    
    1.790000000000000      0.1493360000000000    
    1.780000000000000      0.1501990000000000    
    1.770000000000000      0.1510380000000000    
    1.760000000000000      0.1518540000000000    
    1.750000000000000      0.1526470000000000    
    1.740000000000000      0.1534160000000000    
    1.730000000000000      0.1541630000000000    
    1.720000000000000      0.1548870000000000    
    1.710000000000000      0.1555890000000000    
    1.700000000000000      0.1562680000000000    
    1.690000000000000      0.1569250000000000    
    1.680000000000000      0.1575600000000000    
    1.670000000000000      0.1581720000000000    
    1.660000000000000      0.1587640000000000    
    1.650000000000000      0.1593330000000000    
    1.640000000000000      0.1598820000000000    
    1.630000000000000      0.1604090000000000    
    1.620000000000000      0.1609150000000000    
    1.610000000000000      0.1614000000000000    
    1.600000000000000      0.1618640000000000    
    1.590000000000000      0.1623080000000000    
    1.580000000000000      0.1627310000000000    
    1.570000000000000      0.1631340000000000    
    1.560000000000000      0.1635170000000000    
    1.550000000000000      0.1638790000000000    
    1.540000000000000      0.1642220000000000    
    1.530000000000000      0.1645460000000000    
    1.520000000000000      0.1648490000000000    
    1.510000000000000      0.1651330000000000    
    1.500000000000000      0.1653980000000000    
    1.490000000000000      0.1656440000000000    
    1.480000000000000      0.1658700000000000    
    1.470000000000000      0.1660780000000000    
    1.460000000000000      0.1662670000000000    
    1.450000000000000      0.1664370000000000    
    1.440000000000000      0.1665890000000000    
    1.430000000000000      0.1667220000000000    
    1.420000000000000      0.1668370000000000    
    1.410000000000000      0.1669340000000000    
    1.400000000000000      0.1670130000000000    
    1.390000000000000      0.1670730000000000    
    1.380000000000000      0.1671160000000000    
    1.370000000000000      0.1671410000000000    
    1.360000000000000      0.1671480000000000    
    1.350000000000000      0.1671380000000000    
    1.340000000000000      0.1671110000000000    
    1.330000000000000      0.1670660000000000    
    1.320000000000000      0.1670030000000000    
    1.310000000000000      0.1669240000000000    
    1.300000000000000      0.1668270000000000    
    1.290000000000000      0.1667140000000000    
    1.280000000000000      0.1665830000000000    
    1.270000000000000      0.1664360000000000    
    1.260000000000000      0.1662710000000000    
    1.250000000000000      0.1660910000000000    
    1.240000000000000      0.1658930000000000    
    1.230000000000000      0.1656790000000000    
    1.220000000000000      0.1654490000000000    
    1.210000000000000      0.1652020000000000    
    1.200000000000000      0.1649390000000000    
    1.190000000000000      0.1646590000000000    
    1.180000000000000      0.1643630000000000    
    1.170000000000000      0.1640510000000000    
    1.160000000000000      0.1637240000000000    
    1.150000000000000      0.1633800000000000    
    1.140000000000000      0.1630200000000000    
    1.130000000000000      0.1626440000000000    
    1.120000000000000      0.1622520000000000    
    1.110000000000000      0.1618440000000000    
    1.100000000000000      0.1614210000000000    
    1.090000000000000      0.1609820000000000    
    1.080000000000000      0.1605270000000000    
    1.070000000000000      0.1600570000000000    
    1.060000000000000      0.1595710000000000    
    1.050000000000000      0.1590690000000000    
    1.040000000000000      0.1585520000000000    
    1.030000000000000      0.1580190000000000    
    1.020000000000000      0.1574710000000000    
    1.010000000000000      0.1569070000000000    
    1.000000000000000      0.1563280000000000    
   0.9900000000000000      0.1557330000000000    
   0.9800000000000001      0.1551230000000000    
   0.9700000000000000      0.1544980000000000    
   0.9600000000000000      0.1538570000000000    
   0.9500000000000000      0.1532010000000000    
   0.9400000000000001      0.1525290000000000    
   0.9300000000000000      0.1518420000000000    
   0.9199999999999999      0.1511390000000000    
   0.9099999999999999      0.1504220000000000    
   0.9000000000000000      0.1496880000000000    
   0.8900000000000000      0.1489390000000000    
   0.8800000000000001      0.1481750000000000    
   0.8699999999999999      0.1473950000000000    
   0.8600000000000000      0.1466000000000000    
   0.8500000000000000      0.1457890000000000    
   0.8400000000000001      0.1449630000000000    
   0.8300000000000001      0.1441200000000000    
   0.8200000000000000      0.1432620000000000    
   0.8099999999999999      0.1423890000000000    
   0.8000000000000000      0.1414990000000000    
   0.7900000000000000      0.1405930000000000    
   0.7800000000000000      0.1396710000000000    
   0.7700000000000000      0.1387330000000000    
   0.7600000000000000      0.1377790000000000    
   0.7500000000000000      0.1368080000000000    
   0.7400000000000000      0.1358210000000000    
   0.7300000000000000      0.1348170000000000    
   0.7200000000000000      0.1337960000000000    
   0.7100000000000000      0.1327580000000000    
   0.7000000000000000      0.1317030000000000    
   0.6900000000000001      0.1306300000000000    
   0.6799999999999999      0.1295400000000000    
   0.6700000000000000      0.1284310000000000    
   0.6599999999999999      0.1273050000000000    
   0.6500000000000000      0.1261600000000000    
   0.6400000000000000      0.1249960000000000    
   0.6300000000000000      0.1238130000000000    
   0.6200000000000000      0.1226110000000000    
   0.6100000000000000      0.1213880000000000    
   0.6000000000000000      0.1201460000000000    
   0.5900000000000001      0.1188830000000000    
   0.5800000000000000      0.1175980000000000    
   0.5700000000000001      0.1162920000000000    
   0.5599999999999999      0.1149640000000000    
   0.5500000000000000      0.1136130000000000    
   0.5400000000000000      0.1122380000000000    
   0.5300000000000000      0.1108400000000000    
   0.5200000000000000      0.1094170000000000    
   0.5100000000000000      0.1079680000000000    
   0.5000000000000000      0.1064940000000000    
   0.4900000000000000      0.1049920000000000    
   0.4800000000000000      0.1034640000000000    
   0.4700000000000000      0.1019060000000000    
   0.4600000000000000      0.1003200000000000    
   0.4500000000000000      9.8703900000000011E-02
   0.4400000000000001      9.7057500000000005E-02
   0.4300000000000000      9.5380299999999987E-02
   0.4200000000000000      9.3671900000000002E-02
   0.4100000000000000      9.1932200000000006E-02
   0.4000000000000000      9.0161300000000000E-02
   0.3900000000000000      8.8359799999999988E-02
   0.3800000000000000      8.6528399999999991E-02
   0.3700000000000000      8.4668600000000011E-02
   0.3600000000000000      8.2782099999999997E-02
   0.3500000000000000      8.0871600000000002E-02
   0.3400000000000000      7.8940099999999999E-02
   0.3300000000000000      7.6991500000000004E-02
   0.3200000000000000      7.5030100000000002E-02
   0.3100000000000000      7.3061000000000001E-02
   0.3000000000000000      7.1089299999999994E-02
   0.2900000000000000      6.9120799999999996E-02
   0.2800000000000000      6.7160700000000004E-02
   0.2700000000000000      6.5214200000000000E-02
   0.2600000000000000      6.3285300000000003E-02
   0.2500000000000000      6.1376600000000003E-02
   0.2400000000000000      5.9488599999999996E-02
   0.2364310000000000      5.7750199999999995E-02
   0.2343580000000000      5.8517799999999995E-02
   0.2323000000000000      5.9296399999999999E-02
   0.2302540000000000      6.0086199999999999E-02
   0.2282210000000000      6.0887500000000004E-02
   0.2262000000000000      6.1700699999999997E-02
   0.2241910000000000      6.2525999999999998E-02
   0.2221940000000000      6.3363799999999998E-02
   0.2202080000000000      6.4214300000000002E-02
   0.2182330000000000      6.5077999999999997E-02
   0.2162680000000000      6.5955100000000003E-02
   0.2143130000000000      6.6846100000000006E-02
   0.2123670000000000      6.7751300000000000E-02
   0.2104310000000000      6.8671200000000002E-02
   0.2085040000000000      6.9606100000000004E-02
   0.2065850000000000      7.0556499999999994E-02
   0.2000000000000000      7.2228100000000003E-02
   0.1900000000000000      6.9247600000000006E-02
   0.1800000000000000      6.6188100000000000E-02
   0.1700000000000000      6.3022499999999995E-02
   0.1600000000000000      5.9722600000000001E-02
   0.1500000000000000      5.6264300000000003E-02
   0.1400000000000000      5.2638400000000002E-02
   0.1300000000000000      4.8877699999999996E-02
   0.1200000000000000      4.5154899999999998E-02
   0.1100000000000000      4.2083599999999999E-02
   0.1000000000000000      3.8866299999999999E-02
