figura 18  energia

v18

    2.000000000000000       1427.390000000000    
    1.990000000000000       1411.970000000000    
    1.980000000000000       1396.640000000000    
    1.970000000000000       1381.380000000000    
    1.960000000000000       1366.200000000000    
    1.950000000000000       1351.100000000000    
    1.940000000000000       1336.090000000000    
    1.930000000000000       1321.150000000000    
    1.920000000000000       1306.290000000000    
    1.910000000000000       1291.510000000000    
    1.900000000000000       1276.810000000000    
    1.890000000000000       1262.200000000000    
    1.880000000000000       1247.660000000000    
    1.870000000000000       1233.210000000000    
    1.860000000000000       1218.830000000000    
    1.850000000000000       1204.540000000000    
    1.840000000000000       1190.340000000000    
    1.830000000000000       1176.210000000000    
    1.820000000000000       1162.160000000000    
    1.810000000000000       1148.200000000000    
    1.800000000000000       1134.320000000000    
    1.790000000000000       1120.530000000000    
    1.780000000000000       1106.810000000000    
    1.770000000000000       1093.180000000000    
    1.760000000000000       1079.640000000000    
    1.750000000000000       1066.170000000000    
    1.740000000000000       1052.790000000000    
    1.730000000000000       1039.490000000000    
    1.720000000000000       1026.280000000000    
    1.710000000000000       1013.150000000000    
    1.700000000000000       1000.110000000000    
    1.690000000000000       987.1490000000000    
    1.680000000000000       974.2730000000000    
    1.670000000000000       961.4810000000000    
    1.660000000000000       948.7740000000000    
    1.650000000000000       936.1520000000000    
    1.640000000000000       923.6150000000000    
    1.630000000000000       911.1630000000000    
    1.620000000000000       898.7959999999999    
    1.610000000000000       886.5140000000000    
    1.600000000000000       874.3169999999999    
    1.590000000000000       862.2059999999999    
    1.580000000000000       850.1810000000000    
    1.570000000000000       838.2410000000000    
    1.560000000000000       826.3860000000000    
    1.550000000000000       814.6179999999999    
    1.540000000000000       802.9350000000001    
    1.530000000000000       791.3389999999999    
    1.520000000000000       779.8280000000000    
    1.510000000000000       768.4040000000000    
    1.500000000000000       757.0660000000000    
    1.490000000000000       745.8149999999999    
    1.480000000000000       734.6500000000000    
    1.470000000000000       723.5710000000000    
    1.460000000000000       712.5800000000000    
    1.450000000000000       701.6750000000000    
    1.440000000000000       690.8560000000000    
    1.430000000000000       680.1250000000000    
    1.420000000000000       669.4810000000000    
    1.410000000000000       658.9230000000000    
    1.400000000000000       648.4530000000001    
    1.390000000000000       638.0700000000001    
    1.380000000000000       627.7750000000000    
    1.370000000000000       617.5670000000000    
    1.360000000000000       607.4460000000000    
    1.350000000000000       597.4130000000000    
    1.340000000000000       587.4670000000000    
    1.330000000000000       577.6090000000000    
    1.320000000000000       567.8390000000001    
    1.310000000000000       558.1559999999999    
    1.300000000000000       548.5620000000000    
    1.290000000000000       539.0550000000001    
    1.280000000000000       529.6360000000000    
    1.270000000000000       520.3059999999999    
    1.260000000000000       511.0640000000000    
    1.250000000000000       501.9090000000000    
    1.240000000000000       492.8430000000000    
    1.230000000000000       483.8660000000000    
    1.220000000000000       474.9770000000000    
    1.210000000000000       466.1760000000000    
    1.200000000000000       457.4640000000001    
    1.190000000000000       448.8400000000000    
    1.180000000000000       440.3050000000001    
    1.170000000000000       431.8580000000000    
    1.160000000000000       423.5000000000001    
    1.150000000000000       415.2310000000000    
    1.140000000000000       407.0510000000000    
    1.130000000000000       398.9600000000000    
    1.120000000000000       390.9570000000000    
    1.110000000000000       383.0440000000000    
    1.100000000000000       375.2190000000000    
    1.090000000000000       367.4830000000000    
    1.080000000000000       359.8370000000000    
    1.070000000000000       352.2790000000000    
    1.060000000000000       344.8110000000000    
    1.050000000000000       337.4310000000000    
    1.040000000000000       330.1410000000000    
    1.030000000000000       322.9400000000000    
    1.020000000000000       315.8280000000000    
    1.010000000000000       308.8050000000000    
    1.000000000000000       301.8720000000000    
   0.9900000000000000       295.0270000000000    
   0.9800000000000001       288.2720000000000    
   0.9700000000000000       281.6060000000000    
   0.9600000000000000       275.0300000000000    
   0.9500000000000000       268.5420000000000    
   0.9400000000000001       262.1440000000000    
   0.9300000000000000       255.8340000000000    
   0.9199999999999999       249.6140000000000    
   0.9099999999999999       243.4830000000000    
   0.9000000000000000       237.4410000000000    
   0.8900000000000000       231.4880000000000    
   0.8800000000000001       225.6240000000000    
   0.8699999999999999       219.8490000000000    
   0.8600000000000000       214.1630000000000    
   0.8500000000000000       208.5650000000000    
   0.8400000000000001       203.0570000000000    
   0.8300000000000001       197.6370000000000    
   0.8200000000000000       192.3050000000000    
   0.8099999999999999       187.0620000000000    
   0.8000000000000000       181.9080000000000    
   0.7900000000000000       176.8420000000000    
   0.7800000000000000       171.8630000000000    
   0.7700000000000000       166.9730000000000    
   0.7600000000000000       162.1710000000000    
   0.7500000000000000       157.4560000000000    
   0.7400000000000000       152.8300000000000    
   0.7300000000000000       148.2900000000000    
   0.7200000000000000       143.8380000000000    
   0.7100000000000000       139.4730000000000    
   0.7000000000000000       135.1940000000000    
   0.6900000000000001       131.0030000000000    
   0.6799999999999999       126.8970000000000    
   0.6700000000000000       122.8780000000000    
   0.6599999999999999       118.9450000000000    
   0.6500000000000000       115.0980000000000    
   0.6400000000000000       111.3350000000000    
   0.6300000000000000       107.6580000000000    
   0.6200000000000000       104.0660000000000    
   0.6100000000000000       100.5580000000000    
   0.6000000000000000       97.13440000000000    
   0.5900000000000001       93.79429999999999    
   0.5800000000000000       90.53750000000001    
   0.5700000000000001       87.36359999999999    
   0.5599999999999999       84.27220000000000    
   0.5500000000000000       81.26280000000000    
   0.5400000000000000       78.33499999999999    
   0.5300000000000000       75.48820000000001    
   0.5200000000000000       72.72190000000001    
   0.5100000000000000       70.03550000000000    
   0.5000000000000000       67.42850000000000    
   0.4900000000000000       64.90020000000000    
   0.4800000000000000       62.45000000000000    
   0.4700000000000000       60.07710000000000    
   0.4600000000000000       57.78090000000000    
   0.4500000000000000       55.56040000000000    
   0.4400000000000001       53.41490000000000    
   0.4300000000000000       51.34340000000000    
   0.4200000000000000       49.34500000000000    
   0.4100000000000000       47.41850000000000    
   0.4000000000000000       45.56280000000000    
   0.3900000000000000       43.77670000000001    
   0.3800000000000000       42.05890000000000    
   0.3700000000000000       40.40790000000001    
   0.3600000000000000       38.82200000000000    
   0.3500000000000000       37.29980000000000    
   0.3400000000000000       35.83940000000000    
   0.3300000000000000       34.43890000000000    
   0.3200000000000000       33.09630000000000    
   0.3100000000000000       31.80960000000000    
   0.3000000000000000       30.57670000000000    
   0.2900000000000000       29.39540000000000    
   0.2800000000000000       28.26370000000000    
   0.2700000000000000       27.17940000000000    
   0.2600000000000000       26.14040000000000    
   0.2500000000000000       25.14480000000000    
   0.2400000000000000       24.19090000000000    
   0.2364310000000000       23.97810000000000    
   0.2343580000000000       23.73090000000000    
   0.2323000000000000       23.48110000000000    
   0.2302540000000000       23.22860000000000    
   0.2282210000000000       22.97340000000000    
   0.2262000000000000       22.71520000000000    
   0.2241910000000000       22.45410000000000    
   0.2221940000000000       22.19000000000000    
   0.2202080000000000       21.92270000000000    
   0.2182330000000000       21.65220000000000    
   0.2162680000000000       21.37840000000000    
   0.2143130000000000       21.10110000000000    
   0.2123670000000000       20.82020000000000    
   0.2104310000000000       20.53570000000000    
   0.2085040000000000       20.24740000000000    
   0.2065850000000000       19.95510000000000    
   0.2000000000000000       19.01090000000000    
   0.1900000000000000       17.86770000000000    
   0.1800000000000000       16.79550000000000    
   0.1700000000000000       15.79490000000000    
   0.1600000000000000       14.86570000000000    
   0.1500000000000000       14.00570000000000    
   0.1400000000000000       13.20940000000000    
   0.1300000000000000       12.46410000000000    
   0.1200000000000000       11.73710000000000    
   0.1100000000000000       10.93760000000000


delta =0.

0.100000E-01  0.400387E+01
0.200000E-01  0.511327E+01
0.300000E-01  0.570958E+01
0.400000E-01  0.607882E+01
0.500000E-01  0.633829E+01
0.600000E-01  0.655063E+01
0.700000E-01  0.675424E+01
0.800000E-01  0.697482E+01
0.900000E-01  0.723061E+01
0.100000E+00  0.753515E+01
0.110000E+00  0.789882E+01
0.120000E+00  0.832981E+01
0.130000E+00  0.883472E+01
0.140000E+00  0.941896E+01
0.150000E+00  0.100870E+02
0.160000E+00  0.108427E+02
0.170000E+00  0.116893E+02
0.180000E+00  0.126295E+02
0.190000E+00  0.136657E+02
0.200000E+00  0.148002E+02
0.210000E+00  0.160347E+02
0.220000E+00  0.173709E+02
0.230000E+00  0.188104E+02
0.240000E+00  0.203543E+02
0.250000E+00  0.220039E+02
0.260000E+00  0.237602E+02
0.270000E+00  0.256243E+02
0.280000E+00  0.275971E+02
0.290000E+00  0.296792E+02
0.300000E+00  0.318716E+02
0.310000E+00  0.341748E+02
0.320000E+00  0.365895E+02
0.330000E+00  0.391162E+02
0.340000E+00  0.417556E+02
0.350000E+00  0.445080E+02
0.360000E+00  0.473741E+02
0.370000E+00  0.503541E+02
0.380000E+00  0.534485E+02
0.390000E+00  0.566577E+02
0.400000E+00  0.599820E+02
0.410000E+00  0.634218E+02
0.420000E+00  0.669773E+02
0.430000E+00  0.706489E+02
0.440000E+00  0.744369E+02
0.450000E+00  0.783414E+02
0.460000E+00  0.823628E+02
0.470000E+00  0.865013E+02
0.480000E+00  0.907570E+02
0.490000E+00  0.951302E+02
0.500000E+00  0.996212E+02
0.510000E+00  0.104230E+03
0.520000E+00  0.108957E+03
0.530000E+00  0.113802E+03
0.540000E+00  0.118765E+03
0.550000E+00  0.123847E+03
0.560000E+00  0.129048E+03
0.570000E+00  0.134368E+03
0.580000E+00  0.139806E+03
0.590000E+00  0.145364E+03
0.600000E+00  0.151041E+03
0.610000E+00  0.156837E+03
0.620000E+00  0.162752E+03
0.630000E+00  0.168788E+03
0.640000E+00  0.174942E+03
0.650000E+00  0.181217E+03
0.660000E+00  0.187611E+03
0.670000E+00  0.194126E+03
0.680000E+00  0.200760E+03
0.690000E+00  0.207514E+03
0.700000E+00  0.214389E+03
0.710000E+00  0.221384E+03
0.720000E+00  0.228499E+03
0.730000E+00  0.235735E+03
0.740000E+00  0.243091E+03
0.750000E+00  0.250568E+03
0.760000E+00  0.258165E+03
0.770000E+00  0.265883E+03
0.780000E+00  0.273722E+03
0.790000E+00  0.281681E+03
0.800000E+00  0.289762E+03
0.810000E+00  0.297963E+03
0.820000E+00  0.306286E+03
0.830000E+00  0.314729E+03
0.840000E+00  0.323293E+03
0.850000E+00  0.331979E+03
0.860000E+00  0.340785E+03
0.870000E+00  0.349713E+03
0.880000E+00  0.358762E+03
0.890000E+00  0.367933E+03
0.900000E+00  0.377225E+03
0.910000E+00  0.386638E+03
0.920000E+00  0.396172E+03
0.930000E+00  0.405828E+03
0.940000E+00  0.415606E+03
0.950000E+00  0.425505E+03
0.960000E+00  0.435526E+03
0.970000E+00  0.445668E+03
0.980000E+00  0.455932E+03
0.990000E+00  0.466317E+03
0.100000E+01  0.476824E+03
0.101000E+01  0.487453E+03
0.102000E+01  0.498204E+03
0.103000E+01  0.509076E+03
0.104000E+01  0.520070E+03
0.105000E+01  0.531186E+03
0.106000E+01  0.542424E+03
0.107000E+01  0.553784E+03
0.108000E+01  0.565266E+03
0.109000E+01  0.576870E+03
0.110000E+01  0.588595E+03
0.111000E+01  0.600443E+03
0.112000E+01  0.612413E+03
0.113000E+01  0.624504E+03
0.114000E+01  0.636718E+03
0.115000E+01  0.649054E+03
0.116000E+01  0.661512E+03
0.117000E+01  0.674092E+03
0.118000E+01  0.686794E+03
0.119000E+01  0.699618E+03
0.120000E+01  0.712565E+03
0.121000E+01  0.725633E+03
0.122000E+01  0.738824E+03
0.123000E+01  0.752138E+03
0.124000E+01  0.765573E+03
0.125000E+01  0.779131E+03
0.126000E+01  0.792810E+03
0.127000E+01  0.806613E+03
0.128000E+01  0.820537E+03
0.129000E+01  0.834584E+03
0.130000E+01  0.848753E+03
0.131000E+01  0.863045E+03
0.132000E+01  0.877459E+03
0.133000E+01  0.891995E+03
0.134000E+01  0.906654E+03
0.135000E+01  0.921435E+03
0.136000E+01  0.936339E+03
0.137000E+01  0.951365E+03
0.138000E+01  0.966513E+03
0.139000E+01  0.981784E+03
0.140000E+01  0.997177E+03
0.141000E+01  0.101269E+04
0.142000E+01  0.102833E+04
0.143000E+01  0.104409E+04
0.144000E+01  0.105998E+04
0.145000E+01  0.107598E+04
0.146000E+01  0.109211E+04
0.147000E+01  0.110836E+04
0.148000E+01  0.112474E+04
0.149000E+01  0.114123E+04
0.150000E+01  0.115785E+04
0.151000E+01  0.117459E+04
0.152000E+01  0.119146E+04
0.153000E+01  0.120844E+04
0.154000E+01  0.122555E+04
0.155000E+01  0.124278E+04
0.156000E+01  0.126014E+04
0.157000E+01  0.127762E+04
0.158000E+01  0.129522E+04
0.159000E+01  0.131294E+04
0.160000E+01  0.133078E+04
0.161000E+01  0.134875E+04
0.162000E+01  0.136684E+04
0.163000E+01  0.138506E+04
0.164000E+01  0.140339E+04
0.165000E+01  0.142185E+04
0.166000E+01  0.144043E+04
0.167000E+01  0.145914E+04
0.168000E+01  0.147796E+04
0.169000E+01  0.149691E+04
0.170000E+01  0.151599E+04
0.171000E+01  0.153518E+04
0.172000E+01  0.155450E+04
0.173000E+01  0.157394E+04
0.174000E+01  0.159351E+04
0.175000E+01  0.161319E+04
0.176000E+01  0.163300E+04
0.177000E+01  0.165293E+04
0.178000E+01  0.167299E+04
0.179000E+01  0.169317E+04
0.180000E+01  0.171347E+04
0.181000E+01  0.173389E+04
0.182000E+01  0.175444E+04
0.183000E+01  0.177511E+04
0.184000E+01  0.179590E+04
0.185000E+01  0.181681E+04
0.186000E+01  0.183785E+04
0.187000E+01  0.185901E+04
0.188000E+01  0.188030E+04
0.189000E+01  0.190170E+04
0.190000E+01  0.192323E+04
0.191000E+01  0.194488E+04
0.192000E+01  0.196666E+04
0.193000E+01  0.198856E+04
0.194000E+01  0.201058E+04
0.195000E+01  0.203272E+04
0.196000E+01  0.205499E+04
0.197000E+01  0.207738E+04
0.198000E+01  0.209989E+04
0.199000E+01  0.212253E+04
0.200000E+01  0.214528E+04


delta =0.1 
0.100000E-01  0.391762E+01
0.200000E-01  0.496393E+01
0.300000E-01  0.551761E+01
0.400000E-01  0.586205E+01
0.500000E-01  0.611199E+01
0.600000E-01  0.632755E+01
0.700000E-01  0.654469E+01
0.800000E-01  0.678673E+01
0.900000E-01  0.706956E+01
0.100000E+00  0.740445E+01
0.110000E+00  0.779956E+01
0.120000E+00  0.826092E+01
0.130000E+00  0.879298E+01
0.140000E+00  0.939910E+01
0.150000E+00  0.100817E+02
0.160000E+00  0.108427E+02
0.170000E+00  0.116833E+02
0.180000E+00  0.126045E+02
0.190000E+00  0.136068E+02
0.200000E+00  0.146905E+02
0.210000E+00  0.158557E+02
0.220000E+00  0.171024E+02
0.230000E+00  0.184303E+02
0.240000E+00  0.198390E+02
0.250000E+00  0.213283E+02
0.260000E+00  0.228975E+02
0.270000E+00  0.245461E+02
0.280000E+00  0.262734E+02
0.290000E+00  0.280788E+02
0.300000E+00  0.299615E+02
0.310000E+00  0.319209E+02
0.320000E+00  0.339561E+02
0.330000E+00  0.360664E+02
0.340000E+00  0.382510E+02
0.350000E+00  0.405090E+02
0.360000E+00  0.428396E+02
0.370000E+00  0.452421E+02
0.380000E+00  0.477155E+02
0.390000E+00  0.502591E+02
0.400000E+00  0.528720E+02
0.410000E+00  0.555534E+02
0.420000E+00  0.583025E+02
0.430000E+00  0.611184E+02
0.440000E+00  0.640004E+02
0.450000E+00  0.669475E+02
0.460000E+00  0.699591E+02
0.470000E+00  0.730343E+02
0.480000E+00  0.761724E+02
0.490000E+00  0.793724E+02
0.500000E+00  0.826338E+02
0.510000E+00  0.859557E+02
0.520000E+00  0.893373E+02
0.530000E+00  0.927779E+02
0.540000E+00  0.962767E+02
0.550000E+00  0.998331E+02
0.560000E+00  0.103446E+03
0.570000E+00  0.107116E+03
0.580000E+00  0.110840E+03
0.590000E+00  0.114620E+03
0.600000E+00  0.118453E+03
0.610000E+00  0.122340E+03
0.620000E+00  0.126279E+03
0.630000E+00  0.130271E+03
0.640000E+00  0.134314E+03
0.650000E+00  0.138407E+03
0.660000E+00  0.142551E+03
0.670000E+00  0.146744E+03
0.680000E+00  0.150987E+03
0.690000E+00  0.155277E+03
0.700000E+00  0.159615E+03
0.710000E+00  0.164000E+03
0.720000E+00  0.168432E+03
0.730000E+00  0.172910E+03
0.740000E+00  0.177433E+03
0.750000E+00  0.182001E+03
0.760000E+00  0.186613E+03
0.770000E+00  0.191269E+03
0.780000E+00  0.195969E+03
0.790000E+00  0.200711E+03
0.800000E+00  0.205495E+03
0.810000E+00  0.210321E+03
0.820000E+00  0.215189E+03
0.830000E+00  0.220097E+03
0.840000E+00  0.225045E+03
0.850000E+00  0.230033E+03
0.860000E+00  0.235061E+03
0.870000E+00  0.240127E+03
0.880000E+00  0.245232E+03
0.890000E+00  0.250375E+03
0.900000E+00  0.255555E+03
0.910000E+00  0.260772E+03
0.920000E+00  0.266026E+03
0.930000E+00  0.271316E+03
0.940000E+00  0.276642E+03
0.950000E+00  0.282004E+03
0.960000E+00  0.287401E+03
0.970000E+00  0.292832E+03
0.980000E+00  0.298297E+03
0.990000E+00  0.303796E+03
0.100000E+01  0.309329E+03
0.101000E+01  0.314895E+03
0.102000E+01  0.320493E+03
0.103000E+01  0.326124E+03
0.104000E+01  0.331787E+03
0.105000E+01  0.337482E+03
0.106000E+01  0.343207E+03
0.107000E+01  0.348964E+03
0.108000E+01  0.354752E+03
0.109000E+01  0.360569E+03
0.110000E+01  0.366417E+03
0.111000E+01  0.372294E+03
0.112000E+01  0.378201E+03
0.113000E+01  0.384136E+03
0.114000E+01  0.390101E+03
0.115000E+01  0.396093E+03
0.116000E+01  0.402114E+03
0.117000E+01  0.408163E+03
0.118000E+01  0.414239E+03
0.119000E+01  0.420342E+03
0.120000E+01  0.426472E+03
0.121000E+01  0.432629E+03
0.122000E+01  0.438812E+03
0.123000E+01  0.445021E+03
0.124000E+01  0.451256E+03
0.125000E+01  0.457516E+03
0.126000E+01  0.463802E+03
0.127000E+01  0.470113E+03
0.128000E+01  0.476448E+03
0.129000E+01  0.482808E+03
0.130000E+01  0.489193E+03
0.131000E+01  0.495601E+03
0.132000E+01  0.502033E+03
0.133000E+01  0.508488E+03
0.134000E+01  0.514967E+03
0.135000E+01  0.521469E+03
0.136000E+01  0.527994E+03
0.137000E+01  0.534541E+03
0.138000E+01  0.541111E+03
0.139000E+01  0.547703E+03
0.140000E+01  0.554317E+03
0.141000E+01  0.560952E+03
0.142000E+01  0.567609E+03
0.143000E+01  0.574287E+03
0.144000E+01  0.580987E+03
0.145000E+01  0.587707E+03
0.146000E+01  0.594448E+03
0.147000E+01  0.601209E+03
0.148000E+01  0.607991E+03
0.149000E+01  0.614793E+03
0.150000E+01  0.621614E+03
0.151000E+01  0.628456E+03
0.152000E+01  0.635317E+03
0.153000E+01  0.642197E+03
0.154000E+01  0.649096E+03
0.155000E+01  0.656014E+03
0.156000E+01  0.662952E+03
0.157000E+01  0.669907E+03
0.158000E+01  0.676881E+03
0.159000E+01  0.683874E+03
0.160000E+01  0.690884E+03
0.161000E+01  0.697913E+03
0.162000E+01  0.704959E+03
0.163000E+01  0.712023E+03
0.164000E+01  0.719104E+03
0.165000E+01  0.726203E+03
0.166000E+01  0.733318E+03
0.167000E+01  0.740451E+03
0.168000E+01  0.747600E+03
0.169000E+01  0.754766E+03
0.170000E+01  0.761949E+03
0.171000E+01  0.769148E+03
0.172000E+01  0.776363E+03
0.173000E+01  0.783594E+03
0.174000E+01  0.790841E+03
0.175000E+01  0.798104E+03
0.176000E+01  0.805383E+03
0.177000E+01  0.812677E+03
0.178000E+01  0.819986E+03
0.179000E+01  0.827311E+03
0.180000E+01  0.834651E+03
0.181000E+01  0.842005E+03
0.182000E+01  0.849375E+03
0.183000E+01  0.856759E+03
0.184000E+01  0.864158E+03
0.185000E+01  0.871571E+03
0.186000E+01  0.878999E+03
0.187000E+01  0.886441E+03
0.188000E+01  0.893897E+03
0.189000E+01  0.901367E+03
0.190000E+01  0.908850E+03
0.191000E+01  0.916348E+03
0.192000E+01  0.923859E+03
0.193000E+01  0.931383E+03
0.194000E+01  0.938921E+03
0.195000E+01  0.946473E+03
0.196000E+01  0.954037E+03
0.197000E+01  0.961614E+03
0.198000E+01  0.969205E+03
0.199000E+01  0.976808E+03
0.200000E+01  0.984424E+03


delta=0.2

0.100000E-01  0.383243E+01
0.200000E-01  0.481823E+01
0.300000E-01  0.533258E+01
0.400000E-01  0.565561E+01
0.500000E-01  0.589900E+01
0.600000E-01  0.612003E+01
0.700000E-01  0.635201E+01
0.800000E-01  0.661573E+01
0.900000E-01  0.692479E+01
0.100000E+00  0.728827E+01
0.110000E+00  0.771231E+01
0.120000E+00  0.820101E+01
0.130000E+00  0.875708E+01
0.140000E+00  0.938219E+01
0.150000E+00  0.100773E+02
0.160000E+00  0.108427E+02
0.170000E+00  0.116785E+02
0.180000E+00  0.125841E+02
0.190000E+00  0.135591E+02
0.200000E+00  0.146027E+02
0.210000E+00  0.157139E+02
0.220000E+00  0.168917E+02
0.230000E+00  0.181350E+02
0.240000E+00  0.194427E+02
0.250000E+00  0.208136E+02
0.260000E+00  0.222464E+02
0.270000E+00  0.237399E+02
0.280000E+00  0.252929E+02
0.290000E+00  0.269042E+02
0.300000E+00  0.285724E+02
0.310000E+00  0.302965E+02
0.320000E+00  0.320752E+02
0.330000E+00  0.339073E+02
0.340000E+00  0.357916E+02
0.350000E+00  0.377270E+02
0.360000E+00  0.397124E+02
0.370000E+00  0.417467E+02
0.380000E+00  0.438287E+02
0.390000E+00  0.459575E+02
0.400000E+00  0.481320E+02
0.410000E+00  0.503512E+02
0.420000E+00  0.526141E+02
0.430000E+00  0.549197E+02
0.440000E+00  0.572671E+02
0.450000E+00  0.596555E+02
0.460000E+00  0.620838E+02
0.470000E+00  0.645512E+02
0.480000E+00  0.670570E+02
0.490000E+00  0.696002E+02
0.500000E+00  0.721801E+02
0.510000E+00  0.747958E+02
0.520000E+00  0.774466E+02
0.530000E+00  0.801318E+02
0.540000E+00  0.828506E+02
0.550000E+00  0.856024E+02
0.560000E+00  0.883864E+02
0.570000E+00  0.912020E+02
0.580000E+00  0.940485E+02
0.590000E+00  0.969253E+02
0.600000E+00  0.998318E+02
0.610000E+00  0.102767E+03
0.620000E+00  0.105731E+03
0.630000E+00  0.108723E+03
0.640000E+00  0.111742E+03
0.650000E+00  0.114788E+03
0.660000E+00  0.117861E+03
0.670000E+00  0.120959E+03
0.680000E+00  0.124082E+03
0.690000E+00  0.127230E+03
0.700000E+00  0.130402E+03
0.710000E+00  0.133598E+03
0.720000E+00  0.136818E+03
0.730000E+00  0.140060E+03
0.740000E+00  0.143325E+03
0.750000E+00  0.146612E+03
0.760000E+00  0.149920E+03
0.770000E+00  0.153250E+03
0.780000E+00  0.156600E+03
0.790000E+00  0.159971E+03
0.800000E+00  0.163362E+03
0.810000E+00  0.166773E+03
0.820000E+00  0.170203E+03
0.830000E+00  0.173652E+03
0.840000E+00  0.177119E+03
0.850000E+00  0.180605E+03
0.860000E+00  0.184109E+03
0.870000E+00  0.187631E+03
0.880000E+00  0.191170E+03
0.890000E+00  0.194726E+03
0.900000E+00  0.198298E+03
0.910000E+00  0.201888E+03
0.920000E+00  0.205493E+03
0.930000E+00  0.209114E+03
0.940000E+00  0.212751E+03
0.950000E+00  0.216404E+03
0.960000E+00  0.220071E+03
0.970000E+00  0.223753E+03
0.980000E+00  0.227450E+03
0.990000E+00  0.231161E+03
0.100000E+01  0.234887E+03
0.101000E+01  0.238626E+03
0.102000E+01  0.242379E+03
0.103000E+01  0.246145E+03
0.104000E+01  0.249925E+03
0.105000E+01  0.253717E+03
0.106000E+01  0.257523E+03
0.107000E+01  0.261341E+03
0.108000E+01  0.265171E+03
0.109000E+01  0.269014E+03
0.110000E+01  0.272868E+03
0.111000E+01  0.276735E+03
0.112000E+01  0.280613E+03
0.113000E+01  0.284502E+03
0.114000E+01  0.288403E+03
0.115000E+01  0.292315E+03
0.116000E+01  0.296238E+03
0.117000E+01  0.300171E+03
0.118000E+01  0.304115E+03
0.119000E+01  0.308070E+03
0.120000E+01  0.312035E+03
0.121000E+01  0.316010E+03
0.122000E+01  0.319995E+03
0.123000E+01  0.323990E+03
0.124000E+01  0.327994E+03
0.125000E+01  0.332008E+03
0.126000E+01  0.336032E+03
0.127000E+01  0.340065E+03
0.128000E+01  0.344106E+03
0.129000E+01  0.348157E+03
0.130000E+01  0.352217E+03
0.131000E+01  0.356286E+03
0.132000E+01  0.360363E+03
0.133000E+01  0.364448E+03
0.134000E+01  0.368542E+03
0.135000E+01  0.372645E+03
0.136000E+01  0.376755E+03
0.137000E+01  0.380874E+03
0.138000E+01  0.385000E+03
0.139000E+01  0.389134E+03
0.140000E+01  0.393276E+03
0.141000E+01  0.397426E+03
0.142000E+01  0.401583E+03
0.143000E+01  0.405747E+03
0.144000E+01  0.409919E+03
0.145000E+01  0.414098E+03
0.146000E+01  0.418284E+03
0.147000E+01  0.422477E+03
0.148000E+01  0.426677E+03
0.149000E+01  0.430884E+03
0.150000E+01  0.435097E+03
0.151000E+01  0.439318E+03
0.152000E+01  0.443544E+03
0.153000E+01  0.447778E+03
0.154000E+01  0.452017E+03
0.155000E+01  0.456263E+03
0.156000E+01  0.460515E+03
0.157000E+01  0.464773E+03
0.158000E+01  0.469038E+03
0.159000E+01  0.473308E+03
0.160000E+01  0.477584E+03
0.161000E+01  0.481866E+03
0.162000E+01  0.486154E+03
0.163000E+01  0.490448E+03
0.164000E+01  0.494747E+03
0.165000E+01  0.499052E+03
0.166000E+01  0.503362E+03
0.167000E+01  0.507678E+03
0.168000E+01  0.511999E+03
0.169000E+01  0.516325E+03
0.170000E+01  0.520656E+03
0.171000E+01  0.524993E+03
0.172000E+01  0.529335E+03
0.173000E+01  0.533682E+03
0.174000E+01  0.538034E+03
0.175000E+01  0.542390E+03
0.176000E+01  0.546752E+03
0.177000E+01  0.551118E+03
0.178000E+01  0.555489E+03
0.179000E+01  0.559865E+03
0.180000E+01  0.564245E+03
0.181000E+01  0.568630E+03
0.182000E+01  0.573020E+03
0.183000E+01  0.577414E+03
0.184000E+01  0.581812E+03
0.185000E+01  0.586215E+03
0.186000E+01  0.590622E+03
0.187000E+01  0.595034E+03
0.188000E+01  0.599449E+03
0.189000E+01  0.603869E+03
0.190000E+01  0.608293E+03
0.191000E+01  0.612721E+03
0.192000E+01  0.617153E+03
0.193000E+01  0.621589E+03
0.194000E+01  0.626029E+03
0.195000E+01  0.630473E+03
0.196000E+01  0.634921E+03
0.197000E+01  0.639372E+03
0.198000E+01  0.643827E+03
0.199000E+01  0.648287E+03
0.200000E+01  0.652749E+03


delta =0.3

0.100000E-01  0.374829E+01
0.200000E-01  0.467604E+01
0.300000E-01  0.515411E+01
0.400000E-01  0.545876E+01
0.500000E-01  0.569818E+01
0.600000E-01  0.592651E+01
0.700000E-01  0.617422E+01
0.800000E-01  0.645960E+01
0.900000E-01  0.679396E+01
0.100000E+00  0.718433E+01
0.110000E+00  0.763499E+01
0.120000E+00  0.814843E+01
0.130000E+00  0.872586E+01
0.140000E+00  0.936763E+01
0.150000E+00  0.100735E+02
0.160000E+00  0.108427E+02
0.170000E+00  0.116744E+02
0.180000E+00  0.125672E+02
0.190000E+00  0.135198E+02
0.200000E+00  0.145309E+02
0.210000E+00  0.155988E+02
0.220000E+00  0.167221E+02
0.230000E+00  0.178991E+02
0.240000E+00  0.191284E+02
0.250000E+00  0.204084E+02
0.260000E+00  0.217375E+02
0.270000E+00  0.231144E+02
0.280000E+00  0.245374E+02
0.290000E+00  0.260053E+02
0.300000E+00  0.275167E+02
0.310000E+00  0.290702E+02
0.320000E+00  0.306645E+02
0.330000E+00  0.322983E+02
0.340000E+00  0.339705E+02
0.350000E+00  0.356799E+02
0.360000E+00  0.374254E+02
0.370000E+00  0.392058E+02
0.380000E+00  0.410201E+02
0.390000E+00  0.428672E+02
0.400000E+00  0.447463E+02
0.410000E+00  0.466563E+02
0.420000E+00  0.485964E+02
0.430000E+00  0.505656E+02
0.440000E+00  0.525631E+02
0.450000E+00  0.545881E+02
0.460000E+00  0.566398E+02
0.470000E+00  0.587174E+02
0.480000E+00  0.608201E+02
0.490000E+00  0.629474E+02
0.500000E+00  0.650985E+02
0.510000E+00  0.672727E+02
0.520000E+00  0.694693E+02
0.530000E+00  0.716879E+02
0.540000E+00  0.739277E+02
0.550000E+00  0.761883E+02
0.560000E+00  0.784689E+02
0.570000E+00  0.807692E+02
0.580000E+00  0.830886E+02
0.590000E+00  0.854265E+02
0.600000E+00  0.877826E+02
0.610000E+00  0.901563E+02
0.620000E+00  0.925472E+02
0.630000E+00  0.949548E+02
0.640000E+00  0.973787E+02
0.650000E+00  0.998186E+02
0.660000E+00  0.102274E+03
0.670000E+00  0.104744E+03
0.680000E+00  0.107230E+03
0.690000E+00  0.109729E+03
0.700000E+00  0.112243E+03
0.710000E+00  0.114770E+03
0.720000E+00  0.117311E+03
0.730000E+00  0.119865E+03
0.740000E+00  0.122431E+03
0.750000E+00  0.125010E+03
0.760000E+00  0.127601E+03
0.770000E+00  0.130204E+03
0.780000E+00  0.132819E+03
0.790000E+00  0.135445E+03
0.800000E+00  0.138082E+03
0.810000E+00  0.140730E+03
0.820000E+00  0.143388E+03
0.830000E+00  0.146057E+03
0.840000E+00  0.148736E+03
0.850000E+00  0.151425E+03
0.860000E+00  0.154123E+03
0.870000E+00  0.156831E+03
0.880000E+00  0.159548E+03
0.890000E+00  0.162275E+03
0.900000E+00  0.165010E+03
0.910000E+00  0.167754E+03
0.920000E+00  0.170506E+03
0.930000E+00  0.173267E+03
0.940000E+00  0.176035E+03
0.950000E+00  0.178812E+03
0.960000E+00  0.181597E+03
0.970000E+00  0.184389E+03
0.980000E+00  0.187189E+03
0.990000E+00  0.189996E+03
0.100000E+01  0.192811E+03
0.101000E+01  0.195632E+03
0.102000E+01  0.198460E+03
0.103000E+01  0.201296E+03
0.104000E+01  0.204137E+03
0.105000E+01  0.206986E+03
0.106000E+01  0.209840E+03
0.107000E+01  0.212701E+03
0.108000E+01  0.215569E+03
0.109000E+01  0.218442E+03
0.110000E+01  0.221321E+03
0.111000E+01  0.224206E+03
0.112000E+01  0.227097E+03
0.113000E+01  0.229993E+03
0.114000E+01  0.232895E+03
0.115000E+01  0.235802E+03
0.116000E+01  0.238714E+03
0.117000E+01  0.241632E+03
0.118000E+01  0.244554E+03
0.119000E+01  0.247482E+03
0.120000E+01  0.250415E+03
0.121000E+01  0.253352E+03
0.122000E+01  0.256295E+03
0.123000E+01  0.259241E+03
0.124000E+01  0.262193E+03
0.125000E+01  0.265149E+03
0.126000E+01  0.268109E+03
0.127000E+01  0.271074E+03
0.128000E+01  0.274043E+03
0.129000E+01  0.277016E+03
0.130000E+01  0.279994E+03
0.131000E+01  0.282975E+03
0.132000E+01  0.285961E+03
0.133000E+01  0.288950E+03
0.134000E+01  0.291943E+03
0.135000E+01  0.294940E+03
0.136000E+01  0.297941E+03
0.137000E+01  0.300945E+03
0.138000E+01  0.303953E+03
0.139000E+01  0.306965E+03
0.140000E+01  0.309980E+03
0.141000E+01  0.312998E+03
0.142000E+01  0.316020E+03
0.143000E+01  0.319045E+03
0.144000E+01  0.322074E+03
0.145000E+01  0.325105E+03
0.146000E+01  0.328140E+03
0.147000E+01  0.331178E+03
0.148000E+01  0.334219E+03
0.149000E+01  0.337263E+03
0.150000E+01  0.340310E+03
0.151000E+01  0.343360E+03
0.152000E+01  0.346413E+03
0.153000E+01  0.349469E+03
0.154000E+01  0.352527E+03
0.155000E+01  0.355588E+03
0.156000E+01  0.358652E+03
0.157000E+01  0.361719E+03
0.158000E+01  0.364788E+03
0.159000E+01  0.367860E+03
0.160000E+01  0.370934E+03
0.161000E+01  0.374011E+03
0.162000E+01  0.377091E+03
0.163000E+01  0.380173E+03
0.164000E+01  0.383257E+03
0.165000E+01  0.386343E+03
0.166000E+01  0.389432E+03
0.167000E+01  0.392524E+03
0.168000E+01  0.395617E+03
0.169000E+01  0.398713E+03
0.170000E+01  0.401811E+03
0.171000E+01  0.404911E+03
0.172000E+01  0.408013E+03
0.173000E+01  0.411118E+03
0.174000E+01  0.414224E+03
0.175000E+01  0.417333E+03
0.176000E+01  0.420444E+03
0.177000E+01  0.423556E+03
0.178000E+01  0.426671E+03
0.179000E+01  0.429787E+03
0.180000E+01  0.432906E+03
0.181000E+01  0.436026E+03
0.182000E+01  0.439148E+03
0.183000E+01  0.442272E+03
0.184000E+01  0.445398E+03
0.185000E+01  0.448526E+03
0.186000E+01  0.451655E+03
0.187000E+01  0.454786E+03
0.188000E+01  0.457919E+03
0.189000E+01  0.461054E+03
0.190000E+01  0.464190E+03
0.191000E+01  0.467328E+03
0.192000E+01  0.470468E+03
0.193000E+01  0.473609E+03
0.194000E+01  0.476751E+03
0.195000E+01  0.479896E+03
0.196000E+01  0.483042E+03
0.197000E+01  0.486189E+03
0.198000E+01  0.489338E+03
0.199000E+01  0.492488E+03
0.200000E+01  0.495640E+03



figura 18  fracion de protones

v18
    2.000000000000000      0.1255400000000000    
    1.990000000000000      0.1269260000000000    
    1.980000000000000      0.1282860000000000    
    1.970000000000000      0.1296210000000000    
    1.960000000000000      0.1309300000000000    
    1.950000000000000      0.1322130000000000    
    1.940000000000000      0.1334710000000000    
    1.930000000000000      0.1347040000000000    
    1.920000000000000      0.1359110000000000    
    1.910000000000000      0.1370930000000000    
    1.900000000000000      0.1382490000000000    
    1.890000000000000      0.1393810000000000    
    1.880000000000000      0.1404870000000000    
    1.870000000000000      0.1415680000000000    
    1.860000000000000      0.1426250000000000    
    1.850000000000000      0.1436570000000000    
    1.840000000000000      0.1446640000000000    
    1.830000000000000      0.1456470000000000    
    1.820000000000000      0.1466050000000000    
    1.810000000000000      0.1475390000000000    
    1.800000000000000      0.1484500000000000    
    1.790000000000000      0.1493360000000000    
    1.780000000000000      0.1501990000000000    
    1.770000000000000      0.1510380000000000    
    1.760000000000000      0.1518540000000000    
    1.750000000000000      0.1526470000000000    
    1.740000000000000      0.1534160000000000    
    1.730000000000000      0.1541630000000000    
    1.720000000000000      0.1548870000000000    
    1.710000000000000      0.1555890000000000    
    1.700000000000000      0.1562680000000000    
    1.690000000000000      0.1569250000000000    
    1.680000000000000      0.1575600000000000    
    1.670000000000000      0.1581720000000000    
    1.660000000000000      0.1587640000000000    
    1.650000000000000      0.1593330000000000    
    1.640000000000000      0.1598820000000000    
    1.630000000000000      0.1604090000000000    
    1.620000000000000      0.1609150000000000    
    1.610000000000000      0.1614000000000000    
    1.600000000000000      0.1618640000000000    
    1.590000000000000      0.1623080000000000    
    1.580000000000000      0.1627310000000000    
    1.570000000000000      0.1631340000000000    
    1.560000000000000      0.1635170000000000    
    1.550000000000000      0.1638790000000000    
    1.540000000000000      0.1642220000000000    
    1.530000000000000      0.1645460000000000    
    1.520000000000000      0.1648490000000000    
    1.510000000000000      0.1651330000000000    
    1.500000000000000      0.1653980000000000    
    1.490000000000000      0.1656440000000000    
    1.480000000000000      0.1658700000000000    
    1.470000000000000      0.1660780000000000    
    1.460000000000000      0.1662670000000000    
    1.450000000000000      0.1664370000000000    
    1.440000000000000      0.1665890000000000    
    1.430000000000000      0.1667220000000000    
    1.420000000000000      0.1668370000000000    
    1.410000000000000      0.1669340000000000    
    1.400000000000000      0.1670130000000000    
    1.390000000000000      0.1670730000000000    
    1.380000000000000      0.1671160000000000    
    1.370000000000000      0.1671410000000000    
    1.360000000000000      0.1671480000000000    
    1.350000000000000      0.1671380000000000    
    1.340000000000000      0.1671110000000000    
    1.330000000000000      0.1670660000000000    
    1.320000000000000      0.1670030000000000    
    1.310000000000000      0.1669240000000000    
    1.300000000000000      0.1668270000000000    
    1.290000000000000      0.1667140000000000    
    1.280000000000000      0.1665830000000000    
    1.270000000000000      0.1664360000000000    
    1.260000000000000      0.1662710000000000    
    1.250000000000000      0.1660910000000000    
    1.240000000000000      0.1658930000000000    
    1.230000000000000      0.1656790000000000    
    1.220000000000000      0.1654490000000000    
    1.210000000000000      0.1652020000000000    
    1.200000000000000      0.1649390000000000    
    1.190000000000000      0.1646590000000000    
    1.180000000000000      0.1643630000000000    
    1.170000000000000      0.1640510000000000    
    1.160000000000000      0.1637240000000000    
    1.150000000000000      0.1633800000000000    
    1.140000000000000      0.1630200000000000    
    1.130000000000000      0.1626440000000000    
    1.120000000000000      0.1622520000000000    
    1.110000000000000      0.1618440000000000    
    1.100000000000000      0.1614210000000000    
    1.090000000000000      0.1609820000000000    
    1.080000000000000      0.1605270000000000    
    1.070000000000000      0.1600570000000000    
    1.060000000000000      0.1595710000000000    
    1.050000000000000      0.1590690000000000    
    1.040000000000000      0.1585520000000000    
    1.030000000000000      0.1580190000000000    
    1.020000000000000      0.1574710000000000    
    1.010000000000000      0.1569070000000000    
    1.000000000000000      0.1563280000000000    
   0.9900000000000000      0.1557330000000000    
   0.9800000000000001      0.1551230000000000    
   0.9700000000000000      0.1544980000000000    
   0.9600000000000000      0.1538570000000000    
   0.9500000000000000      0.1532010000000000    
   0.9400000000000001      0.1525290000000000    
   0.9300000000000000      0.1518420000000000    
   0.9199999999999999      0.1511390000000000    
   0.9099999999999999      0.1504220000000000    
   0.9000000000000000      0.1496880000000000    
   0.8900000000000000      0.1489390000000000    
   0.8800000000000001      0.1481750000000000    
   0.8699999999999999      0.1473950000000000    
   0.8600000000000000      0.1466000000000000    
   0.8500000000000000      0.1457890000000000    
   0.8400000000000001      0.1449630000000000    
   0.8300000000000001      0.1441200000000000    
   0.8200000000000000      0.1432620000000000    
   0.8099999999999999      0.1423890000000000    
   0.8000000000000000      0.1414990000000000    
   0.7900000000000000      0.1405930000000000    
   0.7800000000000000      0.1396710000000000    
   0.7700000000000000      0.1387330000000000    
   0.7600000000000000      0.1377790000000000    
   0.7500000000000000      0.1368080000000000    
   0.7400000000000000      0.1358210000000000    
   0.7300000000000000      0.1348170000000000    
   0.7200000000000000      0.1337960000000000    
   0.7100000000000000      0.1327580000000000    
   0.7000000000000000      0.1317030000000000    
   0.6900000000000001      0.1306300000000000    
   0.6799999999999999      0.1295400000000000    
   0.6700000000000000      0.1284310000000000    
   0.6599999999999999      0.1273050000000000    
   0.6500000000000000      0.1261600000000000    
   0.6400000000000000      0.1249960000000000    
   0.6300000000000000      0.1238130000000000    
   0.6200000000000000      0.1226110000000000    
   0.6100000000000000      0.1213880000000000    
   0.6000000000000000      0.1201460000000000    
   0.5900000000000001      0.1188830000000000    
   0.5800000000000000      0.1175980000000000    
   0.5700000000000001      0.1162920000000000    
   0.5599999999999999      0.1149640000000000    
   0.5500000000000000      0.1136130000000000    
   0.5400000000000000      0.1122380000000000    
   0.5300000000000000      0.1108400000000000    
   0.5200000000000000      0.1094170000000000    
   0.5100000000000000      0.1079680000000000    
   0.5000000000000000      0.1064940000000000    
   0.4900000000000000      0.1049920000000000    
   0.4800000000000000      0.1034640000000000    
   0.4700000000000000      0.1019060000000000    
   0.4600000000000000      0.1003200000000000    
   0.4500000000000000      9.8703900000000011E-02
   0.4400000000000001      9.7057500000000005E-02
   0.4300000000000000      9.5380299999999987E-02
   0.4200000000000000      9.3671900000000002E-02
   0.4100000000000000      9.1932200000000006E-02
   0.4000000000000000      9.0161300000000000E-02
   0.3900000000000000      8.8359799999999988E-02
   0.3800000000000000      8.6528399999999991E-02
   0.3700000000000000      8.4668600000000011E-02
   0.3600000000000000      8.2782099999999997E-02
   0.3500000000000000      8.0871600000000002E-02
   0.3400000000000000      7.8940099999999999E-02
   0.3300000000000000      7.6991500000000004E-02
   0.3200000000000000      7.5030100000000002E-02
   0.3100000000000000      7.3061000000000001E-02
   0.3000000000000000      7.1089299999999994E-02
   0.2900000000000000      6.9120799999999996E-02
   0.2800000000000000      6.7160700000000004E-02
   0.2700000000000000      6.5214200000000000E-02
   0.2600000000000000      6.3285300000000003E-02
   0.2500000000000000      6.1376600000000003E-02
   0.2400000000000000      5.9488599999999996E-02
   0.2364310000000000      5.7750199999999995E-02
   0.2343580000000000      5.8517799999999995E-02
   0.2323000000000000      5.9296399999999999E-02
   0.2302540000000000      6.0086199999999999E-02
   0.2282210000000000      6.0887500000000004E-02
   0.2262000000000000      6.1700699999999997E-02
   0.2241910000000000      6.2525999999999998E-02
   0.2221940000000000      6.3363799999999998E-02
   0.2202080000000000      6.4214300000000002E-02
   0.2182330000000000      6.5077999999999997E-02
   0.2162680000000000      6.5955100000000003E-02
   0.2143130000000000      6.6846100000000006E-02
   0.2123670000000000      6.7751300000000000E-02
   0.2104310000000000      6.8671200000000002E-02
   0.2085040000000000      6.9606100000000004E-02
   0.2065850000000000      7.0556499999999994E-02
   0.2000000000000000      7.2228100000000003E-02
   0.1900000000000000      6.9247600000000006E-02
   0.1800000000000000      6.6188100000000000E-02
   0.1700000000000000      6.3022499999999995E-02
   0.1600000000000000      5.9722600000000001E-02
   0.1500000000000000      5.6264300000000003E-02
   0.1400000000000000      5.2638400000000002E-02
   0.1300000000000000      4.8877699999999996E-02
   0.1200000000000000      4.5154899999999998E-02
   0.1100000000000000      4.2083599999999999E-02
   0.1000000000000000      3.8866299999999999E-02

electrons only

0.100000E-01  0.604486E-02
0.200000E-01  0.102577E-01
0.300000E-01  0.138759E-01
0.400000E-01  0.171195E-01
0.500000E-01  0.200900E-01
0.600000E-01  0.228465E-01
0.700000E-01  0.254278E-01
0.800000E-01  0.278615E-01
0.900000E-01  0.301679E-01
0.100000E+00  0.323631E-01
0.110000E+00  0.344596E-01
0.120000E+00  0.364677E-01
0.130000E+00  0.383961E-01
0.140000E+00  0.402519E-01
0.150000E+00  0.420412E-01
0.160000E+00  0.437696E-01
0.170000E+00  0.454414E-01
0.180000E+00  0.470610E-01
0.190000E+00  0.486317E-01
0.200000E+00  0.501569E-01
0.210000E+00  0.516394E-01
0.220000E+00  0.530818E-01
0.230000E+00  0.544864E-01
0.240000E+00  0.558554E-01
0.250000E+00  0.571907E-01
0.260000E+00  0.584941E-01
0.270000E+00  0.597671E-01
0.280000E+00  0.610113E-01
0.290000E+00  0.622280E-01
0.300000E+00  0.634185E-01
0.310000E+00  0.645841E-01
0.320000E+00  0.657258E-01
0.330000E+00  0.668445E-01
0.340000E+00  0.679414E-01
0.350000E+00  0.690172E-01
0.360000E+00  0.700729E-01
0.370000E+00  0.711091E-01
0.380000E+00  0.721267E-01
0.390000E+00  0.731263E-01
0.400000E+00  0.741085E-01
0.410000E+00  0.750741E-01
0.420000E+00  0.760235E-01
0.430000E+00  0.769574E-01
0.440000E+00  0.778762E-01
0.450000E+00  0.787805E-01
0.460000E+00  0.796707E-01
0.470000E+00  0.805473E-01
0.480000E+00  0.814106E-01
0.490000E+00  0.822612E-01
0.500000E+00  0.830993E-01
0.510000E+00  0.839254E-01
0.520000E+00  0.847397E-01
0.530000E+00  0.855428E-01
0.540000E+00  0.863347E-01
0.550000E+00  0.871160E-01
0.560000E+00  0.878868E-01
0.570000E+00  0.886474E-01
0.580000E+00  0.893981E-01
0.590000E+00  0.901393E-01
0.600000E+00  0.908710E-01
0.610000E+00  0.915936E-01
0.620000E+00  0.923072E-01
0.630000E+00  0.930122E-01
0.640000E+00  0.937087E-01
0.650000E+00  0.943969E-01
0.660000E+00  0.950771E-01
0.670000E+00  0.957493E-01
0.680000E+00  0.964138E-01
0.690000E+00  0.970708E-01
0.700000E+00  0.977205E-01
0.710000E+00  0.983629E-01
0.720000E+00  0.989983E-01
0.730000E+00  0.996269E-01
0.740000E+00  0.100249E+00
0.750000E+00  0.100864E+00
0.760000E+00  0.101473E+00
0.770000E+00  0.102075E+00
0.780000E+00  0.102671E+00
0.790000E+00  0.103261E+00
0.800000E+00  0.103846E+00
0.810000E+00  0.104424E+00
0.820000E+00  0.104997E+00
0.830000E+00  0.105564E+00
0.840000E+00  0.106126E+00
0.850000E+00  0.106682E+00
0.860000E+00  0.107233E+00
0.870000E+00  0.107779E+00
0.880000E+00  0.108319E+00
0.890000E+00  0.108855E+00
0.900000E+00  0.109386E+00
0.910000E+00  0.109912E+00
0.920000E+00  0.110433E+00
0.930000E+00  0.110950E+00
0.940000E+00  0.111462E+00
0.950000E+00  0.111970E+00
0.960000E+00  0.112473E+00
0.970000E+00  0.112972E+00
0.980000E+00  0.113466E+00
0.990000E+00  0.113957E+00
0.100000E+01  0.114443E+00
0.101000E+01  0.114925E+00
0.102000E+01  0.115404E+00
0.103000E+01  0.115878E+00
0.104000E+01  0.116348E+00
0.105000E+01  0.116815E+00
0.106000E+01  0.117278E+00
0.107000E+01  0.117738E+00
0.108000E+01  0.118193E+00
0.109000E+01  0.118645E+00
0.110000E+01  0.119094E+00
0.111000E+01  0.119539E+00
0.112000E+01  0.119981E+00
0.113000E+01  0.120420E+00
0.114000E+01  0.120855E+00
0.115000E+01  0.121287E+00
0.116000E+01  0.121715E+00
0.117000E+01  0.122141E+00
0.118000E+01  0.122563E+00
0.119000E+01  0.122983E+00
0.120000E+01  0.123399E+00
0.121000E+01  0.123813E+00
0.122000E+01  0.124223E+00
0.123000E+01  0.124631E+00
0.124000E+01  0.125035E+00
0.125000E+01  0.125437E+00
0.126000E+01  0.125836E+00
0.127000E+01  0.126232E+00
0.128000E+01  0.126626E+00
0.129000E+01  0.127017E+00
0.130000E+01  0.127405E+00
0.131000E+01  0.127791E+00
0.132000E+01  0.128174E+00
0.133000E+01  0.128555E+00
0.134000E+01  0.128933E+00
0.135000E+01  0.129309E+00
0.136000E+01  0.129682E+00
0.137000E+01  0.130053E+00
0.138000E+01  0.130421E+00
0.139000E+01  0.130787E+00
0.140000E+01  0.131151E+00
0.141000E+01  0.131512E+00
0.142000E+01  0.131872E+00
0.143000E+01  0.132229E+00
0.144000E+01  0.132583E+00
0.145000E+01  0.132936E+00
0.146000E+01  0.133287E+00
0.147000E+01  0.133635E+00
0.148000E+01  0.133981E+00
0.149000E+01  0.134325E+00
0.150000E+01  0.134667E+00
0.151000E+01  0.135007E+00
0.152000E+01  0.135345E+00
0.153000E+01  0.135681E+00
0.154000E+01  0.136016E+00
0.155000E+01  0.136348E+00
0.156000E+01  0.136678E+00
0.157000E+01  0.137006E+00
0.158000E+01  0.137333E+00
0.159000E+01  0.137657E+00
0.160000E+01  0.137980E+00
0.161000E+01  0.138301E+00
0.162000E+01  0.138620E+00
0.163000E+01  0.138938E+00
0.164000E+01  0.139253E+00
0.165000E+01  0.139567E+00
0.166000E+01  0.139879E+00
0.167000E+01  0.140190E+00
0.168000E+01  0.140499E+00
0.169000E+01  0.140806E+00
0.170000E+01  0.141111E+00
0.171000E+01  0.141415E+00
0.172000E+01  0.141717E+00
0.173000E+01  0.142018E+00
0.174000E+01  0.142317E+00
0.175000E+01  0.142615E+00
0.176000E+01  0.142911E+00
0.177000E+01  0.143205E+00
0.178000E+01  0.143498E+00
0.179000E+01  0.143789E+00
0.180000E+01  0.144079E+00
0.181000E+01  0.144368E+00
0.182000E+01  0.144655E+00
0.183000E+01  0.144940E+00
0.184000E+01  0.145224E+00
0.185000E+01  0.145507E+00
0.186000E+01  0.145788E+00
0.187000E+01  0.146068E+00
0.188000E+01  0.146347E+00
0.189000E+01  0.146624E+00
0.190000E+01  0.146900E+00
0.191000E+01  0.147174E+00
0.192000E+01  0.147447E+00
0.193000E+01  0.147719E+00
0.194000E+01  0.147990E+00
0.195000E+01  0.148259E+00
0.196000E+01  0.148527E+00
0.197000E+01  0.148794E+00
0.198000E+01  0.149059E+00
0.199000E+01  0.149323E+00
0.200000E+01  0.149586E+00


muons as well
0.400000E-01  0.171000E-01
0.600000E-01  0.228000E-01
0.800000E-01  0.278000E-01
0.100000E+00  0.323000E-01
0.120000E+00  0.364000E-01
0.140000E+00  0.406000E-01
0.160000E+00  0.461000E-01
0.180000E+00  0.518000E-01
0.200000E+00  0.571000E-01
0.220000E+00  0.622000E-01
0.240000E+00  0.669000E-01
0.260000E+00  0.714000E-01
0.280000E+00  0.756000E-01
0.300000E+00  0.795000E-01
0.320000E+00  0.833000E-01
0.340000E+00  0.868000E-01
0.360000E+00  0.901000E-01
0.380000E+00  0.933000E-01
0.400000E+00  0.963000E-01
0.420000E+00  0.992000E-01
0.440000E+00  0.101900E+00
0.460000E+00  0.104600E+00
0.480000E+00  0.107100E+00
0.500000E+00  0.109500E+00
0.520000E+00  0.111900E+00
0.540000E+00  0.114100E+00
0.560000E+00  0.116300E+00
0.580000E+00  0.118400E+00
0.600000E+00  0.120400E+00
0.620000E+00  0.122400E+00
0.640000E+00  0.124300E+00
0.660000E+00  0.126100E+00
0.680000E+00  0.127900E+00
0.700000E+00  0.129600E+00
0.720000E+00  0.131300E+00
0.740000E+00  0.133000E+00
0.760000E+00  0.134600E+00
0.780000E+00  0.136100E+00
0.800000E+00  0.137600E+00
0.820000E+00  0.139100E+00
0.840000E+00  0.140500E+00
0.860000E+00  0.141900E+00
0.880000E+00  0.143300E+00
0.900000E+00  0.144600E+00
0.920000E+00  0.145900E+00
0.940000E+00  0.147200E+00
0.960000E+00  0.148500E+00
0.980000E+00  0.149700E+00
0.100000E+01  0.150900E+00
0.102000E+01  0.152100E+00
0.104000E+01  0.153200E+00
0.106000E+01  0.154400E+00
0.108000E+01  0.155500E+00
0.110000E+01  0.156600E+00
0.112000E+01  0.157600E+00
0.114000E+01  0.158700E+00
0.116000E+01  0.159700E+00
0.118000E+01  0.160700E+00
0.120000E+01  0.161700E+00
0.122000E+01  0.162700E+00
0.124000E+01  0.163600E+00
0.126000E+01  0.164600E+00
0.128000E+01  0.165500E+00
0.130000E+01  0.166400E+00
0.132000E+01  0.167300E+00
0.134000E+01  0.168200E+00
0.136000E+01  0.169000E+00
0.138000E+01  0.169900E+00
0.140000E+01  0.170700E+00
0.142000E+01  0.171600E+00
0.144000E+01  0.172400E+00
0.146000E+01  0.173200E+00
0.148000E+01  0.174000E+00
0.150000E+01  0.174800E+00
0.152000E+01  0.175500E+00
0.154000E+01  0.176300E+00
0.156000E+01  0.177000E+00
0.158000E+01  0.177800E+00
0.160000E+01  0.178500E+00
0.162000E+01  0.179200E+00


e- only curve

       .0100       .1111
       .0200       .1111
       .0300       .1111
       .0400       .1111
       .0500       .1115
       .0600       .1136
       .0700       .1157
       .0800       .1176
       .0900       .1192
       .1000       .1207
       .1100       .1220
       .1200       .1232
       .1300       .1242
       .1400       .1251
       .1500       .1260
       .1600       .1268
       .1700       .1275
       .1800       .1281
       .1900       .1287
       .2000       .1293
       .2100       .1298
       .2200       .1303
       .2300       .1307
       .2400       .1311
       .2500       .1315
       .2600       .1319
       .2700       .1323
       .2800       .1326
       .2900       .1329
       .3000       .1332
       .3100       .1335
       .3200       .1338
       .3300       .1340
       .3400       .1343
       .3500       .1345
       .3600       .1347
       .3700       .1349
       .3800       .1351
       .3900       .1353
       .4000       .1355
       .4100       .1357
       .4200       .1359
       .4300       .1361
       .4400       .1362
       .4500       .1364
       .4600       .1365
       .4700       .1367
       .4800       .1368
       .4900       .1370
       .5000       .1371
       .5100       .1372
       .5200       .1374
       .5300       .1375
       .5400       .1376
       .5500       .1377
       .5600       .1378
       .5700       .1379
       .5800       .1380
       .5900       .1381
       .6000       .1382
       .6100       .1383
       .6200       .1384
       .6300       .1385
       .6400       .1386
       .6500       .1387
       .6600       .1388
       .6700       .1389
       .6800       .1390
       .6900       .1390
       .7000       .1391
       .7100       .1392
       .7200       .1393
       .7300       .1393
       .7400       .1394
       .7500       .1395
       .7600       .1396
       .7700       .1396
       .7800       .1397
       .7900       .1397
       .8000       .1398
       .8100       .1399
       .8200       .1399
       .8300       .1400
       .8400       .1401
       .8500       .1401
       .8600       .1402
       .8700       .1402
       .8800       .1403
       .8900       .1403
       .9000       .1404
       .9100       .1404
       .9200       .1405
       .9300       .1405
       .9400       .1406
       .9500       .1406
       .9600       .1407
       .9700       .1407
       .9800       .1408
       .9900       .1408
      1.0000       .1409
      1.0100       .1409
      1.0200       .1409
      1.0300       .1410
      1.0400       .1410
      1.0500       .1411
      1.0600       .1411
      1.0700       .1411
      1.0800       .1412
      1.0900       .1412
      1.1000       .1413
      1.1100       .1413
      1.1200       .1413
      1.1300       .1414
      1.1400       .1414
      1.1500       .1414
      1.1600       .1415
      1.1700       .1415
      1.1800       .1415
      1.1900       .1416
      1.2000       .1416
      1.2100       .1416
      1.2200       .1417
      1.2300       .1417
      1.2400       .1417
      1.2500       .1418
      1.2600       .1418
      1.2700       .1418
      1.2800       .1419
      1.2900       .1419
      1.3000       .1419
      1.3100       .1419
      1.3200       .1420
      1.3300       .1420
      1.3400       .1420
      1.3500       .1421
      1.3600       .1421
      1.3700       .1421
      1.3800       .1421
      1.3900       .1422
      1.4000       .1422
      1.4100       .1422
      1.4200       .1422
      1.4300       .1423
      1.4400       .1423
      1.4500       .1423
      1.4600       .1423
      1.4700       .1424
      1.4800       .1424
      1.4900       .1424
      1.5000       .1424
      1.5100       .1424
      1.5200       .1425
      1.5300       .1425
      1.5400       .1425
      1.5500       .1425
      1.5600       .1426
      1.5700       .1426
      1.5800       .1426
      1.5900       .1426
      1.6000       .1426
      1.6100       .1427
      1.6200       .1427
      1.6300       .1427
      1.6400       .1427
      1.6500       .1427
      1.6600       .1428
      1.6700       .1428
      1.6800       .1428
      1.6900       .1428
      1.7000       .1428
      1.7100       .1429
      1.7200       .1429
      1.7300       .1429
      1.7400       .1429
      1.7500       .1429
      1.7600       .1429
      1.7700       .1430
      1.7800       .1430
      1.7900       .1430
      1.8000       .1430
      1.8100       .1430
      1.8200       .1430
      1.8300       .1431
      1.8400       .1431
      1.8500       .1431
      1.8600       .1431
      1.8700       .1431
      1.8800       .1431
      1.8900       .1432
      1.9000       .1432
      1.9100       .1432
      1.9200       .1432
      1.9300       .1432
      1.9400       .1432
      1.9500       .1432
      1.9600       .1433
      1.9700       .1433
      1.9800       .1433
      1.9900       .1433
      2.0000       .1433


e- and u- curve

       .0104       .5000
       .0200       .3102
       .0300       .2570
       .0400       .2319
       .0500       .2171
       .0600       .2072
       .0700       .2002
       .0800       .1948
       .0900       .1906
       .1000       .1872
       .1100       .1843
       .1200       .1820
       .1300       .1799
       .1400       .1781
       .1500       .1766
       .1600       .1752
       .1700       .1740
       .1800       .1729
       .1900       .1719
       .2000       .1710
       .2100       .1702
       .2200       .1694
       .2300       .1687
       .2400       .1681
       .2500       .1675
       .2600       .1669
       .2700       .1664
       .2800       .1659
       .2900       .1654
       .3000       .1650
       .3100       .1646
       .3200       .1642
       .3300       .1639
       .3400       .1635
       .3500       .1632
       .3600       .1629
       .3700       .1626
       .3800       .1623
       .3900       .1620
       .4000       .1618
       .4100       .1615
       .4200       .1613
       .4300       .1611
       .4400       .1609
       .4500       .1606
       .4600       .1604
       .4700       .1602
       .4800       .1601
       .4900       .1599
       .5000       .1597
       .5100       .1595
       .5200       .1594
       .5300       .1592
       .5400       .1591
       .5500       .1589
       .5600       .1588
       .5700       .1586
       .5800       .1585
       .5900       .1584
       .6000       .1583
       .6100       .1581
       .6200       .1580
       .6300       .1579
       .6400       .1578
       .6500       .1577
       .6600       .1576
       .6700       .1575
       .6800       .1574
       .6900       .1573
       .7000       .1572
       .7100       .1571
       .7200       .1570
       .7300       .1569
       .7400       .1568
       .7500       .1567
       .7600       .1566
       .7700       .1566
       .7800       .1565
       .7900       .1564
       .8000       .1563
       .8100       .1563
       .8200       .1562
       .8300       .1561
       .8400       .1560
       .8500       .1560
       .8600       .1559
       .8700       .1558
       .8800       .1558
       .8900       .1557
       .9000       .1557
       .9100       .1556
       .9200       .1555
       .9300       .1555
       .9400       .1554
       .9500       .1554
       .9600       .1553
       .9700       .1553
       .9800       .1552
       .9900       .1551
      1.0000       .1551
      1.0100       .1550
      1.0200       .1550
      1.0300       .1549
      1.0400       .1549
      1.0500       .1548
      1.0600       .1548
      1.0700       .1548
      1.0800       .1547
      1.0900       .1547
      1.1000       .1546
      1.1100       .1546
      1.1200       .1545
      1.1300       .1545
      1.1400       .1545
      1.1500       .1544
      1.1600       .1544
      1.1700       .1543
      1.1800       .1543
      1.1900       .1543
      1.2000       .1542
      1.2100       .1542
      1.2200       .1541
      1.2300       .1541
      1.2400       .1541
      1.2500       .1540
      1.2600       .1540
      1.2700       .1540
      1.2800       .1539
      1.2900       .1539
      1.3000       .1539
      1.3100       .1538
      1.3200       .1538
      1.3300       .1538
      1.3400       .1537
      1.3500       .1537
      1.3600       .1537
      1.3700       .1536
      1.3800       .1536
      1.3900       .1536
      1.4000       .1536
      1.4100       .1535
      1.4200       .1535
      1.4300       .1535
      1.4400       .1534
      1.4500       .1534
      1.4600       .1534
      1.4700       .1534
      1.4800       .1533
      1.4900       .1533
      1.5000       .1533
      1.5100       .1533
      1.5200       .1532
      1.5300       .1532
      1.5400       .1532
      1.5500       .1532
      1.5600       .1531
      1.5700       .1531
      1.5800       .1531
      1.5900       .1531
      1.6000       .1530
      1.6100       .1530
      1.6200       .1530
      1.6300       .1530
      1.6400       .1530
      1.6500       .1529
      1.6600       .1529
      1.6700       .1529
      1.6800       .1529
      1.6900       .1528
      1.7000       .1528
      1.7100       .1528
      1.7200       .1528
      1.7300       .1528
      1.7400       .1527
      1.7500       .1527
      1.7600       .1527
      1.7700       .1527
      1.7800       .1527
      1.7900       .1526
      1.8000       .1526
      1.8100       .1526
      1.8200       .1526
      1.8300       .1526
      1.8400       .1526
      1.8500       .1525
      1.8600       .1525
      1.8700       .1525
      1.8800       .1525
      1.8900       .1525
      1.9000       .1524
      1.9100       .1524
      1.9200       .1524
      1.9300       .1524
      1.9400       .1524
      1.9500       .1524
      1.9600       .1523
      1.9700       .1523
      1.9800       .1523
      1.9900       .1523
      2.0000       .1523
