0.500000E-05  0.311529E-06
0.100000E-04  0.939079E-06
0.150000E-04  0.178920E-05
0.200000E-04  0.282550E-05
0.250000E-04  0.402613E-05
0.300000E-04  0.537594E-05
0.350000E-04  0.686357E-05
0.400000E-04  0.848006E-05
0.450000E-04  0.102181E-04
0.500000E-04  0.120716E-04
0.550000E-04  0.140352E-04
0.600000E-04  0.161045E-04
0.650000E-04  0.182755E-04
0.700000E-04  0.205445E-04
0.750000E-04  0.229084E-04
0.800000E-04  0.253643E-04
0.850000E-04  0.279096E-04
0.900000E-04  0.305418E-04
0.950000E-04  0.332588E-04
0.100000E-03  0.360584E-04
0.105000E-03  0.389388E-04
0.110000E-03  0.418982E-04
0.115000E-03  0.449349E-04
0.120000E-03  0.480474E-04
0.125000E-03  0.512342E-04
0.130000E-03  0.544939E-04
0.135000E-03  0.578252E-04
0.140000E-03  0.612268E-04
0.145000E-03  0.646976E-04
0.150000E-03  0.682365E-04
0.155000E-03  0.718424E-04
0.160000E-03  0.755142E-04
0.165000E-03  0.792511E-04
0.170000E-03  0.830520E-04
0.175000E-03  0.869160E-04
0.180000E-03  0.908424E-04
0.185000E-03  0.948302E-04
0.190000E-03  0.988788E-04
0.195000E-03  0.102987E-03
0.200000E-03  0.107155E-03
0.205000E-03  0.111381E-03
0.210000E-03  0.115665E-03
0.215000E-03  0.120006E-03
0.220000E-03  0.124404E-03
0.225000E-03  0.128857E-03
0.230000E-03  0.133366E-03
0.235000E-03  0.137929E-03
0.240000E-03  0.142547E-03
0.245000E-03  0.147218E-03
0.250000E-03  0.151942E-03
0.255000E-03  0.156718E-03
0.260000E-03  0.161547E-03
0.265000E-03  0.166427E-03
0.270000E-03  0.171358E-03
0.275000E-03  0.176340E-03
0.280000E-03  0.181372E-03
0.285000E-03  0.186454E-03
0.290000E-03  0.191584E-03
0.295000E-03  0.196764E-03
0.300000E-03  0.201992E-03
0.305000E-03  0.207268E-03
0.310000E-03  0.212592E-03
0.315000E-03  0.217963E-03
0.320000E-03  0.223381E-03
0.325000E-03  0.228846E-03
0.330000E-03  0.234356E-03
0.335000E-03  0.239913E-03
0.340000E-03  0.245514E-03
0.345000E-03  0.251161E-03
0.350000E-03  0.256853E-03
0.355000E-03  0.262589E-03
0.360000E-03  0.268370E-03
0.365000E-03  0.274194E-03
0.370000E-03  0.280062E-03
0.375000E-03  0.285973E-03
0.380000E-03  0.291927E-03
0.385000E-03  0.297924E-03
0.390000E-03  0.303963E-03
0.395000E-03  0.310044E-03
0.400000E-03  0.316167E-03
0.405000E-03  0.322332E-03
0.410000E-03  0.328538E-03
0.415000E-03  0.334785E-03
0.420000E-03  0.341072E-03
0.425000E-03  0.347401E-03
0.430000E-03  0.353769E-03
0.435000E-03  0.360178E-03
0.440000E-03  0.366627E-03
0.445000E-03  0.373115E-03
0.450000E-03  0.379642E-03
0.455000E-03  0.386209E-03
0.460000E-03  0.392814E-03
0.465000E-03  0.399458E-03
0.470000E-03  0.406141E-03
0.475000E-03  0.412862E-03
0.480000E-03  0.419621E-03
0.485000E-03  0.426418E-03
0.490000E-03  0.433252E-03
0.495000E-03  0.440124E-03
0.500000E-03  0.447033E-03
0.505000E-03  0.453980E-03
0.510000E-03  0.460963E-03
0.515000E-03  0.467983E-03
0.520000E-03  0.475039E-03
0.525000E-03  0.482131E-03
0.530000E-03  0.489260E-03
0.535000E-03  0.496425E-03
0.540000E-03  0.503625E-03
0.545000E-03  0.510861E-03
0.550000E-03  0.518132E-03
0.555000E-03  0.525439E-03
0.560000E-03  0.532780E-03
0.565000E-03  0.540157E-03
0.570000E-03  0.547568E-03
0.575000E-03  0.555014E-03
0.580000E-03  0.562494E-03
0.585000E-03  0.570009E-03
0.590000E-03  0.577558E-03
0.595000E-03  0.585140E-03
0.600000E-03  0.592756E-03
0.605000E-03  0.600407E-03
0.610000E-03  0.608090E-03
0.615000E-03  0.615807E-03
0.620000E-03  0.623557E-03
0.625000E-03  0.631340E-03
0.630000E-03  0.639156E-03
0.635000E-03  0.647005E-03
0.640000E-03  0.654886E-03
0.645000E-03  0.662800E-03
0.650000E-03  0.670747E-03
0.655000E-03  0.678725E-03
0.660000E-03  0.686736E-03
0.665000E-03  0.694778E-03
0.670000E-03  0.702853E-03
0.675000E-03  0.710959E-03
0.680000E-03  0.719096E-03
0.685000E-03  0.727265E-03
0.690000E-03  0.735466E-03
0.695000E-03  0.743698E-03
0.700000E-03  0.751960E-03
0.705000E-03  0.760254E-03
0.710000E-03  0.768578E-03
0.715000E-03  0.776933E-03
0.720000E-03  0.785319E-03
0.725000E-03  0.793735E-03
0.730000E-03  0.802182E-03
0.735000E-03  0.810659E-03
0.740000E-03  0.819166E-03
0.745000E-03  0.827703E-03
0.750000E-03  0.836270E-03
0.755000E-03  0.844867E-03
0.760000E-03  0.853493E-03
0.765000E-03  0.862149E-03
0.770000E-03  0.870834E-03
0.775000E-03  0.879549E-03
0.780000E-03  0.888293E-03
0.785000E-03  0.897066E-03
0.790000E-03  0.905869E-03
0.795000E-03  0.914700E-03
0.800000E-03  0.923560E-03
0.805000E-03  0.932449E-03
0.810000E-03  0.941366E-03
0.815000E-03  0.950312E-03
0.820000E-03  0.959287E-03
0.825000E-03  0.968290E-03
0.830000E-03  0.977321E-03
0.835000E-03  0.986380E-03
0.840000E-03  0.995467E-03
0.845000E-03  0.100458E-02
0.850000E-03  0.101373E-02
0.855000E-03  0.102290E-02
0.860000E-03  0.103210E-02
0.865000E-03  0.104132E-02
0.870000E-03  0.105058E-02
0.875000E-03  0.105986E-02
0.880000E-03  0.106916E-02
0.885000E-03  0.107850E-02
0.890000E-03  0.108786E-02
0.895000E-03  0.109725E-02
0.900000E-03  0.110667E-02
0.905000E-03  0.111611E-02
0.910000E-03  0.112558E-02
0.915000E-03  0.113508E-02
0.920000E-03  0.114461E-02
0.925000E-03  0.115416E-02
0.930000E-03  0.116373E-02
0.935000E-03  0.117334E-02
0.940000E-03  0.118297E-02
0.945000E-03  0.119262E-02
0.950000E-03  0.120231E-02
0.955000E-03  0.121201E-02
0.960000E-03  0.122175E-02
0.965000E-03  0.123151E-02
0.970000E-03  0.124129E-02
0.975000E-03  0.125111E-02
0.980000E-03  0.126094E-02
0.985000E-03  0.127081E-02
0.990000E-03  0.128070E-02
0.995000E-03  0.129061E-02
0.100000E-02  0.130055E-02
0.100500E-02  0.131051E-02
0.101000E-02  0.132050E-02
0.101500E-02  0.133052E-02
0.102000E-02  0.134056E-02
0.102500E-02  0.135063E-02
0.103000E-02  0.136072E-02
0.103500E-02  0.137083E-02
0.104000E-02  0.138097E-02
0.104500E-02  0.139114E-02
0.105000E-02  0.140133E-02
0.105500E-02  0.141154E-02
0.106000E-02  0.142178E-02
0.106500E-02  0.143204E-02
0.107000E-02  0.144233E-02
0.107500E-02  0.145264E-02
0.108000E-02  0.146298E-02
0.108500E-02  0.147334E-02
0.109000E-02  0.148372E-02
0.109500E-02  0.149413E-02
0.110000E-02  0.150456E-02
0.110500E-02  0.151502E-02
0.111000E-02  0.152550E-02
0.111500E-02  0.153600E-02
0.112000E-02  0.154653E-02
0.112500E-02  0.155708E-02
0.113000E-02  0.156766E-02
0.113500E-02  0.157826E-02
0.114000E-02  0.158888E-02
0.114500E-02  0.159953E-02
0.115000E-02  0.161020E-02
0.115500E-02  0.162089E-02
0.116000E-02  0.163160E-02
0.116500E-02  0.164234E-02
0.117000E-02  0.165311E-02
0.117500E-02  0.166389E-02
0.118000E-02  0.167470E-02
0.118500E-02  0.168553E-02
0.119000E-02  0.169638E-02
0.119500E-02  0.170726E-02
0.120000E-02  0.171816E-02
0.120500E-02  0.172908E-02
0.121000E-02  0.174003E-02
0.121500E-02  0.175100E-02
0.122000E-02  0.176199E-02
0.122500E-02  0.177300E-02
0.123000E-02  0.178404E-02
0.123500E-02  0.179509E-02
0.124000E-02  0.180617E-02
0.124500E-02  0.181728E-02
0.125000E-02  0.182840E-02
0.125500E-02  0.183955E-02
0.126000E-02  0.185072E-02
0.126500E-02  0.186191E-02
0.127000E-02  0.187312E-02
0.127500E-02  0.188436E-02
0.128000E-02  0.189561E-02
0.128500E-02  0.190689E-02
0.129000E-02  0.191819E-02
0.129500E-02  0.192951E-02
0.130000E-02  0.194086E-02
0.130500E-02  0.195222E-02
0.131000E-02  0.196361E-02
0.131500E-02  0.197502E-02
0.132000E-02  0.198645E-02
0.132500E-02  0.199790E-02
0.133000E-02  0.200938E-02
0.133500E-02  0.202087E-02
0.134000E-02  0.203239E-02
0.134500E-02  0.204393E-02
0.135000E-02  0.205548E-02
0.135500E-02  0.206706E-02
0.136000E-02  0.207866E-02
0.136500E-02  0.209029E-02
0.137000E-02  0.210193E-02
0.137500E-02  0.211359E-02
0.138000E-02  0.212528E-02
0.138500E-02  0.213698E-02
0.139000E-02  0.214871E-02
0.139500E-02  0.216046E-02
0.140000E-02  0.217223E-02
0.140500E-02  0.218402E-02
0.141000E-02  0.219582E-02
0.141500E-02  0.220765E-02
0.142000E-02  0.221951E-02
0.142500E-02  0.223138E-02
0.143000E-02  0.224327E-02
0.143500E-02  0.225518E-02
0.144000E-02  0.226711E-02
0.144500E-02  0.227907E-02
0.145000E-02  0.229104E-02
0.145500E-02  0.230303E-02
0.146000E-02  0.231505E-02
0.146500E-02  0.232708E-02
0.147000E-02  0.233913E-02
0.147500E-02  0.235121E-02
0.148000E-02  0.236330E-02
0.148500E-02  0.237542E-02
0.149000E-02  0.238755E-02
0.149500E-02  0.239970E-02
0.150000E-02  0.241188E-02
0.150500E-02  0.242407E-02
0.151000E-02  0.243628E-02
0.151500E-02  0.244852E-02
0.152000E-02  0.246077E-02
0.152500E-02  0.247304E-02
0.153000E-02  0.248533E-02
0.153500E-02  0.249765E-02
0.154000E-02  0.250998E-02
0.154500E-02  0.252233E-02
0.155000E-02  0.253470E-02
0.155500E-02  0.254709E-02
0.156000E-02  0.255950E-02
0.156500E-02  0.257192E-02
0.157000E-02  0.258437E-02
0.157500E-02  0.259684E-02
0.158000E-02  0.260932E-02
0.158500E-02  0.262183E-02
0.159000E-02  0.263435E-02
0.159500E-02  0.264690E-02
0.160000E-02  0.265946E-02
0.160500E-02  0.267204E-02
0.161000E-02  0.268464E-02
0.161500E-02  0.269726E-02
0.162000E-02  0.270990E-02
0.162500E-02  0.272256E-02
0.163000E-02  0.273524E-02
0.163500E-02  0.274793E-02
0.164000E-02  0.276064E-02
0.164500E-02  0.277338E-02
0.165000E-02  0.278613E-02
0.165500E-02  0.279890E-02
0.166000E-02  0.281169E-02
0.166500E-02  0.282449E-02
0.167000E-02  0.283732E-02
0.167500E-02  0.285016E-02
0.168000E-02  0.286303E-02
0.168500E-02  0.287591E-02
0.169000E-02  0.288881E-02
0.169500E-02  0.290173E-02
0.170000E-02  0.291466E-02
0.170500E-02  0.292762E-02
0.171000E-02  0.294059E-02
0.171500E-02  0.295358E-02
0.172000E-02  0.296659E-02
0.172500E-02  0.297962E-02
0.173000E-02  0.299266E-02
0.173500E-02  0.300573E-02
0.174000E-02  0.301881E-02
0.174500E-02  0.303191E-02
0.175000E-02  0.304503E-02
0.175500E-02  0.305816E-02
0.176000E-02  0.307132E-02
0.176500E-02  0.308449E-02
0.177000E-02  0.309768E-02
0.177500E-02  0.311088E-02
0.178000E-02  0.312411E-02
0.178500E-02  0.313735E-02
0.179000E-02  0.315061E-02
0.179500E-02  0.316389E-02
0.180000E-02  0.317719E-02
0.180500E-02  0.319050E-02
0.181000E-02  0.320383E-02
0.181500E-02  0.321718E-02
0.182000E-02  0.323055E-02
0.182500E-02  0.324393E-02
0.183000E-02  0.325733E-02
0.183500E-02  0.327075E-02
0.184000E-02  0.328419E-02
0.184500E-02  0.329764E-02
0.185000E-02  0.331111E-02
0.185500E-02  0.332460E-02
0.186000E-02  0.333811E-02
0.186500E-02  0.335163E-02
0.187000E-02  0.336517E-02
0.187500E-02  0.337873E-02
0.188000E-02  0.339230E-02
0.188500E-02  0.340589E-02
0.189000E-02  0.341950E-02
0.189500E-02  0.343313E-02
0.190000E-02  0.344677E-02
0.190500E-02  0.346043E-02
0.191000E-02  0.347411E-02
0.191500E-02  0.348780E-02
0.192000E-02  0.350151E-02
0.192500E-02  0.351524E-02
0.193000E-02  0.352898E-02
0.193500E-02  0.354275E-02
0.194000E-02  0.355652E-02
0.194500E-02  0.357032E-02
0.195000E-02  0.358413E-02
0.195500E-02  0.359796E-02
0.196000E-02  0.361181E-02
0.196500E-02  0.362567E-02
0.197000E-02  0.363955E-02
0.197500E-02  0.365344E-02
0.198000E-02  0.366735E-02
0.198500E-02  0.368128E-02
0.199000E-02  0.369523E-02
0.199500E-02  0.370919E-02
0.200000E-02  0.372316E-02
0.200500E-02  0.373716E-02
0.201000E-02  0.375117E-02
0.201500E-02  0.376520E-02
0.202000E-02  0.377924E-02
0.202500E-02  0.379330E-02
0.203000E-02  0.380738E-02
0.203500E-02  0.382147E-02
0.204000E-02  0.383558E-02
0.204500E-02  0.384970E-02
0.205000E-02  0.386384E-02
0.205500E-02  0.387800E-02
0.206000E-02  0.389217E-02
0.206500E-02  0.390636E-02
0.207000E-02  0.392057E-02
0.207500E-02  0.393479E-02
0.208000E-02  0.394903E-02
0.208500E-02  0.396328E-02
0.209000E-02  0.397755E-02
0.209500E-02  0.399184E-02
0.210000E-02  0.400614E-02
0.210500E-02  0.402046E-02
0.211000E-02  0.403479E-02
0.211500E-02  0.404914E-02
0.212000E-02  0.406350E-02
0.212500E-02  0.407789E-02
0.213000E-02  0.409228E-02
0.213500E-02  0.410670E-02
0.214000E-02  0.412112E-02
0.214500E-02  0.413557E-02
0.215000E-02  0.415003E-02
0.215500E-02  0.416450E-02
0.216000E-02  0.417899E-02
0.216500E-02  0.419350E-02
0.217000E-02  0.420802E-02
0.217500E-02  0.422256E-02
0.218000E-02  0.423711E-02
0.218500E-02  0.425168E-02
0.219000E-02  0.426627E-02
0.219500E-02  0.428087E-02
0.220000E-02  0.429548E-02
0.220500E-02  0.431011E-02
0.221000E-02  0.432476E-02
0.221500E-02  0.433942E-02
0.222000E-02  0.435410E-02
0.222500E-02  0.436879E-02
0.223000E-02  0.438349E-02
0.223500E-02  0.439822E-02
0.224000E-02  0.441295E-02
0.224500E-02  0.442771E-02
0.225000E-02  0.444248E-02
0.225500E-02  0.445726E-02
0.226000E-02  0.447206E-02
0.226500E-02  0.448687E-02
0.227000E-02  0.450170E-02
0.227500E-02  0.451654E-02
0.228000E-02  0.453140E-02
0.228500E-02  0.454628E-02
0.229000E-02  0.456117E-02
0.229500E-02  0.457607E-02
0.230000E-02  0.459099E-02
0.230500E-02  0.460592E-02
0.231000E-02  0.462087E-02
0.231500E-02  0.463584E-02
0.232000E-02  0.465081E-02
0.232500E-02  0.466581E-02
0.233000E-02  0.468082E-02
0.233500E-02  0.469584E-02
0.234000E-02  0.471088E-02
0.234500E-02  0.472593E-02
0.235000E-02  0.474100E-02
0.235500E-02  0.475608E-02
0.236000E-02  0.477118E-02
0.236500E-02  0.478629E-02
0.237000E-02  0.480141E-02
0.237500E-02  0.481655E-02
0.238000E-02  0.483171E-02
0.238500E-02  0.484688E-02
0.239000E-02  0.486206E-02
0.239500E-02  0.487726E-02
0.240000E-02  0.489248E-02
0.240500E-02  0.490770E-02
0.241000E-02  0.492295E-02
0.241500E-02  0.493820E-02
0.242000E-02  0.495348E-02
0.242500E-02  0.496876E-02
0.243000E-02  0.498406E-02
0.243500E-02  0.499938E-02
0.244000E-02  0.501471E-02
0.244500E-02  0.503005E-02
0.245000E-02  0.504541E-02
0.245500E-02  0.506078E-02
0.246000E-02  0.507617E-02
0.246500E-02  0.509157E-02
0.247000E-02  0.510698E-02
0.247500E-02  0.512241E-02
0.248000E-02  0.513785E-02
0.248500E-02  0.515331E-02
0.249000E-02  0.516878E-02
0.249500E-02  0.518427E-02
0.250000E-02  0.519977E-02
0.250500E-02  0.521528E-02
0.251000E-02  0.523081E-02
0.251500E-02  0.524635E-02
0.252000E-02  0.526191E-02
0.252500E-02  0.527748E-02
0.253000E-02  0.529306E-02
0.253500E-02  0.530866E-02
0.254000E-02  0.532427E-02
0.254500E-02  0.533990E-02
0.255000E-02  0.535554E-02
0.255500E-02  0.537119E-02
0.256000E-02  0.538686E-02
0.256500E-02  0.540254E-02
0.257000E-02  0.541823E-02
0.257500E-02  0.543394E-02
0.258000E-02  0.544967E-02
0.258500E-02  0.546540E-02
0.259000E-02  0.548115E-02
0.259500E-02  0.549692E-02
0.260000E-02  0.551270E-02
0.260500E-02  0.552849E-02
0.261000E-02  0.554429E-02
0.261500E-02  0.556011E-02
0.262000E-02  0.557594E-02
0.262500E-02  0.559179E-02
0.263000E-02  0.560765E-02
0.263500E-02  0.562352E-02
0.264000E-02  0.563941E-02
0.264500E-02  0.565531E-02
0.265000E-02  0.567122E-02
0.265500E-02  0.568715E-02
0.266000E-02  0.570309E-02
0.266500E-02  0.571905E-02
0.267000E-02  0.573501E-02
0.267500E-02  0.575100E-02
0.268000E-02  0.576699E-02
0.268500E-02  0.578300E-02
0.269000E-02  0.579902E-02
0.269500E-02  0.581506E-02
0.270000E-02  0.583110E-02
0.270500E-02  0.584717E-02
0.271000E-02  0.586324E-02
0.271500E-02  0.587933E-02
0.272000E-02  0.589543E-02
0.272500E-02  0.591155E-02
0.273000E-02  0.592767E-02
0.273500E-02  0.594381E-02
0.274000E-02  0.595997E-02
0.274500E-02  0.597614E-02
0.275000E-02  0.599232E-02
0.275500E-02  0.600851E-02
0.276000E-02  0.602472E-02
0.276500E-02  0.604094E-02
0.277000E-02  0.605717E-02
0.277500E-02  0.607342E-02
0.278000E-02  0.608968E-02
0.278500E-02  0.610595E-02
0.279000E-02  0.612223E-02
0.279500E-02  0.613853E-02
0.280000E-02  0.615484E-02
0.280500E-02  0.617117E-02
0.281000E-02  0.618751E-02
0.281500E-02  0.620386E-02
0.282000E-02  0.622022E-02
0.282500E-02  0.623660E-02
0.283000E-02  0.625299E-02
0.283500E-02  0.626939E-02
0.284000E-02  0.628580E-02
0.284500E-02  0.630223E-02
0.285000E-02  0.631867E-02
0.285500E-02  0.633512E-02
0.286000E-02  0.635159E-02
0.286500E-02  0.636807E-02
0.287000E-02  0.638456E-02
0.287500E-02  0.640107E-02
0.288000E-02  0.641758E-02
0.288500E-02  0.643411E-02
0.289000E-02  0.645065E-02
0.289500E-02  0.646721E-02
0.290000E-02  0.648378E-02
0.290500E-02  0.650036E-02
0.291000E-02  0.651695E-02
0.291500E-02  0.653356E-02
0.292000E-02  0.655017E-02
0.292500E-02  0.656681E-02
0.293000E-02  0.658345E-02
0.293500E-02  0.660011E-02
0.294000E-02  0.661677E-02
0.294500E-02  0.663345E-02
0.295000E-02  0.665015E-02
0.295500E-02  0.666685E-02
0.296000E-02  0.668357E-02
0.296500E-02  0.670030E-02
0.297000E-02  0.671705E-02
0.297500E-02  0.673380E-02
0.298000E-02  0.675057E-02
0.298500E-02  0.676735E-02
0.299000E-02  0.678414E-02
0.299500E-02  0.680095E-02
0.300000E-02  0.681777E-02
0.300500E-02  0.683460E-02
0.301000E-02  0.685144E-02
0.301500E-02  0.686829E-02
0.302000E-02  0.688516E-02
0.302500E-02  0.690204E-02
0.303000E-02  0.691893E-02
0.303500E-02  0.693583E-02
0.304000E-02  0.695275E-02
0.304500E-02  0.696968E-02
0.305000E-02  0.698662E-02
0.305500E-02  0.700357E-02
0.306000E-02  0.702054E-02
0.306500E-02  0.703751E-02
0.307000E-02  0.705450E-02
0.307500E-02  0.707150E-02
0.308000E-02  0.708851E-02
0.308500E-02  0.710554E-02
0.309000E-02  0.712258E-02
0.309500E-02  0.713963E-02
0.310000E-02  0.715669E-02
0.310500E-02  0.717376E-02
0.311000E-02  0.719085E-02
0.311500E-02  0.720794E-02
0.312000E-02  0.722505E-02
0.312500E-02  0.724217E-02
0.313000E-02  0.725931E-02
0.313500E-02  0.727645E-02
0.314000E-02  0.729361E-02
0.314500E-02  0.731078E-02
0.315000E-02  0.732796E-02
0.315500E-02  0.734515E-02
0.316000E-02  0.736236E-02
0.316500E-02  0.737957E-02
0.317000E-02  0.739680E-02
0.317500E-02  0.741404E-02
0.318000E-02  0.743129E-02
0.318500E-02  0.744855E-02
0.319000E-02  0.746583E-02
0.319500E-02  0.748312E-02
0.320000E-02  0.750042E-02
0.320500E-02  0.751773E-02
0.321000E-02  0.753505E-02
0.321500E-02  0.755238E-02
0.322000E-02  0.756973E-02
0.322500E-02  0.758709E-02
0.323000E-02  0.760446E-02
0.323500E-02  0.762184E-02
0.324000E-02  0.763923E-02
0.324500E-02  0.765663E-02
0.325000E-02  0.767405E-02
0.325500E-02  0.769148E-02
0.326000E-02  0.770891E-02
0.326500E-02  0.772636E-02
0.327000E-02  0.774383E-02
0.327500E-02  0.776130E-02
0.328000E-02  0.777878E-02
0.328500E-02  0.779628E-02
0.329000E-02  0.781379E-02
0.329500E-02  0.783131E-02
0.330000E-02  0.784884E-02
0.330500E-02  0.786638E-02
0.331000E-02  0.788394E-02
0.331500E-02  0.790150E-02
0.332000E-02  0.791908E-02
0.332500E-02  0.793667E-02
0.333000E-02  0.795427E-02
0.333500E-02  0.797188E-02
0.334000E-02  0.798950E-02
0.334500E-02  0.800713E-02
0.335000E-02  0.802478E-02
0.335500E-02  0.804243E-02
0.336000E-02  0.806010E-02
0.336500E-02  0.807778E-02
0.337000E-02  0.809547E-02
0.337500E-02  0.811317E-02
0.338000E-02  0.813088E-02
0.338500E-02  0.814861E-02
0.339000E-02  0.816634E-02
0.339500E-02  0.818409E-02
0.340000E-02  0.820184E-02
0.340500E-02  0.821961E-02
0.341000E-02  0.823739E-02
0.341500E-02  0.825518E-02
0.342000E-02  0.827299E-02
0.342500E-02  0.829080E-02
0.343000E-02  0.830862E-02
0.343500E-02  0.832646E-02
0.344000E-02  0.834431E-02
0.344500E-02  0.836216E-02
0.345000E-02  0.838003E-02
0.345500E-02  0.839791E-02
0.346000E-02  0.841580E-02
0.346500E-02  0.843371E-02
0.347000E-02  0.845162E-02
0.347500E-02  0.846954E-02
0.348000E-02  0.848748E-02
0.348500E-02  0.850542E-02
0.349000E-02  0.852338E-02
0.349500E-02  0.854135E-02
0.350000E-02  0.855933E-02
0.350500E-02  0.857732E-02
0.351000E-02  0.859532E-02
0.351500E-02  0.861333E-02
0.352000E-02  0.863135E-02
0.352500E-02  0.864938E-02
0.353000E-02  0.866743E-02
0.353500E-02  0.868548E-02
0.354000E-02  0.870355E-02
0.354500E-02  0.872163E-02
0.355000E-02  0.873972E-02
0.355500E-02  0.875781E-02
0.356000E-02  0.877592E-02
0.356500E-02  0.879404E-02
0.357000E-02  0.881217E-02
0.357500E-02  0.883032E-02
0.358000E-02  0.884847E-02
0.358500E-02  0.886663E-02
0.359000E-02  0.888480E-02
0.359500E-02  0.890299E-02
0.360000E-02  0.892118E-02
0.360500E-02  0.893939E-02
0.361000E-02  0.895761E-02
0.361500E-02  0.897583E-02
0.362000E-02  0.899407E-02
0.362500E-02  0.901232E-02
0.363000E-02  0.903058E-02
0.363500E-02  0.904885E-02
0.364000E-02  0.906713E-02
0.364500E-02  0.908542E-02
0.365000E-02  0.910372E-02
0.365500E-02  0.912204E-02
0.366000E-02  0.914036E-02
0.366500E-02  0.915869E-02
0.367000E-02  0.917704E-02
0.367500E-02  0.919539E-02
0.368000E-02  0.921375E-02
0.368500E-02  0.923213E-02
0.369000E-02  0.925052E-02
0.369500E-02  0.926891E-02
0.370000E-02  0.928732E-02
0.370500E-02  0.930574E-02
0.371000E-02  0.932416E-02
0.371500E-02  0.934260E-02
0.372000E-02  0.936105E-02
0.372500E-02  0.937951E-02
0.373000E-02  0.939798E-02
0.373500E-02  0.941646E-02
0.374000E-02  0.943495E-02
0.374500E-02  0.945345E-02
0.375000E-02  0.947196E-02
0.375500E-02  0.949048E-02
0.376000E-02  0.950902E-02
0.376500E-02  0.952756E-02
0.377000E-02  0.954611E-02
0.377500E-02  0.956467E-02
0.378000E-02  0.958325E-02
0.378500E-02  0.960183E-02
0.379000E-02  0.962042E-02
0.379500E-02  0.963903E-02
0.380000E-02  0.965764E-02
0.380500E-02  0.967626E-02
0.381000E-02  0.969490E-02
0.381500E-02  0.971354E-02
0.382000E-02  0.973220E-02
0.382500E-02  0.975086E-02
0.383000E-02  0.976954E-02
0.383500E-02  0.978822E-02
0.384000E-02  0.980692E-02
0.384500E-02  0.982562E-02
0.385000E-02  0.984434E-02
0.385500E-02  0.986307E-02
0.386000E-02  0.988180E-02
0.386500E-02  0.990055E-02
0.387000E-02  0.991930E-02
0.387500E-02  0.993807E-02
0.388000E-02  0.995685E-02
0.388500E-02  0.997563E-02
0.389000E-02  0.999443E-02
0.389500E-02  0.100132E-01
0.390000E-02  0.100321E-01
0.390500E-02  0.100509E-01
0.391000E-02  0.100697E-01
0.391500E-02  0.100886E-01
0.392000E-02  0.101074E-01
0.392500E-02  0.101263E-01
0.393000E-02  0.101452E-01
0.393500E-02  0.101640E-01
0.394000E-02  0.101829E-01
0.394500E-02  0.102019E-01
0.395000E-02  0.102208E-01
0.395500E-02  0.102397E-01
0.396000E-02  0.102586E-01
0.396500E-02  0.102776E-01
0.397000E-02  0.102965E-01
0.397500E-02  0.103155E-01
0.398000E-02  0.103345E-01
0.398500E-02  0.103535E-01
0.399000E-02  0.103725E-01
0.399500E-02  0.103915E-01
0.400000E-02  0.104105E-01
0.400500E-02  0.104295E-01
0.401000E-02  0.104485E-01
0.401500E-02  0.104676E-01
0.402000E-02  0.104866E-01
0.402500E-02  0.105057E-01
0.403000E-02  0.105248E-01
0.403500E-02  0.105439E-01
0.404000E-02  0.105629E-01
0.404500E-02  0.105820E-01
0.405000E-02  0.106012E-01
0.405500E-02  0.106203E-01
0.406000E-02  0.106394E-01
0.406500E-02  0.106586E-01
0.407000E-02  0.106777E-01
0.407500E-02  0.106969E-01
0.408000E-02  0.107160E-01
0.408500E-02  0.107352E-01
0.409000E-02  0.107544E-01
0.409500E-02  0.107736E-01
0.410000E-02  0.107928E-01
0.410500E-02  0.108120E-01
0.411000E-02  0.108313E-01
0.411500E-02  0.108505E-01
0.412000E-02  0.108698E-01
0.412500E-02  0.108890E-01
0.413000E-02  0.109083E-01
0.413500E-02  0.109276E-01
0.414000E-02  0.109468E-01
0.414500E-02  0.109661E-01
0.415000E-02  0.109854E-01
0.415500E-02  0.110048E-01
0.416000E-02  0.110241E-01
0.416500E-02  0.110434E-01
0.417000E-02  0.110628E-01
0.417500E-02  0.110821E-01
0.418000E-02  0.111015E-01
0.418500E-02  0.111208E-01
0.419000E-02  0.111402E-01
0.419500E-02  0.111596E-01
0.420000E-02  0.111790E-01
0.420500E-02  0.111984E-01
0.421000E-02  0.112178E-01
0.421500E-02  0.112373E-01
0.422000E-02  0.112567E-01
0.422500E-02  0.112761E-01
0.423000E-02  0.112956E-01
0.423500E-02  0.113151E-01
0.424000E-02  0.113345E-01
0.424500E-02  0.113540E-01
0.425000E-02  0.113735E-01
0.425500E-02  0.113930E-01
0.426000E-02  0.114125E-01
0.426500E-02  0.114321E-01
0.427000E-02  0.114516E-01
0.427500E-02  0.114711E-01
0.428000E-02  0.114907E-01
0.428500E-02  0.115102E-01
0.429000E-02  0.115298E-01
0.429500E-02  0.115494E-01
0.430000E-02  0.115690E-01
0.430500E-02  0.115886E-01
0.431000E-02  0.116082E-01
0.431500E-02  0.116278E-01
0.432000E-02  0.116474E-01
0.432500E-02  0.116670E-01
0.433000E-02  0.116867E-01
0.433500E-02  0.117063E-01
0.434000E-02  0.117260E-01
0.434500E-02  0.117457E-01
0.435000E-02  0.117653E-01
0.435500E-02  0.117850E-01
0.436000E-02  0.118047E-01
0.436500E-02  0.118244E-01
0.437000E-02  0.118441E-01
0.437500E-02  0.118639E-01
0.438000E-02  0.118836E-01
0.438500E-02  0.119033E-01
0.439000E-02  0.119231E-01
0.439500E-02  0.119428E-01
0.440000E-02  0.119626E-01
0.440500E-02  0.119824E-01
0.441000E-02  0.120022E-01
0.441500E-02  0.120220E-01
0.442000E-02  0.120418E-01
0.442500E-02  0.120616E-01
0.443000E-02  0.120814E-01
0.443500E-02  0.121012E-01
0.444000E-02  0.121211E-01
0.444500E-02  0.121409E-01
0.445000E-02  0.121608E-01
0.445500E-02  0.121807E-01
0.446000E-02  0.122005E-01
0.446500E-02  0.122204E-01
0.447000E-02  0.122403E-01
0.447500E-02  0.122602E-01
0.448000E-02  0.122801E-01
0.448500E-02  0.123001E-01
0.449000E-02  0.123200E-01
0.449500E-02  0.123399E-01
0.450000E-02  0.123599E-01
0.450500E-02  0.123798E-01
0.451000E-02  0.123998E-01
0.451500E-02  0.124198E-01
0.452000E-02  0.124398E-01
0.452500E-02  0.124598E-01
0.453000E-02  0.124798E-01
0.453500E-02  0.124998E-01
0.454000E-02  0.125198E-01
0.454500E-02  0.125398E-01
0.455000E-02  0.125598E-01
0.455500E-02  0.125799E-01
0.456000E-02  0.125999E-01
0.456500E-02  0.126200E-01
0.457000E-02  0.126401E-01
0.457500E-02  0.126602E-01
0.458000E-02  0.126803E-01
0.458500E-02  0.127003E-01
0.459000E-02  0.127205E-01
0.459500E-02  0.127406E-01
0.460000E-02  0.127607E-01
0.460500E-02  0.127808E-01
0.461000E-02  0.128010E-01
0.461500E-02  0.128211E-01
0.462000E-02  0.128413E-01
0.462500E-02  0.128614E-01
0.463000E-02  0.128816E-01
0.463500E-02  0.129018E-01
0.464000E-02  0.129220E-01
0.464500E-02  0.129422E-01
0.465000E-02  0.129624E-01
0.465500E-02  0.129826E-01
0.466000E-02  0.130029E-01
0.466500E-02  0.130231E-01
0.467000E-02  0.130433E-01
0.467500E-02  0.130636E-01
0.468000E-02  0.130839E-01
0.468500E-02  0.131041E-01
0.469000E-02  0.131244E-01
0.469500E-02  0.131447E-01
0.470000E-02  0.131650E-01
0.470500E-02  0.131853E-01
0.471000E-02  0.132056E-01
0.471500E-02  0.132259E-01
0.472000E-02  0.132463E-01
0.472500E-02  0.132666E-01
0.473000E-02  0.132870E-01
0.473500E-02  0.133073E-01
0.474000E-02  0.133277E-01
0.474500E-02  0.133480E-01
0.475000E-02  0.133684E-01
0.475500E-02  0.133888E-01
0.476000E-02  0.134092E-01
0.476500E-02  0.134296E-01
0.477000E-02  0.134500E-01
0.477500E-02  0.134705E-01
0.478000E-02  0.134909E-01
0.478500E-02  0.135113E-01
0.479000E-02  0.135318E-01
0.479500E-02  0.135522E-01
0.480000E-02  0.135727E-01
0.480500E-02  0.135932E-01
0.481000E-02  0.136137E-01
0.481500E-02  0.136342E-01
0.482000E-02  0.136547E-01
0.482500E-02  0.136752E-01
0.483000E-02  0.136957E-01
0.483500E-02  0.137162E-01
0.484000E-02  0.137367E-01
0.484500E-02  0.137573E-01
0.485000E-02  0.137778E-01
0.485500E-02  0.137984E-01
0.486000E-02  0.138189E-01
0.486500E-02  0.138395E-01
0.487000E-02  0.138601E-01
0.487500E-02  0.138807E-01
0.488000E-02  0.139013E-01
0.488500E-02  0.139219E-01
0.489000E-02  0.139425E-01
0.489500E-02  0.139631E-01
0.490000E-02  0.139838E-01
0.490500E-02  0.140044E-01
0.491000E-02  0.140251E-01
0.491500E-02  0.140457E-01
0.492000E-02  0.140664E-01
0.492500E-02  0.140871E-01
0.493000E-02  0.141077E-01
0.493500E-02  0.141284E-01
0.494000E-02  0.141491E-01
0.494500E-02  0.141698E-01
0.495000E-02  0.141905E-01
0.495500E-02  0.142113E-01
0.496000E-02  0.142320E-01
0.496500E-02  0.142527E-01
0.497000E-02  0.142735E-01
0.497500E-02  0.142942E-01
0.498000E-02  0.143150E-01
0.498500E-02  0.143358E-01
0.499000E-02  0.143565E-01
0.499500E-02  0.143773E-01
0.500000E-02  0.143981E-01
