0.200000E-02  0.368489E-02
0.400000E-02  0.102621E-01
0.600000E-02  0.183871E-01
0.800000E-02  0.275564E-01
0.100000E-01  0.374829E-01
0.120000E-01  0.479791E-01
0.140000E-01  0.589143E-01
0.160000E-01  0.701937E-01
0.180000E-01  0.817468E-01
0.200000E-01  0.935207E-01
0.220000E-01  0.105476E+00
0.240000E-01  0.117582E+00
0.260000E-01  0.129819E+00
0.280000E-01  0.142169E+00
0.300000E-01  0.154623E+00
0.320000E-01  0.167175E+00
0.340000E-01  0.179823E+00
0.360000E-01  0.192565E+00
0.380000E-01  0.205406E+00
0.400000E-01  0.218351E+00
0.420000E-01  0.231405E+00
0.440000E-01  0.244578E+00
0.460000E-01  0.257879E+00
0.480000E-01  0.271318E+00
0.500000E-01  0.284909E+00
0.520000E-01  0.298663E+00
0.540000E-01  0.312594E+00
0.560000E-01  0.326715E+00
0.580000E-01  0.341042E+00
0.600000E-01  0.355590E+00
0.620000E-01  0.370374E+00
0.640000E-01  0.385411E+00
0.660000E-01  0.400715E+00
0.680000E-01  0.416305E+00
0.700000E-01  0.432196E+00
0.720000E-01  0.448405E+00
0.740000E-01  0.464950E+00
0.760000E-01  0.481847E+00
0.780000E-01  0.499114E+00
0.800000E-01  0.516768E+00
0.820000E-01  0.534827E+00
0.840000E-01  0.553308E+00
0.860000E-01  0.572228E+00
0.880000E-01  0.591605E+00
0.900000E-01  0.611456E+00
0.920000E-01  0.631799E+00
0.940000E-01  0.652651E+00
0.960000E-01  0.674029E+00
0.980000E-01  0.695950E+00
0.100000E+00  0.718433E+00
0.102000E+00  0.741493E+00
0.104000E+00  0.765147E+00
0.106000E+00  0.789414E+00
0.108000E+00  0.814309E+00
0.110000E+00  0.839849E+00
0.112000E+00  0.866052E+00
0.114000E+00  0.892933E+00
0.116000E+00  0.920509E+00
0.118000E+00  0.948797E+00
0.120000E+00  0.977812E+00
0.122000E+00  0.100757E+01
0.124000E+00  0.103809E+01
0.126000E+00  0.106938E+01
0.128000E+00  0.110147E+01
0.130000E+00  0.113436E+01
0.132000E+00  0.116808E+01
0.134000E+00  0.120263E+01
0.136000E+00  0.123804E+01
0.138000E+00  0.127431E+01
0.140000E+00  0.131147E+01
0.142000E+00  0.134952E+01
0.144000E+00  0.138849E+01
0.146000E+00  0.142839E+01
0.148000E+00  0.146923E+01
0.150000E+00  0.151102E+01
0.152000E+00  0.155379E+01
0.154000E+00  0.159754E+01
0.156000E+00  0.164229E+01
0.158000E+00  0.168805E+01
0.160000E+00  0.173483E+01
0.162000E+00  0.178266E+01
0.164000E+00  0.183154E+01
0.166000E+00  0.188149E+01
0.168000E+00  0.193252E+01
0.170000E+00  0.198464E+01
0.172000E+00  0.203787E+01
0.174000E+00  0.209221E+01
0.176000E+00  0.214769E+01
0.178000E+00  0.220431E+01
0.180000E+00  0.226209E+01
0.182000E+00  0.232104E+01
0.184000E+00  0.238117E+01
0.186000E+00  0.244249E+01
0.188000E+00  0.250502E+01
0.190000E+00  0.256877E+01
0.192000E+00  0.263375E+01
0.194000E+00  0.269996E+01
0.196000E+00  0.276743E+01
0.198000E+00  0.283617E+01
0.200000E+00  0.290618E+01
0.202000E+00  0.297747E+01
0.204000E+00  0.305007E+01
0.206000E+00  0.312397E+01
0.208000E+00  0.319920E+01
0.210000E+00  0.327575E+01
0.212000E+00  0.335365E+01
0.214000E+00  0.343290E+01
0.216000E+00  0.351351E+01
0.218000E+00  0.359549E+01
0.220000E+00  0.367886E+01
0.222000E+00  0.376362E+01
0.224000E+00  0.384978E+01
0.226000E+00  0.393736E+01
0.228000E+00  0.402636E+01
0.230000E+00  0.411680E+01
0.232000E+00  0.420868E+01
0.234000E+00  0.430201E+01
0.236000E+00  0.439680E+01
0.238000E+00  0.449307E+01
0.240000E+00  0.459082E+01
0.242000E+00  0.469006E+01
0.244000E+00  0.479079E+01
0.246000E+00  0.489304E+01
0.248000E+00  0.499680E+01
0.250000E+00  0.510209E+01
0.252000E+00  0.520892E+01
0.254000E+00  0.531729E+01
0.256000E+00  0.542721E+01
0.258000E+00  0.553870E+01
0.260000E+00  0.565176E+01
0.262000E+00  0.576639E+01
0.264000E+00  0.588261E+01
0.266000E+00  0.600043E+01
0.268000E+00  0.611985E+01
0.270000E+00  0.624088E+01
0.272000E+00  0.636353E+01
0.274000E+00  0.648781E+01
0.276000E+00  0.661372E+01
0.278000E+00  0.674128E+01
0.280000E+00  0.687048E+01
0.282000E+00  0.700135E+01
0.284000E+00  0.713388E+01
0.286000E+00  0.726809E+01
0.288000E+00  0.740398E+01
0.290000E+00  0.754155E+01
0.292000E+00  0.768082E+01
0.294000E+00  0.782180E+01
0.296000E+00  0.796448E+01
0.298000E+00  0.810888E+01
0.300000E+00  0.825501E+01
0.302000E+00  0.840287E+01
0.304000E+00  0.855247E+01
0.306000E+00  0.870381E+01
0.308000E+00  0.885690E+01
0.310000E+00  0.901175E+01
0.312000E+00  0.916837E+01
0.314000E+00  0.932676E+01
0.316000E+00  0.948693E+01
0.318000E+00  0.964889E+01
0.320000E+00  0.981263E+01
0.322000E+00  0.997818E+01
0.324000E+00  0.101455E+02
0.326000E+00  0.103147E+02
0.328000E+00  0.104857E+02
0.330000E+00  0.106584E+02
0.332000E+00  0.108331E+02
0.334000E+00  0.110095E+02
0.336000E+00  0.111878E+02
0.338000E+00  0.113680E+02
0.340000E+00  0.115500E+02
0.342000E+00  0.117338E+02
0.344000E+00  0.119196E+02
0.346000E+00  0.121072E+02
0.348000E+00  0.122966E+02
0.350000E+00  0.124880E+02
0.352000E+00  0.126812E+02
0.354000E+00  0.128763E+02
0.356000E+00  0.130734E+02
0.358000E+00  0.132723E+02
0.360000E+00  0.134731E+02
0.362000E+00  0.136759E+02
0.364000E+00  0.138806E+02
0.366000E+00  0.140872E+02
0.368000E+00  0.142957E+02
0.370000E+00  0.145061E+02
0.372000E+00  0.147185E+02
0.374000E+00  0.149329E+02
0.376000E+00  0.151492E+02
0.378000E+00  0.153674E+02
0.380000E+00  0.155876E+02
0.382000E+00  0.158098E+02
0.384000E+00  0.160339E+02
0.386000E+00  0.162601E+02
0.388000E+00  0.164881E+02
0.390000E+00  0.167182E+02
0.392000E+00  0.169503E+02
0.394000E+00  0.171843E+02
0.396000E+00  0.174204E+02
0.398000E+00  0.176585E+02
0.400000E+00  0.178985E+02
0.402000E+00  0.181406E+02
0.404000E+00  0.183847E+02
0.406000E+00  0.186308E+02
0.408000E+00  0.188789E+02
0.410000E+00  0.191291E+02
0.412000E+00  0.193813E+02
0.414000E+00  0.196355E+02
0.416000E+00  0.198918E+02
0.418000E+00  0.201501E+02
0.420000E+00  0.204105E+02
0.422000E+00  0.206729E+02
0.424000E+00  0.209374E+02
0.426000E+00  0.212039E+02
0.428000E+00  0.214725E+02
0.430000E+00  0.217432E+02
0.432000E+00  0.220160E+02
0.434000E+00  0.222908E+02
0.436000E+00  0.225677E+02
0.438000E+00  0.228467E+02
0.440000E+00  0.231278E+02
0.442000E+00  0.234109E+02
0.444000E+00  0.236962E+02
0.446000E+00  0.239836E+02
0.448000E+00  0.242731E+02
0.450000E+00  0.245646E+02
0.452000E+00  0.248583E+02
0.454000E+00  0.251541E+02
0.456000E+00  0.254521E+02
0.458000E+00  0.257521E+02
0.460000E+00  0.260543E+02
0.462000E+00  0.263586E+02
0.464000E+00  0.266650E+02
0.466000E+00  0.269736E+02
0.468000E+00  0.272843E+02
0.470000E+00  0.275972E+02
0.472000E+00  0.279122E+02
0.474000E+00  0.282293E+02
0.476000E+00  0.285486E+02
0.478000E+00  0.288701E+02
0.480000E+00  0.291937E+02
0.482000E+00  0.295195E+02
0.484000E+00  0.298474E+02
0.486000E+00  0.301775E+02
0.488000E+00  0.305098E+02
0.490000E+00  0.308442E+02
0.492000E+00  0.311809E+02
0.494000E+00  0.315197E+02
0.496000E+00  0.318607E+02
0.498000E+00  0.322039E+02
0.500000E+00  0.325492E+02
0.502000E+00  0.328968E+02
0.504000E+00  0.332466E+02
0.506000E+00  0.335985E+02
0.508000E+00  0.339527E+02
0.510000E+00  0.343091E+02
0.512000E+00  0.346676E+02
0.514000E+00  0.350284E+02
0.516000E+00  0.353914E+02
0.518000E+00  0.357566E+02
0.520000E+00  0.361241E+02
0.522000E+00  0.364937E+02
0.524000E+00  0.368656E+02
0.526000E+00  0.372397E+02
0.528000E+00  0.376160E+02
0.530000E+00  0.379946E+02
0.532000E+00  0.383754E+02
0.534000E+00  0.387584E+02
0.536000E+00  0.391437E+02
0.538000E+00  0.395312E+02
0.540000E+00  0.399210E+02
0.542000E+00  0.403130E+02
0.544000E+00  0.407072E+02
0.546000E+00  0.411037E+02
0.548000E+00  0.415025E+02
0.550000E+00  0.419035E+02
0.552000E+00  0.423068E+02
0.554000E+00  0.427124E+02
0.556000E+00  0.431202E+02
0.558000E+00  0.435303E+02
0.560000E+00  0.439426E+02
0.562000E+00  0.443572E+02
0.564000E+00  0.447741E+02
0.566000E+00  0.451933E+02
0.568000E+00  0.456147E+02
0.570000E+00  0.460385E+02
0.572000E+00  0.464645E+02
0.574000E+00  0.468928E+02
0.576000E+00  0.473233E+02
0.578000E+00  0.477562E+02
0.580000E+00  0.481914E+02
0.582000E+00  0.486288E+02
0.584000E+00  0.490686E+02
0.586000E+00  0.495107E+02
0.588000E+00  0.499550E+02
0.590000E+00  0.504017E+02
0.592000E+00  0.508506E+02
0.594000E+00  0.513019E+02
0.596000E+00  0.517555E+02
0.598000E+00  0.522114E+02
0.600000E+00  0.526696E+02
0.602000E+00  0.531301E+02
0.604000E+00  0.535929E+02
0.606000E+00  0.540581E+02
0.608000E+00  0.545256E+02
0.610000E+00  0.549953E+02
0.612000E+00  0.554675E+02
0.614000E+00  0.559419E+02
0.616000E+00  0.564187E+02
0.618000E+00  0.568978E+02
0.620000E+00  0.573793E+02
0.622000E+00  0.578630E+02
0.624000E+00  0.583491E+02
0.626000E+00  0.588376E+02
0.628000E+00  0.593284E+02
0.630000E+00  0.598215E+02
0.632000E+00  0.603170E+02
0.634000E+00  0.608148E+02
0.636000E+00  0.613150E+02
0.638000E+00  0.618175E+02
0.640000E+00  0.623224E+02
0.642000E+00  0.628296E+02
0.644000E+00  0.633392E+02
0.646000E+00  0.638511E+02
0.648000E+00  0.643654E+02
0.650000E+00  0.648821E+02
0.652000E+00  0.654011E+02
0.654000E+00  0.659225E+02
0.656000E+00  0.664462E+02
0.658000E+00  0.669723E+02
0.660000E+00  0.675008E+02
0.662000E+00  0.680317E+02
0.664000E+00  0.685649E+02
0.666000E+00  0.691004E+02
0.668000E+00  0.696384E+02
0.670000E+00  0.701788E+02
0.672000E+00  0.707215E+02
0.674000E+00  0.712666E+02
0.676000E+00  0.718141E+02
0.678000E+00  0.723639E+02
0.680000E+00  0.729161E+02
0.682000E+00  0.734708E+02
0.684000E+00  0.740278E+02
0.686000E+00  0.745872E+02
0.688000E+00  0.751490E+02
0.690000E+00  0.757132E+02
0.692000E+00  0.762798E+02
0.694000E+00  0.768487E+02
0.696000E+00  0.774201E+02
0.698000E+00  0.779939E+02
0.700000E+00  0.785700E+02
0.702000E+00  0.791486E+02
0.704000E+00  0.797296E+02
0.706000E+00  0.803129E+02
0.708000E+00  0.808987E+02
0.710000E+00  0.814869E+02
0.712000E+00  0.820775E+02
0.714000E+00  0.826705E+02
0.716000E+00  0.832659E+02
0.718000E+00  0.838637E+02
0.720000E+00  0.844639E+02
0.722000E+00  0.850666E+02
0.724000E+00  0.856716E+02
0.726000E+00  0.862791E+02
0.728000E+00  0.868890E+02
0.730000E+00  0.875013E+02
0.732000E+00  0.881160E+02
0.734000E+00  0.887332E+02
0.736000E+00  0.893527E+02
0.738000E+00  0.899747E+02
0.740000E+00  0.905992E+02
0.742000E+00  0.912260E+02
0.744000E+00  0.918553E+02
0.746000E+00  0.924870E+02
0.748000E+00  0.931211E+02
0.750000E+00  0.937577E+02
0.752000E+00  0.943967E+02
0.754000E+00  0.950381E+02
0.756000E+00  0.956820E+02
0.758000E+00  0.963283E+02
0.760000E+00  0.969771E+02
0.762000E+00  0.976282E+02
0.764000E+00  0.982819E+02
0.766000E+00  0.989379E+02
0.768000E+00  0.995964E+02
0.770000E+00  0.100257E+03
0.772000E+00  0.100921E+03
0.774000E+00  0.101587E+03
0.776000E+00  0.102255E+03
0.778000E+00  0.102926E+03
0.780000E+00  0.103599E+03
0.782000E+00  0.104274E+03
0.784000E+00  0.104953E+03
0.786000E+00  0.105633E+03
0.788000E+00  0.106316E+03
0.790000E+00  0.107001E+03
0.792000E+00  0.107689E+03
0.794000E+00  0.108380E+03
0.796000E+00  0.109073E+03
0.798000E+00  0.109768E+03
0.800000E+00  0.110466E+03
0.802000E+00  0.111166E+03
0.804000E+00  0.111868E+03
0.806000E+00  0.112574E+03
0.808000E+00  0.113281E+03
0.810000E+00  0.113991E+03
0.812000E+00  0.114704E+03
0.814000E+00  0.115419E+03
0.816000E+00  0.116136E+03
0.818000E+00  0.116856E+03
0.820000E+00  0.117578E+03
0.822000E+00  0.118303E+03
0.824000E+00  0.119031E+03
0.826000E+00  0.119760E+03
0.828000E+00  0.120493E+03
0.830000E+00  0.121227E+03
0.832000E+00  0.121965E+03
0.834000E+00  0.122704E+03
0.836000E+00  0.123446E+03
0.838000E+00  0.124191E+03
0.840000E+00  0.124938E+03
0.842000E+00  0.125688E+03
0.844000E+00  0.126440E+03
0.846000E+00  0.127194E+03
0.848000E+00  0.127951E+03
0.850000E+00  0.128711E+03
0.852000E+00  0.129473E+03
0.854000E+00  0.130238E+03
0.856000E+00  0.131005E+03
0.858000E+00  0.131774E+03
0.860000E+00  0.132546E+03
0.862000E+00  0.133320E+03
0.864000E+00  0.134097E+03
0.866000E+00  0.134877E+03
0.868000E+00  0.135659E+03
0.870000E+00  0.136443E+03
0.872000E+00  0.137230E+03
0.874000E+00  0.138019E+03
0.876000E+00  0.138811E+03
0.878000E+00  0.139606E+03
0.880000E+00  0.140403E+03
0.882000E+00  0.141202E+03
0.884000E+00  0.142004E+03
0.886000E+00  0.142808E+03
0.888000E+00  0.143615E+03
0.890000E+00  0.144424E+03
0.892000E+00  0.145236E+03
0.894000E+00  0.146051E+03
0.896000E+00  0.146868E+03
0.898000E+00  0.147687E+03
0.900000E+00  0.148509E+03
0.902000E+00  0.149333E+03
0.904000E+00  0.150160E+03
0.906000E+00  0.150989E+03
0.908000E+00  0.151821E+03
0.910000E+00  0.152656E+03
0.912000E+00  0.153493E+03
0.914000E+00  0.154332E+03
0.916000E+00  0.155174E+03
0.918000E+00  0.156019E+03
0.920000E+00  0.156866E+03
0.922000E+00  0.157715E+03
0.924000E+00  0.158567E+03
0.926000E+00  0.159421E+03
0.928000E+00  0.160278E+03
0.930000E+00  0.161138E+03
0.932000E+00  0.162000E+03
0.934000E+00  0.162865E+03
0.936000E+00  0.163732E+03
0.938000E+00  0.164601E+03
0.940000E+00  0.165473E+03
0.942000E+00  0.166348E+03
0.944000E+00  0.167225E+03
0.946000E+00  0.168105E+03
0.948000E+00  0.168987E+03
0.950000E+00  0.169872E+03
0.952000E+00  0.170759E+03
0.954000E+00  0.171649E+03
0.956000E+00  0.172541E+03
0.958000E+00  0.173436E+03
0.960000E+00  0.174333E+03
0.962000E+00  0.175233E+03
0.964000E+00  0.176135E+03
0.966000E+00  0.177040E+03
0.968000E+00  0.177948E+03
0.970000E+00  0.178858E+03
0.972000E+00  0.179770E+03
0.974000E+00  0.180685E+03
0.976000E+00  0.181603E+03
0.978000E+00  0.182523E+03
0.980000E+00  0.183445E+03
0.982000E+00  0.184370E+03
0.984000E+00  0.185298E+03
0.986000E+00  0.186228E+03
0.988000E+00  0.187161E+03
0.990000E+00  0.188096E+03
0.992000E+00  0.189034E+03
0.994000E+00  0.189974E+03
0.996000E+00  0.190917E+03
0.998000E+00  0.191863E+03
0.100000E+01  0.192811E+03
0.100200E+01  0.193761E+03
0.100400E+01  0.194714E+03
0.100600E+01  0.195670E+03
0.100800E+01  0.196628E+03
0.101000E+01  0.197588E+03
0.101200E+01  0.198552E+03
0.101400E+01  0.199517E+03
0.101600E+01  0.200486E+03
0.101800E+01  0.201456E+03
0.102000E+01  0.202430E+03
0.102200E+01  0.203406E+03
0.102400E+01  0.204384E+03
0.102600E+01  0.205365E+03
0.102800E+01  0.206348E+03
0.103000E+01  0.207334E+03
0.103200E+01  0.208323E+03
0.103400E+01  0.209314E+03
0.103600E+01  0.210308E+03
0.103800E+01  0.211304E+03
0.104000E+01  0.212303E+03
0.104200E+01  0.213304E+03
0.104400E+01  0.214308E+03
0.104600E+01  0.215315E+03
0.104800E+01  0.216324E+03
0.105000E+01  0.217335E+03
0.105200E+01  0.218349E+03
0.105400E+01  0.219366E+03
0.105600E+01  0.220385E+03
0.105800E+01  0.221407E+03
0.106000E+01  0.222431E+03
0.106200E+01  0.223458E+03
0.106400E+01  0.224487E+03
0.106600E+01  0.225519E+03
0.106800E+01  0.226554E+03
0.107000E+01  0.227591E+03
0.107200E+01  0.228630E+03
0.107400E+01  0.229672E+03
0.107600E+01  0.230717E+03
0.107800E+01  0.231764E+03
0.108000E+01  0.232814E+03
0.108200E+01  0.233866E+03
0.108400E+01  0.234921E+03
0.108600E+01  0.235979E+03
0.108800E+01  0.237039E+03
0.109000E+01  0.238102E+03
0.109200E+01  0.239167E+03
0.109400E+01  0.240235E+03
0.109600E+01  0.241305E+03
0.109800E+01  0.242378E+03
0.110000E+01  0.243453E+03
0.110200E+01  0.244531E+03
0.110400E+01  0.245612E+03
0.110600E+01  0.246695E+03
0.110800E+01  0.247780E+03
0.111000E+01  0.248869E+03
0.111200E+01  0.249959E+03
0.111400E+01  0.251053E+03
0.111600E+01  0.252149E+03
0.111800E+01  0.253247E+03
0.112000E+01  0.254348E+03
0.112200E+01  0.255452E+03
0.112400E+01  0.256558E+03
0.112600E+01  0.257667E+03
0.112800E+01  0.258778E+03
0.113000E+01  0.259892E+03
0.113200E+01  0.261008E+03
0.113400E+01  0.262127E+03
0.113600E+01  0.263249E+03
0.113800E+01  0.264373E+03
0.114000E+01  0.265500E+03
0.114200E+01  0.266629E+03
0.114400E+01  0.267761E+03
0.114600E+01  0.268895E+03
0.114800E+01  0.270032E+03
0.115000E+01  0.271172E+03
0.115200E+01  0.272314E+03
0.115400E+01  0.273459E+03
0.115600E+01  0.274606E+03
0.115800E+01  0.275756E+03
0.116000E+01  0.276908E+03
0.116200E+01  0.278063E+03
0.116400E+01  0.279221E+03
0.116600E+01  0.280381E+03
0.116800E+01  0.281544E+03
0.117000E+01  0.282709E+03
0.117200E+01  0.283877E+03
0.117400E+01  0.285047E+03
0.117600E+01  0.286220E+03
0.117800E+01  0.287396E+03
0.118000E+01  0.288574E+03
0.118200E+01  0.289755E+03
0.118400E+01  0.290938E+03
0.118600E+01  0.292124E+03
0.118800E+01  0.293313E+03
0.119000E+01  0.294504E+03
0.119200E+01  0.295697E+03
0.119400E+01  0.296894E+03
0.119600E+01  0.298092E+03
0.119800E+01  0.299294E+03
0.120000E+01  0.300498E+03
0.120200E+01  0.301704E+03
0.120400E+01  0.302913E+03
0.120600E+01  0.304125E+03
0.120800E+01  0.305339E+03
0.121000E+01  0.306556E+03
0.121200E+01  0.307776E+03
0.121400E+01  0.308998E+03
0.121600E+01  0.310222E+03
0.121800E+01  0.311450E+03
0.122000E+01  0.312679E+03
0.122200E+01  0.313912E+03
0.122400E+01  0.315147E+03
0.122600E+01  0.316384E+03
0.122800E+01  0.317624E+03
0.123000E+01  0.318867E+03
0.123200E+01  0.320112E+03
0.123400E+01  0.321360E+03
0.123600E+01  0.322611E+03
0.123800E+01  0.323864E+03
0.124000E+01  0.325119E+03
0.124200E+01  0.326377E+03
0.124400E+01  0.327638E+03
0.124600E+01  0.328902E+03
0.124800E+01  0.330168E+03
0.125000E+01  0.331436E+03
0.125200E+01  0.332707E+03
0.125400E+01  0.333981E+03
0.125600E+01  0.335257E+03
0.125800E+01  0.336536E+03
0.126000E+01  0.337818E+03
0.126200E+01  0.339102E+03
0.126400E+01  0.340389E+03
0.126600E+01  0.341678E+03
0.126800E+01  0.342970E+03
0.127000E+01  0.344264E+03
0.127200E+01  0.345561E+03
0.127400E+01  0.346861E+03
0.127600E+01  0.348163E+03
0.127800E+01  0.349468E+03
0.128000E+01  0.350775E+03
0.128200E+01  0.352085E+03
0.128400E+01  0.353398E+03
0.128600E+01  0.354713E+03
0.128800E+01  0.356031E+03
0.129000E+01  0.357351E+03
0.129200E+01  0.358674E+03
0.129400E+01  0.360000E+03
0.129600E+01  0.361328E+03
0.129800E+01  0.362659E+03
0.130000E+01  0.363992E+03
0.130200E+01  0.365328E+03
0.130400E+01  0.366666E+03
0.130600E+01  0.368007E+03
0.130800E+01  0.369351E+03
0.131000E+01  0.370697E+03
0.131200E+01  0.372046E+03
0.131400E+01  0.373398E+03
0.131600E+01  0.374752E+03
0.131800E+01  0.376109E+03
0.132000E+01  0.377468E+03
0.132200E+01  0.378830E+03
0.132400E+01  0.380194E+03
0.132600E+01  0.381561E+03
0.132800E+01  0.382931E+03
0.133000E+01  0.384303E+03
0.133200E+01  0.385678E+03
0.133400E+01  0.387056E+03
0.133600E+01  0.388436E+03
0.133800E+01  0.389818E+03
0.134000E+01  0.391204E+03
0.134200E+01  0.392592E+03
0.134400E+01  0.393982E+03
0.134600E+01  0.395375E+03
0.134800E+01  0.396771E+03
0.135000E+01  0.398169E+03
0.135200E+01  0.399570E+03
0.135400E+01  0.400973E+03
0.135600E+01  0.402379E+03
0.135800E+01  0.403788E+03
0.136000E+01  0.405199E+03
0.136200E+01  0.406613E+03
0.136400E+01  0.408030E+03
0.136600E+01  0.409449E+03
0.136800E+01  0.410871E+03
0.137000E+01  0.412295E+03
0.137200E+01  0.413722E+03
0.137400E+01  0.415151E+03
0.137600E+01  0.416583E+03
0.137800E+01  0.418018E+03
0.138000E+01  0.419455E+03
0.138200E+01  0.420895E+03
0.138400E+01  0.422338E+03
0.138600E+01  0.423783E+03
0.138800E+01  0.425230E+03
0.139000E+01  0.426681E+03
0.139200E+01  0.428134E+03
0.139400E+01  0.429589E+03
0.139600E+01  0.431047E+03
0.139800E+01  0.432508E+03
0.140000E+01  0.433972E+03
0.140200E+01  0.435437E+03
0.140400E+01  0.436906E+03
0.140600E+01  0.438377E+03
0.140800E+01  0.439851E+03
0.141000E+01  0.441327E+03
0.141200E+01  0.442806E+03
0.141400E+01  0.444288E+03
0.141600E+01  0.445772E+03
0.141800E+01  0.447259E+03
0.142000E+01  0.448748E+03
0.142200E+01  0.450240E+03
0.142400E+01  0.451735E+03
0.142600E+01  0.453232E+03
0.142800E+01  0.454732E+03
0.143000E+01  0.456235E+03
0.143200E+01  0.457740E+03
0.143400E+01  0.459247E+03
0.143600E+01  0.460758E+03
0.143800E+01  0.462270E+03
0.144000E+01  0.463786E+03
0.144200E+01  0.465304E+03
0.144400E+01  0.466825E+03
0.144600E+01  0.468348E+03
0.144800E+01  0.469874E+03
0.145000E+01  0.471403E+03
0.145200E+01  0.472934E+03
0.145400E+01  0.474468E+03
0.145600E+01  0.476004E+03
0.145800E+01  0.477543E+03
0.146000E+01  0.479084E+03
0.146200E+01  0.480629E+03
0.146400E+01  0.482176E+03
0.146600E+01  0.483725E+03
0.146800E+01  0.485277E+03
0.147000E+01  0.486832E+03
0.147200E+01  0.488389E+03
0.147400E+01  0.489949E+03
0.147600E+01  0.491511E+03
0.147800E+01  0.493076E+03
0.148000E+01  0.494644E+03
0.148200E+01  0.496215E+03
0.148400E+01  0.497787E+03
0.148600E+01  0.499363E+03
0.148800E+01  0.500941E+03
0.149000E+01  0.502522E+03
0.149200E+01  0.504105E+03
0.149400E+01  0.505691E+03
0.149600E+01  0.507280E+03
0.149800E+01  0.508871E+03
0.150000E+01  0.510465E+03
0.150200E+01  0.512062E+03
0.150400E+01  0.513661E+03
0.150600E+01  0.515262E+03
0.150800E+01  0.516867E+03
0.151000E+01  0.518474E+03
0.151200E+01  0.520083E+03
0.151400E+01  0.521695E+03
0.151600E+01  0.523310E+03
0.151800E+01  0.524928E+03
0.152000E+01  0.526548E+03
0.152200E+01  0.528170E+03
0.152400E+01  0.529795E+03
0.152600E+01  0.531423E+03
0.152800E+01  0.533054E+03
0.153000E+01  0.534687E+03
0.153200E+01  0.536323E+03
0.153400E+01  0.537961E+03
0.153600E+01  0.539602E+03
0.153800E+01  0.541246E+03
0.154000E+01  0.542892E+03
0.154200E+01  0.544540E+03
0.154400E+01  0.546192E+03
0.154600E+01  0.547846E+03
0.154800E+01  0.549503E+03
0.155000E+01  0.551162E+03
0.155200E+01  0.552824E+03
0.155400E+01  0.554488E+03
0.155600E+01  0.556155E+03
0.155800E+01  0.557825E+03
0.156000E+01  0.559498E+03
0.156200E+01  0.561172E+03
0.156400E+01  0.562850E+03
0.156600E+01  0.564530E+03
0.156800E+01  0.566213E+03
0.157000E+01  0.567899E+03
0.157200E+01  0.569587E+03
0.157400E+01  0.571277E+03
0.157600E+01  0.572971E+03
0.157800E+01  0.574667E+03
0.158000E+01  0.576365E+03
0.158200E+01  0.578066E+03
0.158400E+01  0.579770E+03
0.158600E+01  0.581477E+03
0.158800E+01  0.583186E+03
0.159000E+01  0.584897E+03
0.159200E+01  0.586612E+03
0.159400E+01  0.588329E+03
0.159600E+01  0.590048E+03
0.159800E+01  0.591770E+03
0.160000E+01  0.593495E+03
0.160200E+01  0.595222E+03
0.160400E+01  0.596952E+03
0.160600E+01  0.598685E+03
0.160800E+01  0.600420E+03
0.161000E+01  0.602158E+03
0.161200E+01  0.603899E+03
0.161400E+01  0.605642E+03
0.161600E+01  0.607388E+03
0.161800E+01  0.609136E+03
0.162000E+01  0.610887E+03
0.162200E+01  0.612641E+03
0.162400E+01  0.614397E+03
0.162600E+01  0.616156E+03
0.162800E+01  0.617917E+03
0.163000E+01  0.619681E+03
0.163200E+01  0.621448E+03
0.163400E+01  0.623217E+03
0.163600E+01  0.624989E+03
0.163800E+01  0.626764E+03
0.164000E+01  0.628541E+03
0.164200E+01  0.630321E+03
0.164400E+01  0.632104E+03
0.164600E+01  0.633889E+03
0.164800E+01  0.635676E+03
0.165000E+01  0.637467E+03
0.165200E+01  0.639260E+03
0.165400E+01  0.641055E+03
0.165600E+01  0.642854E+03
0.165800E+01  0.644654E+03
0.166000E+01  0.646458E+03
0.166200E+01  0.648264E+03
0.166400E+01  0.650073E+03
0.166600E+01  0.651884E+03
0.166800E+01  0.653698E+03
0.167000E+01  0.655515E+03
0.167200E+01  0.657334E+03
0.167400E+01  0.659156E+03
0.167600E+01  0.660980E+03
0.167800E+01  0.662807E+03
0.168000E+01  0.664637E+03
0.168200E+01  0.666469E+03
0.168400E+01  0.668304E+03
0.168600E+01  0.670142E+03
0.168800E+01  0.671982E+03
0.169000E+01  0.673825E+03
0.169200E+01  0.675670E+03
0.169400E+01  0.677519E+03
0.169600E+01  0.679369E+03
0.169800E+01  0.681223E+03
0.170000E+01  0.683079E+03
0.170200E+01  0.684937E+03
0.170400E+01  0.686799E+03
0.170600E+01  0.688663E+03
0.170800E+01  0.690529E+03
0.171000E+01  0.692398E+03
0.171200E+01  0.694270E+03
0.171400E+01  0.696144E+03
0.171600E+01  0.698021E+03
0.171800E+01  0.699901E+03
0.172000E+01  0.701783E+03
0.172200E+01  0.703668E+03
0.172400E+01  0.705556E+03
0.172600E+01  0.707446E+03
0.172800E+01  0.709339E+03
0.173000E+01  0.711234E+03
0.173200E+01  0.713132E+03
0.173400E+01  0.715033E+03
0.173600E+01  0.716936E+03
0.173800E+01  0.718842E+03
0.174000E+01  0.720751E+03
0.174200E+01  0.722662E+03
0.174400E+01  0.724576E+03
0.174600E+01  0.726492E+03
0.174800E+01  0.728411E+03
0.175000E+01  0.730333E+03
0.175200E+01  0.732257E+03
0.175400E+01  0.734184E+03
0.175600E+01  0.736114E+03
0.175800E+01  0.738046E+03
0.176000E+01  0.739981E+03
0.176200E+01  0.741918E+03
0.176400E+01  0.743858E+03
0.176600E+01  0.745801E+03
0.176800E+01  0.747747E+03
0.177000E+01  0.749695E+03
0.177200E+01  0.751645E+03
0.177400E+01  0.753598E+03
0.177600E+01  0.755554E+03
0.177800E+01  0.757513E+03
0.178000E+01  0.759474E+03
0.178200E+01  0.761438E+03
0.178400E+01  0.763404E+03
0.178600E+01  0.765373E+03
0.178800E+01  0.767345E+03
0.179000E+01  0.769319E+03
0.179200E+01  0.771296E+03
0.179400E+01  0.773276E+03
0.179600E+01  0.775258E+03
0.179800E+01  0.777243E+03
0.180000E+01  0.779230E+03
0.180200E+01  0.781221E+03
0.180400E+01  0.783213E+03
0.180600E+01  0.785209E+03
0.180800E+01  0.787207E+03
0.181000E+01  0.789207E+03
0.181200E+01  0.791211E+03
0.181400E+01  0.793217E+03
0.181600E+01  0.795225E+03
0.181800E+01  0.797236E+03
0.182000E+01  0.799250E+03
0.182200E+01  0.801266E+03
0.182400E+01  0.803285E+03
0.182600E+01  0.805307E+03
0.182800E+01  0.807331E+03
0.183000E+01  0.809358E+03
0.183200E+01  0.811388E+03
0.183400E+01  0.813420E+03
0.183600E+01  0.815455E+03
0.183800E+01  0.817493E+03
0.184000E+01  0.819533E+03
0.184200E+01  0.821576E+03
0.184400E+01  0.823621E+03
0.184600E+01  0.825669E+03
0.184800E+01  0.827720E+03
0.185000E+01  0.829773E+03
0.185200E+01  0.831829E+03
0.185400E+01  0.833887E+03
0.185600E+01  0.835949E+03
0.185800E+01  0.838012E+03
0.186000E+01  0.840079E+03
0.186200E+01  0.842148E+03
0.186400E+01  0.844220E+03
0.186600E+01  0.846294E+03
0.186800E+01  0.848371E+03
0.187000E+01  0.850451E+03
0.187200E+01  0.852533E+03
0.187400E+01  0.854618E+03
0.187600E+01  0.856705E+03
0.187800E+01  0.858796E+03
0.188000E+01  0.860888E+03
0.188200E+01  0.862984E+03
0.188400E+01  0.865082E+03
0.188600E+01  0.867183E+03
0.188800E+01  0.869286E+03
0.189000E+01  0.871392E+03
0.189200E+01  0.873501E+03
0.189400E+01  0.875612E+03
0.189600E+01  0.877726E+03
0.189800E+01  0.879842E+03
0.190000E+01  0.881961E+03
0.190200E+01  0.884083E+03
0.190400E+01  0.886208E+03
0.190600E+01  0.888335E+03
0.190800E+01  0.890464E+03
0.191000E+01  0.892597E+03
0.191200E+01  0.894732E+03
0.191400E+01  0.896869E+03
0.191600E+01  0.899010E+03
0.191800E+01  0.901152E+03
0.192000E+01  0.903298E+03
0.192200E+01  0.905446E+03
0.192400E+01  0.907597E+03
0.192600E+01  0.909750E+03
0.192800E+01  0.911906E+03
0.193000E+01  0.914065E+03
0.193200E+01  0.916226E+03
0.193400E+01  0.918390E+03
0.193600E+01  0.920557E+03
0.193800E+01  0.922726E+03
0.194000E+01  0.924898E+03
0.194200E+01  0.927073E+03
0.194400E+01  0.929250E+03
0.194600E+01  0.931429E+03
0.194800E+01  0.933612E+03
0.195000E+01  0.935797E+03
0.195200E+01  0.937985E+03
0.195400E+01  0.940175E+03
0.195600E+01  0.942368E+03
0.195800E+01  0.944564E+03
0.196000E+01  0.946762E+03
0.196200E+01  0.948963E+03
0.196400E+01  0.951166E+03
0.196600E+01  0.953372E+03
0.196800E+01  0.955581E+03
0.197000E+01  0.957793E+03
0.197200E+01  0.960007E+03
0.197400E+01  0.962223E+03
0.197600E+01  0.964443E+03
0.197800E+01  0.966665E+03
0.198000E+01  0.968889E+03
0.198200E+01  0.971117E+03
0.198400E+01  0.973346E+03
0.198600E+01  0.975579E+03
0.198800E+01  0.977814E+03
0.199000E+01  0.980052E+03
0.199200E+01  0.982292E+03
0.199400E+01  0.984536E+03
0.199600E+01  0.986781E+03
0.199800E+01  0.989030E+03
0.200000E+01  0.991281E+03
