0.200000E-02  0.364670E-02
0.400000E-02  0.101145E-01
0.600000E-02  0.180662E-01
0.800000E-02  0.270055E-01
0.100000E-01  0.366517E-01
0.120000E-01  0.468239E-01
0.140000E-01  0.573970E-01
0.160000E-01  0.682821E-01
0.180000E-01  0.794139E-01
0.200000E-01  0.907446E-01
0.220000E-01  0.102239E+00
0.240000E-01  0.113872E+00
0.260000E-01  0.125627E+00
0.280000E-01  0.137490E+00
0.300000E-01  0.149456E+00
0.320000E-01  0.161522E+00
0.340000E-01  0.173689E+00
0.360000E-01  0.185959E+00
0.380000E-01  0.198339E+00
0.400000E-01  0.210835E+00
0.420000E-01  0.223457E+00
0.440000E-01  0.236215E+00
0.460000E-01  0.249120E+00
0.480000E-01  0.262186E+00
0.500000E-01  0.275426E+00
0.520000E-01  0.288853E+00
0.540000E-01  0.302482E+00
0.560000E-01  0.316329E+00
0.580000E-01  0.330408E+00
0.600000E-01  0.344736E+00
0.620000E-01  0.359329E+00
0.640000E-01  0.374203E+00
0.660000E-01  0.389374E+00
0.680000E-01  0.404860E+00
0.700000E-01  0.420677E+00
0.720000E-01  0.436842E+00
0.740000E-01  0.453372E+00
0.760000E-01  0.470284E+00
0.780000E-01  0.487594E+00
0.800000E-01  0.505319E+00
0.820000E-01  0.523477E+00
0.840000E-01  0.542083E+00
0.860000E-01  0.561156E+00
0.880000E-01  0.580710E+00
0.900000E-01  0.600763E+00
0.920000E-01  0.621331E+00
0.940000E-01  0.642430E+00
0.960000E-01  0.664077E+00
0.980000E-01  0.686288E+00
0.100000E+00  0.709077E+00
0.102000E+00  0.732462E+00
0.104000E+00  0.756458E+00
0.106000E+00  0.781079E+00
0.108000E+00  0.806343E+00
0.110000E+00  0.832262E+00
0.112000E+00  0.858854E+00
0.114000E+00  0.886132E+00
0.116000E+00  0.914111E+00
0.118000E+00  0.942806E+00
0.120000E+00  0.972231E+00
0.122000E+00  0.100240E+01
0.124000E+00  0.103333E+01
0.126000E+00  0.106503E+01
0.128000E+00  0.109752E+01
0.130000E+00  0.113080E+01
0.132000E+00  0.116490E+01
0.134000E+00  0.119983E+01
0.136000E+00  0.123559E+01
0.138000E+00  0.127221E+01
0.140000E+00  0.130969E+01
0.142000E+00  0.134806E+01
0.144000E+00  0.138731E+01
0.146000E+00  0.142746E+01
0.148000E+00  0.146853E+01
0.150000E+00  0.151053E+01
0.152000E+00  0.155347E+01
0.154000E+00  0.159735E+01
0.156000E+00  0.164220E+01
0.158000E+00  0.168803E+01
0.160000E+00  0.173483E+01
0.162000E+00  0.178264E+01
0.164000E+00  0.183145E+01
0.166000E+00  0.188128E+01
0.168000E+00  0.193215E+01
0.170000E+00  0.198405E+01
0.172000E+00  0.203700E+01
0.174000E+00  0.209101E+01
0.176000E+00  0.214609E+01
0.178000E+00  0.220226E+01
0.180000E+00  0.225951E+01
0.182000E+00  0.231787E+01
0.184000E+00  0.237734E+01
0.186000E+00  0.243793E+01
0.188000E+00  0.249965E+01
0.190000E+00  0.256250E+01
0.192000E+00  0.262651E+01
0.194000E+00  0.269168E+01
0.196000E+00  0.275801E+01
0.198000E+00  0.282552E+01
0.200000E+00  0.289421E+01
0.202000E+00  0.296409E+01
0.204000E+00  0.303518E+01
0.206000E+00  0.310748E+01
0.208000E+00  0.318100E+01
0.210000E+00  0.325574E+01
0.212000E+00  0.333172E+01
0.214000E+00  0.340895E+01
0.216000E+00  0.348742E+01
0.218000E+00  0.356716E+01
0.220000E+00  0.364816E+01
0.222000E+00  0.373044E+01
0.224000E+00  0.381400E+01
0.226000E+00  0.389885E+01
0.228000E+00  0.398499E+01
0.230000E+00  0.407244E+01
0.232000E+00  0.416121E+01
0.234000E+00  0.425129E+01
0.236000E+00  0.434270E+01
0.238000E+00  0.443544E+01
0.240000E+00  0.452952E+01
0.242000E+00  0.462495E+01
0.244000E+00  0.472174E+01
0.246000E+00  0.481988E+01
0.248000E+00  0.491939E+01
0.250000E+00  0.502027E+01
0.252000E+00  0.512254E+01
0.254000E+00  0.522619E+01
0.256000E+00  0.533123E+01
0.258000E+00  0.543767E+01
0.260000E+00  0.554551E+01
0.262000E+00  0.565477E+01
0.264000E+00  0.576544E+01
0.266000E+00  0.587753E+01
0.268000E+00  0.599106E+01
0.270000E+00  0.610601E+01
0.272000E+00  0.622241E+01
0.274000E+00  0.634025E+01
0.276000E+00  0.645954E+01
0.278000E+00  0.658029E+01
0.280000E+00  0.670250E+01
0.282000E+00  0.682618E+01
0.284000E+00  0.695133E+01
0.286000E+00  0.707796E+01
0.288000E+00  0.720607E+01
0.290000E+00  0.733567E+01
0.292000E+00  0.746676E+01
0.294000E+00  0.759935E+01
0.296000E+00  0.773345E+01
0.298000E+00  0.786905E+01
0.300000E+00  0.800616E+01
0.302000E+00  0.814479E+01
0.304000E+00  0.828495E+01
0.306000E+00  0.842663E+01
0.308000E+00  0.856984E+01
0.310000E+00  0.871459E+01
0.312000E+00  0.886087E+01
0.314000E+00  0.900871E+01
0.316000E+00  0.915809E+01
0.318000E+00  0.930903E+01
0.320000E+00  0.946152E+01
0.322000E+00  0.961558E+01
0.324000E+00  0.977120E+01
0.326000E+00  0.992839E+01
0.328000E+00  0.100872E+02
0.330000E+00  0.102475E+02
0.332000E+00  0.104094E+02
0.334000E+00  0.105730E+02
0.336000E+00  0.107381E+02
0.338000E+00  0.109048E+02
0.340000E+00  0.110731E+02
0.342000E+00  0.112430E+02
0.344000E+00  0.114145E+02
0.346000E+00  0.115876E+02
0.348000E+00  0.117623E+02
0.350000E+00  0.119387E+02
0.352000E+00  0.121166E+02
0.354000E+00  0.122962E+02
0.356000E+00  0.124775E+02
0.358000E+00  0.126603E+02
0.360000E+00  0.128448E+02
0.362000E+00  0.130309E+02
0.364000E+00  0.132187E+02
0.366000E+00  0.134081E+02
0.368000E+00  0.135992E+02
0.370000E+00  0.137919E+02
0.372000E+00  0.139862E+02
0.374000E+00  0.141823E+02
0.376000E+00  0.143799E+02
0.378000E+00  0.145793E+02
0.380000E+00  0.147803E+02
0.382000E+00  0.149830E+02
0.384000E+00  0.151874E+02
0.386000E+00  0.153934E+02
0.388000E+00  0.156011E+02
0.390000E+00  0.158105E+02
0.392000E+00  0.160216E+02
0.394000E+00  0.162343E+02
0.396000E+00  0.164488E+02
0.398000E+00  0.166650E+02
0.400000E+00  0.168828E+02
0.402000E+00  0.171024E+02
0.404000E+00  0.173236E+02
0.406000E+00  0.175466E+02
0.408000E+00  0.177712E+02
0.410000E+00  0.179976E+02
0.412000E+00  0.182257E+02
0.414000E+00  0.184555E+02
0.416000E+00  0.186870E+02
0.418000E+00  0.189202E+02
0.420000E+00  0.191552E+02
0.422000E+00  0.193919E+02
0.424000E+00  0.196303E+02
0.426000E+00  0.198704E+02
0.428000E+00  0.201123E+02
0.430000E+00  0.203559E+02
0.432000E+00  0.206013E+02
0.434000E+00  0.208484E+02
0.436000E+00  0.210972E+02
0.438000E+00  0.213478E+02
0.440000E+00  0.216001E+02
0.442000E+00  0.218541E+02
0.444000E+00  0.221100E+02
0.446000E+00  0.223675E+02
0.448000E+00  0.226268E+02
0.450000E+00  0.228879E+02
0.452000E+00  0.231508E+02
0.454000E+00  0.234154E+02
0.456000E+00  0.236817E+02
0.458000E+00  0.239499E+02
0.460000E+00  0.242198E+02
0.462000E+00  0.244914E+02
0.464000E+00  0.247649E+02
0.466000E+00  0.250401E+02
0.468000E+00  0.253171E+02
0.470000E+00  0.255959E+02
0.472000E+00  0.258764E+02
0.474000E+00  0.261588E+02
0.476000E+00  0.264429E+02
0.478000E+00  0.267288E+02
0.480000E+00  0.270164E+02
0.482000E+00  0.273059E+02
0.484000E+00  0.275972E+02
0.486000E+00  0.278903E+02
0.488000E+00  0.281851E+02
0.490000E+00  0.284818E+02
0.492000E+00  0.287802E+02
0.494000E+00  0.290804E+02
0.496000E+00  0.293825E+02
0.498000E+00  0.296863E+02
0.500000E+00  0.299920E+02
0.502000E+00  0.302995E+02
0.504000E+00  0.306087E+02
0.506000E+00  0.309198E+02
0.508000E+00  0.312327E+02
0.510000E+00  0.315474E+02
0.512000E+00  0.318639E+02
0.514000E+00  0.321823E+02
0.516000E+00  0.325024E+02
0.518000E+00  0.328244E+02
0.520000E+00  0.331482E+02
0.522000E+00  0.334738E+02
0.524000E+00  0.338013E+02
0.526000E+00  0.341305E+02
0.528000E+00  0.344616E+02
0.530000E+00  0.347945E+02
0.532000E+00  0.351293E+02
0.534000E+00  0.354659E+02
0.536000E+00  0.358043E+02
0.538000E+00  0.361445E+02
0.540000E+00  0.364866E+02
0.542000E+00  0.368305E+02
0.544000E+00  0.371763E+02
0.546000E+00  0.375239E+02
0.548000E+00  0.378733E+02
0.550000E+00  0.382246E+02
0.552000E+00  0.385777E+02
0.554000E+00  0.389327E+02
0.556000E+00  0.392895E+02
0.558000E+00  0.396482E+02
0.560000E+00  0.400087E+02
0.562000E+00  0.403710E+02
0.564000E+00  0.407352E+02
0.566000E+00  0.411013E+02
0.568000E+00  0.414692E+02
0.570000E+00  0.418390E+02
0.572000E+00  0.422106E+02
0.574000E+00  0.425841E+02
0.576000E+00  0.429594E+02
0.578000E+00  0.433366E+02
0.580000E+00  0.437157E+02
0.582000E+00  0.440966E+02
0.584000E+00  0.444794E+02
0.586000E+00  0.448641E+02
0.588000E+00  0.452506E+02
0.590000E+00  0.456390E+02
0.592000E+00  0.460292E+02
0.594000E+00  0.464213E+02
0.596000E+00  0.468153E+02
0.598000E+00  0.472112E+02
0.600000E+00  0.476089E+02
0.602000E+00  0.480085E+02
0.604000E+00  0.484100E+02
0.606000E+00  0.488134E+02
0.608000E+00  0.492186E+02
0.610000E+00  0.496257E+02
0.612000E+00  0.500347E+02
0.614000E+00  0.504455E+02
0.616000E+00  0.508583E+02
0.618000E+00  0.512729E+02
0.620000E+00  0.516894E+02
0.622000E+00  0.521078E+02
0.624000E+00  0.525281E+02
0.626000E+00  0.529502E+02
0.628000E+00  0.533743E+02
0.630000E+00  0.538002E+02
0.632000E+00  0.542280E+02
0.634000E+00  0.546577E+02
0.636000E+00  0.550893E+02
0.638000E+00  0.555228E+02
0.640000E+00  0.559582E+02
0.642000E+00  0.563955E+02
0.644000E+00  0.568346E+02
0.646000E+00  0.572757E+02
0.648000E+00  0.577186E+02
0.650000E+00  0.581635E+02
0.652000E+00  0.586102E+02
0.654000E+00  0.590589E+02
0.656000E+00  0.595094E+02
0.658000E+00  0.599619E+02
0.660000E+00  0.604162E+02
0.662000E+00  0.608724E+02
0.664000E+00  0.613306E+02
0.666000E+00  0.617906E+02
0.668000E+00  0.622526E+02
0.670000E+00  0.627164E+02
0.672000E+00  0.631822E+02
0.674000E+00  0.636498E+02
0.676000E+00  0.641194E+02
0.678000E+00  0.645908E+02
0.680000E+00  0.650642E+02
0.682000E+00  0.655395E+02
0.684000E+00  0.660167E+02
0.686000E+00  0.664958E+02
0.688000E+00  0.669768E+02
0.690000E+00  0.674598E+02
0.692000E+00  0.679446E+02
0.694000E+00  0.684313E+02
0.696000E+00  0.689200E+02
0.698000E+00  0.694106E+02
0.700000E+00  0.699031E+02
0.702000E+00  0.703975E+02
0.704000E+00  0.708938E+02
0.706000E+00  0.713921E+02
0.708000E+00  0.718922E+02
0.710000E+00  0.723943E+02
0.712000E+00  0.728983E+02
0.714000E+00  0.734042E+02
0.716000E+00  0.739120E+02
0.718000E+00  0.744218E+02
0.720000E+00  0.749335E+02
0.722000E+00  0.754471E+02
0.724000E+00  0.759626E+02
0.726000E+00  0.764800E+02
0.728000E+00  0.769994E+02
0.730000E+00  0.775207E+02
0.732000E+00  0.780439E+02
0.734000E+00  0.785691E+02
0.736000E+00  0.790962E+02
0.738000E+00  0.796252E+02
0.740000E+00  0.801561E+02
0.742000E+00  0.806889E+02
0.744000E+00  0.812237E+02
0.746000E+00  0.817604E+02
0.748000E+00  0.822991E+02
0.750000E+00  0.828397E+02
0.752000E+00  0.833822E+02
0.754000E+00  0.839266E+02
0.756000E+00  0.844730E+02
0.758000E+00  0.850212E+02
0.760000E+00  0.855715E+02
0.762000E+00  0.861236E+02
0.764000E+00  0.866778E+02
0.766000E+00  0.872338E+02
0.768000E+00  0.877918E+02
0.770000E+00  0.883517E+02
0.772000E+00  0.889135E+02
0.774000E+00  0.894773E+02
0.776000E+00  0.900430E+02
0.778000E+00  0.906107E+02
0.780000E+00  0.911802E+02
0.782000E+00  0.917518E+02
0.784000E+00  0.923253E+02
0.786000E+00  0.929007E+02
0.788000E+00  0.934780E+02
0.790000E+00  0.940573E+02
0.792000E+00  0.946385E+02
0.794000E+00  0.952217E+02
0.796000E+00  0.958068E+02
0.798000E+00  0.963939E+02
0.800000E+00  0.969829E+02
0.802000E+00  0.975738E+02
0.804000E+00  0.981667E+02
0.806000E+00  0.987616E+02
0.808000E+00  0.993583E+02
0.810000E+00  0.999571E+02
0.812000E+00  0.100558E+03
0.814000E+00  0.101160E+03
0.816000E+00  0.101765E+03
0.818000E+00  0.102371E+03
0.820000E+00  0.102980E+03
0.822000E+00  0.103590E+03
0.824000E+00  0.104203E+03
0.826000E+00  0.104817E+03
0.828000E+00  0.105433E+03
0.830000E+00  0.106051E+03
0.832000E+00  0.106672E+03
0.834000E+00  0.107294E+03
0.836000E+00  0.107918E+03
0.838000E+00  0.108544E+03
0.840000E+00  0.109172E+03
0.842000E+00  0.109802E+03
0.844000E+00  0.110433E+03
0.846000E+00  0.111067E+03
0.848000E+00  0.111703E+03
0.850000E+00  0.112341E+03
0.852000E+00  0.112980E+03
0.854000E+00  0.113622E+03
0.856000E+00  0.114266E+03
0.858000E+00  0.114911E+03
0.860000E+00  0.115559E+03
0.862000E+00  0.116208E+03
0.864000E+00  0.116860E+03
0.866000E+00  0.117513E+03
0.868000E+00  0.118168E+03
0.870000E+00  0.118825E+03
0.872000E+00  0.119485E+03
0.874000E+00  0.120146E+03
0.876000E+00  0.120809E+03
0.878000E+00  0.121474E+03
0.880000E+00  0.122141E+03
0.882000E+00  0.122810E+03
0.884000E+00  0.123481E+03
0.886000E+00  0.124154E+03
0.888000E+00  0.124829E+03
0.890000E+00  0.125506E+03
0.892000E+00  0.126185E+03
0.894000E+00  0.126866E+03
0.896000E+00  0.127548E+03
0.898000E+00  0.128233E+03
0.900000E+00  0.128920E+03
0.902000E+00  0.129608E+03
0.904000E+00  0.130299E+03
0.906000E+00  0.130992E+03
0.908000E+00  0.131686E+03
0.910000E+00  0.132383E+03
0.912000E+00  0.133081E+03
0.914000E+00  0.133781E+03
0.916000E+00  0.134484E+03
0.918000E+00  0.135188E+03
0.920000E+00  0.135894E+03
0.922000E+00  0.136603E+03
0.924000E+00  0.137313E+03
0.926000E+00  0.138025E+03
0.928000E+00  0.138739E+03
0.930000E+00  0.139456E+03
0.932000E+00  0.140174E+03
0.934000E+00  0.140894E+03
0.936000E+00  0.141616E+03
0.938000E+00  0.142340E+03
0.940000E+00  0.143066E+03
0.942000E+00  0.143794E+03
0.944000E+00  0.144524E+03
0.946000E+00  0.145256E+03
0.948000E+00  0.145989E+03
0.950000E+00  0.146725E+03
0.952000E+00  0.147463E+03
0.954000E+00  0.148203E+03
0.956000E+00  0.148945E+03
0.958000E+00  0.149688E+03
0.960000E+00  0.150434E+03
0.962000E+00  0.151182E+03
0.964000E+00  0.151931E+03
0.966000E+00  0.152683E+03
0.968000E+00  0.153436E+03
0.970000E+00  0.154192E+03
0.972000E+00  0.154949E+03
0.974000E+00  0.155709E+03
0.976000E+00  0.156470E+03
0.978000E+00  0.157234E+03
0.980000E+00  0.157999E+03
0.982000E+00  0.158767E+03
0.984000E+00  0.159536E+03
0.986000E+00  0.160307E+03
0.988000E+00  0.161080E+03
0.990000E+00  0.161856E+03
0.992000E+00  0.162633E+03
0.994000E+00  0.163412E+03
0.996000E+00  0.164193E+03
0.998000E+00  0.164977E+03
0.100000E+01  0.165762E+03
0.100200E+01  0.166549E+03
0.100400E+01  0.167338E+03
0.100600E+01  0.168129E+03
0.100800E+01  0.168922E+03
0.101000E+01  0.169717E+03
0.101200E+01  0.170514E+03
0.101400E+01  0.171313E+03
0.101600E+01  0.172114E+03
0.101800E+01  0.172917E+03
0.102000E+01  0.173722E+03
0.102200E+01  0.174529E+03
0.102400E+01  0.175338E+03
0.102600E+01  0.176148E+03
0.102800E+01  0.176961E+03
0.103000E+01  0.177776E+03
0.103200E+01  0.178593E+03
0.103400E+01  0.179412E+03
0.103600E+01  0.180232E+03
0.103800E+01  0.181055E+03
0.104000E+01  0.181880E+03
0.104200E+01  0.182706E+03
0.104400E+01  0.183535E+03
0.104600E+01  0.184366E+03
0.104800E+01  0.185198E+03
0.105000E+01  0.186033E+03
0.105200E+01  0.186869E+03
0.105400E+01  0.187708E+03
0.105600E+01  0.188549E+03
0.105800E+01  0.189391E+03
0.106000E+01  0.190236E+03
0.106200E+01  0.191082E+03
0.106400E+01  0.191930E+03
0.106600E+01  0.192781E+03
0.106800E+01  0.193633E+03
0.107000E+01  0.194488E+03
0.107200E+01  0.195344E+03
0.107400E+01  0.196202E+03
0.107600E+01  0.197063E+03
0.107800E+01  0.197925E+03
0.108000E+01  0.198790E+03
0.108200E+01  0.199656E+03
0.108400E+01  0.200524E+03
0.108600E+01  0.201394E+03
0.108800E+01  0.202267E+03
0.109000E+01  0.203141E+03
0.109200E+01  0.204017E+03
0.109400E+01  0.204895E+03
0.109600E+01  0.205775E+03
0.109800E+01  0.206658E+03
0.110000E+01  0.207542E+03
0.110200E+01  0.208428E+03
0.110400E+01  0.209316E+03
0.110600E+01  0.210206E+03
0.110800E+01  0.211098E+03
0.111000E+01  0.211992E+03
0.111200E+01  0.212888E+03
0.111400E+01  0.213786E+03
0.111600E+01  0.214686E+03
0.111800E+01  0.215589E+03
0.112000E+01  0.216492E+03
0.112200E+01  0.217399E+03
0.112400E+01  0.218307E+03
0.112600E+01  0.219216E+03
0.112800E+01  0.220128E+03
0.113000E+01  0.221042E+03
0.113200E+01  0.221958E+03
0.113400E+01  0.222876E+03
0.113600E+01  0.223796E+03
0.113800E+01  0.224718E+03
0.114000E+01  0.225642E+03
0.114200E+01  0.226568E+03
0.114400E+01  0.227496E+03
0.114600E+01  0.228425E+03
0.114800E+01  0.229357E+03
0.115000E+01  0.230291E+03
0.115200E+01  0.231227E+03
0.115400E+01  0.232165E+03
0.115600E+01  0.233104E+03
0.115800E+01  0.234046E+03
0.116000E+01  0.234990E+03
0.116200E+01  0.235936E+03
0.116400E+01  0.236883E+03
0.116600E+01  0.237833E+03
0.116800E+01  0.238785E+03
0.117000E+01  0.239739E+03
0.117200E+01  0.240694E+03
0.117400E+01  0.241652E+03
0.117600E+01  0.242612E+03
0.117800E+01  0.243573E+03
0.118000E+01  0.244537E+03
0.118200E+01  0.245502E+03
0.118400E+01  0.246470E+03
0.118600E+01  0.247440E+03
0.118800E+01  0.248411E+03
0.119000E+01  0.249385E+03
0.119200E+01  0.250361E+03
0.119400E+01  0.251338E+03
0.119600E+01  0.252318E+03
0.119800E+01  0.253299E+03
0.120000E+01  0.254283E+03
0.120200E+01  0.255268E+03
0.120400E+01  0.256256E+03
0.120600E+01  0.257245E+03
0.120800E+01  0.258237E+03
0.121000E+01  0.259230E+03
0.121200E+01  0.260226E+03
0.121400E+01  0.261223E+03
0.121600E+01  0.262223E+03
0.121800E+01  0.263224E+03
0.122000E+01  0.264228E+03
0.122200E+01  0.265233E+03
0.122400E+01  0.266241E+03
0.122600E+01  0.267250E+03
0.122800E+01  0.268262E+03
0.123000E+01  0.269275E+03
0.123200E+01  0.270290E+03
0.123400E+01  0.271308E+03
0.123600E+01  0.272327E+03
0.123800E+01  0.273349E+03
0.124000E+01  0.274372E+03
0.124200E+01  0.275397E+03
0.124400E+01  0.276425E+03
0.124600E+01  0.277454E+03
0.124800E+01  0.278485E+03
0.125000E+01  0.279519E+03
0.125200E+01  0.280554E+03
0.125400E+01  0.281592E+03
0.125600E+01  0.282631E+03
0.125800E+01  0.283672E+03
0.126000E+01  0.284716E+03
0.126200E+01  0.285761E+03
0.126400E+01  0.286808E+03
0.126600E+01  0.287857E+03
0.126800E+01  0.288909E+03
0.127000E+01  0.289962E+03
0.127200E+01  0.291017E+03
0.127400E+01  0.292075E+03
0.127600E+01  0.293134E+03
0.127800E+01  0.294195E+03
0.128000E+01  0.295258E+03
0.128200E+01  0.296324E+03
0.128400E+01  0.297391E+03
0.128600E+01  0.298460E+03
0.128800E+01  0.299531E+03
0.129000E+01  0.300605E+03
0.129200E+01  0.301680E+03
0.129400E+01  0.302757E+03
0.129600E+01  0.303836E+03
0.129800E+01  0.304917E+03
0.130000E+01  0.306001E+03
0.130200E+01  0.307086E+03
0.130400E+01  0.308173E+03
0.130600E+01  0.309262E+03
0.130800E+01  0.310353E+03
0.131000E+01  0.311447E+03
0.131200E+01  0.312542E+03
0.131400E+01  0.313639E+03
0.131600E+01  0.314738E+03
0.131800E+01  0.315839E+03
0.132000E+01  0.316943E+03
0.132200E+01  0.318048E+03
0.132400E+01  0.319155E+03
0.132600E+01  0.320264E+03
0.132800E+01  0.321375E+03
0.133000E+01  0.322488E+03
0.133200E+01  0.323603E+03
0.133400E+01  0.324721E+03
0.133600E+01  0.325840E+03
0.133800E+01  0.326961E+03
0.134000E+01  0.328084E+03
0.134200E+01  0.329209E+03
0.134400E+01  0.330336E+03
0.134600E+01  0.331465E+03
0.134800E+01  0.332596E+03
0.135000E+01  0.333730E+03
0.135200E+01  0.334865E+03
0.135400E+01  0.336002E+03
0.135600E+01  0.337141E+03
0.135800E+01  0.338282E+03
0.136000E+01  0.339425E+03
0.136200E+01  0.340570E+03
0.136400E+01  0.341717E+03
0.136600E+01  0.342866E+03
0.136800E+01  0.344017E+03
0.137000E+01  0.345171E+03
0.137200E+01  0.346326E+03
0.137400E+01  0.347483E+03
0.137600E+01  0.348642E+03
0.137800E+01  0.349803E+03
0.138000E+01  0.350966E+03
0.138200E+01  0.352131E+03
0.138400E+01  0.353298E+03
0.138600E+01  0.354467E+03
0.138800E+01  0.355638E+03
0.139000E+01  0.356811E+03
0.139200E+01  0.357986E+03
0.139400E+01  0.359163E+03
0.139600E+01  0.360342E+03
0.139800E+01  0.361524E+03
0.140000E+01  0.362707E+03
0.140200E+01  0.363892E+03
0.140400E+01  0.365079E+03
0.140600E+01  0.366268E+03
0.140800E+01  0.367459E+03
0.141000E+01  0.368652E+03
0.141200E+01  0.369847E+03
0.141400E+01  0.371044E+03
0.141600E+01  0.372243E+03
0.141800E+01  0.373444E+03
0.142000E+01  0.374647E+03
0.142200E+01  0.375852E+03
0.142400E+01  0.377059E+03
0.142600E+01  0.378268E+03
0.142800E+01  0.379479E+03
0.143000E+01  0.380692E+03
0.143200E+01  0.381907E+03
0.143400E+01  0.383124E+03
0.143600E+01  0.384343E+03
0.143800E+01  0.385564E+03
0.144000E+01  0.386787E+03
0.144200E+01  0.388012E+03
0.144400E+01  0.389240E+03
0.144600E+01  0.390469E+03
0.144800E+01  0.391700E+03
0.145000E+01  0.392933E+03
0.145200E+01  0.394168E+03
0.145400E+01  0.395405E+03
0.145600E+01  0.396644E+03
0.145800E+01  0.397885E+03
0.146000E+01  0.399128E+03
0.146200E+01  0.400373E+03
0.146400E+01  0.401620E+03
0.146600E+01  0.402869E+03
0.146800E+01  0.404120E+03
0.147000E+01  0.405373E+03
0.147200E+01  0.406628E+03
0.147400E+01  0.407885E+03
0.147600E+01  0.409144E+03
0.147800E+01  0.410405E+03
0.148000E+01  0.411668E+03
0.148200E+01  0.412933E+03
0.148400E+01  0.414200E+03
0.148600E+01  0.415469E+03
0.148800E+01  0.416740E+03
0.149000E+01  0.418013E+03
0.149200E+01  0.419288E+03
0.149400E+01  0.420565E+03
0.149600E+01  0.421844E+03
0.149800E+01  0.423125E+03
0.150000E+01  0.424408E+03
0.150200E+01  0.425693E+03
0.150400E+01  0.426980E+03
0.150600E+01  0.428269E+03
0.150800E+01  0.429560E+03
0.151000E+01  0.430853E+03
0.151200E+01  0.432148E+03
0.151400E+01  0.433445E+03
0.151600E+01  0.434744E+03
0.151800E+01  0.436046E+03
0.152000E+01  0.437349E+03
0.152200E+01  0.438654E+03
0.152400E+01  0.439961E+03
0.152600E+01  0.441270E+03
0.152800E+01  0.442581E+03
0.153000E+01  0.443894E+03
0.153200E+01  0.445209E+03
0.153400E+01  0.446526E+03
0.153600E+01  0.447845E+03
0.153800E+01  0.449166E+03
0.154000E+01  0.450489E+03
0.154200E+01  0.451814E+03
0.154400E+01  0.453141E+03
0.154600E+01  0.454470E+03
0.154800E+01  0.455801E+03
0.155000E+01  0.457134E+03
0.155200E+01  0.458469E+03
0.155400E+01  0.459806E+03
0.155600E+01  0.461145E+03
0.155800E+01  0.462486E+03
0.156000E+01  0.463830E+03
0.156200E+01  0.465175E+03
0.156400E+01  0.466522E+03
0.156600E+01  0.467871E+03
0.156800E+01  0.469222E+03
0.157000E+01  0.470575E+03
0.157200E+01  0.471930E+03
0.157400E+01  0.473287E+03
0.157600E+01  0.474646E+03
0.157800E+01  0.476007E+03
0.158000E+01  0.477370E+03
0.158200E+01  0.478735E+03
0.158400E+01  0.480102E+03
0.158600E+01  0.481471E+03
0.158800E+01  0.482842E+03
0.159000E+01  0.484216E+03
0.159200E+01  0.485591E+03
0.159400E+01  0.486968E+03
0.159600E+01  0.488347E+03
0.159800E+01  0.489728E+03
0.160000E+01  0.491111E+03
0.160200E+01  0.492496E+03
0.160400E+01  0.493883E+03
0.160600E+01  0.495272E+03
0.160800E+01  0.496663E+03
0.161000E+01  0.498057E+03
0.161200E+01  0.499452E+03
0.161400E+01  0.500849E+03
0.161600E+01  0.502248E+03
0.161800E+01  0.503649E+03
0.162000E+01  0.505052E+03
0.162200E+01  0.506457E+03
0.162400E+01  0.507864E+03
0.162600E+01  0.509273E+03
0.162800E+01  0.510684E+03
0.163000E+01  0.512098E+03
0.163200E+01  0.513513E+03
0.163400E+01  0.514930E+03
0.163600E+01  0.516349E+03
0.163800E+01  0.517770E+03
0.164000E+01  0.519193E+03
0.164200E+01  0.520618E+03
0.164400E+01  0.522046E+03
0.164600E+01  0.523475E+03
0.164800E+01  0.524906E+03
0.165000E+01  0.526339E+03
0.165200E+01  0.527774E+03
0.165400E+01  0.529211E+03
0.165600E+01  0.530650E+03
0.165800E+01  0.532092E+03
0.166000E+01  0.533535E+03
0.166200E+01  0.534980E+03
0.166400E+01  0.536427E+03
0.166600E+01  0.537876E+03
0.166800E+01  0.539327E+03
0.167000E+01  0.540781E+03
0.167200E+01  0.542236E+03
0.167400E+01  0.543693E+03
0.167600E+01  0.545152E+03
0.167800E+01  0.546613E+03
0.168000E+01  0.548076E+03
0.168200E+01  0.549542E+03
0.168400E+01  0.551009E+03
0.168600E+01  0.552478E+03
0.168800E+01  0.553949E+03
0.169000E+01  0.555422E+03
0.169200E+01  0.556898E+03
0.169400E+01  0.558375E+03
0.169600E+01  0.559854E+03
0.169800E+01  0.561335E+03
0.170000E+01  0.562818E+03
0.170200E+01  0.564304E+03
0.170400E+01  0.565791E+03
0.170600E+01  0.567280E+03
0.170800E+01  0.568771E+03
0.171000E+01  0.570265E+03
0.171200E+01  0.571760E+03
0.171400E+01  0.573257E+03
0.171600E+01  0.574756E+03
0.171800E+01  0.576257E+03
0.172000E+01  0.577761E+03
0.172200E+01  0.579266E+03
0.172400E+01  0.580773E+03
0.172600E+01  0.582282E+03
0.172800E+01  0.583794E+03
0.173000E+01  0.585307E+03
0.173200E+01  0.586822E+03
0.173400E+01  0.588339E+03
0.173600E+01  0.589859E+03
0.173800E+01  0.591380E+03
0.174000E+01  0.592903E+03
0.174200E+01  0.594429E+03
0.174400E+01  0.595956E+03
0.174600E+01  0.597485E+03
0.174800E+01  0.599016E+03
0.175000E+01  0.600550E+03
0.175200E+01  0.602085E+03
0.175400E+01  0.603622E+03
0.175600E+01  0.605161E+03
0.175800E+01  0.606703E+03
0.176000E+01  0.608246E+03
0.176200E+01  0.609791E+03
0.176400E+01  0.611339E+03
0.176600E+01  0.612888E+03
0.176800E+01  0.614439E+03
0.177000E+01  0.615993E+03
0.177200E+01  0.617548E+03
0.177400E+01  0.619105E+03
0.177600E+01  0.620665E+03
0.177800E+01  0.622226E+03
0.178000E+01  0.623789E+03
0.178200E+01  0.625355E+03
0.178400E+01  0.626922E+03
0.178600E+01  0.628491E+03
0.178800E+01  0.630063E+03
0.179000E+01  0.631636E+03
0.179200E+01  0.633211E+03
0.179400E+01  0.634789E+03
0.179600E+01  0.636368E+03
0.179800E+01  0.637949E+03
0.180000E+01  0.639533E+03
0.180200E+01  0.641118E+03
0.180400E+01  0.642706E+03
0.180600E+01  0.644295E+03
0.180800E+01  0.645886E+03
0.181000E+01  0.647480E+03
0.181200E+01  0.649075E+03
0.181400E+01  0.650672E+03
0.181600E+01  0.652272E+03
0.181800E+01  0.653873E+03
0.182000E+01  0.655477E+03
0.182200E+01  0.657082E+03
0.182400E+01  0.658689E+03
0.182600E+01  0.660299E+03
0.182800E+01  0.661910E+03
0.183000E+01  0.663524E+03
0.183200E+01  0.665139E+03
0.183400E+01  0.666757E+03
0.183600E+01  0.668376E+03
0.183800E+01  0.669997E+03
0.184000E+01  0.671621E+03
0.184200E+01  0.673246E+03
0.184400E+01  0.674874E+03
0.184600E+01  0.676503E+03
0.184800E+01  0.678134E+03
0.185000E+01  0.679768E+03
0.185200E+01  0.681403E+03
0.185400E+01  0.683041E+03
0.185600E+01  0.684680E+03
0.185800E+01  0.686322E+03
0.186000E+01  0.687965E+03
0.186200E+01  0.689611E+03
0.186400E+01  0.691258E+03
0.186600E+01  0.692908E+03
0.186800E+01  0.694559E+03
0.187000E+01  0.696213E+03
0.187200E+01  0.697868E+03
0.187400E+01  0.699526E+03
0.187600E+01  0.701185E+03
0.187800E+01  0.702847E+03
0.188000E+01  0.704510E+03
0.188200E+01  0.706176E+03
0.188400E+01  0.707843E+03
0.188600E+01  0.709513E+03
0.188800E+01  0.711184E+03
0.189000E+01  0.712858E+03
0.189200E+01  0.714533E+03
0.189400E+01  0.716211E+03
0.189600E+01  0.717890E+03
0.189800E+01  0.719572E+03
0.190000E+01  0.721255E+03
0.190200E+01  0.722941E+03
0.190400E+01  0.724628E+03
0.190600E+01  0.726318E+03
0.190800E+01  0.728010E+03
0.191000E+01  0.729703E+03
0.191200E+01  0.731399E+03
0.191400E+01  0.733096E+03
0.191600E+01  0.734796E+03
0.191800E+01  0.736497E+03
0.192000E+01  0.738201E+03
0.192200E+01  0.739906E+03
0.192400E+01  0.741614E+03
0.192600E+01  0.743324E+03
0.192800E+01  0.745035E+03
0.193000E+01  0.746749E+03
0.193200E+01  0.748464E+03
0.193400E+01  0.750182E+03
0.193600E+01  0.751902E+03
0.193800E+01  0.753623E+03
0.194000E+01  0.755347E+03
0.194200E+01  0.757072E+03
0.194400E+01  0.758800E+03
0.194600E+01  0.760530E+03
0.194800E+01  0.762261E+03
0.195000E+01  0.763995E+03
0.195200E+01  0.765731E+03
0.195400E+01  0.767468E+03
0.195600E+01  0.769208E+03
0.195800E+01  0.770949E+03
0.196000E+01  0.772693E+03
0.196200E+01  0.774439E+03
0.196400E+01  0.776186E+03
0.196600E+01  0.777936E+03
0.196800E+01  0.779688E+03
0.197000E+01  0.781441E+03
0.197200E+01  0.783197E+03
0.197400E+01  0.784955E+03
0.197600E+01  0.786714E+03
0.197800E+01  0.788476E+03
0.198000E+01  0.790240E+03
0.198200E+01  0.792005E+03
0.198400E+01  0.793773E+03
0.198600E+01  0.795543E+03
0.198800E+01  0.797314E+03
0.199000E+01  0.799088E+03
0.199200E+01  0.800864E+03
0.199400E+01  0.802642E+03
0.199600E+01  0.804421E+03
0.199800E+01  0.806203E+03
0.200000E+01  0.807987E+03
