0.200000E-02  0.375002E-02
0.400000E-02  0.105148E-01
0.600000E-02  0.189380E-01
0.800000E-02  0.285056E-01
0.100000E-01  0.389195E-01
0.120000E-01  0.499825E-01
0.140000E-01  0.615540E-01
0.160000E-01  0.735300E-01
0.180000E-01  0.858313E-01
0.200000E-01  0.983969E-01
0.220000E-01  0.111179E+00
0.240000E-01  0.124140E+00
0.260000E-01  0.137251E+00
0.280000E-01  0.150491E+00
0.300000E-01  0.163842E+00
0.320000E-01  0.177292E+00
0.340000E-01  0.190832E+00
0.360000E-01  0.204459E+00
0.380000E-01  0.218169E+00
0.400000E-01  0.231963E+00
0.420000E-01  0.245843E+00
0.440000E-01  0.259814E+00
0.460000E-01  0.273882E+00
0.480000E-01  0.288053E+00
0.500000E-01  0.302337E+00
0.520000E-01  0.316744E+00
0.540000E-01  0.331284E+00
0.560000E-01  0.345968E+00
0.580000E-01  0.360811E+00
0.600000E-01  0.375824E+00
0.620000E-01  0.391022E+00
0.640000E-01  0.406420E+00
0.660000E-01  0.422033E+00
0.680000E-01  0.437875E+00
0.700000E-01  0.453965E+00
0.720000E-01  0.470317E+00
0.740000E-01  0.486949E+00
0.760000E-01  0.503879E+00
0.780000E-01  0.521123E+00
0.800000E-01  0.538699E+00
0.820000E-01  0.556626E+00
0.840000E-01  0.574922E+00
0.860000E-01  0.593605E+00
0.880000E-01  0.612694E+00
0.900000E-01  0.632208E+00
0.920000E-01  0.652166E+00
0.940000E-01  0.672586E+00
0.960000E-01  0.693489E+00
0.980000E-01  0.714893E+00
0.100000E+00  0.736819E+00
0.102000E+00  0.759284E+00
0.104000E+00  0.782310E+00
0.106000E+00  0.805916E+00
0.108000E+00  0.830121E+00
0.110000E+00  0.854945E+00
0.112000E+00  0.880409E+00
0.114000E+00  0.906531E+00
0.116000E+00  0.933332E+00
0.118000E+00  0.960832E+00
0.120000E+00  0.989050E+00
0.122000E+00  0.101801E+01
0.124000E+00  0.104772E+01
0.126000E+00  0.107821E+01
0.128000E+00  0.110951E+01
0.130000E+00  0.114162E+01
0.132000E+00  0.117456E+01
0.134000E+00  0.120837E+01
0.136000E+00  0.124305E+01
0.138000E+00  0.127863E+01
0.140000E+00  0.131512E+01
0.142000E+00  0.135256E+01
0.144000E+00  0.139095E+01
0.146000E+00  0.143031E+01
0.148000E+00  0.147067E+01
0.150000E+00  0.151205E+01
0.152000E+00  0.155446E+01
0.154000E+00  0.159792E+01
0.156000E+00  0.164246E+01
0.158000E+00  0.168809E+01
0.160000E+00  0.173483E+01
0.162000E+00  0.178271E+01
0.164000E+00  0.183173E+01
0.166000E+00  0.188193E+01
0.168000E+00  0.193331E+01
0.170000E+00  0.198590E+01
0.172000E+00  0.203972E+01
0.174000E+00  0.209478E+01
0.176000E+00  0.215111E+01
0.178000E+00  0.220872E+01
0.180000E+00  0.226764E+01
0.182000E+00  0.232787E+01
0.184000E+00  0.238944E+01
0.186000E+00  0.245237E+01
0.188000E+00  0.251668E+01
0.190000E+00  0.258238E+01
0.192000E+00  0.264949E+01
0.194000E+00  0.271804E+01
0.196000E+00  0.278803E+01
0.198000E+00  0.285949E+01
0.200000E+00  0.293243E+01
0.202000E+00  0.300688E+01
0.204000E+00  0.308285E+01
0.206000E+00  0.316036E+01
0.208000E+00  0.323943E+01
0.210000E+00  0.332006E+01
0.212000E+00  0.340229E+01
0.214000E+00  0.348614E+01
0.216000E+00  0.357160E+01
0.218000E+00  0.365871E+01
0.220000E+00  0.374748E+01
0.222000E+00  0.383793E+01
0.224000E+00  0.393008E+01
0.226000E+00  0.402394E+01
0.228000E+00  0.411953E+01
0.230000E+00  0.421686E+01
0.232000E+00  0.431596E+01
0.234000E+00  0.441684E+01
0.236000E+00  0.451952E+01
0.238000E+00  0.462401E+01
0.240000E+00  0.473033E+01
0.242000E+00  0.483850E+01
0.244000E+00  0.494853E+01
0.246000E+00  0.506044E+01
0.248000E+00  0.517424E+01
0.250000E+00  0.528996E+01
0.252000E+00  0.540761E+01
0.254000E+00  0.552720E+01
0.256000E+00  0.564875E+01
0.258000E+00  0.577228E+01
0.260000E+00  0.589779E+01
0.262000E+00  0.602532E+01
0.264000E+00  0.615487E+01
0.266000E+00  0.628646E+01
0.268000E+00  0.642010E+01
0.270000E+00  0.655582E+01
0.272000E+00  0.669361E+01
0.274000E+00  0.683351E+01
0.276000E+00  0.697553E+01
0.278000E+00  0.711968E+01
0.280000E+00  0.726597E+01
0.282000E+00  0.741443E+01
0.284000E+00  0.756506E+01
0.286000E+00  0.771788E+01
0.288000E+00  0.787291E+01
0.290000E+00  0.803017E+01
0.292000E+00  0.818965E+01
0.294000E+00  0.835139E+01
0.296000E+00  0.851539E+01
0.298000E+00  0.868167E+01
0.300000E+00  0.885025E+01
0.302000E+00  0.902114E+01
0.304000E+00  0.919435E+01
0.306000E+00  0.936989E+01
0.308000E+00  0.954779E+01
0.310000E+00  0.972805E+01
0.312000E+00  0.991069E+01
0.314000E+00  0.100957E+02
0.316000E+00  0.102832E+02
0.318000E+00  0.104730E+02
0.320000E+00  0.106653E+02
0.322000E+00  0.108601E+02
0.324000E+00  0.110573E+02
0.326000E+00  0.112570E+02
0.328000E+00  0.114591E+02
0.330000E+00  0.116638E+02
0.332000E+00  0.118710E+02
0.334000E+00  0.120808E+02
0.336000E+00  0.122930E+02
0.338000E+00  0.125078E+02
0.340000E+00  0.127252E+02
0.342000E+00  0.129452E+02
0.344000E+00  0.131678E+02
0.346000E+00  0.133930E+02
0.348000E+00  0.136208E+02
0.350000E+00  0.138512E+02
0.352000E+00  0.140843E+02
0.354000E+00  0.143200E+02
0.356000E+00  0.145585E+02
0.358000E+00  0.147996E+02
0.360000E+00  0.150434E+02
0.362000E+00  0.152899E+02
0.364000E+00  0.155391E+02
0.366000E+00  0.157911E+02
0.368000E+00  0.160458E+02
0.370000E+00  0.163033E+02
0.372000E+00  0.165635E+02
0.374000E+00  0.168266E+02
0.376000E+00  0.170924E+02
0.378000E+00  0.173611E+02
0.380000E+00  0.176325E+02
0.382000E+00  0.179068E+02
0.384000E+00  0.181840E+02
0.386000E+00  0.184640E+02
0.388000E+00  0.187468E+02
0.390000E+00  0.190326E+02
0.392000E+00  0.193212E+02
0.394000E+00  0.196127E+02
0.396000E+00  0.199072E+02
0.398000E+00  0.202046E+02
0.400000E+00  0.205049E+02
0.402000E+00  0.208082E+02
0.404000E+00  0.211144E+02
0.406000E+00  0.214236E+02
0.408000E+00  0.217358E+02
0.410000E+00  0.220509E+02
0.412000E+00  0.223691E+02
0.414000E+00  0.226903E+02
0.416000E+00  0.230145E+02
0.418000E+00  0.233418E+02
0.420000E+00  0.236721E+02
0.422000E+00  0.240055E+02
0.424000E+00  0.243419E+02
0.426000E+00  0.246815E+02
0.428000E+00  0.250241E+02
0.430000E+00  0.253698E+02
0.432000E+00  0.257186E+02
0.434000E+00  0.260706E+02
0.436000E+00  0.264257E+02
0.438000E+00  0.267839E+02
0.440000E+00  0.271453E+02
0.442000E+00  0.275099E+02
0.444000E+00  0.278777E+02
0.446000E+00  0.282486E+02
0.448000E+00  0.286227E+02
0.450000E+00  0.290000E+02
0.452000E+00  0.293806E+02
0.454000E+00  0.297644E+02
0.456000E+00  0.301514E+02
0.458000E+00  0.305417E+02
0.460000E+00  0.309352E+02
0.462000E+00  0.313320E+02
0.464000E+00  0.317321E+02
0.466000E+00  0.321354E+02
0.468000E+00  0.325421E+02
0.470000E+00  0.329520E+02
0.472000E+00  0.333653E+02
0.474000E+00  0.337819E+02
0.476000E+00  0.342019E+02
0.478000E+00  0.346252E+02
0.480000E+00  0.350518E+02
0.482000E+00  0.354818E+02
0.484000E+00  0.359152E+02
0.486000E+00  0.363520E+02
0.488000E+00  0.367922E+02
0.490000E+00  0.372357E+02
0.492000E+00  0.376827E+02
0.494000E+00  0.381331E+02
0.496000E+00  0.385869E+02
0.498000E+00  0.390442E+02
0.500000E+00  0.395049E+02
0.502000E+00  0.399691E+02
0.504000E+00  0.404367E+02
0.506000E+00  0.409079E+02
0.508000E+00  0.413825E+02
0.510000E+00  0.418606E+02
0.512000E+00  0.423422E+02
0.514000E+00  0.428273E+02
0.516000E+00  0.433159E+02
0.518000E+00  0.438081E+02
0.520000E+00  0.443038E+02
0.522000E+00  0.448030E+02
0.524000E+00  0.453058E+02
0.526000E+00  0.458122E+02
0.528000E+00  0.463221E+02
0.530000E+00  0.468357E+02
0.532000E+00  0.473528E+02
0.534000E+00  0.478735E+02
0.536000E+00  0.483978E+02
0.538000E+00  0.489257E+02
0.540000E+00  0.494573E+02
0.542000E+00  0.499925E+02
0.544000E+00  0.505313E+02
0.546000E+00  0.510737E+02
0.548000E+00  0.516199E+02
0.550000E+00  0.521697E+02
0.552000E+00  0.527231E+02
0.554000E+00  0.532803E+02
0.556000E+00  0.538411E+02
0.558000E+00  0.544056E+02
0.560000E+00  0.549739E+02
0.562000E+00  0.555458E+02
0.564000E+00  0.561215E+02
0.566000E+00  0.567009E+02
0.568000E+00  0.572840E+02
0.570000E+00  0.578709E+02
0.572000E+00  0.584615E+02
0.574000E+00  0.590559E+02
0.576000E+00  0.596541E+02
0.578000E+00  0.602560E+02
0.580000E+00  0.608617E+02
0.582000E+00  0.614712E+02
0.584000E+00  0.620845E+02
0.586000E+00  0.627016E+02
0.588000E+00  0.633225E+02
0.590000E+00  0.639473E+02
0.592000E+00  0.645758E+02
0.594000E+00  0.652083E+02
0.596000E+00  0.658445E+02
0.598000E+00  0.664846E+02
0.600000E+00  0.671286E+02
0.602000E+00  0.677764E+02
0.604000E+00  0.684281E+02
0.606000E+00  0.690836E+02
0.608000E+00  0.697431E+02
0.610000E+00  0.704065E+02
0.612000E+00  0.710737E+02
0.614000E+00  0.717449E+02
0.616000E+00  0.724200E+02
0.618000E+00  0.730990E+02
0.620000E+00  0.737819E+02
0.622000E+00  0.744688E+02
0.624000E+00  0.751596E+02
0.626000E+00  0.758543E+02
0.628000E+00  0.765530E+02
0.630000E+00  0.772557E+02
0.632000E+00  0.779624E+02
0.634000E+00  0.786730E+02
0.636000E+00  0.793876E+02
0.638000E+00  0.801062E+02
0.640000E+00  0.808288E+02
0.642000E+00  0.815554E+02
0.644000E+00  0.822860E+02
0.646000E+00  0.830207E+02
0.648000E+00  0.837593E+02
0.650000E+00  0.845020E+02
0.652000E+00  0.852487E+02
0.654000E+00  0.859995E+02
0.656000E+00  0.867544E+02
0.658000E+00  0.875132E+02
0.660000E+00  0.882762E+02
0.662000E+00  0.890432E+02
0.664000E+00  0.898143E+02
0.666000E+00  0.905895E+02
0.668000E+00  0.913687E+02
0.670000E+00  0.921521E+02
0.672000E+00  0.929396E+02
0.674000E+00  0.937311E+02
0.676000E+00  0.945268E+02
0.678000E+00  0.953266E+02
0.680000E+00  0.961306E+02
0.682000E+00  0.969386E+02
0.684000E+00  0.977508E+02
0.686000E+00  0.985672E+02
0.688000E+00  0.993877E+02
0.690000E+00  0.100212E+03
0.692000E+00  0.101041E+03
0.694000E+00  0.101874E+03
0.696000E+00  0.102711E+03
0.698000E+00  0.103553E+03
0.700000E+00  0.104398E+03
0.702000E+00  0.105248E+03
0.704000E+00  0.106102E+03
0.706000E+00  0.106960E+03
0.708000E+00  0.107822E+03
0.710000E+00  0.108689E+03
0.712000E+00  0.109560E+03
0.714000E+00  0.110435E+03
0.716000E+00  0.111314E+03
0.718000E+00  0.112198E+03
0.720000E+00  0.113085E+03
0.722000E+00  0.113977E+03
0.724000E+00  0.114873E+03
0.726000E+00  0.115774E+03
0.728000E+00  0.116679E+03
0.730000E+00  0.117588E+03
0.732000E+00  0.118501E+03
0.734000E+00  0.119419E+03
0.736000E+00  0.120341E+03
0.738000E+00  0.121267E+03
0.740000E+00  0.122197E+03
0.742000E+00  0.123132E+03
0.744000E+00  0.124071E+03
0.746000E+00  0.125015E+03
0.748000E+00  0.125963E+03
0.750000E+00  0.126915E+03
0.752000E+00  0.127871E+03
0.754000E+00  0.128832E+03
0.756000E+00  0.129797E+03
0.758000E+00  0.130766E+03
0.760000E+00  0.131740E+03
0.762000E+00  0.132718E+03
0.764000E+00  0.133701E+03
0.766000E+00  0.134688E+03
0.768000E+00  0.135679E+03
0.770000E+00  0.136675E+03
0.772000E+00  0.137675E+03
0.774000E+00  0.138679E+03
0.776000E+00  0.139688E+03
0.778000E+00  0.140702E+03
0.780000E+00  0.141719E+03
0.782000E+00  0.142741E+03
0.784000E+00  0.143768E+03
0.786000E+00  0.144799E+03
0.788000E+00  0.145834E+03
0.790000E+00  0.146874E+03
0.792000E+00  0.147918E+03
0.794000E+00  0.148967E+03
0.796000E+00  0.150020E+03
0.798000E+00  0.151077E+03
0.800000E+00  0.152139E+03
0.802000E+00  0.153206E+03
0.804000E+00  0.154277E+03
0.806000E+00  0.155352E+03
0.808000E+00  0.156432E+03
0.810000E+00  0.157516E+03
0.812000E+00  0.158605E+03
0.814000E+00  0.159698E+03
0.816000E+00  0.160796E+03
0.818000E+00  0.161899E+03
0.820000E+00  0.163006E+03
0.822000E+00  0.164117E+03
0.824000E+00  0.165233E+03
0.826000E+00  0.166353E+03
0.828000E+00  0.167478E+03
0.830000E+00  0.168607E+03
0.832000E+00  0.169741E+03
0.834000E+00  0.170880E+03
0.836000E+00  0.172023E+03
0.838000E+00  0.173170E+03
0.840000E+00  0.174323E+03
0.842000E+00  0.175479E+03
0.844000E+00  0.176641E+03
0.846000E+00  0.177806E+03
0.848000E+00  0.178977E+03
0.850000E+00  0.180152E+03
0.852000E+00  0.181331E+03
0.854000E+00  0.182515E+03
0.856000E+00  0.183704E+03
0.858000E+00  0.184897E+03
0.860000E+00  0.186095E+03
0.862000E+00  0.187298E+03
0.864000E+00  0.188505E+03
0.866000E+00  0.189716E+03
0.868000E+00  0.190933E+03
0.870000E+00  0.192154E+03
0.872000E+00  0.193379E+03
0.874000E+00  0.194609E+03
0.876000E+00  0.195844E+03
0.878000E+00  0.197084E+03
0.880000E+00  0.198328E+03
0.882000E+00  0.199576E+03
0.884000E+00  0.200830E+03
0.886000E+00  0.202088E+03
0.888000E+00  0.203350E+03
0.890000E+00  0.204618E+03
0.892000E+00  0.205890E+03
0.894000E+00  0.207166E+03
0.896000E+00  0.208447E+03
0.898000E+00  0.209733E+03
0.900000E+00  0.211024E+03
0.902000E+00  0.212319E+03
0.904000E+00  0.213619E+03
0.906000E+00  0.214924E+03
0.908000E+00  0.216234E+03
0.910000E+00  0.217548E+03
0.912000E+00  0.218866E+03
0.914000E+00  0.220190E+03
0.916000E+00  0.221518E+03
0.918000E+00  0.222851E+03
0.920000E+00  0.224189E+03
0.922000E+00  0.225531E+03
0.924000E+00  0.226878E+03
0.926000E+00  0.228230E+03
0.928000E+00  0.229587E+03
0.930000E+00  0.230948E+03
0.932000E+00  0.232314E+03
0.934000E+00  0.233685E+03
0.936000E+00  0.235060E+03
0.938000E+00  0.236441E+03
0.940000E+00  0.237826E+03
0.942000E+00  0.239215E+03
0.944000E+00  0.240610E+03
0.946000E+00  0.242009E+03
0.948000E+00  0.243413E+03
0.950000E+00  0.244822E+03
0.952000E+00  0.246236E+03
0.954000E+00  0.247654E+03
0.956000E+00  0.249077E+03
0.958000E+00  0.250505E+03
0.960000E+00  0.251938E+03
0.962000E+00  0.253376E+03
0.964000E+00  0.254818E+03
0.966000E+00  0.256265E+03
0.968000E+00  0.257717E+03
0.970000E+00  0.259174E+03
0.972000E+00  0.260636E+03
0.974000E+00  0.262102E+03
0.976000E+00  0.263573E+03
0.978000E+00  0.265050E+03
0.980000E+00  0.266530E+03
0.982000E+00  0.268016E+03
0.984000E+00  0.269507E+03
0.986000E+00  0.271002E+03
0.988000E+00  0.272502E+03
0.990000E+00  0.274007E+03
0.992000E+00  0.275517E+03
0.994000E+00  0.277032E+03
0.996000E+00  0.278552E+03
0.998000E+00  0.280076E+03
0.100000E+01  0.281606E+03
0.100200E+01  0.283140E+03
0.100400E+01  0.284679E+03
0.100600E+01  0.286223E+03
0.100800E+01  0.287772E+03
0.101000E+01  0.289325E+03
0.101200E+01  0.290884E+03
0.101400E+01  0.292448E+03
0.101600E+01  0.294016E+03
0.101800E+01  0.295589E+03
0.102000E+01  0.297167E+03
0.102200E+01  0.298750E+03
0.102400E+01  0.300338E+03
0.102600E+01  0.301931E+03
0.102800E+01  0.303529E+03
0.103000E+01  0.305132E+03
0.103200E+01  0.306739E+03
0.103400E+01  0.308352E+03
0.103600E+01  0.309969E+03
0.103800E+01  0.311592E+03
0.104000E+01  0.313219E+03
0.104200E+01  0.314851E+03
0.104400E+01  0.316488E+03
0.104600E+01  0.318130E+03
0.104800E+01  0.319777E+03
0.105000E+01  0.321429E+03
0.105200E+01  0.323086E+03
0.105400E+01  0.324748E+03
0.105600E+01  0.326415E+03
0.105800E+01  0.328086E+03
0.106000E+01  0.329763E+03
0.106200E+01  0.331445E+03
0.106400E+01  0.333131E+03
0.106600E+01  0.334823E+03
0.106800E+01  0.336520E+03
0.107000E+01  0.338221E+03
0.107200E+01  0.339928E+03
0.107400E+01  0.341639E+03
0.107600E+01  0.343356E+03
0.107800E+01  0.345077E+03
0.108000E+01  0.346803E+03
0.108200E+01  0.348535E+03
0.108400E+01  0.350271E+03
0.108600E+01  0.352013E+03
0.108800E+01  0.353759E+03
0.109000E+01  0.355510E+03
0.109200E+01  0.357267E+03
0.109400E+01  0.359028E+03
0.109600E+01  0.360795E+03
0.109800E+01  0.362566E+03
0.110000E+01  0.364343E+03
0.110200E+01  0.366124E+03
0.110400E+01  0.367911E+03
0.110600E+01  0.369702E+03
0.110800E+01  0.371499E+03
0.111000E+01  0.373300E+03
0.111200E+01  0.375107E+03
0.111400E+01  0.376918E+03
0.111600E+01  0.378735E+03
0.111800E+01  0.380557E+03
0.112000E+01  0.382383E+03
0.112200E+01  0.384215E+03
0.112400E+01  0.386052E+03
0.112600E+01  0.387894E+03
0.112800E+01  0.389741E+03
0.113000E+01  0.391593E+03
0.113200E+01  0.393450E+03
0.113400E+01  0.395312E+03
0.113600E+01  0.397179E+03
0.113800E+01  0.399051E+03
0.114000E+01  0.400929E+03
0.114200E+01  0.402811E+03
0.114400E+01  0.404699E+03
0.114600E+01  0.406591E+03
0.114800E+01  0.408489E+03
0.115000E+01  0.410391E+03
0.115200E+01  0.412299E+03
0.115400E+01  0.414212E+03
0.115600E+01  0.416130E+03
0.115800E+01  0.418053E+03
0.116000E+01  0.419981E+03
0.116200E+01  0.421914E+03
0.116400E+01  0.423853E+03
0.116600E+01  0.425796E+03
0.116800E+01  0.427745E+03
0.117000E+01  0.429698E+03
0.117200E+01  0.431657E+03
0.117400E+01  0.433621E+03
0.117600E+01  0.435590E+03
0.117800E+01  0.437564E+03
0.118000E+01  0.439543E+03
0.118200E+01  0.441528E+03
0.118400E+01  0.443517E+03
0.118600E+01  0.445512E+03
0.118800E+01  0.447512E+03
0.119000E+01  0.449516E+03
0.119200E+01  0.451526E+03
0.119400E+01  0.453542E+03
0.119600E+01  0.455562E+03
0.119800E+01  0.457587E+03
0.120000E+01  0.459618E+03
0.120200E+01  0.461653E+03
0.120400E+01  0.463694E+03
0.120600E+01  0.465740E+03
0.120800E+01  0.467792E+03
0.121000E+01  0.469848E+03
0.121200E+01  0.471909E+03
0.121400E+01  0.473976E+03
0.121600E+01  0.476048E+03
0.121800E+01  0.478125E+03
0.122000E+01  0.480207E+03
0.122200E+01  0.482294E+03
0.122400E+01  0.484387E+03
0.122600E+01  0.486484E+03
0.122800E+01  0.488587E+03
0.123000E+01  0.490695E+03
0.123200E+01  0.492808E+03
0.123400E+01  0.494927E+03
0.123600E+01  0.497050E+03
0.123800E+01  0.499179E+03
0.124000E+01  0.501313E+03
0.124200E+01  0.503452E+03
0.124400E+01  0.505596E+03
0.124600E+01  0.507746E+03
0.124800E+01  0.509900E+03
0.125000E+01  0.512060E+03
0.125200E+01  0.514225E+03
0.125400E+01  0.516396E+03
0.125600E+01  0.518571E+03
0.125800E+01  0.520752E+03
0.126000E+01  0.522938E+03
0.126200E+01  0.525129E+03
0.126400E+01  0.527325E+03
0.126600E+01  0.529527E+03
0.126800E+01  0.531734E+03
0.127000E+01  0.533946E+03
0.127200E+01  0.536163E+03
0.127400E+01  0.538385E+03
0.127600E+01  0.540613E+03
0.127800E+01  0.542846E+03
0.128000E+01  0.545084E+03
0.128200E+01  0.547328E+03
0.128400E+01  0.549576E+03
0.128600E+01  0.551830E+03
0.128800E+01  0.554089E+03
0.129000E+01  0.556354E+03
0.129200E+01  0.558623E+03
0.129400E+01  0.560898E+03
0.129600E+01  0.563178E+03
0.129800E+01  0.565464E+03
0.130000E+01  0.567754E+03
0.130200E+01  0.570050E+03
0.130400E+01  0.572351E+03
0.130600E+01  0.574658E+03
0.130800E+01  0.576969E+03
0.131000E+01  0.579286E+03
0.131200E+01  0.581608E+03
0.131400E+01  0.583936E+03
0.131600E+01  0.586268E+03
0.131800E+01  0.588606E+03
0.132000E+01  0.590950E+03
0.132200E+01  0.593298E+03
0.132400E+01  0.595652E+03
0.132600E+01  0.598011E+03
0.132800E+01  0.600375E+03
0.133000E+01  0.602745E+03
0.133200E+01  0.605120E+03
0.133400E+01  0.607500E+03
0.133600E+01  0.609886E+03
0.133800E+01  0.612276E+03
0.134000E+01  0.614672E+03
0.134200E+01  0.617074E+03
0.134400E+01  0.619481E+03
0.134600E+01  0.621893E+03
0.134800E+01  0.624310E+03
0.135000E+01  0.626732E+03
0.135200E+01  0.629160E+03
0.135400E+01  0.631593E+03
0.135600E+01  0.634032E+03
0.135800E+01  0.636476E+03
0.136000E+01  0.638925E+03
0.136200E+01  0.641379E+03
0.136400E+01  0.643839E+03
0.136600E+01  0.646304E+03
0.136800E+01  0.648774E+03
0.137000E+01  0.651250E+03
0.137200E+01  0.653731E+03
0.137400E+01  0.656217E+03
0.137600E+01  0.658709E+03
0.137800E+01  0.661206E+03
0.138000E+01  0.663709E+03
0.138200E+01  0.666216E+03
0.138400E+01  0.668729E+03
0.138600E+01  0.671247E+03
0.138800E+01  0.673771E+03
0.139000E+01  0.676300E+03
0.139200E+01  0.678834E+03
0.139400E+01  0.681374E+03
0.139600E+01  0.683919E+03
0.139800E+01  0.686469E+03
0.140000E+01  0.689025E+03
0.140200E+01  0.691586E+03
0.140400E+01  0.694153E+03
0.140600E+01  0.696724E+03
0.140800E+01  0.699302E+03
0.141000E+01  0.701884E+03
0.141200E+01  0.704472E+03
0.141400E+01  0.707065E+03
0.141600E+01  0.709663E+03
0.141800E+01  0.712267E+03
0.142000E+01  0.714877E+03
0.142200E+01  0.717491E+03
0.142400E+01  0.720111E+03
0.142600E+01  0.722737E+03
0.142800E+01  0.725367E+03
0.143000E+01  0.728003E+03
0.143200E+01  0.730645E+03
0.143400E+01  0.733292E+03
0.143600E+01  0.735944E+03
0.143800E+01  0.738602E+03
0.144000E+01  0.741265E+03
0.144200E+01  0.743933E+03
0.144400E+01  0.746607E+03
0.144600E+01  0.749286E+03
0.144800E+01  0.751970E+03
0.145000E+01  0.754660E+03
0.145200E+01  0.757356E+03
0.145400E+01  0.760056E+03
0.145600E+01  0.762762E+03
0.145800E+01  0.765474E+03
0.146000E+01  0.768191E+03
0.146200E+01  0.770913E+03
0.146400E+01  0.773641E+03
0.146600E+01  0.776374E+03
0.146800E+01  0.779112E+03
0.147000E+01  0.781856E+03
0.147200E+01  0.784606E+03
0.147400E+01  0.787360E+03
0.147600E+01  0.790120E+03
0.147800E+01  0.792886E+03
0.148000E+01  0.795657E+03
0.148200E+01  0.798433E+03
0.148400E+01  0.801215E+03
0.148600E+01  0.804002E+03
0.148800E+01  0.806795E+03
0.149000E+01  0.809593E+03
0.149200E+01  0.812396E+03
0.149400E+01  0.815205E+03
0.149600E+01  0.818019E+03
0.149800E+01  0.820839E+03
0.150000E+01  0.823664E+03
0.150200E+01  0.826495E+03
0.150400E+01  0.829330E+03
0.150600E+01  0.832172E+03
0.150800E+01  0.835019E+03
0.151000E+01  0.837871E+03
0.151200E+01  0.840729E+03
0.151400E+01  0.843592E+03
0.151600E+01  0.846460E+03
0.151800E+01  0.849335E+03
0.152000E+01  0.852214E+03
0.152200E+01  0.855099E+03
0.152400E+01  0.857989E+03
0.152600E+01  0.860885E+03
0.152800E+01  0.863786E+03
0.153000E+01  0.866693E+03
0.153200E+01  0.869605E+03
0.153400E+01  0.872523E+03
0.153600E+01  0.875446E+03
0.153800E+01  0.878374E+03
0.154000E+01  0.881308E+03
0.154200E+01  0.884248E+03
0.154400E+01  0.887192E+03
0.154600E+01  0.890143E+03
0.154800E+01  0.893099E+03
0.155000E+01  0.896060E+03
0.155200E+01  0.899027E+03
0.155400E+01  0.901999E+03
0.155600E+01  0.904977E+03
0.155800E+01  0.907960E+03
0.156000E+01  0.910948E+03
0.156200E+01  0.913942E+03
0.156400E+01  0.916942E+03
0.156600E+01  0.919947E+03
0.156800E+01  0.922957E+03
0.157000E+01  0.925973E+03
0.157200E+01  0.928995E+03
0.157400E+01  0.932022E+03
0.157600E+01  0.935054E+03
0.157800E+01  0.938092E+03
0.158000E+01  0.941135E+03
0.158200E+01  0.944184E+03
0.158400E+01  0.947239E+03
0.158600E+01  0.950298E+03
0.158800E+01  0.953364E+03
0.159000E+01  0.956434E+03
0.159200E+01  0.959511E+03
0.159400E+01  0.962592E+03
0.159600E+01  0.965680E+03
0.159800E+01  0.968772E+03
0.160000E+01  0.971871E+03
0.160200E+01  0.974975E+03
0.160400E+01  0.978084E+03
0.160600E+01  0.981198E+03
0.160800E+01  0.984319E+03
0.161000E+01  0.987445E+03
0.161200E+01  0.990576E+03
0.161400E+01  0.993713E+03
0.161600E+01  0.996855E+03
0.161800E+01  0.100000E+04
0.162000E+01  0.100316E+04
0.162200E+01  0.100631E+04
0.162400E+01  0.100948E+04
0.162600E+01  0.101265E+04
0.162800E+01  0.101582E+04
0.163000E+01  0.101901E+04
0.163200E+01  0.102219E+04
0.163400E+01  0.102538E+04
0.163600E+01  0.102858E+04
0.163800E+01  0.103178E+04
0.164000E+01  0.103499E+04
0.164200E+01  0.103821E+04
0.164400E+01  0.104143E+04
0.164600E+01  0.104465E+04
0.164800E+01  0.104788E+04
0.165000E+01  0.105112E+04
0.165200E+01  0.105436E+04
0.165400E+01  0.105761E+04
0.165600E+01  0.106086E+04
0.165800E+01  0.106412E+04
0.166000E+01  0.106738E+04
0.166200E+01  0.107065E+04
0.166400E+01  0.107392E+04
0.166600E+01  0.107720E+04
0.166800E+01  0.108049E+04
0.167000E+01  0.108378E+04
0.167200E+01  0.108708E+04
0.167400E+01  0.109038E+04
0.167600E+01  0.109369E+04
0.167800E+01  0.109700E+04
0.168000E+01  0.110032E+04
0.168200E+01  0.110365E+04
0.168400E+01  0.110698E+04
0.168600E+01  0.111031E+04
0.168800E+01  0.111365E+04
0.169000E+01  0.111700E+04
0.169200E+01  0.112035E+04
0.169400E+01  0.112371E+04
0.169600E+01  0.112707E+04
0.169800E+01  0.113044E+04
0.170000E+01  0.113382E+04
0.170200E+01  0.113720E+04
0.170400E+01  0.114058E+04
0.170600E+01  0.114398E+04
0.170800E+01  0.114737E+04
0.171000E+01  0.115077E+04
0.171200E+01  0.115418E+04
0.171400E+01  0.115760E+04
0.171600E+01  0.116102E+04
0.171800E+01  0.116444E+04
0.172000E+01  0.116787E+04
0.172200E+01  0.117131E+04
0.172400E+01  0.117475E+04
0.172600E+01  0.117819E+04
0.172800E+01  0.118165E+04
0.173000E+01  0.118510E+04
0.173200E+01  0.118857E+04
0.173400E+01  0.119204E+04
0.173600E+01  0.119551E+04
0.173800E+01  0.119899E+04
0.174000E+01  0.120248E+04
0.174200E+01  0.120597E+04
0.174400E+01  0.120947E+04
0.174600E+01  0.121297E+04
0.174800E+01  0.121648E+04
0.175000E+01  0.121999E+04
0.175200E+01  0.122351E+04
0.175400E+01  0.122704E+04
0.175600E+01  0.123057E+04
0.175800E+01  0.123410E+04
0.176000E+01  0.123765E+04
0.176200E+01  0.124119E+04
0.176400E+01  0.124475E+04
0.176600E+01  0.124830E+04
0.176800E+01  0.125187E+04
0.177000E+01  0.125544E+04
0.177200E+01  0.125901E+04
0.177400E+01  0.126259E+04
0.177600E+01  0.126618E+04
0.177800E+01  0.126977E+04
0.178000E+01  0.127337E+04
0.178200E+01  0.127697E+04
0.178400E+01  0.128058E+04
0.178600E+01  0.128420E+04
0.178800E+01  0.128782E+04
0.179000E+01  0.129144E+04
0.179200E+01  0.129507E+04
0.179400E+01  0.129871E+04
0.179600E+01  0.130235E+04
0.179800E+01  0.130600E+04
0.180000E+01  0.130966E+04
0.180200E+01  0.131332E+04
0.180400E+01  0.131698E+04
0.180600E+01  0.132065E+04
0.180800E+01  0.132433E+04
0.181000E+01  0.132801E+04
0.181200E+01  0.133170E+04
0.181400E+01  0.133539E+04
0.181600E+01  0.133909E+04
0.181800E+01  0.134279E+04
0.182000E+01  0.134650E+04
0.182200E+01  0.135022E+04
0.182400E+01  0.135394E+04
0.182600E+01  0.135767E+04
0.182800E+01  0.136140E+04
0.183000E+01  0.136514E+04
0.183200E+01  0.136888E+04
0.183400E+01  0.137263E+04
0.183600E+01  0.137638E+04
0.183800E+01  0.138014E+04
0.184000E+01  0.138391E+04
0.184200E+01  0.138768E+04
0.184400E+01  0.139146E+04
0.184600E+01  0.139524E+04
0.184800E+01  0.139903E+04
0.185000E+01  0.140283E+04
0.185200E+01  0.140663E+04
0.185400E+01  0.141043E+04
0.185600E+01  0.141424E+04
0.185800E+01  0.141806E+04
0.186000E+01  0.142188E+04
0.186200E+01  0.142571E+04
0.186400E+01  0.142954E+04
0.186600E+01  0.143338E+04
0.186800E+01  0.143723E+04
0.187000E+01  0.144108E+04
0.187200E+01  0.144493E+04
0.187400E+01  0.144880E+04
0.187600E+01  0.145266E+04
0.187800E+01  0.145654E+04
0.188000E+01  0.146042E+04
0.188200E+01  0.146430E+04
0.188400E+01  0.146819E+04
0.188600E+01  0.147209E+04
0.188800E+01  0.147599E+04
0.189000E+01  0.147989E+04
0.189200E+01  0.148381E+04
0.189400E+01  0.148773E+04
0.189600E+01  0.149165E+04
0.189800E+01  0.149558E+04
0.190000E+01  0.149951E+04
0.190200E+01  0.150346E+04
0.190400E+01  0.150740E+04
0.190600E+01  0.151135E+04
0.190800E+01  0.151531E+04
0.191000E+01  0.151928E+04
0.191200E+01  0.152325E+04
0.191400E+01  0.152722E+04
0.191600E+01  0.153120E+04
0.191800E+01  0.153519E+04
0.192000E+01  0.153918E+04
0.192200E+01  0.154318E+04
0.192400E+01  0.154718E+04
0.192600E+01  0.155119E+04
0.192800E+01  0.155520E+04
0.193000E+01  0.155922E+04
0.193200E+01  0.156325E+04
0.193400E+01  0.156728E+04
0.193600E+01  0.157132E+04
0.193800E+01  0.157536E+04
0.194000E+01  0.157941E+04
0.194200E+01  0.158346E+04
0.194400E+01  0.158752E+04
0.194600E+01  0.159159E+04
0.194800E+01  0.159566E+04
0.195000E+01  0.159974E+04
0.195200E+01  0.160382E+04
0.195400E+01  0.160791E+04
0.195600E+01  0.161200E+04
0.195800E+01  0.161610E+04
0.196000E+01  0.162021E+04
0.196200E+01  0.162432E+04
0.196400E+01  0.162844E+04
0.196600E+01  0.163256E+04
0.196800E+01  0.163669E+04
0.197000E+01  0.164082E+04
0.197200E+01  0.164496E+04
0.197400E+01  0.164910E+04
0.197600E+01  0.165326E+04
0.197800E+01  0.165741E+04
0.198000E+01  0.166157E+04
0.198200E+01  0.166574E+04
0.198400E+01  0.166992E+04
0.198600E+01  0.167409E+04
0.198800E+01  0.167828E+04
0.199000E+01  0.168247E+04
0.199200E+01  0.168667E+04
0.199400E+01  0.169087E+04
0.199600E+01  0.169508E+04
0.199800E+01  0.169929E+04
0.200000E+01  0.170351E+04
