  0.100000E+01  0.000000E+00  0.000000E+00
  0.100000E+01  0.302645E+01  0.141701E+01
  0.100000E+01  0.304747E+01 -0.435725E-01
  0.100000E+01  0.306848E+01 -0.457881E+00
  0.100000E+01  0.308950E+01 -0.494019E+00
  0.100000E+01  0.311052E+01 -0.675338E-01
  0.100000E+01  0.313154E+01 -0.506046E+00
  0.100000E+01  0.315255E+01 -0.313186E+00
  0.100000E+01  0.317357E+01 -0.292166E+00
  0.100000E+01  0.319459E+01 -0.206607E+00
  0.100000E+01  0.321560E+01 -0.473279E+00
  0.100000E+01  0.323662E+01  0.585662E-01
  0.100000E+01  0.325764E+01 -0.208096E+00
  0.100000E+01  0.327865E+01 -0.358936E+00
  0.100000E+01  0.329967E+01  0.121616E+00
  0.100000E+01  0.332069E+01  0.142636E+00
  0.100000E+01  0.334171E+01  0.126227E+01
  0.100000E+01  0.336272E+01  0.271678E+00
  0.100000E+01  0.340476E+01  0.632171E+00
  0.100000E+01  0.344679E+01  0.961884E+00
  0.100000E+01  0.348882E+01  0.279568E+01
  0.100000E+01  0.559050E+01  0.398106E+01
  0.100000E+01  0.561150E+01  0.200058E+01
  0.100000E+01  0.563260E+01  0.132853E+01
  0.100000E+01  0.565360E+01  0.355283E+00
  0.100000E+01  0.567460E+01  0.223562E+00
  0.100000E+01  0.569560E+01  0.150423E+00
  0.100000E+01  0.571660E+01 -0.212989E+00
  0.100000E+01  0.573760E+01 -0.816333E+00
  0.100000E+01  0.575870E+01 -0.291033E+00
  0.100000E+01  0.577970E+01 -0.908655E+00
  0.100000E+01  0.580070E+01 -0.967793E+00
  0.100000E+01  0.582170E+01 -0.953666E+00
  0.100000E+01  0.584270E+01 -0.131192E+01
  0.100000E+01  0.586370E+01 -0.104605E+01
  0.100000E+01  0.588480E+01 -0.140958E+01
  0.100000E+01  0.590580E+01 -0.145048E+01
  0.100000E+01  0.592680E+01 -0.142243E+01
  0.100000E+01  0.594780E+01 -0.143121E+01
  0.100000E+01  0.596880E+01 -0.141395E+01
  0.100000E+01  0.598980E+01 -0.141630E+01
  0.100000E+01  0.601090E+01 -0.143452E+01
  0.100000E+01  0.603190E+01 -0.129457E+01
  0.100000E+01  0.605290E+01 -0.147972E+01
  0.100000E+01  0.607390E+01 -0.111300E+01
  0.100000E+01  0.609490E+01 -0.119744E+01
  0.100000E+01  0.611600E+01 -0.123516E+01
  0.100000E+01  0.613700E+01 -0.903536E+00
  0.100000E+01  0.615800E+01 -0.109759E+01
  0.100000E+01  0.617900E+01 -0.710591E+00
  0.100000E+01  0.620000E+01 -0.878342E+00
  0.100000E+01  0.622100E+01 -0.443409E+00
  0.100000E+01  0.624210E+01 -0.237945E+00
  0.100000E+01  0.626310E+01 -0.258993E+00
  0.100000E+01  0.628410E+01  0.248619E+00
  0.100000E+01  0.630510E+01  0.191019E-01
  0.100000E+01  0.632610E+01  0.494565E-01
  0.100000E+01  0.634710E+01  0.100956E+01
  0.100000E+01  0.636820E+01  0.879262E+00
  0.100000E+01  0.638920E+01  0.109088E+01
  0.100000E+01  0.641020E+01  0.231586E+01
  0.100000E+01  0.643120E+01  0.146139E+01
  0.100000E+01  0.645220E+01  0.229332E+01
  0.100000E+01  0.647320E+01  0.209117E+01
  0.100000E+01  0.649430E+01  0.233542E+01
  0.100000E+01  0.651530E+01  0.582215E+01
  0.100000E+01  0.653630E+01  0.370309E+01
  0.100000E+01  0.655730E+01  0.447786E+01
  0.100000E+01  0.659930E+01  0.451986E+01
  0.100000E+01  0.662040E+01  0.592725E+01
  0.100000E+01  0.756610E+01  0.756610E+01
  0.100000E+01  0.758710E+01  0.620081E+01
  0.100000E+01  0.760820E+01  0.552876E+01
  0.100000E+01  0.762920E+01  0.506425E+01
  0.100000E+01  0.765020E+01  0.447215E+01
  0.100000E+01  0.767120E+01  0.375918E+01
  0.100000E+01  0.769220E+01  0.353332E+01
  0.100000E+01  0.771320E+01  0.265695E+01
  0.100000E+01  0.773430E+01  0.237771E+01
  0.100000E+01  0.775530E+01  0.311091E+01
  0.100000E+01  0.777630E+01  0.171251E+01
  0.100000E+01  0.779730E+01  0.232503E+01
  0.100000E+01  0.781830E+01  0.104981E+01
  0.100000E+01  0.783930E+01  0.398566E+00
  0.100000E+01  0.786040E+01  0.699554E+00
  0.100000E+01  0.788140E+01  0.283001E+00
  0.100000E+01  0.790240E+01 -0.113918E+00
  0.100000E+01  0.792340E+01  0.130226E+00
  0.100000E+01  0.794440E+01  0.274875E-02
  0.100000E+01  0.796540E+01 -0.424414E+00
  0.100000E+01  0.798650E+01 -0.552455E+00
  0.100000E+01  0.800750E+01 -0.613693E+00
  0.100000E+01  0.802850E+01 -0.104968E+01
  0.100000E+01  0.804950E+01 -0.101141E+01
  0.100000E+01  0.807050E+01 -0.104432E+01
  0.100000E+01  0.809160E+01 -0.136310E+01
  0.100000E+01  0.811260E+01 -0.132200E+01
  0.100000E+01  0.813360E+01 -0.139403E+01
  0.100000E+01  0.815460E+01 -0.151430E+01
  0.100000E+01  0.817560E+01 -0.148211E+01
  0.100000E+01  0.819660E+01 -0.166867E+01
  0.100000E+01  0.821770E+01 -0.177252E+01
  0.100000E+01  0.823870E+01 -0.163998E+01
  0.100000E+01  0.825970E+01 -0.180633E+01
  0.100000E+01  0.828070E+01 -0.185695E+01
  0.100000E+01  0.830170E+01 -0.181996E+01
  0.100000E+01  0.832270E+01 -0.191196E+01
  0.100000E+01  0.834380E+01 -0.190752E+01
  0.100000E+01  0.836480E+01 -0.185167E+01
  0.100000E+01  0.838580E+01 -0.191007E+01
  0.100000E+01  0.840680E+01 -0.191355E+01
  0.100000E+01  0.842780E+01 -0.184698E+01
  0.100000E+01  0.844880E+01 -0.191458E+01
  0.100000E+01  0.846990E+01 -0.179691E+01
  0.100000E+01  0.849090E+01 -0.177626E+01
  0.100000E+01  0.851190E+01 -0.176584E+01
  0.100000E+01  0.853290E+01 -0.162465E+01
  0.100000E+01  0.855390E+01 -0.165847E+01
  0.100000E+01  0.857490E+01 -0.158152E+01
  0.100000E+01  0.859600E+01 -0.144821E+01
  0.100000E+01  0.861700E+01 -0.139874E+01
  0.100000E+01  0.863800E+01 -0.145454E+01
  0.100000E+01  0.865900E+01 -0.120865E+01
  0.100000E+01  0.868000E+01 -0.106894E+01
  0.100000E+01  0.870100E+01 -0.110079E+01
  0.100000E+01  0.872210E+01 -0.879607E+00
  0.100000E+01  0.874310E+01 -0.801711E+00
  0.100000E+01  0.876410E+01 -0.690754E+00
  0.100000E+01  0.878510E+01 -0.520641E+00
  0.100000E+01  0.880610E+01 -0.468529E+00
  0.100000E+01  0.882710E+01 -0.160097E+00
  0.100000E+01  0.884820E+01  0.341668E-01
  0.100000E+01  0.886920E+01  0.926853E-02
  0.100000E+01  0.889020E+01  0.237078E+00
  0.100000E+01  0.891120E+01  0.338005E+00
  0.100000E+01  0.893220E+01  0.105518E+01
  0.100000E+01  0.895320E+01  0.835888E+00
  0.100000E+01  0.897430E+01  0.975965E+00
  0.100000E+01  0.899530E+01  0.120130E+01
  0.100000E+01  0.901630E+01  0.163355E+01
  0.100000E+01  0.903730E+01  0.184889E+01
  0.100000E+01  0.905830E+01  0.200731E+01
  0.100000E+01  0.907940E+01  0.205120E+01
  0.100000E+01  0.910040E+01  0.283130E+01
  0.100000E+01  0.912140E+01  0.366181E+01
  0.100000E+01  0.914240E+01  0.267626E+01
  0.100000E+01  0.916340E+01  0.366623E+01
  0.100000E+01  0.918440E+01  0.352841E+01
  0.100000E+01  0.920550E+01  0.362955E+01
  0.100000E+01  0.922650E+01  0.352606E+01
  0.100000E+01  0.924750E+01  0.343636E+01
  0.100000E+01  0.926850E+01  0.334692E+01
  0.100000E+01  0.928950E+01  0.301662E+01
  0.100000E+01  0.931050E+01  0.277962E+01
  0.100000E+01  0.933160E+01  0.263087E+01
  0.100000E+01  0.935260E+01  0.244085E+01
  0.100000E+01  0.937360E+01  0.209221E+01
  0.100000E+01  0.939460E+01  0.196567E+01
  0.100000E+01  0.941560E+01  0.230409E+01
  0.100000E+01  0.943660E+01  0.186616E+01
  0.100000E+01  0.945770E+01  0.177614E+01
  0.100000E+01  0.947870E+01  0.168966E+01
  0.100000E+01  0.949970E+01  0.159426E+01
  0.100000E+01  0.952070E+01  0.139507E+01
  0.100000E+01  0.954170E+01  0.999229E+00
  0.100000E+01  0.956270E+01  0.141137E+01
  0.100000E+01  0.958380E+01  0.119353E+01
  0.100000E+01  0.960480E+01  0.613362E+00
  0.100000E+01  0.962580E+01  0.820275E+00
  0.100000E+01  0.964680E+01  0.869399E+00
  0.100000E+01  0.966780E+01  0.435600E+00
  0.100000E+01  0.968880E+01  0.180728E+00
  0.100000E+01  0.970990E+01 -0.544911E-02
  0.100000E+01  0.973090E+01 -0.787163E-01
  0.100000E+01  0.975190E+01 -0.244714E+00
  0.100000E+01  0.977290E+01 -0.327305E+00
  0.100000E+01  0.979390E+01 -0.483218E+00
  0.100000E+01  0.981490E+01 -0.689647E+00
  0.100000E+01  0.983600E+01 -0.651517E+00
  0.100000E+01  0.985700E+01 -0.544471E+00
  0.100000E+01  0.987800E+01 -0.926624E+00
  0.100000E+01  0.989900E+01 -0.100424E+01
  0.100000E+01  0.992000E+01 -0.898437E+00
  0.100000E+01  0.994100E+01 -0.106695E+01
  0.100000E+01  0.996210E+01 -0.135650E+01
  0.100000E+01  0.998310E+01 -0.120001E+01
  0.100000E+01  0.100041E+02 -0.125169E+01
  0.100000E+01  0.100251E+02 -0.141014E+01
  0.100000E+01  0.100461E+02 -0.151571E+01
  0.100000E+01  0.100672E+02 -0.145904E+01
  0.100000E+01  0.100882E+02 -0.151136E+01
  0.100000E+01  0.101092E+02 -0.167482E+01
  0.100000E+01  0.101302E+02 -0.168962E+01
  0.100000E+01  0.101512E+02 -0.163305E+01
  0.100000E+01  0.101722E+02 -0.178829E+01
  0.100000E+01  0.101933E+02 -0.188306E+01
  0.100000E+01  0.102143E+02 -0.182808E+01
  0.100000E+01  0.102353E+02 -0.180890E+01
  0.100000E+01  0.102563E+02 -0.197729E+01
  0.100000E+01  0.102773E+02 -0.192361E+01
  0.100000E+01  0.102983E+02 -0.189893E+01
  0.100000E+01  0.103194E+02 -0.194796E+01
  0.100000E+01  0.103404E+02 -0.204470E+01
  0.100000E+01  0.103614E+02 -0.187883E+01
  0.100000E+01  0.103824E+02 -0.191580E+01
  0.100000E+01  0.104034E+02 -0.206288E+01
  0.100000E+01  0.104244E+02 -0.190795E+01
  0.100000E+01  0.104455E+02 -0.191864E+01
  0.100000E+01  0.104665E+02 -0.199177E+01
  0.100000E+01  0.104875E+02 -0.194901E+01
  0.100000E+01  0.105085E+02 -0.186677E+01
  0.100000E+01  0.105295E+02 -0.188037E+01
  0.100000E+01  0.105505E+02 -0.182510E+01
  0.100000E+01  0.105716E+02 -0.179289E+01
  0.100000E+01  0.105926E+02 -0.175436E+01
  0.100000E+01  0.106136E+02 -0.173688E+01
  0.100000E+01  0.106346E+02 -0.172432E+01
  0.100000E+01  0.106556E+02 -0.163412E+01
  0.100000E+01  0.106766E+02 -0.155431E+01
  0.100000E+01  0.106977E+02 -0.150371E+01
  0.100000E+01  0.107187E+02 -0.149896E+01
  0.100000E+01  0.107397E+02 -0.135192E+01
  0.100000E+01  0.107607E+02 -0.137022E+01
  0.100000E+01  0.107817E+02 -0.126626E+01
  0.100000E+01  0.108027E+02 -0.123389E+01
  0.100000E+01  0.108238E+02 -0.116013E+01
  0.100000E+01  0.108448E+02 -0.101427E+01
  0.100000E+01  0.108658E+02 -0.971236E+00
  0.100000E+01  0.108868E+02 -0.942395E+00
  0.100000E+01  0.109078E+02 -0.863095E+00
  0.100000E+01  0.109288E+02 -0.808388E+00
  0.100000E+01  0.109499E+02 -0.546469E+00
  0.100000E+01  0.109709E+02 -0.591672E+00
  0.100000E+01  0.109919E+02 -0.833059E+00
  0.100000E+01  0.110129E+02 -0.597696E+00
  0.100000E+01  0.110339E+02 -0.935100E-01
  0.100000E+01  0.110550E+02 -0.299047E+00
  0.100000E+01  0.110760E+02 -0.815362E+00
  0.100000E+01  0.110970E+02 -0.475608E+00
  0.100000E+01  0.111180E+02  0.208034E+00
  0.100000E+01  0.111390E+02 -0.239140E-01
  0.100000E+01  0.111600E+02 -0.825301E+00
  0.100000E+01  0.111811E+02 -0.520792E+00
  0.100000E+01  0.112021E+02  0.558916E+00
  0.100000E+01  0.112231E+02  0.771307E-01
  0.100000E+01  0.112441E+02 -0.802742E+00
  0.100000E+01  0.112651E+02 -0.628178E+00
  0.100000E+01  0.112861E+02  0.701892E+00
  0.100000E+01  0.113072E+02 -0.808310E-01
  0.100000E+01  0.113282E+02 -0.796879E+00
  0.100000E+01  0.113492E+02 -0.779019E+00
  0.100000E+01  0.113702E+02  0.124684E+00
  0.100000E+01  0.113912E+02 -0.198594E+00
  0.100000E+01  0.114122E+02 -0.755184E+00
  0.100000E+01  0.114333E+02 -0.891178E+00
  0.100000E+01  0.114543E+02 -0.376861E+00
  0.100000E+01  0.114753E+02 -0.462501E+00
  0.100000E+01  0.114963E+02 -0.959130E+00
  0.100000E+01  0.115173E+02 -0.109654E+01
  0.100000E+01  0.115383E+02 -0.753629E+00
  0.100000E+01  0.115594E+02 -0.890560E+00
  0.100000E+01  0.115804E+02 -0.114101E+01
  0.100000E+01  0.116014E+02 -0.129009E+01
  0.100000E+01  0.116224E+02 -0.101863E+01
  0.100000E+01  0.116434E+02 -0.115986E+01
  0.100000E+01  0.116644E+02 -0.138821E+01
  0.100000E+01  0.116855E+02 -0.137567E+01
  0.100000E+01  0.117065E+02 -0.125421E+01
  0.100000E+01  0.117275E+02 -0.143177E+01
  0.100000E+01  0.117485E+02 -0.147792E+01
  0.100000E+01  0.117695E+02 -0.147807E+01
  0.100000E+01  0.117905E+02 -0.134904E+01
  0.100000E+01  0.118116E+02 -0.152531E+01
  0.100000E+01  0.118326E+02 -0.155442E+01
  0.100000E+01  0.118536E+02 -0.150644E+01
  0.100000E+01  0.118746E+02 -0.147453E+01
  0.100000E+01  0.118956E+02 -0.157594E+01
  0.100000E+01  0.119166E+02 -0.152984E+01
  0.100000E+01  0.119377E+02 -0.152808E+01
  0.100000E+01  0.119587E+02 -0.145155E+01
  0.100000E+01  0.119797E+02 -0.157252E+01
  0.100000E+01  0.120007E+02 -0.147624E+01
  0.100000E+01  0.120217E+02 -0.152173E+01
  0.100000E+01  0.120428E+02 -0.148752E+01
  0.100000E+01  0.120638E+02 -0.150503E+01
  0.100000E+01  0.120848E+02 -0.149579E+01
  0.100000E+01  0.121058E+02 -0.149296E+01
  0.100000E+01  0.121268E+02 -0.146001E+01
  0.100000E+01  0.121478E+02 -0.141460E+01
  0.100000E+01  0.121689E+02 -0.148098E+01
  0.100000E+01  0.121899E+02 -0.149778E+01
  0.100000E+01  0.122109E+02 -0.144965E+01
  0.100000E+01  0.122319E+02 -0.139365E+01
  0.100000E+01  0.122529E+02 -0.146585E+01
  0.100000E+01  0.122739E+02 -0.142736E+01
  0.100000E+01  0.122950E+02 -0.137160E+01
  0.100000E+01  0.123160E+02 -0.137170E+01
  0.100000E+01  0.123370E+02 -0.137342E+01
  0.100000E+01  0.123580E+02 -0.140065E+01
  0.100000E+01  0.123790E+02 -0.131224E+01
  0.100000E+01  0.124000E+02 -0.125560E+01
  0.100000E+01  0.124211E+02 -0.127931E+01
  0.100000E+01  0.124421E+02 -0.121910E+01
  0.100000E+01  0.124631E+02 -0.124112E+01
  0.100000E+01  0.124841E+02 -0.119420E+01
  0.100000E+01  0.125051E+02 -0.119529E+01
  0.100000E+01  0.125261E+02 -0.107435E+01
  0.100000E+01  0.125472E+02 -0.109255E+01
  0.100000E+01  0.125682E+02 -0.119796E+01
  0.100000E+01  0.125892E+02 -0.971818E+00
  0.100000E+01  0.126102E+02 -0.887156E+00
  0.100000E+01  0.126312E+02 -0.103633E+01
  0.100000E+01  0.126522E+02 -0.107350E+01
  0.100000E+01  0.126733E+02 -0.918304E+00
  0.100000E+01  0.126943E+02 -0.995976E+00
  0.100000E+01  0.127153E+02 -0.778406E+00
  0.100000E+01  0.127363E+02 -0.899474E+00
  0.100000E+01  0.127573E+02 -0.101670E+01
  0.100000E+01  0.127783E+02 -0.876748E+00
  0.100000E+01  0.127994E+02 -0.759953E+00
  0.100000E+01  0.128204E+02 -0.866265E+00
  0.100000E+01  0.128414E+02 -0.967710E+00
  0.100000E+01  0.128624E+02 -0.877546E+00
  0.100000E+01  0.128834E+02 -0.856913E+00
  0.100000E+01  0.129044E+02 -0.644276E+00
  0.100000E+01  0.129255E+02 -0.942793E+00
  0.100000E+01  0.129465E+02 -0.889205E+00
  0.100000E+01  0.129675E+02 -0.776805E+00
  0.100000E+01  0.129885E+02 -0.586390E+00
  0.100000E+01  0.130095E+02 -0.697144E+00
  0.100000E+01  0.130306E+02 -0.840440E+00
  0.100000E+01  0.130516E+02 -0.703024E+00
  0.100000E+01  0.130726E+02 -0.543386E+00
  0.100000E+01  0.130936E+02 -0.472295E+00
  0.100000E+01  0.131146E+02 -0.768195E+00
  0.100000E+01  0.131356E+02 -0.599449E+00
  0.100000E+01  0.131567E+02 -0.541535E+00
  0.100000E+01  0.131777E+02 -0.298611E+00
  0.100000E+01  0.131987E+02 -0.648212E+00
  0.100000E+01  0.132197E+02 -0.620015E+00
  0.100000E+01  0.132407E+02 -0.634211E+00
  0.100000E+01  0.132617E+02 -0.418048E+00
  0.100000E+01  0.132828E+02 -0.613276E+00
  0.100000E+01  0.133038E+02 -0.755441E+00
  0.100000E+01  0.133248E+02 -0.778518E+00
  0.100000E+01  0.133458E+02 -0.616405E+00
  0.100000E+01  0.133668E+02 -0.596613E+00
  0.100000E+01  0.133878E+02 -0.893957E+00
  0.100000E+01  0.134089E+02 -0.907204E+00
  0.100000E+01  0.134299E+02 -0.740554E+00
  0.100000E+01  0.134509E+02 -0.665604E+00
  0.100000E+01  0.134719E+02 -0.941458E+00
  0.100000E+01  0.134929E+02 -0.928837E+00
  0.100000E+01  0.135140E+02 -0.749971E+00
  0.100000E+01  0.135350E+02 -0.699747E+00
  0.100000E+01  0.135560E+02 -0.921322E+00
  0.100000E+01  0.135770E+02 -0.886608E+00
  0.100000E+01  0.135980E+02 -0.765401E+00
  0.100000E+01  0.136190E+02 -0.689803E+00
  0.100000E+01  0.136400E+02 -0.861381E+00
  0.100000E+01  0.136610E+02 -0.799465E+00
  0.100000E+01  0.136820E+02 -0.701718E+00
  0.100000E+01  0.137030E+02 -0.657274E+00
  0.100000E+01  0.137240E+02 -0.740236E+00
  0.100000E+01  0.137450E+02 -0.702208E+00
  0.100000E+01  0.137660E+02 -0.632117E+00
  0.100000E+01  0.137870E+02 -0.540855E+00
  0.100000E+01  0.138080E+02 -0.626311E+00
  0.100000E+01  0.138290E+02 -0.612021E+00
  0.100000E+01  0.138500E+02 -0.547950E+00
  0.100000E+01  0.138710E+02 -0.433091E+00
  0.100000E+01  0.138920E+02 -0.511297E+00
  0.100000E+01  0.139130E+02 -0.505459E+00
  0.100000E+01  0.139340E+02 -0.462496E+00
  0.100000E+01  0.139550E+02 -0.322419E+00
  0.100000E+01  0.139760E+02 -0.422508E+00
  0.100000E+01  0.139970E+02 -0.366459E+00
  0.100000E+01  0.140180E+02 -0.269824E+00
  0.100000E+01  0.140390E+02 -0.259924E+00
  0.100000E+01  0.140600E+02 -0.316440E+00
  0.100000E+01  0.140810E+02 -0.270068E+00
  0.100000E+01  0.141020E+02 -0.118576E+00
  0.100000E+01  0.141230E+02 -0.131410E+00
  0.100000E+01  0.141440E+02 -0.252720E+00
  0.100000E+01  0.141650E+02 -0.229313E+00
  0.100000E+01  0.141860E+02 -0.830672E-01
  0.100000E+01  0.142080E+02 -0.181649E+00
  0.100000E+01  0.142290E+02 -0.213892E+00
  0.100000E+01  0.142500E+02 -0.130085E+00
  0.100000E+01  0.142710E+02 -0.176899E+00
  0.100000E+01  0.142920E+02 -0.134525E+00
  0.100000E+01  0.143130E+02 -0.510365E-01
  0.100000E+01  0.143340E+02 -0.122733E+00
  0.100000E+01  0.143550E+02 -0.104520E+00
  0.100000E+01  0.143760E+02 -0.665179E-01
  0.100000E+01  0.143970E+02 -0.481320E-01
  0.100000E+01  0.144180E+02  0.719788E-01
  0.100000E+01  0.144390E+02 -0.579393E-01
  0.100000E+01  0.144600E+02  0.558728E-02
  0.100000E+01  0.144810E+02  0.116386E+00
  0.100000E+01  0.145020E+02  0.118509E+00
  0.100000E+01  0.145230E+02  0.693794E-01
  0.100000E+01  0.145440E+02  0.142204E+00
  0.100000E+01  0.145650E+02  0.181112E+00
  0.100000E+01  0.145860E+02  0.240450E+00
  0.100000E+01  0.146070E+02  0.188759E+00
  0.100000E+01  0.146280E+02  0.240493E+00
  0.100000E+01  0.146490E+02  0.259971E+00
  0.100000E+01  0.146700E+02  0.273168E+00
  0.100000E+01  0.146910E+02  0.262522E+00
  0.100000E+01  0.147120E+02  0.298367E+00
  0.100000E+01  0.147330E+02  0.177506E+00
  0.100000E+01  0.147540E+02  0.244493E+00
  0.100000E+01  0.147750E+02  0.351247E+00
  0.100000E+01  0.147960E+02  0.194171E+00
  0.100000E+01  0.148170E+02  0.271287E+00
  0.100000E+01  0.148380E+02  0.353686E+00
  0.100000E+01  0.148590E+02  0.425497E+00
  0.100000E+01  0.148800E+02  0.371442E+00
  0.100000E+01  0.149010E+02  0.436555E+00
  0.100000E+01  0.149220E+02  0.501573E+00
  0.100000E+01  0.149430E+02  0.628898E+00
  0.100000E+01  0.149640E+02  0.602509E+00
  0.100000E+01  0.149850E+02  0.538537E+00
  0.100000E+01  0.150060E+02  0.720486E+00
  0.100000E+01  0.150270E+02  0.798850E+00
  0.100000E+01  0.150480E+02  0.705751E+00
  0.100000E+01  0.150690E+02  0.731605E+00
  0.100000E+01  0.150900E+02  0.741687E+00
  0.100000E+01  0.151110E+02  0.975727E+00
  0.100000E+01  0.151320E+02  0.910824E+00
  0.100000E+01  0.151530E+02  0.330919E+00
  0.100000E+01  0.151740E+02  0.890989E+00
  0.100000E+01  0.151950E+02  0.121882E+01
  0.100000E+01  0.152160E+02  0.437811E+00
  0.100000E+01  0.152370E+02  0.689458E+00
  0.100000E+01  0.152580E+02  0.713975E+00
  0.100000E+01  0.152790E+02  0.668327E+00
  0.100000E+01  0.153000E+02  0.885873E+00
  0.100000E+01  0.153210E+02  0.683246E+00
  0.100000E+01  0.153420E+02  0.764516E+00
  0.100000E+01  0.153630E+02  0.919841E+00
  0.100000E+01  0.153840E+02  0.891472E+00
  0.100000E+01  0.154050E+02  0.825930E+00
  0.100000E+01  0.154260E+02  0.944868E+00
  0.100000E+01  0.154480E+02  0.914406E+00
  0.100000E+01  0.154690E+02  0.106776E+01
  0.100000E+01  0.154900E+02  0.101744E+01
  0.100000E+01  0.155110E+02  0.104056E+01
  0.100000E+01  0.155320E+02  0.115123E+01
  0.100000E+01  0.155530E+02  0.128349E+01
  0.100000E+01  0.155740E+02  0.119040E+01
  0.100000E+01  0.155950E+02  0.119137E+01
  0.100000E+01  0.156160E+02  0.128976E+01
  0.100000E+01  0.156370E+02  0.142567E+01
  0.100000E+01  0.156580E+02  0.121703E+01
  0.100000E+01  0.156790E+02  0.143437E+01
  0.100000E+01  0.157000E+02  0.138894E+01
  0.100000E+01  0.157210E+02  0.143436E+01
  0.100000E+01  0.157420E+02  0.148136E+01
  0.100000E+01  0.157630E+02  0.149903E+01
  0.100000E+01  0.157840E+02  0.140653E+01
  0.100000E+01  0.158050E+02  0.159576E+01
  0.100000E+01  0.158260E+02  0.159329E+01
  0.100000E+01  0.158470E+02  0.161002E+01
  0.100000E+01  0.158680E+02  0.155651E+01
  0.100000E+01  0.158890E+02  0.168375E+01
  0.100000E+01  0.159100E+02  0.172010E+01
  0.100000E+01  0.159310E+02  0.167068E+01
  0.100000E+01  0.159520E+02  0.169695E+01
  0.100000E+01  0.159730E+02  0.177352E+01
  0.100000E+01  0.159940E+02  0.184023E+01
  0.100000E+01  0.160150E+02  0.179436E+01
  0.100000E+01  0.160360E+02  0.185370E+01
  0.100000E+01  0.160570E+02  0.185732E+01
  0.100000E+01  0.160780E+02  0.193549E+01
  0.100000E+01  0.160990E+02  0.194945E+01
  0.100000E+01  0.161200E+02  0.189709E+01
  0.100000E+01  0.161410E+02  0.193527E+01
  0.100000E+01  0.161620E+02  0.209099E+01
  0.100000E+01  0.161830E+02  0.207236E+01
  0.100000E+01  0.162040E+02  0.204867E+01
  0.100000E+01  0.162250E+02  0.202948E+01
  0.100000E+01  0.162460E+02  0.218020E+01
  0.100000E+01  0.162670E+02  0.223597E+01
  0.100000E+01  0.162880E+02  0.213174E+01
  0.100000E+01  0.163090E+02  0.215303E+01
  0.100000E+01  0.163300E+02  0.233350E+01
  0.100000E+01  0.163510E+02  0.236879E+01
  0.100000E+01  0.163720E+02  0.232443E+01
  0.100000E+01  0.163930E+02  0.228818E+01
  0.100000E+01  0.164140E+02  0.239956E+01
  0.100000E+01  0.164350E+02  0.252264E+01
  0.100000E+01  0.164560E+02  0.254818E+01
  0.100000E+01  0.164770E+02  0.234449E+01
  0.100000E+01  0.164980E+02  0.252207E+01
  0.100000E+01  0.165190E+02  0.265118E+01
  0.100000E+01  0.165400E+02  0.268951E+01
  0.100000E+01  0.165610E+02  0.250860E+01
  0.100000E+01  0.165820E+02  0.265450E+01
  0.100000E+01  0.166030E+02  0.274070E+01
  0.100000E+01  0.166240E+02  0.284818E+01
  0.100000E+01  0.166450E+02  0.276015E+01
  0.100000E+01  0.166660E+02  0.264494E+01
  0.100000E+01  0.166880E+02  0.284955E+01
  0.100000E+01  0.167090E+02  0.304439E+01
  0.100000E+01  0.167300E+02  0.302369E+01
  0.100000E+01  0.167510E+02  0.286270E+01
  0.100000E+01  0.167720E+02  0.298135E+01
  0.100000E+01  0.167930E+02  0.315835E+01
  0.100000E+01  0.168140E+02  0.326170E+01
  0.100000E+01  0.168350E+02  0.308410E+01
  0.100000E+01  0.168560E+02  0.308580E+01
  0.100000E+01  0.168770E+02  0.315386E+01
  0.100000E+01  0.168980E+02  0.354096E+01
  0.100000E+01  0.169190E+02  0.329282E+01
  0.100000E+01  0.169400E+02  0.324502E+01
  0.100000E+01  0.169610E+02  0.326442E+01
  0.100000E+01  0.169820E+02  0.353583E+01
  0.100000E+01  0.170030E+02  0.362009E+01
  0.100000E+01  0.170240E+02  0.341903E+01
  0.100000E+01  0.170450E+02  0.336098E+01
  0.100000E+01  0.170660E+02  0.351768E+01
  0.100000E+01  0.170870E+02  0.385211E+01
  0.100000E+01  0.171080E+02  0.364630E+01
  0.100000E+01  0.171290E+02  0.356552E+01
  0.100000E+01  0.171500E+02  0.360157E+01
  0.100000E+01  0.171710E+02  0.394941E+01
  0.100000E+01  0.171920E+02  0.390047E+01
  0.100000E+01  0.172130E+02  0.381169E+01
  0.100000E+01  0.172340E+02  0.367356E+01
  0.100000E+01  0.172550E+02  0.391930E+01
  0.100000E+01  0.172760E+02  0.417815E+01
  0.100000E+01  0.172970E+02  0.405517E+01
  0.100000E+01  0.173180E+02  0.394357E+01
  0.100000E+01  0.173390E+02  0.395986E+01
  0.100000E+01  0.173600E+02  0.424967E+01
  0.100000E+01  0.173810E+02  0.434045E+01
  0.100000E+01  0.174020E+02  0.422522E+01
  0.100000E+01  0.174230E+02  0.401755E+01
  0.100000E+01  0.174440E+02  0.431986E+01
  0.100000E+01  0.174650E+02  0.454819E+01
  0.100000E+01  0.174860E+02  0.454739E+01
  0.100000E+01  0.175070E+02  0.433917E+01
  0.100000E+01  0.175280E+02  0.431631E+01
  0.100000E+01  0.175490E+02  0.460445E+01
  0.100000E+01  0.175700E+02  0.485958E+01
  0.100000E+01  0.175910E+02  0.468116E+01
  0.100000E+01  0.176120E+02  0.436007E+01
  0.100000E+01  0.176330E+02  0.478972E+01
  0.100000E+01  0.176540E+02  0.490186E+01
  0.100000E+01  0.176750E+02  0.515572E+01
  0.100000E+01  0.176960E+02  0.468833E+01
  0.100000E+01  0.177170E+02  0.465203E+01
  0.100000E+01  0.177380E+02  0.512770E+01
  0.100000E+01  0.177590E+02  0.544291E+01
  0.100000E+01  0.177800E+02  0.513819E+01
  0.100000E+01  0.178010E+02  0.473318E+01
  0.100000E+01  0.178220E+02  0.522230E+01
  0.100000E+01  0.178430E+02  0.543268E+01
  0.100000E+01  0.178640E+02  0.571853E+01
  0.100000E+01  0.178850E+02  0.509682E+01
  0.100000E+01  0.179060E+02  0.501428E+01
  0.100000E+01  0.179280E+02  0.572739E+01
  0.100000E+01  0.179490E+02  0.590169E+01
  0.100000E+01  0.179700E+02  0.554584E+01
  0.100000E+01  0.179910E+02  0.516828E+01
  0.100000E+01  0.180120E+02  0.574686E+01
  0.100000E+01  0.180330E+02  0.598417E+01
  0.100000E+01  0.180540E+02  0.625725E+01
  0.100000E+01  0.180750E+02  0.554240E+01
  0.100000E+01  0.180960E+02  0.555460E+01
  0.100000E+01  0.181170E+02  0.612666E+01
  0.100000E+01  0.181380E+02  0.643818E+01
  0.100000E+01  0.181590E+02  0.605784E+01
  0.100000E+01  0.181800E+02  0.569686E+01
  0.100000E+01  0.182010E+02  0.621153E+01
  0.100000E+01  0.182220E+02  0.643996E+01
  0.100000E+01  0.182430E+02  0.685103E+01
  0.100000E+01  0.182640E+02  0.599580E+01
  0.100000E+01  0.182850E+02  0.619165E+01
  0.100000E+01  0.183060E+02  0.658867E+01
  0.100000E+01  0.183270E+02  0.702674E+01
  0.100000E+01  0.183480E+02  0.659622E+01
  0.100000E+01  0.183690E+02  0.639058E+01
  0.100000E+01  0.183900E+02  0.666043E+01
  0.100000E+01  0.184110E+02  0.692662E+01
  0.100000E+01  0.184320E+02  0.745356E+01
  0.100000E+01  0.184530E+02  0.651670E+01
  0.100000E+01  0.184740E+02  0.688968E+01
  0.100000E+01  0.184950E+02  0.705752E+01
  0.100000E+01  0.185160E+02  0.762189E+01
  0.100000E+01  0.185370E+02  0.719131E+01
  0.100000E+01  0.185580E+02  0.718975E+01
  0.100000E+01  0.185790E+02  0.715370E+01
  0.100000E+01  0.186000E+02  0.745582E+01
  0.100000E+01  0.186210E+02  0.816639E+01
  0.100000E+01  0.186420E+02  0.717691E+01
  0.100000E+01  0.186630E+02  0.758257E+01
  0.100000E+01  0.186840E+02  0.752889E+01
  0.100000E+01  0.187050E+02  0.824281E+01
  0.100000E+01  0.187260E+02  0.787746E+01
  0.100000E+01  0.187470E+02  0.784123E+01
  0.100000E+01  0.187680E+02  0.788619E+01
  0.100000E+01  0.187890E+02  0.794071E+01
  0.100000E+01  0.188100E+02  0.898859E+01
  0.100000E+01  0.188310E+02  0.789198E+01
  0.100000E+01  0.188520E+02  0.849027E+01
  0.100000E+01  0.188730E+02  0.799714E+01
  0.100000E+01  0.188940E+02  0.899452E+01
  0.100000E+01  0.189150E+02  0.865734E+01
  0.100000E+01  0.189360E+02  0.863589E+01
  0.100000E+01  0.189570E+02  0.850904E+01
  0.100000E+01  0.189780E+02  0.856073E+01
  0.100000E+01  0.189990E+02  0.966609E+01
  0.100000E+01  0.190200E+02  0.869590E+01
  0.100000E+01  0.190410E+02  0.938137E+01
  0.100000E+01  0.190620E+02  0.864929E+01
  0.100000E+01  0.190830E+02  0.964656E+01
  0.100000E+01  0.191040E+02  0.964680E+01
  0.100000E+01  0.191250E+02  0.937600E+01
  0.100000E+01  0.191470E+02  0.914566E+01
  0.100000E+01  0.191680E+02  0.934529E+01
  0.100000E+01  0.191890E+02  0.103059E+02
  0.100000E+01  0.192100E+02  0.957701E+01
  0.100000E+01  0.192310E+02  0.102189E+02
  0.100000E+01  0.192520E+02  0.940355E+01
  0.100000E+01  0.192730E+02  0.105061E+02
  0.100000E+01  0.192940E+02  0.104901E+02
  0.100000E+01  0.193150E+02  0.102705E+02
  0.100000E+01  0.193360E+02  0.985106E+01
  0.100000E+01  0.193570E+02  0.103125E+02
  0.100000E+01  0.193780E+02  0.109442E+02
  0.100000E+01  0.193990E+02  0.105141E+02
  0.100000E+01  0.194200E+02  0.111047E+02
  0.100000E+01  0.194410E+02  0.103329E+02
  0.100000E+01  0.194620E+02  0.111213E+02
  0.100000E+01  0.194830E+02  0.109924E+02
  0.100000E+01  0.195040E+02  0.115781E+02
  0.100000E+01  0.195250E+02  0.106898E+02
  0.100000E+01  0.195460E+02  0.112660E+02
  0.100000E+01  0.195670E+02  0.116527E+02
  0.100000E+01  0.195880E+02  0.114049E+02
  0.100000E+01  0.196090E+02  0.121325E+02
  0.100000E+01  0.196300E+02  0.112347E+02
  0.100000E+01  0.196510E+02  0.122097E+02
  0.100000E+01  0.196720E+02  0.115493E+02
  0.100000E+01  0.196930E+02  0.131249E+02
  0.100000E+01  0.197140E+02  0.116160E+02
  0.100000E+01  0.197350E+02  0.126121E+02
  0.100000E+01  0.197560E+02  0.122898E+02
  0.100000E+01  0.197770E+02  0.123316E+02
  0.100000E+01  0.197980E+02  0.133241E+02
  0.100000E+01  0.198190E+02  0.121192E+02
  0.100000E+01  0.198400E+02  0.136704E+02
  0.100000E+01  0.198610E+02  0.122661E+02
  0.100000E+01  0.198820E+02  0.145397E+02
  0.100000E+01  0.199030E+02  0.126878E+02
  0.100000E+01  0.199240E+02  0.145865E+02
  0.100000E+01  0.199450E+02  0.129529E+02
  0.100000E+01  0.199660E+02  0.132422E+02
  0.100000E+01  0.199870E+02  0.153818E+02
  0.100000E+01  0.200080E+02  0.132987E+02
  0.100000E+01  0.200290E+02  0.144455E+02
  0.100000E+01  0.200500E+02  0.131452E+02
  0.100000E+01  0.200710E+02  0.172984E+02
  0.100000E+01  0.200920E+02  0.139695E+02
  0.100000E+01  0.201130E+02  0.158363E+02
  0.100000E+01  0.201340E+02  0.138061E+02
  0.100000E+01  0.201550E+02  0.145492E+02
  0.100000E+01  0.201760E+02  0.160171E+02
  0.100000E+01  0.201970E+02  0.146518E+02
  0.100000E+01  0.202180E+02  0.156229E+02
  0.100000E+01  0.202390E+02  0.142832E+02
  0.100000E+01  0.202600E+02  0.174874E+02
  0.100000E+01  0.202810E+02  0.153112E+02
  0.100000E+01  0.203020E+02  0.171239E+02
  0.100000E+01  0.203230E+02  0.148424E+02
  0.100000E+01  0.203440E+02  0.159620E+02
  0.100000E+01  0.203650E+02  0.175924E+02
  0.100000E+01  0.203870E+02  0.159562E+02
  0.100000E+01  0.204080E+02  0.169423E+02
  0.100000E+01  0.204290E+02  0.155615E+02
  0.100000E+01  0.204500E+02  0.204500E+02
  0.100000E+01  0.204710E+02  0.163121E+02
  0.100000E+01  0.205130E+02  0.161310E+02
  0.100000E+01  0.205550E+02  0.175593E+02
  0.100000E+01  0.205760E+02  0.172438E+02
  0.100000E+01  0.205970E+02  0.171313E+02
  0.100000E+01  0.206180E+02  0.199249E+02
  0.100000E+01  0.206600E+02  0.174819E+02
  0.100000E+01  0.207020E+02  0.179294E+02
  0.100000E+01  0.207440E+02  0.186646E+02
  0.100000E+01  0.207650E+02  0.182801E+02
  0.100000E+01  0.208070E+02  0.208070E+02
  0.100000E+01  0.208490E+02  0.187696E+02
  0.100000E+01  0.209330E+02  0.195467E+02
  0.100000E+01  0.209960E+02  0.209960E+02
