  0.500000E+00  0.000000E+00  0.000000E+00
  0.500000E+00  0.302645E+01  0.222173E+01
  0.500000E+00  0.304747E+01  0.150195E+01
  0.500000E+00  0.306848E+01  0.130530E+01
  0.500000E+00  0.308950E+01  0.129774E+01
  0.500000E+00  0.311052E+01  0.152149E+01
  0.500000E+00  0.313154E+01  0.131275E+01
  0.500000E+00  0.315255E+01  0.141968E+01
  0.500000E+00  0.317357E+01  0.144070E+01
  0.500000E+00  0.319459E+01  0.149399E+01
  0.500000E+00  0.321560E+01  0.137116E+01
  0.500000E+00  0.323662E+01  0.164759E+01
  0.500000E+00  0.325764E+01  0.152477E+01
  0.500000E+00  0.327865E+01  0.145986E+01
  0.500000E+00  0.329967E+01  0.171064E+01
  0.500000E+00  0.332069E+01  0.173166E+01
  0.500000E+00  0.334171E+01  0.230199E+01
  0.500000E+00  0.336272E+01  0.181720E+01
  0.500000E+00  0.340476E+01  0.201847E+01
  0.500000E+00  0.344679E+01  0.220434E+01
  0.500000E+00  0.348882E+01  0.314225E+01
  0.500000E+00  0.559050E+01  0.478578E+01
  0.500000E+00  0.561150E+01  0.380604E+01
  0.500000E+00  0.563260E+01  0.348057E+01
  0.500000E+00  0.565360E+01  0.300444E+01
  0.500000E+00  0.567460E+01  0.294908E+01
  0.500000E+00  0.569560E+01  0.292301E+01
  0.500000E+00  0.571660E+01  0.275181E+01
  0.500000E+00  0.573760E+01  0.246063E+01
  0.500000E+00  0.575870E+01  0.273383E+01
  0.500000E+00  0.577970E+01  0.243552E+01
  0.500000E+00  0.580070E+01  0.241645E+01
  0.500000E+00  0.582170E+01  0.243402E+01
  0.500000E+00  0.584270E+01  0.226539E+01
  0.500000E+00  0.586370E+01  0.240882E+01
  0.500000E+00  0.588480E+01  0.223761E+01
  0.500000E+00  0.590580E+01  0.222766E+01
  0.500000E+00  0.592680E+01  0.225218E+01
  0.500000E+00  0.594780E+01  0.225830E+01
  0.500000E+00  0.596880E+01  0.227743E+01
  0.500000E+00  0.598980E+01  0.228675E+01
  0.500000E+00  0.601090E+01  0.228819E+01
  0.500000E+00  0.603190E+01  0.236867E+01
  0.500000E+00  0.605290E+01  0.228659E+01
  0.500000E+00  0.607390E+01  0.248045E+01
  0.500000E+00  0.609490E+01  0.244873E+01
  0.500000E+00  0.611600E+01  0.244042E+01
  0.500000E+00  0.613700E+01  0.261673E+01
  0.500000E+00  0.615800E+01  0.253020E+01
  0.500000E+00  0.617900E+01  0.273420E+01
  0.500000E+00  0.620000E+01  0.266083E+01
  0.500000E+00  0.622100E+01  0.288880E+01
  0.500000E+00  0.624210E+01  0.300208E+01
  0.500000E+00  0.626310E+01  0.300205E+01
  0.500000E+00  0.628410E+01  0.326636E+01
  0.500000E+00  0.630510E+01  0.316210E+01
  0.500000E+00  0.632610E+01  0.318778E+01
  0.500000E+00  0.634710E+01  0.367833E+01
  0.500000E+00  0.636820E+01  0.362373E+01
  0.500000E+00  0.638920E+01  0.374004E+01
  0.500000E+00  0.641020E+01  0.436303E+01
  0.500000E+00  0.643120E+01  0.394629E+01
  0.500000E+00  0.645220E+01  0.437276E+01
  0.500000E+00  0.647320E+01  0.428219E+01
  0.500000E+00  0.649430E+01  0.441486E+01
  0.500000E+00  0.651530E+01  0.616873E+01
  0.500000E+00  0.653630E+01  0.511969E+01
  0.500000E+00  0.655730E+01  0.551758E+01
  0.500000E+00  0.659930E+01  0.555958E+01
  0.500000E+00  0.662040E+01  0.627383E+01
  0.500000E+00  0.756610E+01  0.756610E+01
  0.500000E+00  0.758710E+01  0.689395E+01
  0.500000E+00  0.760820E+01  0.656848E+01
  0.500000E+00  0.762920E+01  0.634673E+01
  0.500000E+00  0.765020E+01  0.606117E+01
  0.500000E+00  0.767120E+01  0.571519E+01
  0.500000E+00  0.769220E+01  0.561276E+01
  0.500000E+00  0.771320E+01  0.518508E+01
  0.500000E+00  0.773430E+01  0.505601E+01
  0.500000E+00  0.775530E+01  0.543310E+01
  0.500000E+00  0.777630E+01  0.474441E+01
  0.500000E+00  0.779730E+01  0.506116E+01
  0.500000E+00  0.781830E+01  0.443405E+01
  0.500000E+00  0.783930E+01  0.411893E+01
  0.500000E+00  0.786040E+01  0.427998E+01
  0.500000E+00  0.788140E+01  0.408220E+01
  0.500000E+00  0.790240E+01  0.389424E+01
  0.500000E+00  0.792340E+01  0.402681E+01
  0.500000E+00  0.794440E+01  0.397357E+01
  0.500000E+00  0.796540E+01  0.377049E+01
  0.500000E+00  0.798650E+01  0.371702E+01
  0.500000E+00  0.800750E+01  0.369690E+01
  0.500000E+00  0.802850E+01  0.348941E+01
  0.500000E+00  0.804950E+01  0.351904E+01
  0.500000E+00  0.807050E+01  0.351309E+01
  0.500000E+00  0.809160E+01  0.336425E+01
  0.500000E+00  0.811260E+01  0.339530E+01
  0.500000E+00  0.813360E+01  0.336979E+01
  0.500000E+00  0.815460E+01  0.332015E+01
  0.500000E+00  0.817560E+01  0.334674E+01
  0.500000E+00  0.819660E+01  0.326397E+01
  0.500000E+00  0.821770E+01  0.322259E+01
  0.500000E+00  0.823870E+01  0.329936E+01
  0.500000E+00  0.825970E+01  0.322668E+01
  0.500000E+00  0.828070E+01  0.321187E+01
  0.500000E+00  0.830170E+01  0.324087E+01
  0.500000E+00  0.832270E+01  0.320537E+01
  0.500000E+00  0.834380E+01  0.321814E+01
  0.500000E+00  0.836480E+01  0.325656E+01
  0.500000E+00  0.838580E+01  0.323787E+01
  0.500000E+00  0.840680E+01  0.324662E+01
  0.500000E+00  0.842780E+01  0.329041E+01
  0.500000E+00  0.844880E+01  0.326711E+01
  0.500000E+00  0.846990E+01  0.333649E+01
  0.500000E+00  0.849090E+01  0.335732E+01
  0.500000E+00  0.851190E+01  0.337303E+01
  0.500000E+00  0.853290E+01  0.345413E+01
  0.500000E+00  0.855390E+01  0.344772E+01
  0.500000E+00  0.857490E+01  0.349669E+01
  0.500000E+00  0.859600E+01  0.357390E+01
  0.500000E+00  0.861700E+01  0.360913E+01
  0.500000E+00  0.863800E+01  0.359173E+01
  0.500000E+00  0.865900E+01  0.372517E+01
  0.500000E+00  0.868000E+01  0.380553E+01
  0.500000E+00  0.870100E+01  0.380011E+01
  0.500000E+00  0.872210E+01  0.392125E+01
  0.500000E+00  0.874310E+01  0.397069E+01
  0.500000E+00  0.876410E+01  0.403667E+01
  0.500000E+00  0.878510E+01  0.413223E+01
  0.500000E+00  0.880610E+01  0.416879E+01
  0.500000E+00  0.882710E+01  0.433350E+01
  0.500000E+00  0.884820E+01  0.444118E+01
  0.500000E+00  0.886920E+01  0.443923E+01
  0.500000E+00  0.889020E+01  0.456364E+01
  0.500000E+00  0.891120E+01  0.462460E+01
  0.500000E+00  0.893220E+01  0.499369E+01
  0.500000E+00  0.895320E+01  0.489454E+01
  0.500000E+00  0.897430E+01  0.497513E+01
  0.500000E+00  0.899530E+01  0.509830E+01
  0.500000E+00  0.901630E+01  0.532493E+01
  0.500000E+00  0.903730E+01  0.544309E+01
  0.500000E+00  0.905830E+01  0.553281E+01
  0.500000E+00  0.907940E+01  0.556530E+01
  0.500000E+00  0.910040E+01  0.596585E+01
  0.500000E+00  0.912140E+01  0.639161E+01
  0.500000E+00  0.914240E+01  0.590933E+01
  0.500000E+00  0.916340E+01  0.641482E+01
  0.500000E+00  0.918440E+01  0.635640E+01
  0.500000E+00  0.920550E+01  0.641753E+01
  0.500000E+00  0.922650E+01  0.637628E+01
  0.500000E+00  0.924750E+01  0.634193E+01
  0.500000E+00  0.926850E+01  0.630771E+01
  0.500000E+00  0.928950E+01  0.615306E+01
  0.500000E+00  0.931050E+01  0.604506E+01
  0.500000E+00  0.933160E+01  0.598123E+01
  0.500000E+00  0.935260E+01  0.589673E+01
  0.500000E+00  0.937360E+01  0.573291E+01
  0.500000E+00  0.939460E+01  0.568014E+01
  0.500000E+00  0.941560E+01  0.585984E+01
  0.500000E+00  0.943660E+01  0.565138E+01
  0.500000E+00  0.945770E+01  0.561692E+01
  0.500000E+00  0.947870E+01  0.558418E+01
  0.500000E+00  0.949970E+01  0.554698E+01
  0.500000E+00  0.952070E+01  0.545788E+01
  0.500000E+00  0.954170E+01  0.527046E+01
  0.500000E+00  0.956270E+01  0.548703E+01
  0.500000E+00  0.958380E+01  0.538867E+01
  0.500000E+00  0.960480E+01  0.510908E+01
  0.500000E+00  0.962580E+01  0.522304E+01
  0.500000E+00  0.964680E+01  0.525810E+01
  0.500000E+00  0.966780E+01  0.505170E+01
  0.500000E+00  0.968880E+01  0.493476E+01
  0.500000E+00  0.970990E+01  0.485223E+01
  0.500000E+00  0.973090E+01  0.482609E+01
  0.500000E+00  0.975190E+01  0.475359E+01
  0.500000E+00  0.977290E+01  0.472280E+01
  0.500000E+00  0.979390E+01  0.465534E+01
  0.500000E+00  0.981490E+01  0.456263E+01
  0.500000E+00  0.983600E+01  0.459224E+01
  0.500000E+00  0.985700E+01  0.465626E+01
  0.500000E+00  0.987800E+01  0.447569E+01
  0.500000E+00  0.989900E+01  0.444738E+01
  0.500000E+00  0.992000E+01  0.451078E+01
  0.500000E+00  0.994100E+01  0.443703E+01
  0.500000E+00  0.996210E+01  0.430280E+01
  0.500000E+00  0.998310E+01  0.439154E+01
  0.500000E+00  0.100041E+02  0.437621E+01
  0.500000E+00  0.100251E+02  0.430748E+01
  0.500000E+00  0.100461E+02  0.426519E+01
  0.500000E+00  0.100672E+02  0.430408E+01
  0.500000E+00  0.100882E+02  0.428842E+01
  0.500000E+00  0.101092E+02  0.421719E+01
  0.500000E+00  0.101302E+02  0.422029E+01
  0.500000E+00  0.101512E+02  0.425908E+01
  0.500000E+00  0.101722E+02  0.419195E+01
  0.500000E+00  0.101933E+02  0.415512E+01
  0.500000E+00  0.102143E+02  0.419311E+01
  0.500000E+00  0.102353E+02  0.421320E+01
  0.500000E+00  0.102563E+02  0.413950E+01
  0.500000E+00  0.102773E+02  0.417685E+01
  0.500000E+00  0.102983E+02  0.419968E+01
  0.500000E+00  0.103194E+02  0.418572E+01
  0.500000E+00  0.103404E+02  0.414785E+01
  0.500000E+00  0.103614E+02  0.424128E+01
  0.500000E+00  0.103824E+02  0.423330E+01
  0.500000E+00  0.104034E+02  0.417026E+01
  0.500000E+00  0.104244E+02  0.425822E+01
  0.500000E+00  0.104455E+02  0.426343E+01
  0.500000E+00  0.104665E+02  0.423736E+01
  0.500000E+00  0.104875E+02  0.426925E+01
  0.500000E+00  0.105085E+02  0.432087E+01
  0.500000E+00  0.105295E+02  0.432456E+01
  0.500000E+00  0.105505E+02  0.436270E+01
  0.500000E+00  0.105716E+02  0.438936E+01
  0.500000E+00  0.105926E+02  0.441912E+01
  0.500000E+00  0.106136E+02  0.443836E+01
  0.500000E+00  0.106346E+02  0.445514E+01
  0.500000E+00  0.106556E+02  0.451074E+01
  0.500000E+00  0.106766E+02  0.456114E+01
  0.500000E+00  0.106977E+02  0.459699E+01
  0.500000E+00  0.107187E+02  0.460987E+01
  0.500000E+00  0.107397E+02  0.469389E+01
  0.500000E+00  0.107607E+02  0.469524E+01
  0.500000E+00  0.107817E+02  0.475772E+01
  0.500000E+00  0.108027E+02  0.478441E+01
  0.500000E+00  0.108238E+02  0.483184E+01
  0.500000E+00  0.108448E+02  0.491527E+01
  0.500000E+00  0.108658E+02  0.494728E+01
  0.500000E+00  0.108868E+02  0.497220E+01
  0.500000E+00  0.109078E+02  0.502235E+01
  0.500000E+00  0.109288E+02  0.506021E+01
  0.500000E+00  0.109499E+02  0.520172E+01
  0.500000E+00  0.109709E+02  0.518961E+01
  0.500000E+00  0.109919E+02  0.507942E+01
  0.500000E+00  0.110129E+02  0.520760E+01
  0.500000E+00  0.110339E+02  0.547019E+01
  0.500000E+00  0.110550E+02  0.537798E+01
  0.500000E+00  0.110760E+02  0.513032E+01
  0.500000E+00  0.110970E+02  0.531070E+01
  0.500000E+00  0.111180E+02  0.566302E+01
  0.500000E+00  0.111390E+02  0.555754E+01
  0.500000E+00  0.111600E+02  0.516735E+01
  0.500000E+00  0.111811E+02  0.533015E+01
  0.500000E+00  0.112021E+02  0.588051E+01
  0.500000E+00  0.112231E+02  0.565012E+01
  0.500000E+00  0.112441E+02  0.522068E+01
  0.500000E+00  0.112651E+02  0.531846E+01
  0.500000E+00  0.112861E+02  0.599400E+01
  0.500000E+00  0.113072E+02  0.561318E+01
  0.500000E+00  0.113282E+02  0.526566E+01
  0.500000E+00  0.113492E+02  0.528509E+01
  0.500000E+00  0.113702E+02  0.574744E+01
  0.500000E+00  0.113912E+02  0.559630E+01
  0.500000E+00  0.114122E+02  0.532851E+01
  0.500000E+00  0.114333E+02  0.527106E+01
  0.500000E+00  0.114543E+02  0.553872E+01
  0.500000E+00  0.114753E+02  0.550640E+01
  0.500000E+00  0.114963E+02  0.526859E+01
  0.500000E+00  0.115173E+02  0.521038E+01
  0.500000E+00  0.115383E+02  0.539234E+01
  0.500000E+00  0.115594E+02  0.533442E+01
  0.500000E+00  0.115804E+02  0.521970E+01
  0.500000E+00  0.116014E+02  0.515565E+01
  0.500000E+00  0.116224E+02  0.530188E+01
  0.500000E+00  0.116434E+02  0.524177E+01
  0.500000E+00  0.116644E+02  0.513810E+01
  0.500000E+00  0.116855E+02  0.515492E+01
  0.500000E+00  0.117065E+02  0.522614E+01
  0.500000E+00  0.117275E+02  0.514786E+01
  0.500000E+00  0.117485E+02  0.513529E+01
  0.500000E+00  0.117695E+02  0.514572E+01
  0.500000E+00  0.117905E+02  0.522073E+01
  0.500000E+00  0.118116E+02  0.514314E+01
  0.500000E+00  0.118326E+02  0.513909E+01
  0.500000E+00  0.118536E+02  0.517358E+01
  0.500000E+00  0.118746E+02  0.520003E+01
  0.500000E+00  0.118956E+02  0.515983E+01
  0.500000E+00  0.119166E+02  0.519338E+01
  0.500000E+00  0.119377E+02  0.520481E+01
  0.500000E+00  0.119587E+02  0.525358E+01
  0.500000E+00  0.119797E+02  0.520359E+01
  0.500000E+00  0.120007E+02  0.526223E+01
  0.500000E+00  0.120217E+02  0.524999E+01
  0.500000E+00  0.120428E+02  0.527764E+01
  0.500000E+00  0.120638E+02  0.527939E+01
  0.500000E+00  0.120848E+02  0.529451E+01
  0.500000E+00  0.121058E+02  0.530642E+01
  0.500000E+00  0.121268E+02  0.533339E+01
  0.500000E+00  0.121478E+02  0.536660E+01
  0.500000E+00  0.121689E+02  0.534396E+01
  0.500000E+00  0.121899E+02  0.534606E+01
  0.500000E+00  0.122109E+02  0.538062E+01
  0.500000E+00  0.122319E+02  0.541913E+01
  0.500000E+00  0.122529E+02  0.539353E+01
  0.500000E+00  0.122739E+02  0.542327E+01
  0.500000E+00  0.122950E+02  0.546170E+01
  0.500000E+00  0.123160E+02  0.547215E+01
  0.500000E+00  0.123370E+02  0.548179E+01
  0.500000E+00  0.123580E+02  0.547867E+01
  0.500000E+00  0.123790E+02  0.553338E+01
  0.500000E+00  0.124000E+02  0.557220E+01
  0.500000E+00  0.124211E+02  0.557089E+01
  0.500000E+00  0.124421E+02  0.561150E+01
  0.500000E+00  0.124631E+02  0.561099E+01
  0.500000E+00  0.124841E+02  0.564495E+01
  0.500000E+00  0.125051E+02  0.565490E+01
  0.500000E+00  0.125261E+02  0.572588E+01
  0.500000E+00  0.125472E+02  0.572732E+01
  0.500000E+00  0.125682E+02  0.568512E+01
  0.500000E+00  0.125892E+02  0.580869E+01
  0.500000E+00  0.126102E+02  0.586152E+01
  0.500000E+00  0.126312E+02  0.579743E+01
  0.500000E+00  0.126522E+02  0.578935E+01
  0.500000E+00  0.126733E+02  0.587750E+01
  0.500000E+00  0.126943E+02  0.584916E+01
  0.500000E+00  0.127153E+02  0.596845E+01
  0.500000E+00  0.127363E+02  0.591841E+01
  0.500000E+00  0.127573E+02  0.587030E+01
  0.500000E+00  0.127783E+02  0.595078E+01
  0.500000E+00  0.127994E+02  0.601972E+01
  0.500000E+00  0.128204E+02  0.597707E+01
  0.500000E+00  0.128414E+02  0.593684E+01
  0.500000E+00  0.128624E+02  0.599243E+01
  0.500000E+00  0.128834E+02  0.601324E+01
  0.500000E+00  0.129044E+02  0.613006E+01
  0.500000E+00  0.129255E+02  0.599135E+01
  0.500000E+00  0.129465E+02  0.602865E+01
  0.500000E+00  0.129675E+02  0.609535E+01
  0.500000E+00  0.129885E+02  0.620105E+01
  0.500000E+00  0.130095E+02  0.615618E+01
  0.500000E+00  0.130306E+02  0.609508E+01
  0.500000E+00  0.130516E+02  0.617429E+01
  0.500000E+00  0.130726E+02  0.626461E+01
  0.500000E+00  0.130936E+02  0.631065E+01
  0.500000E+00  0.131146E+02  0.617320E+01
  0.500000E+00  0.131356E+02  0.626808E+01
  0.500000E+00  0.131567E+02  0.630758E+01
  0.500000E+00  0.131777E+02  0.643954E+01
  0.500000E+00  0.131987E+02  0.627524E+01
  0.500000E+00  0.132197E+02  0.629984E+01
  0.500000E+00  0.132407E+02  0.630324E+01
  0.500000E+00  0.132617E+02  0.642183E+01
  0.500000E+00  0.132828E+02  0.633476E+01
  0.500000E+00  0.133038E+02  0.627418E+01
  0.500000E+00  0.133248E+02  0.627314E+01
  0.500000E+00  0.133458E+02  0.636470E+01
  0.500000E+00  0.133668E+02  0.638509E+01
  0.500000E+00  0.133878E+02  0.624692E+01
  0.500000E+00  0.134089E+02  0.625085E+01
  0.500000E+00  0.134299E+02  0.634467E+01
  0.500000E+00  0.134509E+02  0.639265E+01
  0.500000E+00  0.134719E+02  0.626522E+01
  0.500000E+00  0.134929E+02  0.628203E+01
  0.500000E+00  0.135140E+02  0.638201E+01
  0.500000E+00  0.135350E+02  0.641763E+01
  0.500000E+00  0.135560E+02  0.631734E+01
  0.500000E+00  0.135770E+02  0.634520E+01
  0.500000E+00  0.135980E+02  0.641630E+01
  0.500000E+00  0.136190E+02  0.646460E+01
  0.500000E+00  0.136400E+02  0.638931E+01
  0.500000E+00  0.136610E+02  0.643077E+01
  0.500000E+00  0.136820E+02  0.649014E+01
  0.500000E+00  0.137030E+02  0.652286E+01
  0.500000E+00  0.137240E+02  0.649188E+01
  0.500000E+00  0.137450E+02  0.652140E+01
  0.500000E+00  0.137660E+02  0.656694E+01
  0.500000E+00  0.137870E+02  0.662307E+01
  0.500000E+00  0.138080E+02  0.659084E+01
  0.500000E+00  0.138290E+02  0.660849E+01
  0.500000E+00  0.138500E+02  0.665103E+01
  0.500000E+00  0.138710E+02  0.671895E+01
  0.500000E+00  0.138920E+02  0.669035E+01
  0.500000E+00  0.139130E+02  0.670377E+01
  0.500000E+00  0.139340E+02  0.673575E+01
  0.500000E+00  0.139550E+02  0.681629E+01
  0.500000E+00  0.139760E+02  0.677675E+01
  0.500000E+00  0.139970E+02  0.681527E+01
  0.500000E+00  0.140180E+02  0.687409E+01
  0.500000E+00  0.140390E+02  0.688954E+01
  0.500000E+00  0.140600E+02  0.687178E+01
  0.500000E+00  0.140810E+02  0.690547E+01
  0.500000E+00  0.141020E+02  0.699171E+01
  0.500000E+00  0.141230E+02  0.699579E+01
  0.500000E+00  0.141440E+02  0.694564E+01
  0.500000E+00  0.141650E+02  0.696784E+01
  0.500000E+00  0.141860E+02  0.705147E+01
  0.500000E+00  0.142080E+02  0.701318E+01
  0.500000E+00  0.142290E+02  0.700755E+01
  0.500000E+00  0.142500E+02  0.705996E+01
  0.500000E+00  0.142710E+02  0.704705E+01
  0.500000E+00  0.142920E+02  0.707874E+01
  0.500000E+00  0.143130E+02  0.713098E+01
  0.500000E+00  0.143340E+02  0.710563E+01
  0.500000E+00  0.143550E+02  0.712524E+01
  0.500000E+00  0.143760E+02  0.715474E+01
  0.500000E+00  0.143970E+02  0.717443E+01
  0.500000E+00  0.144180E+02  0.724499E+01
  0.500000E+00  0.144390E+02  0.719053E+01
  0.500000E+00  0.144600E+02  0.723279E+01
  0.500000E+00  0.144810E+02  0.729869E+01
  0.500000E+00  0.145020E+02  0.731025E+01
  0.500000E+00  0.145230E+02  0.729619E+01
  0.500000E+00  0.145440E+02  0.734310E+01
  0.500000E+00  0.145650E+02  0.737306E+01
  0.500000E+00  0.145860E+02  0.741322E+01
  0.500000E+00  0.146070E+02  0.739788E+01
  0.500000E+00  0.146280E+02  0.743425E+01
  0.500000E+00  0.146490E+02  0.745449E+01
  0.500000E+00  0.146700E+02  0.747158E+01
  0.500000E+00  0.146910E+02  0.747676E+01
  0.500000E+00  0.147120E+02  0.750518E+01
  0.500000E+00  0.147330E+02  0.745525E+01
  0.500000E+00  0.147540E+02  0.749925E+01
  0.500000E+00  0.147750E+02  0.756312E+01
  0.500000E+00  0.147960E+02  0.749509E+01
  0.500000E+00  0.148170E+02  0.754414E+01
  0.500000E+00  0.148380E+02  0.759584E+01
  0.500000E+00  0.148590E+02  0.764225E+01
  0.500000E+00  0.148800E+02  0.762572E+01
  0.500000E+00  0.149010E+02  0.766878E+01
  0.500000E+00  0.149220E+02  0.771179E+01
  0.500000E+00  0.149430E+02  0.778595E+01
  0.500000E+00  0.149640E+02  0.778325E+01
  0.500000E+00  0.149850E+02  0.776177E+01
  0.500000E+00  0.150060E+02  0.786324E+01
  0.500000E+00  0.150270E+02  0.791293E+01
  0.500000E+00  0.150480E+02  0.787688E+01
  0.500000E+00  0.150690E+02  0.790030E+01
  0.500000E+00  0.150900E+02  0.791584E+01
  0.500000E+00  0.151110E+02  0.804336E+01
  0.500000E+00  0.151320E+02  0.802141E+01
  0.500000E+00  0.151530E+02  0.774196E+01
  0.500000E+00  0.151740E+02  0.803249E+01
  0.500000E+00  0.151950E+02  0.820691E+01
  0.500000E+00  0.152160E+02  0.782691E+01
  0.500000E+00  0.152370E+02  0.796323E+01
  0.500000E+00  0.152580E+02  0.798599E+01
  0.500000E+00  0.152790E+02  0.797366E+01
  0.500000E+00  0.153000E+02  0.809294E+01
  0.500000E+00  0.153210E+02  0.800212E+01
  0.500000E+00  0.153420E+02  0.805326E+01
  0.500000E+00  0.153630E+02  0.814142E+01
  0.500000E+00  0.153840E+02  0.813774E+01
  0.500000E+00  0.154050E+02  0.811547E+01
  0.500000E+00  0.154260E+02  0.818543E+01
  0.500000E+00  0.154480E+02  0.818120E+01
  0.500000E+00  0.154690E+02  0.826838E+01
  0.500000E+00  0.154900E+02  0.825372E+01
  0.500000E+00  0.155110E+02  0.827578E+01
  0.500000E+00  0.155320E+02  0.834162E+01
  0.500000E+00  0.155530E+02  0.841824E+01
  0.500000E+00  0.155740E+02  0.838220E+01
  0.500000E+00  0.155950E+02  0.839318E+01
  0.500000E+00  0.156160E+02  0.845288E+01
  0.500000E+00  0.156370E+02  0.853134E+01
  0.500000E+00  0.156580E+02  0.843752E+01
  0.500000E+00  0.156790E+02  0.855669E+01
  0.500000E+00  0.157000E+02  0.854447E+01
  0.500000E+00  0.157210E+02  0.857768E+01
  0.500000E+00  0.157420E+02  0.861168E+01
  0.500000E+00  0.157630E+02  0.863101E+01
  0.500000E+00  0.157840E+02  0.859527E+01
  0.500000E+00  0.158050E+02  0.870038E+01
  0.500000E+00  0.158260E+02  0.870965E+01
  0.500000E+00  0.158470E+02  0.872851E+01
  0.500000E+00  0.158680E+02  0.871226E+01
  0.500000E+00  0.158890E+02  0.878637E+01
  0.500000E+00  0.159100E+02  0.881505E+01
  0.500000E+00  0.159310E+02  0.880084E+01
  0.500000E+00  0.159520E+02  0.882447E+01
  0.500000E+00  0.159730E+02  0.887326E+01
  0.500000E+00  0.159940E+02  0.891712E+01
  0.500000E+00  0.160150E+02  0.890468E+01
  0.500000E+00  0.160360E+02  0.894485E+01
  0.500000E+00  0.160570E+02  0.895716E+01
  0.500000E+00  0.160780E+02  0.900675E+01
  0.500000E+00  0.160990E+02  0.902422E+01
  0.500000E+00  0.161200E+02  0.900855E+01
  0.500000E+00  0.161410E+02  0.903814E+01
  0.500000E+00  0.161620E+02  0.912650E+01
  0.500000E+00  0.161830E+02  0.912768E+01
  0.500000E+00  0.162040E+02  0.912633E+01
  0.500000E+00  0.162250E+02  0.912724E+01
  0.500000E+00  0.162460E+02  0.921310E+01
  0.500000E+00  0.162670E+02  0.925149E+01
  0.500000E+00  0.162880E+02  0.920987E+01
  0.500000E+00  0.163090E+02  0.923101E+01
  0.500000E+00  0.163300E+02  0.933175E+01
  0.500000E+00  0.163510E+02  0.935989E+01
  0.500000E+00  0.163720E+02  0.934821E+01
  0.500000E+00  0.163930E+02  0.934059E+01
  0.500000E+00  0.164140E+02  0.940678E+01
  0.500000E+00  0.164350E+02  0.947882E+01
  0.500000E+00  0.164560E+02  0.950209E+01
  0.500000E+00  0.164770E+02  0.941075E+01
  0.500000E+00  0.164980E+02  0.951004E+01
  0.500000E+00  0.165190E+02  0.958509E+01
  0.500000E+00  0.165400E+02  0.961475E+01
  0.500000E+00  0.165610E+02  0.953480E+01
  0.500000E+00  0.165820E+02  0.961825E+01
  0.500000E+00  0.166030E+02  0.967185E+01
  0.500000E+00  0.166240E+02  0.973609E+01
  0.500000E+00  0.166450E+02  0.970257E+01
  0.500000E+00  0.166660E+02  0.965547E+01
  0.500000E+00  0.166880E+02  0.976878E+01
  0.500000E+00  0.167090E+02  0.987670E+01
  0.500000E+00  0.167300E+02  0.987685E+01
  0.500000E+00  0.167510E+02  0.980685E+01
  0.500000E+00  0.167720E+02  0.987667E+01
  0.500000E+00  0.167930E+02  0.997568E+01
  0.500000E+00  0.168140E+02  0.100379E+02
  0.500000E+00  0.168350E+02  0.995955E+01
  0.500000E+00  0.168560E+02  0.997090E+01
  0.500000E+00  0.168770E+02  0.100154E+02
  0.500000E+00  0.168980E+02  0.102195E+02
  0.500000E+00  0.169190E+02  0.101059E+02
  0.500000E+00  0.169400E+02  0.100925E+02
  0.500000E+00  0.169610E+02  0.101127E+02
  0.500000E+00  0.169820E+02  0.102589E+02
  0.500000E+00  0.170030E+02  0.103115E+02
  0.500000E+00  0.170240E+02  0.102215E+02
  0.500000E+00  0.170450E+02  0.102030E+02
  0.500000E+00  0.170660E+02  0.102918E+02
  0.500000E+00  0.170870E+02  0.104696E+02
  0.500000E+00  0.171080E+02  0.103771E+02
  0.500000E+00  0.171290E+02  0.103473E+02
  0.500000E+00  0.171500E+02  0.103758E+02
  0.500000E+00  0.171710E+02  0.105602E+02
  0.500000E+00  0.171920E+02  0.105462E+02
  0.500000E+00  0.172130E+02  0.105123E+02
  0.500000E+00  0.172340E+02  0.104538E+02
  0.500000E+00  0.172550E+02  0.105872E+02
  0.500000E+00  0.172760E+02  0.107271E+02
  0.500000E+00  0.172970E+02  0.106761E+02
  0.500000E+00  0.173180E+02  0.106308E+02
  0.500000E+00  0.173390E+02  0.106494E+02
  0.500000E+00  0.173600E+02  0.108048E+02
  0.500000E+00  0.173810E+02  0.108607E+02
  0.500000E+00  0.174020E+02  0.108136E+02
  0.500000E+00  0.174230E+02  0.107203E+02
  0.500000E+00  0.174440E+02  0.108819E+02
  0.500000E+00  0.174650E+02  0.110066E+02
  0.500000E+00  0.174860E+02  0.110167E+02
  0.500000E+00  0.175070E+02  0.109231E+02
  0.500000E+00  0.175280E+02  0.109222E+02
  0.500000E+00  0.175490E+02  0.110767E+02
  0.500000E+00  0.175700E+02  0.112148E+02
  0.500000E+00  0.175910E+02  0.111361E+02
  0.500000E+00  0.176120E+02  0.109860E+02
  0.500000E+00  0.176330E+02  0.112114E+02
  0.500000E+00  0.176540E+02  0.112779E+02
  0.500000E+00  0.176750E+02  0.114154E+02
  0.500000E+00  0.176960E+02  0.111922E+02
  0.500000E+00  0.177170E+02  0.111845E+02
  0.500000E+00  0.177380E+02  0.114328E+02
  0.500000E+00  0.177590E+02  0.116010E+02
  0.500000E+00  0.177800E+02  0.114591E+02
  0.500000E+00  0.178010E+02  0.112671E+02
  0.500000E+00  0.178220E+02  0.115221E+02
  0.500000E+00  0.178430E+02  0.116378E+02
  0.500000E+00  0.178640E+02  0.117913E+02
  0.500000E+00  0.178850E+02  0.114909E+02
  0.500000E+00  0.179060E+02  0.114601E+02
  0.500000E+00  0.179280E+02  0.118277E+02
  0.500000E+00  0.179490E+02  0.119253E+02
  0.500000E+00  0.179700E+02  0.117579E+02
  0.500000E+00  0.179910E+02  0.115796E+02
  0.500000E+00  0.180120E+02  0.118794E+02
  0.500000E+00  0.180330E+02  0.120086E+02
  0.500000E+00  0.180540E+02  0.121556E+02
  0.500000E+00  0.180750E+02  0.118087E+02
  0.500000E+00  0.180960E+02  0.118253E+02
  0.500000E+00  0.181170E+02  0.121218E+02
  0.500000E+00  0.181380E+02  0.122881E+02
  0.500000E+00  0.181590E+02  0.121084E+02
  0.500000E+00  0.181800E+02  0.119384E+02
  0.500000E+00  0.182010E+02  0.122063E+02
  0.500000E+00  0.182220E+02  0.123310E+02
  0.500000E+00  0.182430E+02  0.125470E+02
  0.500000E+00  0.182640E+02  0.121299E+02
  0.500000E+00  0.182850E+02  0.122383E+02
  0.500000E+00  0.183060E+02  0.124473E+02
  0.500000E+00  0.183270E+02  0.126769E+02
  0.500000E+00  0.183480E+02  0.124721E+02
  0.500000E+00  0.183690E+02  0.123798E+02
  0.500000E+00  0.183900E+02  0.125252E+02
  0.500000E+00  0.184110E+02  0.126688E+02
  0.500000E+00  0.184320E+02  0.129428E+02
  0.500000E+00  0.184530E+02  0.124849E+02
  0.500000E+00  0.184740E+02  0.126818E+02
  0.500000E+00  0.184950E+02  0.127763E+02
  0.500000E+00  0.185160E+02  0.130689E+02
  0.500000E+00  0.185370E+02  0.128642E+02
  0.500000E+00  0.185580E+02  0.128739E+02
  0.500000E+00  0.185790E+02  0.128664E+02
  0.500000E+00  0.186000E+02  0.130279E+02
  0.500000E+00  0.186210E+02  0.133937E+02
  0.500000E+00  0.186420E+02  0.129095E+02
  0.500000E+00  0.186630E+02  0.131228E+02
  0.500000E+00  0.186840E+02  0.131064E+02
  0.500000E+00  0.187050E+02  0.134739E+02
  0.500000E+00  0.187260E+02  0.133017E+02
  0.500000E+00  0.187470E+02  0.132941E+02
  0.500000E+00  0.187680E+02  0.133271E+02
  0.500000E+00  0.187890E+02  0.133649E+02
  0.500000E+00  0.188100E+02  0.138993E+02
  0.500000E+00  0.188310E+02  0.133615E+02
  0.500000E+00  0.188520E+02  0.136711E+02
  0.500000E+00  0.188730E+02  0.134351E+02
  0.500000E+00  0.188940E+02  0.139443E+02
  0.500000E+00  0.189150E+02  0.137862E+02
  0.500000E+00  0.189360E+02  0.137859E+02
  0.500000E+00  0.189570E+02  0.137330E+02
  0.500000E+00  0.189780E+02  0.137694E+02
  0.500000E+00  0.189990E+02  0.143325E+02
  0.500000E+00  0.190200E+02  0.138579E+02
  0.500000E+00  0.190410E+02  0.142112E+02
  0.500000E+00  0.190620E+02  0.138556E+02
  0.500000E+00  0.190830E+02  0.143648E+02
  0.500000E+00  0.191040E+02  0.143754E+02
  0.500000E+00  0.191250E+02  0.142505E+02
  0.500000E+00  0.191470E+02  0.141463E+02
  0.500000E+00  0.191680E+02  0.142566E+02
  0.500000E+00  0.191890E+02  0.147475E+02
  0.500000E+00  0.192100E+02  0.143935E+02
  0.500000E+00  0.192310E+02  0.147249E+02
  0.500000E+00  0.192520E+02  0.143278E+02
  0.500000E+00  0.192730E+02  0.148896E+02
  0.500000E+00  0.192940E+02  0.148921E+02
  0.500000E+00  0.193150E+02  0.147927E+02
  0.500000E+00  0.193360E+02  0.145935E+02
  0.500000E+00  0.193570E+02  0.148347E+02
  0.500000E+00  0.193780E+02  0.151611E+02
  0.500000E+00  0.193990E+02  0.149566E+02
  0.500000E+00  0.194200E+02  0.152623E+02
  0.500000E+00  0.194410E+02  0.148870E+02
  0.500000E+00  0.194620E+02  0.152917E+02
  0.500000E+00  0.194830E+02  0.152377E+02
  0.500000E+00  0.195040E+02  0.155411E+02
  0.500000E+00  0.195250E+02  0.151074E+02
  0.500000E+00  0.195460E+02  0.154060E+02
  0.500000E+00  0.195670E+02  0.156099E+02
  0.500000E+00  0.195880E+02  0.154964E+02
  0.500000E+00  0.196090E+02  0.158708E+02
  0.500000E+00  0.196300E+02  0.154324E+02
  0.500000E+00  0.196510E+02  0.159303E+02
  0.500000E+00  0.196720E+02  0.156107E+02
  0.500000E+00  0.196930E+02  0.164090E+02
  0.500000E+00  0.197140E+02  0.156650E+02
  0.500000E+00  0.197350E+02  0.161736E+02
  0.500000E+00  0.197560E+02  0.160229E+02
  0.500000E+00  0.197770E+02  0.160543E+02
  0.500000E+00  0.197980E+02  0.165611E+02
  0.500000E+00  0.198190E+02  0.159691E+02
  0.500000E+00  0.198400E+02  0.167552E+02
  0.500000E+00  0.198610E+02  0.160636E+02
  0.500000E+00  0.198820E+02  0.172108E+02
  0.500000E+00  0.199030E+02  0.162954E+02
  0.500000E+00  0.199240E+02  0.172552E+02
  0.500000E+00  0.199450E+02  0.164490E+02
  0.500000E+00  0.199660E+02  0.166041E+02
  0.500000E+00  0.199870E+02  0.176844E+02
  0.500000E+00  0.200080E+02  0.166533E+02
  0.500000E+00  0.200290E+02  0.172373E+02
  0.500000E+00  0.200500E+02  0.165976E+02
  0.500000E+00  0.200710E+02  0.186847E+02
  0.500000E+00  0.200920E+02  0.170308E+02
  0.500000E+00  0.201130E+02  0.179747E+02
  0.500000E+00  0.201340E+02  0.169700E+02
  0.500000E+00  0.201550E+02  0.173521E+02
  0.500000E+00  0.201760E+02  0.180966E+02
  0.500000E+00  0.201970E+02  0.174244E+02
  0.500000E+00  0.202180E+02  0.179204E+02
  0.500000E+00  0.202390E+02  0.172611E+02
  0.500000E+00  0.202600E+02  0.188737E+02
  0.500000E+00  0.202810E+02  0.177961E+02
  0.500000E+00  0.203020E+02  0.187130E+02
  0.500000E+00  0.203230E+02  0.175827E+02
  0.500000E+00  0.203440E+02  0.181530E+02
  0.500000E+00  0.203650E+02  0.189787E+02
  0.500000E+00  0.203870E+02  0.181716E+02
  0.500000E+00  0.204080E+02  0.186751E+02
  0.500000E+00  0.204290E+02  0.179952E+02
  0.500000E+00  0.204500E+02  0.204500E+02
  0.500000E+00  0.204710E+02  0.183916E+02
  0.500000E+00  0.205130E+02  0.183220E+02
  0.500000E+00  0.205550E+02  0.190571E+02
  0.500000E+00  0.205760E+02  0.189099E+02
  0.500000E+00  0.205970E+02  0.188641E+02
  0.500000E+00  0.206180E+02  0.202714E+02
  0.500000E+00  0.206600E+02  0.190710E+02
  0.500000E+00  0.207020E+02  0.193157E+02
  0.500000E+00  0.207440E+02  0.197043E+02
  0.500000E+00  0.207650E+02  0.195225E+02
  0.500000E+00  0.208070E+02  0.208070E+02
  0.500000E+00  0.208490E+02  0.198093E+02
  0.500000E+00  0.209330E+02  0.202399E+02
  0.500000E+00  0.209960E+02  0.209960E+02
