  0.800000E+00  0.000000E+00  0.000000E+00
  0.800000E+00  0.187284E+01  0.585293E+00
  0.800000E+00  0.188964E+01  0.226087E+00
  0.800000E+00  0.189804E+01  0.559699E-01
  0.800000E+00  0.190644E+01  0.797401E+00
  0.800000E+00  0.193163E+01 -0.286439E+00
  0.800000E+00  0.194003E+01  0.276477E+00
  0.800000E+00  0.195683E+01  0.293274E+00
  0.800000E+00  0.196522E+01  0.141071E+01
  0.800000E+00  0.197362E+01 -0.143013E-01
  0.800000E+00  0.198202E+01 -0.236049E+00
  0.800000E+00  0.200722E+01  0.343664E+00
  0.800000E+00  0.201562E+01  0.352063E+00
  0.800000E+00  0.203241E+01  0.368859E+00
  0.800000E+00  0.204081E+01 -0.177260E+00
  0.800000E+00  0.204921E+01  0.385657E+00
  0.800000E+00  0.205761E+01  0.948575E+00
  0.800000E+00  0.206601E+01 -0.246287E+00
  0.800000E+00  0.210800E+01 -0.110071E+00
  0.800000E+00  0.215839E+01  0.170465E+00
  0.800000E+00  0.218358E+01  0.162906E+01
  0.800000E+00  0.321660E+01  0.321660E+01
  0.800000E+00  0.322500E+01  0.211596E+01
  0.800000E+00  0.325020E+01  0.158665E+01
  0.800000E+00  0.325860E+01  0.325860E+01
  0.800000E+00  0.326700E+01  0.160345E+01
  0.800000E+00  0.327540E+01  0.878814E+00
  0.800000E+00  0.330900E+01  0.164545E+01
  0.800000E+00  0.332580E+01  0.110773E+01
  0.800000E+00  0.333420E+01  0.561611E+00
  0.800000E+00  0.336780E+01  0.170425E+01
  0.800000E+00  0.337620E+01  0.185013E+00
  0.800000E+00  0.338460E+01  0.116653E+01
  0.800000E+00  0.339300E+01  0.117493E+01
  0.800000E+00  0.340140E+01 -0.199329E-01
  0.800000E+00  0.340970E+01  0.161346E+00
  0.800000E+00  0.341810E+01  0.909935E-01
  0.800000E+00  0.342650E+01  0.111420E+01
  0.800000E+00  0.343490E+01  0.337939E+00
  0.800000E+00  0.344330E+01 -0.331499E+00
  0.800000E+00  0.345170E+01  0.169392E+01
  0.800000E+00  0.346850E+01  0.371539E+00
  0.800000E+00  0.347690E+01 -0.353093E+00
  0.800000E+00  0.348530E+01 -0.965695E-01
  0.800000E+00  0.349370E+01  0.951257E+00
  0.800000E+00  0.350210E+01 -0.404142E+00
  0.800000E+00  0.351050E+01  0.119820E+01
  0.800000E+00  0.351890E+01  0.975671E-01
  0.800000E+00  0.352730E+01  0.754711E+00
  0.800000E+00  0.353570E+01 -0.115779E+00
  0.800000E+00  0.354410E+01 -0.107379E+00
  0.800000E+00  0.355250E+01 -0.889868E+00
  0.800000E+00  0.356090E+01  0.788311E+00
  0.800000E+00  0.356930E+01 -0.986740E-01
  0.800000E+00  0.357770E+01 -0.197099E+00
  0.800000E+00  0.358610E+01  0.164767E+00
  0.800000E+00  0.359450E+01  0.497539E+00
  0.800000E+00  0.360290E+01 -0.667130E+00
  0.800000E+00  0.361130E+01 -0.104213E+00
  0.800000E+00  0.361970E+01 -0.261924E+00
  0.800000E+00  0.362810E+01  0.122479E+00
  0.800000E+00  0.363650E+01 -0.166372E+00
  0.800000E+00  0.364490E+01  0.119525E+00
  0.800000E+00  0.365330E+01  0.556339E+00
  0.800000E+00  0.366170E+01 -0.627398E-02
  0.800000E+00  0.367010E+01 -0.769161E+00
  0.800000E+00  0.367850E+01 -0.297351E+00
  0.800000E+00  0.368690E+01  0.589939E+00
  0.800000E+00  0.369530E+01  0.113431E+00
  0.800000E+00  0.370370E+01  0.148563E+01
  0.800000E+00  0.371210E+01 -0.518514E+00
  0.800000E+00  0.372050E+01  0.117806E+01
  0.800000E+00  0.372890E+01  0.774214E-01
  0.800000E+00  0.373730E+01 -0.374991E-01
  0.800000E+00  0.374570E+01  0.152763E+01
  0.800000E+00  0.375410E+01  0.153603E+01
  0.800000E+00  0.376250E+01 -0.122991E-01
  0.800000E+00  0.377090E+01 -0.389910E-02
  0.800000E+00  0.377930E+01  0.123686E+01
  0.800000E+00  0.378770E+01 -0.939242E-01
  0.800000E+00  0.379610E+01  0.125366E+01
  0.800000E+00  0.380450E+01  0.113874E+01
  0.800000E+00  0.381290E+01  0.715939E+00
  0.800000E+00  0.382970E+01 -0.519242E-01
  0.800000E+00  0.385490E+01  0.634619E+00
  0.800000E+00  0.386330E+01  0.219975E+01
  0.800000E+00  0.387170E+01  0.220815E+01
  0.800000E+00  0.388010E+01  0.374479E+00
  0.800000E+00  0.389690E+01  0.223335E+01
  0.800000E+00  0.390530E+01  0.685019E+00
  0.800000E+00  0.392210E+01  0.336758E+01
  0.800000E+00  0.393050E+01  0.393050E+01
  0.800000E+00  0.394720E+01  0.172913E+01
  0.800000E+00  0.395560E+01  0.229205E+01
  0.800000E+00  0.400600E+01  0.234245E+01
  0.800000E+00  0.403960E+01  0.348508E+01
  0.800000E+00  0.430840E+01  0.204183E+01
  0.800000E+00  0.431680E+01  0.648826E+00
  0.800000E+00  0.432520E+01  0.102708E+00
  0.800000E+00  0.433360E+01  0.707520E+00
  0.800000E+00  0.434200E+01  0.194541E+01
  0.800000E+00  0.435880E+01  0.324976E+01
  0.800000E+00  0.436720E+01  0.436720E+01
  0.800000E+00  0.439240E+01  0.272885E+01
  0.800000E+00  0.440080E+01  0.130770E+00
  0.800000E+00  0.440920E+01 -0.185203E+00
  0.800000E+00  0.446790E+01  0.151680E+01
  0.800000E+00  0.447630E+01  0.110069E+01
  0.800000E+00  0.448470E+01  0.300244E-01
  0.800000E+00  0.449310E+01 -0.404894E+00
  0.800000E+00  0.450150E+01  0.843313E-01
  0.800000E+00  0.450990E+01  0.155880E+01
  0.800000E+00  0.455190E+01  0.145494E+01
  0.800000E+00  0.456030E+01  0.844787E+00
  0.800000E+00  0.456870E+01 -0.224472E+00
  0.800000E+00  0.457710E+01  0.467316E-01
  0.800000E+00  0.458550E+01 -0.175014E+00
  0.800000E+00  0.459390E+01  0.126679E+01
  0.800000E+00  0.460230E+01  0.293875E+01
  0.800000E+00  0.461070E+01  0.239263E+01
  0.800000E+00  0.461910E+01  0.184651E+01
  0.800000E+00  0.462750E+01  0.185491E+01
  0.800000E+00  0.463590E+01  0.292423E+00
  0.800000E+00  0.464430E+01  0.136468E+00
  0.800000E+00  0.465270E+01 -0.128381E+00
  0.800000E+00  0.466110E+01 -0.542331E+00
  0.800000E+00  0.466950E+01  0.130841E+00
  0.800000E+00  0.467790E+01  0.993764E+00
  0.800000E+00  0.468630E+01  0.626161E+00
  0.800000E+00  0.469470E+01  0.905741E+00
  0.800000E+00  0.470310E+01  0.242341E+00
  0.800000E+00  0.471150E+01  0.575113E+00
  0.800000E+00  0.471990E+01 -0.656635E-02
  0.800000E+00  0.472830E+01 -0.479907E+00
  0.800000E+00  0.473670E+01 -0.380844E+00
  0.800000E+00  0.474510E+01 -0.745106E+00
  0.800000E+00  0.475350E+01  0.268858E+00
  0.800000E+00  0.476190E+01  0.893867E-01
  0.800000E+00  0.477030E+01  0.485031E+00
  0.800000E+00  0.477870E+01 -0.723282E-01
  0.800000E+00  0.478710E+01 -0.190961E+00
  0.800000E+00  0.479550E+01  0.349860E-01
  0.800000E+00  0.480390E+01 -0.345020E+00
  0.800000E+00  0.481230E+01 -0.395907E+00
  0.800000E+00  0.482070E+01 -0.396974E+00
  0.800000E+00  0.482910E+01 -0.722303E+00
  0.800000E+00  0.483750E+01  0.111034E+00
  0.800000E+00  0.484590E+01 -0.485778E-01
  0.800000E+00  0.485430E+01  0.469789E+00
  0.800000E+00  0.486270E+01 -0.222186E+00
  0.800000E+00  0.487110E+01 -0.235705E+00
  0.800000E+00  0.487950E+01  0.418741E+00
  0.800000E+00  0.488790E+01 -0.320307E+00
  0.800000E+00  0.489630E+01 -0.443349E+00
  0.800000E+00  0.490470E+01 -0.393489E+00
  0.800000E+00  0.491310E+01  0.733132E-01
  0.800000E+00  0.492150E+01 -0.340243E-01
  0.800000E+00  0.492990E+01  0.305305E+00
  0.800000E+00  0.493830E+01  0.820304E+00
  0.800000E+00  0.494670E+01 -0.170844E+00
  0.800000E+00  0.495510E+01 -0.386786E-01
  0.800000E+00  0.496350E+01  0.118870E+01
  0.800000E+00  0.497190E+01 -0.597895E+00
  0.800000E+00  0.498030E+01  0.823058E-01
  0.800000E+00  0.498860E+01 -0.128944E+00
  0.800000E+00  0.499700E+01 -0.934225E-01
  0.800000E+00  0.500540E+01  0.102955E+01
  0.800000E+00  0.501380E+01  0.728531E+00
  0.800000E+00  0.502220E+01 -0.251139E+00
  0.800000E+00  0.503060E+01  0.148595E+01
  0.800000E+00  0.503900E+01  0.194204E+01
  0.800000E+00  0.504740E+01 -0.516311E+00
  0.800000E+00  0.505580E+01 -0.123313E+00
  0.800000E+00  0.506420E+01  0.284613E+01
  0.800000E+00  0.507260E+01  0.147017E+00
  0.800000E+00  0.508100E+01 -0.173462E+00
  0.800000E+00  0.509780E+01  0.255536E+01
  0.800000E+00  0.510620E+01  0.537858E+00
  0.800000E+00  0.511460E+01 -0.414798E+00
  0.800000E+00  0.512300E+01  0.147152E+01
  0.800000E+00  0.513140E+01  0.995013E+00
  0.800000E+00  0.513980E+01 -0.191727E+00
  0.800000E+00  0.515660E+01  0.460208E+01
  0.800000E+00  0.516500E+01 -0.158322E+00
  0.800000E+00  0.517340E+01  0.240081E+01
  0.800000E+00  0.518180E+01  0.351825E+01
  0.800000E+00  0.519020E+01 -0.233738E+00
  0.800000E+00  0.519860E+01  0.177727E+01
  0.800000E+00  0.520700E+01  0.187989E+01
  0.800000E+00  0.521540E+01  0.115526E+01
  0.800000E+00  0.522380E+01  0.356025E+01
  0.800000E+00  0.523220E+01  0.148650E+01
  0.800000E+00  0.524060E+01  0.869535E+00
  0.800000E+00  0.524900E+01  0.118886E+01
  0.800000E+00  0.525740E+01  0.148260E+01
  0.800000E+00  0.526580E+01  0.138418E+01
  0.800000E+00  0.527420E+01  0.361065E+01
  0.800000E+00  0.528260E+01  0.306453E+01
  0.800000E+00  0.529100E+01  0.274856E+01
  0.800000E+00  0.529940E+01  0.136928E+01
  0.800000E+00  0.530780E+01  0.184321E+01
  0.800000E+00  0.531620E+01  0.236510E+01
  0.800000E+00  0.532460E+01  0.772312E+00
  0.800000E+00  0.533300E+01  0.100368E+01
  0.800000E+00  0.534140E+01  0.429492E+00
  0.800000E+00  0.534980E+01  0.153325E+01
  0.800000E+00  0.535820E+01  0.122637E+01
  0.800000E+00  0.536660E+01  0.108891E+01
  0.800000E+00  0.537500E+01  0.702487E+00
  0.800000E+00  0.538340E+01  0.121145E+01
  0.800000E+00  0.539180E+01  0.299521E+01
  0.800000E+00  0.540020E+01  0.162540E+01
  0.800000E+00  0.540860E+01  0.127221E+01
  0.800000E+00  0.541700E+01  0.176552E+01
  0.800000E+00  0.542540E+01 -0.747857E-01
  0.800000E+00  0.543380E+01  0.120854E+00
  0.800000E+00  0.544220E+01  0.715734E+00
  0.800000E+00  0.545060E+01  0.212349E+01
  0.800000E+00  0.545900E+01  0.587764E+00
  0.800000E+00  0.546740E+01  0.177767E+00
  0.800000E+00  0.547580E+01  0.137663E+01
  0.800000E+00  0.548420E+01  0.112681E+01
  0.800000E+00  0.549260E+01  0.143246E+01
  0.800000E+00  0.550100E+01  0.705831E+00
  0.800000E+00  0.550930E+01  0.198392E+01
  0.800000E+00  0.551770E+01 -0.164958E+00
  0.800000E+00  0.552610E+01  0.614192E+00
  0.800000E+00  0.553450E+01  0.510216E-02
  0.800000E+00  0.554290E+01  0.152380E+01
  0.800000E+00  0.555130E+01  0.333626E+00
  0.800000E+00  0.555970E+01 -0.101623E+00
  0.800000E+00  0.556810E+01  0.115093E+01
  0.800000E+00  0.557650E+01  0.115933E+01
  0.800000E+00  0.558490E+01  0.225779E+01
  0.800000E+00  0.559330E+01  0.439268E+00
  0.800000E+00  0.560170E+01  0.858029E+00
  0.800000E+00  0.561010E+01  0.154996E+01
  0.800000E+00  0.561850E+01 -0.455796E+00
  0.800000E+00  0.562690E+01  0.174388E+00
  0.800000E+00  0.563530E+01  0.531202E+00
  0.800000E+00  0.564370E+01  0.264634E+00
  0.800000E+00  0.565210E+01  0.171999E+00
  0.800000E+00  0.566050E+01  0.734917E+00
  0.800000E+00  0.566890E+01  0.729871E+00
  0.800000E+00  0.567730E+01  0.268042E+00
  0.800000E+00  0.568570E+01  0.127496E+01
  0.800000E+00  0.569410E+01  0.158546E+01
  0.800000E+00  0.570250E+01  0.750248E+00
  0.800000E+00  0.571090E+01 -0.531848E+00
  0.800000E+00  0.571930E+01  0.691993E+00
  0.800000E+00  0.572770E+01  0.195121E+00
  0.800000E+00  0.573610E+01  0.490677E+00
  0.800000E+00  0.574450E+01  0.173192E+00
  0.800000E+00  0.575290E+01  0.690551E+00
  0.800000E+00  0.576130E+01  0.877465E+00
  0.800000E+00  0.576970E+01  0.232645E+01
  0.800000E+00  0.577810E+01  0.124496E+01
  0.800000E+00  0.578650E+01  0.165011E+01
  0.800000E+00  0.579490E+01  0.214342E+01
  0.800000E+00  0.580330E+01 -0.589974E+00
  0.800000E+00  0.581170E+01  0.811720E+00
  0.800000E+00  0.582010E+01  0.161828E+01
  0.800000E+00  0.582850E+01 -0.164370E+00
  0.800000E+00  0.583690E+01  0.695709E+00
  0.800000E+00  0.584530E+01  0.330286E+01
  0.800000E+00  0.585370E+01  0.161505E+01
  0.800000E+00  0.586210E+01  0.193198E+01
  0.800000E+00  0.587050E+01  0.309791E+01
  0.800000E+00  0.587890E+01  0.160887E+01
  0.800000E+00  0.588730E+01 -0.485136E+00
  0.800000E+00  0.589570E+01  0.548011E+00
  0.800000E+00  0.590410E+01  0.280714E+01
  0.800000E+00  0.591250E+01 -0.118722E+00
  0.800000E+00  0.592090E+01  0.612143E+00
  0.800000E+00  0.592930E+01  0.290195E+01
  0.800000E+00  0.593770E+01  0.113657E+01
  0.800000E+00  0.594610E+01  0.172361E+01
  0.800000E+00  0.595450E+01  0.484546E+01
  0.800000E+00  0.596290E+01 -0.357609E+00
  0.800000E+00  0.597130E+01  0.348739E+00
  0.800000E+00  0.597970E+01  0.989040E+00
  0.800000E+00  0.598810E+01 -0.764598E-01
  0.800000E+00  0.599650E+01  0.402823E+00
  0.800000E+00  0.600490E+01  0.145261E+01
  0.800000E+00  0.601330E+01  0.732316E+00
  0.800000E+00  0.602170E+01 -0.246447E+00
  0.800000E+00  0.603010E+01  0.436655E+01
  0.800000E+00  0.603840E+01  0.271129E+01
  0.800000E+00  0.604680E+01 -0.100585E+01
  0.800000E+00  0.605520E+01  0.494616E+01
  0.800000E+00  0.606360E+01  0.200346E+01
  0.800000E+00  0.607200E+01 -0.213675E+00
  0.800000E+00  0.608040E+01  0.242892E+01
  0.800000E+00  0.608880E+01  0.109658E+01
  0.800000E+00  0.609720E+01  0.716213E+00
  0.800000E+00  0.610560E+01  0.500706E-01
  0.800000E+00  0.611400E+01  0.198217E+01
  0.800000E+00  0.612240E+01 -0.213667E+00
  0.800000E+00  0.613080E+01  0.585623E+00
  0.800000E+00  0.613920E+01  0.139553E+01
  0.800000E+00  0.614760E+01  0.197565E+01
  0.800000E+00  0.615600E+01  0.164817E+01
  0.800000E+00  0.616440E+01  0.711888E+00
  0.800000E+00  0.617280E+01  0.666030E+00
  0.800000E+00  0.618120E+01  0.599375E+00
  0.800000E+00  0.618960E+01  0.123735E+01
  0.800000E+00  0.619800E+01  0.479323E+00
  0.800000E+00  0.620640E+01  0.155271E+01
  0.800000E+00  0.621480E+01  0.148833E+01
  0.800000E+00  0.622320E+01  0.201720E+01
  0.800000E+00  0.623160E+01  0.135494E+01
  0.800000E+00  0.624000E+01  0.655195E+00
  0.800000E+00  0.624840E+01  0.120630E+01
  0.800000E+00  0.625680E+01  0.134145E+01
  0.800000E+00  0.626520E+01  0.196498E+01
  0.800000E+00  0.627360E+01  0.143381E+01
  0.800000E+00  0.628200E+01  0.168249E+01
  0.800000E+00  0.629040E+01  0.149723E+01
  0.800000E+00  0.629880E+01  0.150563E+01
  0.800000E+00  0.630720E+01  0.228810E+01
  0.800000E+00  0.631560E+01  0.174198E+01
  0.800000E+00  0.632400E+01  0.123911E+01
  0.800000E+00  0.633240E+01  0.173800E+01
  0.800000E+00  0.634080E+01  0.176718E+01
  0.800000E+00  0.634920E+01  0.241908E+01
  0.800000E+00  0.635760E+01  0.162464E+01
  0.800000E+00  0.636600E+01  0.175134E+01
  0.800000E+00  0.637440E+01  0.223801E+01
  0.800000E+00  0.638280E+01  0.199829E+01
  0.800000E+00  0.639120E+01  0.250958E+01
  0.800000E+00  0.639960E+01  0.245780E+01
  0.800000E+00  0.640800E+01  0.182913E+01
  0.800000E+00  0.641640E+01  0.264160E+01
  0.800000E+00  0.642480E+01  0.208837E+01
  0.800000E+00  0.643320E+01  0.270245E+01
  0.800000E+00  0.644160E+01  0.176909E+01
  0.800000E+00  0.645000E+01  0.856323E+00
  0.800000E+00  0.645840E+01  0.218837E+01
  0.800000E+00  0.646680E+01  0.281532E+01
  0.800000E+00  0.647520E+01  0.253972E+00
  0.800000E+00  0.649200E+01  0.395436E+00
  0.800000E+00  0.650040E+01  0.278489E+01
  0.800000E+00  0.650880E+01  0.257868E+01
  0.800000E+00  0.651720E+01  0.135809E+01
  0.800000E+00  0.652560E+01  0.219628E+01
  0.800000E+00  0.653400E+01  0.364045E+00
  0.800000E+00  0.654240E+01  0.372131E+01
  0.800000E+00  0.655080E+01  0.342085E+00
  0.800000E+00  0.655910E+01  0.167527E+01
  0.800000E+00  0.656750E+01  0.150515E+01
  0.800000E+00  0.657590E+01  0.163687E+01
  0.800000E+00  0.658430E+01  0.279534E+01
  0.800000E+00  0.659270E+01  0.260581E+01
  0.800000E+00  0.660110E+01  0.177655E+01
  0.800000E+00  0.660950E+01  0.372325E+00
  0.800000E+00  0.661790E+01  0.215714E+01
  0.800000E+00  0.662630E+01  0.795158E+00
  0.800000E+00  0.663470E+01  0.129102E+01
  0.800000E+00  0.664310E+01  0.192538E+01
  0.800000E+00  0.665150E+01  0.154469E+01
  0.800000E+00  0.665990E+01  0.227539E+01
  0.800000E+00  0.666830E+01  0.118820E+01
  0.800000E+00  0.667670E+01  0.321211E+01
  0.800000E+00  0.668510E+01  0.112445E+01
  0.800000E+00  0.669350E+01  0.739975E+00
  0.800000E+00  0.670190E+01  0.276010E+01
  0.800000E+00  0.671030E+01  0.152137E+01
  0.800000E+00  0.671870E+01  0.128752E+01
  0.800000E+00  0.672710E+01  0.215348E+01
  0.800000E+00  0.673550E+01  0.129536E+01
  0.800000E+00  0.674390E+01  0.178838E+01
  0.800000E+00  0.675230E+01  0.125875E+01
  0.800000E+00  0.676070E+01  0.301500E+01
  0.800000E+00  0.676910E+01  0.172994E+01
  0.800000E+00  0.677750E+01  0.289588E+01
  0.800000E+00  0.678590E+01  0.899855E+00
  0.800000E+00  0.679430E+01  0.357402E+01
  0.800000E+00  0.680270E+01  0.143526E+01
  0.800000E+00  0.681110E+01  0.169356E+01
  0.800000E+00  0.681950E+01  0.197595E+01
  0.800000E+00  0.682790E+01  0.115584E+01
  0.800000E+00  0.683630E+01  0.194359E+01
  0.800000E+00  0.684470E+01  0.177666E+01
  0.800000E+00  0.685310E+01  0.196927E+01
  0.800000E+00  0.686150E+01  0.335588E+01
  0.800000E+00  0.686990E+01  0.251251E+01
  0.800000E+00  0.687830E+01  0.115899E+01
  0.800000E+00  0.688670E+01  0.344345E+01
  0.800000E+00  0.689510E+01  0.130142E+01
  0.800000E+00  0.690350E+01  0.280433E+01
  0.800000E+00  0.691190E+01  0.142337E+01
  0.800000E+00  0.692030E+01  0.181349E+01
  0.800000E+00  0.692870E+01  0.235508E+01
  0.800000E+00  0.693710E+01  0.209731E+01
  0.800000E+00  0.694550E+01  0.277355E+01
  0.800000E+00  0.695390E+01  0.274790E+01
  0.800000E+00  0.696230E+01  0.310607E+01
  0.800000E+00  0.697070E+01  0.278155E+01
  0.800000E+00  0.697910E+01  0.137956E+01
  0.800000E+00  0.698750E+01  0.146772E+01
  0.800000E+00  0.699590E+01  0.252311E+01
  0.800000E+00  0.700430E+01  0.269670E+01
  0.800000E+00  0.701270E+01  0.149292E+01
  0.800000E+00  0.702110E+01  0.229463E+01
  0.800000E+00  0.702950E+01  0.319951E+01
  0.800000E+00  0.703790E+01  0.267707E+01
  0.800000E+00  0.704630E+01  0.274608E+01
  0.800000E+00  0.705470E+01  0.345485E+01
  0.800000E+00  0.706310E+01  0.475080E+01
  0.800000E+00  0.707150E+01  0.150779E+01
  0.800000E+00  0.707980E+01  0.202319E+01
  0.800000E+00  0.708820E+01  0.207596E+01
  0.800000E+00  0.709660E+01  0.376949E+01
  0.800000E+00  0.710500E+01  0.211434E+01
  0.800000E+00  0.711340E+01  0.216115E+01
  0.800000E+00  0.712180E+01  0.259143E+01
  0.800000E+00  0.713020E+01  0.380309E+01
  0.800000E+00  0.713860E+01  0.278121E+01
  0.800000E+00  0.714700E+01  0.349552E+01
  0.800000E+00  0.715540E+01  0.660088E+01
  0.800000E+00  0.716380E+01  0.171129E+01
  0.800000E+00  0.717220E+01  0.241169E+01
  0.800000E+00  0.718060E+01  0.191720E+01
  0.800000E+00  0.718900E+01  0.552545E+01
  0.800000E+00  0.719740E+01  0.331578E+01
  0.800000E+00  0.720580E+01  0.187427E+01
  0.800000E+00  0.721420E+01  0.248773E+01
  0.800000E+00  0.722260E+01  0.427150E+01
  0.800000E+00  0.723100E+01  0.372538E+01
  0.800000E+00  0.723940E+01  0.303340E+01
  0.800000E+00  0.724780E+01  0.438098E+01
  0.800000E+00  0.725620E+01  0.249569E+01
  0.800000E+00  0.726460E+01  0.214174E+01
  0.800000E+00  0.727300E+01  0.262889E+01
  0.800000E+00  0.728140E+01  0.322126E+01
  0.800000E+00  0.728980E+01  0.301977E+01
  0.800000E+00  0.729820E+01  0.266135E+01
  0.800000E+00  0.730660E+01  0.254609E+01
  0.800000E+00  0.731500E+01  0.454241E+01
  0.800000E+00  0.732340E+01  0.565985E+01
  0.800000E+00  0.733180E+01  0.411152E+01
  0.800000E+00  0.734020E+01  0.438910E+01
  0.800000E+00  0.734860E+01  0.226371E+01
  0.800000E+00  0.735700E+01  0.253245E+01
  0.800000E+00  0.736540E+01  0.426844E+01
  0.800000E+00  0.737380E+01  0.460121E+01
  0.800000E+00  0.738220E+01  0.285183E+01
  0.800000E+00  0.739060E+01  0.312057E+01
  0.800000E+00  0.739900E+01  0.277441E+01
  0.800000E+00  0.740740E+01  0.463481E+01
  0.800000E+00  0.741580E+01  0.542787E+01
  0.800000E+00  0.742420E+01  0.447310E+01
  0.800000E+00  0.743260E+01  0.440525E+01
  0.800000E+00  0.744100E+01  0.297420E+01
  0.800000E+00  0.744940E+01  0.283474E+01
  0.800000E+00  0.745780E+01  0.461352E+01
  0.800000E+00  0.746620E+01  0.381472E+01
  0.800000E+00  0.747460E+01  0.333821E+01
  0.800000E+00  0.748300E+01  0.342286E+01
  0.800000E+00  0.749140E+01  0.322137E+01
  0.800000E+00  0.749980E+01  0.528173E+01
  0.800000E+00  0.750820E+01  0.584465E+01
  0.800000E+00  0.751660E+01  0.474401E+01
  0.800000E+00  0.752500E+01  0.442804E+01
  0.800000E+00  0.753340E+01  0.347326E+01
  0.800000E+00  0.754180E+01  0.333580E+01
  0.800000E+00  0.755860E+01  0.433832E+01
  0.800000E+00  0.756700E+01  0.320961E+01
  0.800000E+00  0.757540E+01  0.415407E+01
  0.800000E+00  0.758380E+01  0.328358E+01
  0.800000E+00  0.759220E+01  0.537413E+01
  0.800000E+00  0.760060E+01  0.593705E+01
  0.800000E+00  0.760890E+01  0.467805E+01
  0.800000E+00  0.761730E+01  0.539923E+01
  0.800000E+00  0.762570E+01  0.522911E+01
  0.800000E+00  0.763410E+01  0.375248E+01
  0.800000E+00  0.765090E+01  0.420765E+01
  0.800000E+00  0.765930E+01  0.345330E+01
  0.800000E+00  0.767610E+01  0.379448E+01
  0.800000E+00  0.768450E+01  0.546643E+01
  0.800000E+00  0.769290E+01  0.547483E+01
  0.800000E+00  0.770130E+01  0.548323E+01
  0.800000E+00  0.771810E+01  0.517566E+01
  0.800000E+00  0.772650E+01  0.439939E+01
  0.800000E+00  0.774330E+01  0.396850E+01
  0.800000E+00  0.775170E+01  0.410022E+01
  0.800000E+00  0.776850E+01  0.418663E+01
  0.800000E+00  0.779370E+01  0.502111E+01
  0.800000E+00  0.780210E+01  0.581417E+01
  0.800000E+00  0.781050E+01  0.541391E+01
  0.800000E+00  0.781890E+01  0.638549E+01
  0.800000E+00  0.783570E+01  0.418422E+01
  0.800000E+00  0.784410E+01  0.507151E+01
  0.800000E+00  0.785250E+01  0.505529E+01
  0.800000E+00  0.788610E+01  0.478914E+01
  0.800000E+00  0.789450E+01  0.623095E+01
  0.800000E+00  0.792810E+01  0.515551E+01
  0.800000E+00  0.793650E+01  0.483954E+01
  0.800000E+00  0.796170E+01  0.685266E+01
  0.800000E+00  0.797010E+01  0.575203E+01
  0.800000E+00  0.797850E+01  0.576043E+01
  0.800000E+00  0.798690E+01  0.599897E+01
  0.800000E+00  0.802050E+01  0.519941E+01
  0.800000E+00  0.806250E+01  0.639895E+01
  0.800000E+00  0.807090E+01  0.585283E+01
  0.800000E+00  0.811290E+01  0.589483E+01
  0.800000E+00  0.815480E+01  0.649125E+01
  0.800000E+00  0.816320E+01  0.617527E+01
  0.800000E+00  0.821360E+01  0.821360E+01
  0.800000E+00  0.824720E+01  0.658365E+01
  0.800000E+00  0.833120E+01  0.722216E+01
  0.800000E+00  0.839000E+01  0.839000E+01
