  0.800000E+00  0.000000E+00  0.000000E+00
  0.800000E+00  0.302645E+01  0.173890E+01
  0.800000E+00  0.304747E+01  0.574636E+00
  0.800000E+00  0.306848E+01  0.247392E+00
  0.800000E+00  0.308950E+01  0.222685E+00
  0.800000E+00  0.311052E+01  0.568077E+00
  0.800000E+00  0.313154E+01  0.221471E+00
  0.800000E+00  0.315255E+01  0.379961E+00
  0.800000E+00  0.317357E+01  0.400981E+00
  0.800000E+00  0.319459E+01  0.473632E+00
  0.800000E+00  0.321560E+01  0.264496E+00
  0.800000E+00  0.323662E+01  0.694177E+00
  0.800000E+00  0.325764E+01  0.485051E+00
  0.800000E+00  0.327865E+01  0.368581E+00
  0.800000E+00  0.329967E+01  0.757227E+00
  0.800000E+00  0.332069E+01  0.778247E+00
  0.800000E+00  0.334171E+01  0.167816E+01
  0.800000E+00  0.336272E+01  0.889886E+00
  0.800000E+00  0.340476E+01  0.118669E+01
  0.800000E+00  0.344679E+01  0.145887E+01
  0.800000E+00  0.348882E+01  0.293431E+01
  0.800000E+00  0.559050E+01  0.430295E+01
  0.800000E+00  0.561150E+01  0.272277E+01
  0.800000E+00  0.563260E+01  0.218935E+01
  0.800000E+00  0.565360E+01  0.141495E+01
  0.800000E+00  0.567460E+01  0.131377E+01
  0.800000E+00  0.569560E+01  0.125946E+01
  0.800000E+00  0.571660E+01  0.972929E+00
  0.800000E+00  0.573760E+01  0.494453E+00
  0.800000E+00  0.575870E+01  0.918913E+00
  0.800000E+00  0.577970E+01  0.429016E+00
  0.800000E+00  0.580070E+01  0.385905E+00
  0.800000E+00  0.582170E+01  0.401407E+00
  0.800000E+00  0.584270E+01  0.119008E+00
  0.800000E+00  0.586370E+01  0.335897E+00
  0.800000E+00  0.588480E+01  0.492982E-01
  0.800000E+00  0.590580E+01  0.207761E-01
  0.800000E+00  0.592680E+01  0.474153E-01
  0.800000E+00  0.594780E+01  0.445935E-01
  0.800000E+00  0.596880E+01  0.626028E-01
  0.800000E+00  0.598980E+01  0.649173E-01
  0.800000E+00  0.601090E+01  0.545660E-01
  0.800000E+00  0.603190E+01  0.170728E+00
  0.800000E+00  0.605290E+01  0.268011E-01
  0.800000E+00  0.607390E+01  0.324379E+00
  0.800000E+00  0.609490E+01  0.261030E+00
  0.800000E+00  0.611600E+01  0.235073E+00
  0.800000E+00  0.613700E+01  0.504571E+00
  0.800000E+00  0.615800E+01  0.353527E+00
  0.800000E+00  0.617900E+01  0.667327E+00
  0.800000E+00  0.620000E+01  0.537327E+00
  0.800000E+00  0.622100E+01  0.889473E+00
  0.800000E+00  0.624210E+01  0.105806E+01
  0.800000E+00  0.626310E+01  0.104543E+01
  0.800000E+00  0.628410E+01  0.145571E+01
  0.800000E+00  0.630510E+01  0.127630E+01
  0.800000E+00  0.632610E+01  0.130479E+01
  0.800000E+00  0.634710E+01  0.207707E+01
  0.800000E+00  0.636820E+01  0.197705E+01
  0.800000E+00  0.638920E+01  0.215055E+01
  0.800000E+00  0.641020E+01  0.313472E+01
  0.800000E+00  0.643120E+01  0.245535E+01
  0.800000E+00  0.645220E+01  0.312509E+01
  0.800000E+00  0.647320E+01  0.296758E+01
  0.800000E+00  0.649430E+01  0.316719E+01
  0.800000E+00  0.651530E+01  0.596078E+01
  0.800000E+00  0.653630E+01  0.426973E+01
  0.800000E+00  0.655730E+01  0.489375E+01
  0.800000E+00  0.659930E+01  0.493575E+01
  0.800000E+00  0.662040E+01  0.606588E+01
  0.800000E+00  0.756610E+01  0.756610E+01
  0.800000E+00  0.758710E+01  0.647806E+01
  0.800000E+00  0.760820E+01  0.594465E+01
  0.800000E+00  0.762920E+01  0.557724E+01
  0.800000E+00  0.765020E+01  0.510776E+01
  0.800000E+00  0.767120E+01  0.454158E+01
  0.800000E+00  0.769220E+01  0.436509E+01
  0.800000E+00  0.771320E+01  0.366820E+01
  0.800000E+00  0.773430E+01  0.344903E+01
  0.800000E+00  0.775530E+01  0.403979E+01
  0.800000E+00  0.777630E+01  0.292527E+01
  0.800000E+00  0.779730E+01  0.341948E+01
  0.800000E+00  0.781830E+01  0.240351E+01
  0.800000E+00  0.783930E+01  0.188671E+01
  0.800000E+00  0.786040E+01  0.213172E+01
  0.800000E+00  0.788140E+01  0.180268E+01
  0.800000E+00  0.790240E+01  0.148935E+01
  0.800000E+00  0.792340E+01  0.168886E+01
  0.800000E+00  0.794440E+01  0.159108E+01
  0.800000E+00  0.796540E+01  0.125355E+01
  0.800000E+00  0.798650E+01  0.115534E+01
  0.800000E+00  0.800750E+01  0.111055E+01
  0.800000E+00  0.802850E+01  0.765956E+00
  0.800000E+00  0.804950E+01  0.800771E+00
  0.800000E+00  0.807050E+01  0.778644E+00
  0.800000E+00  0.809160E+01  0.527842E+00
  0.800000E+00  0.811260E+01  0.564917E+00
  0.800000E+00  0.813360E+01  0.511496E+00
  0.800000E+00  0.815460E+01  0.419477E+00
  0.800000E+00  0.817560E+01  0.449428E+00
  0.800000E+00  0.819660E+01  0.304387E+00
  0.800000E+00  0.821770E+01  0.225528E+00
  0.800000E+00  0.823870E+01  0.335754E+00
  0.800000E+00  0.825970E+01  0.206875E+00
  0.800000E+00  0.828070E+01  0.170580E+00
  0.800000E+00  0.830170E+01  0.204373E+00
  0.800000E+00  0.832270E+01  0.134972E+00
  0.800000E+00  0.834380E+01  0.142741E+00
  0.800000E+00  0.836480E+01  0.191623E+00
  0.800000E+00  0.838580E+01  0.149106E+00
  0.800000E+00  0.840680E+01  0.150517E+00
  0.800000E+00  0.842780E+01  0.207980E+00
  0.800000E+00  0.844880E+01  0.158098E+00
  0.800000E+00  0.846990E+01  0.256452E+00
  0.800000E+00  0.849090E+01  0.277174E+00
  0.800000E+00  0.851190E+01  0.289710E+00
  0.800000E+00  0.853290E+01  0.406861E+00
  0.800000E+00  0.855390E+01  0.384005E+00
  0.800000E+00  0.857490E+01  0.449762E+00
  0.800000E+00  0.859600E+01  0.560636E+00
  0.800000E+00  0.861700E+01  0.604405E+00
  0.800000E+00  0.863800E+01  0.563971E+00
  0.800000E+00  0.865900E+01  0.764878E+00
  0.800000E+00  0.868000E+01  0.880851E+00
  0.800000E+00  0.870100E+01  0.859570E+00
  0.800000E+00  0.872210E+01  0.104073E+01
  0.800000E+00  0.874310E+01  0.110725E+01
  0.800000E+00  0.876410E+01  0.120022E+01
  0.800000E+00  0.878510E+01  0.134051E+01
  0.800000E+00  0.880610E+01  0.138640E+01
  0.800000E+00  0.882710E+01  0.163734E+01
  0.800000E+00  0.884820E+01  0.179697E+01
  0.800000E+00  0.886920E+01  0.178125E+01
  0.800000E+00  0.889020E+01  0.196770E+01
  0.800000E+00  0.891120E+01  0.205264E+01
  0.800000E+00  0.893220E+01  0.263059E+01
  0.800000E+00  0.895320E+01  0.245935E+01
  0.800000E+00  0.897430E+01  0.257563E+01
  0.800000E+00  0.899530E+01  0.276010E+01
  0.800000E+00  0.901630E+01  0.311010E+01
  0.800000E+00  0.903730E+01  0.328657E+01
  0.800000E+00  0.905830E+01  0.341751E+01
  0.800000E+00  0.907940E+01  0.345684E+01
  0.800000E+00  0.910040E+01  0.408512E+01
  0.800000E+00  0.912140E+01  0.475373E+01
  0.800000E+00  0.914240E+01  0.396948E+01
  0.800000E+00  0.916340E+01  0.476567E+01
  0.800000E+00  0.918440E+01  0.465961E+01
  0.800000E+00  0.920550E+01  0.474474E+01
  0.800000E+00  0.922650E+01  0.466615E+01
  0.800000E+00  0.924750E+01  0.459859E+01
  0.800000E+00  0.926850E+01  0.453124E+01
  0.800000E+00  0.928950E+01  0.427120E+01
  0.800000E+00  0.931050E+01  0.408580E+01
  0.800000E+00  0.933160E+01  0.397102E+01
  0.800000E+00  0.935260E+01  0.382320E+01
  0.800000E+00  0.937360E+01  0.354849E+01
  0.800000E+00  0.939460E+01  0.345146E+01
  0.800000E+00  0.941560E+01  0.372639E+01
  0.800000E+00  0.943660E+01  0.338025E+01
  0.800000E+00  0.945770E+01  0.331245E+01
  0.800000E+00  0.947870E+01  0.324747E+01
  0.800000E+00  0.949970E+01  0.317535E+01
  0.800000E+00  0.952070E+01  0.302020E+01
  0.800000E+00  0.954170E+01  0.270772E+01
  0.800000E+00  0.956270E+01  0.304163E+01
  0.800000E+00  0.958380E+01  0.287159E+01
  0.800000E+00  0.960480E+01  0.241165E+01
  0.800000E+00  0.962580E+01  0.258138E+01
  0.800000E+00  0.964680E+01  0.262488E+01
  0.800000E+00  0.966780E+01  0.228204E+01
  0.800000E+00  0.968880E+01  0.208234E+01
  0.800000E+00  0.970990E+01  0.193762E+01
  0.800000E+00  0.973090E+01  0.188321E+01
  0.800000E+00  0.975190E+01  0.175461E+01
  0.800000E+00  0.977290E+01  0.169274E+01
  0.800000E+00  0.979390E+01  0.157221E+01
  0.800000E+00  0.981490E+01  0.141126E+01
  0.800000E+00  0.983600E+01  0.144599E+01
  0.800000E+00  0.985700E+01  0.153582E+01
  0.800000E+00  0.987800E+01  0.123430E+01
  0.800000E+00  0.989900E+01  0.117641E+01
  0.800000E+00  0.992000E+01  0.126525E+01
  0.800000E+00  0.994100E+01  0.113464E+01
  0.800000E+00  0.996210E+01  0.907220E+00
  0.800000E+00  0.998310E+01  0.103661E+01
  0.800000E+00  0.100041E+02  0.999472E+00
  0.800000E+00  0.100251E+02  0.876904E+00
  0.800000E+00  0.100461E+02  0.796651E+00
  0.800000E+00  0.100672E+02  0.846211E+00
  0.800000E+00  0.100882E+02  0.808551E+00
  0.800000E+00  0.101092E+02  0.681983E+00
  0.800000E+00  0.101302E+02  0.674343E+00
  0.800000E+00  0.101512E+02  0.723800E+00
  0.800000E+00  0.101722E+02  0.603807E+00
  0.800000E+00  0.101933E+02  0.532210E+00
  0.800000E+00  0.102143E+02  0.580399E+00
  0.800000E+00  0.102353E+02  0.599940E+00
  0.800000E+00  0.102563E+02  0.469428E+00
  0.800000E+00  0.102773E+02  0.516573E+00
  0.800000E+00  0.102983E+02  0.540513E+00
  0.800000E+00  0.103194E+02  0.505515E+00
  0.800000E+00  0.103404E+02  0.432322E+00
  0.800000E+00  0.103614E+02  0.569214E+00
  0.800000E+00  0.103824E+02  0.543843E+00
  0.800000E+00  0.104034E+02  0.430375E+00
  0.800000E+00  0.104244E+02  0.558518E+00
  0.800000E+00  0.104455E+02  0.554185E+00
  0.800000E+00  0.104665E+02  0.499884E+00
  0.800000E+00  0.104875E+02  0.538292E+00
  0.800000E+00  0.105085E+02  0.608287E+00
  0.800000E+00  0.105295E+02  0.601604E+00
  0.800000E+00  0.105505E+02  0.650016E+00
  0.800000E+00  0.105716E+02  0.680011E+00
  0.800000E+00  0.105926E+02  0.715028E+00
  0.800000E+00  0.106136E+02  0.733219E+00
  0.800000E+00  0.106346E+02  0.747462E+00
  0.800000E+00  0.106556E+02  0.823821E+00
  0.800000E+00  0.106766E+02  0.891871E+00
  0.800000E+00  0.106977E+02  0.936571E+00
  0.800000E+00  0.107187E+02  0.944576E+00
  0.800000E+00  0.107397E+02  0.106641E+01
  0.800000E+00  0.107607E+02  0.105597E+01
  0.800000E+00  0.107817E+02  0.114334E+01
  0.800000E+00  0.108027E+02  0.117343E+01
  0.800000E+00  0.108238E+02  0.123666E+01
  0.800000E+00  0.108448E+02  0.135755E+01
  0.800000E+00  0.108658E+02  0.139617E+01
  0.800000E+00  0.108868E+02  0.142344E+01
  0.800000E+00  0.109078E+02  0.149108E+01
  0.800000E+00  0.109288E+02  0.153905E+01
  0.800000E+00  0.109499E+02  0.175280E+01
  0.800000E+00  0.109709E+02  0.172084E+01
  0.800000E+00  0.109919E+02  0.153193E+01
  0.800000E+00  0.110129E+02  0.172442E+01
  0.800000E+00  0.110339E+02  0.213197E+01
  0.800000E+00  0.110550E+02  0.197176E+01
  0.800000E+00  0.110760E+02  0.156291E+01
  0.800000E+00  0.110970E+02  0.183891E+01
  0.800000E+00  0.111180E+02  0.239003E+01
  0.800000E+00  0.111390E+02  0.220867E+01
  0.800000E+00  0.111600E+02  0.157176E+01
  0.800000E+00  0.111811E+02  0.181959E+01
  0.800000E+00  0.112021E+02  0.268755E+01
  0.800000E+00  0.112231E+02  0.230632E+01
  0.800000E+00  0.112441E+02  0.160663E+01
  0.800000E+00  0.112651E+02  0.175048E+01
  0.800000E+00  0.112861E+02  0.281873E+01
  0.800000E+00  0.113072E+02  0.219678E+01
  0.800000E+00  0.113282E+02  0.162814E+01
  0.800000E+00  0.113492E+02  0.164662E+01
  0.800000E+00  0.113702E+02  0.237379E+01
  0.800000E+00  0.113912E+02  0.211936E+01
  0.800000E+00  0.114122E+02  0.167829E+01
  0.800000E+00  0.114333E+02  0.157372E+01
  0.800000E+00  0.114543E+02  0.198937E+01
  0.800000E+00  0.114753E+02  0.192506E+01
  0.800000E+00  0.114963E+02  0.153196E+01
  0.800000E+00  0.115173E+02  0.142623E+01
  0.800000E+00  0.115383E+02  0.170476E+01
  0.800000E+00  0.115594E+02  0.159943E+01
  0.800000E+00  0.115804E+02  0.140327E+01
  0.800000E+00  0.116014E+02  0.128821E+01
  0.800000E+00  0.116224E+02  0.150957E+01
  0.800000E+00  0.116434E+02  0.140079E+01
  0.800000E+00  0.116644E+02  0.122232E+01
  0.800000E+00  0.116855E+02  0.123657E+01
  0.800000E+00  0.117065E+02  0.133793E+01
  0.800000E+00  0.117275E+02  0.120008E+01
  0.800000E+00  0.117485E+02  0.116737E+01
  0.800000E+00  0.117695E+02  0.117145E+01
  0.800000E+00  0.117905E+02  0.127887E+01
  0.800000E+00  0.118116E+02  0.114207E+01
  0.800000E+00  0.118326E+02  0.112299E+01
  0.800000E+00  0.118536E+02  0.116557E+01
  0.800000E+00  0.118746E+02  0.119529E+01
  0.800000E+00  0.118956E+02  0.111837E+01
  0.800000E+00  0.119166E+02  0.115944E+01
  0.800000E+00  0.119377E+02  0.116507E+01
  0.800000E+00  0.119587E+02  0.123050E+01
  0.800000E+00  0.119797E+02  0.113792E+01
  0.800000E+00  0.120007E+02  0.121915E+01
  0.800000E+00  0.120217E+02  0.118696E+01
  0.800000E+00  0.120428E+02  0.121855E+01
  0.800000E+00  0.120638E+02  0.120874E+01
  0.800000E+00  0.120848E+02  0.122033E+01
  0.800000E+00  0.121058E+02  0.122679E+01
  0.800000E+00  0.121268E+02  0.125735E+01
  0.800000E+00  0.121478E+02  0.129788E+01
  0.800000E+00  0.121689E+02  0.124900E+01
  0.800000E+00  0.121899E+02  0.123976E+01
  0.800000E+00  0.122109E+02  0.128246E+01
  0.800000E+00  0.122319E+02  0.133146E+01
  0.800000E+00  0.122529E+02  0.127790E+01
  0.800000E+00  0.122739E+02  0.131290E+01
  0.800000E+00  0.122950E+02  0.136172E+01
  0.800000E+00  0.123160E+02  0.136584E+01
  0.800000E+00  0.123370E+02  0.136867E+01
  0.800000E+00  0.123580E+02  0.135108E+01
  0.800000E+00  0.123790E+02  0.142601E+01
  0.800000E+00  0.124000E+02  0.147552E+01
  0.800000E+00  0.124211E+02  0.146077E+01
  0.800000E+00  0.124421E+02  0.151314E+01
  0.800000E+00  0.124631E+02  0.149972E+01
  0.800000E+00  0.124841E+02  0.154146E+01
  0.800000E+00  0.125051E+02  0.154479E+01
  0.800000E+00  0.125261E+02  0.164574E+01
  0.800000E+00  0.125472E+02  0.163540E+01
  0.800000E+00  0.125682E+02  0.155527E+01
  0.800000E+00  0.125892E+02  0.174039E+01
  0.800000E+00  0.126102E+02  0.181232E+01
  0.800000E+00  0.126312E+02  0.169717E+01
  0.800000E+00  0.126522E+02  0.167164E+01
  0.800000E+00  0.126733E+02  0.180002E+01
  0.800000E+00  0.126943E+02  0.174208E+01
  0.800000E+00  0.127153E+02  0.192034E+01
  0.800000E+00  0.127363E+02  0.182768E+01
  0.800000E+00  0.127573E+02  0.173810E+01
  0.800000E+00  0.127783E+02  0.185426E+01
  0.800000E+00  0.127994E+02  0.195192E+01
  0.800000E+00  0.128204E+02  0.187107E+01
  0.800000E+00  0.128414E+02  0.179411E+01
  0.800000E+00  0.128624E+02  0.187044E+01
  0.800000E+00  0.128834E+02  0.189115E+01
  0.800000E+00  0.129044E+02  0.206546E+01
  0.800000E+00  0.129255E+02  0.183087E+01
  0.800000E+00  0.129465E+02  0.187794E+01
  0.800000E+00  0.129675E+02  0.197206E+01
  0.800000E+00  0.129885E+02  0.212859E+01
  0.800000E+00  0.130095E+02  0.204418E+01
  0.800000E+00  0.130306E+02  0.193377E+01
  0.800000E+00  0.130516E+02  0.204790E+01
  0.800000E+00  0.130726E+02  0.217981E+01
  0.800000E+00  0.130936E+02  0.224088E+01
  0.800000E+00  0.131146E+02  0.200836E+01
  0.800000E+00  0.131356E+02  0.214756E+01
  0.800000E+00  0.131567E+02  0.219811E+01
  0.800000E+00  0.131777E+02  0.239665E+01
  0.800000E+00  0.131987E+02  0.212117E+01
  0.800000E+00  0.132197E+02  0.214793E+01
  0.800000E+00  0.132407E+02  0.214077E+01
  0.800000E+00  0.132617E+02  0.231790E+01
  0.800000E+00  0.132828E+02  0.216594E+01
  0.800000E+00  0.133038E+02  0.205641E+01
  0.800000E+00  0.133248E+02  0.204215E+01
  0.800000E+00  0.133458E+02  0.217604E+01
  0.800000E+00  0.133668E+02  0.219607E+01
  0.800000E+00  0.133878E+02  0.196239E+01
  0.800000E+00  0.134089E+02  0.195602E+01
  0.800000E+00  0.134299E+02  0.209354E+01
  0.800000E+00  0.134509E+02  0.215770E+01
  0.800000E+00  0.134719E+02  0.194121E+01
  0.800000E+00  0.134929E+02  0.195551E+01
  0.800000E+00  0.135140E+02  0.210282E+01
  0.800000E+00  0.135350E+02  0.214720E+01
  0.800000E+00  0.135560E+02  0.197414E+01
  0.800000E+00  0.135770E+02  0.200611E+01
  0.800000E+00  0.135980E+02  0.210728E+01
  0.800000E+00  0.136190E+02  0.217196E+01
  0.800000E+00  0.136400E+02  0.203889E+01
  0.800000E+00  0.136610E+02  0.209263E+01
  0.800000E+00  0.136820E+02  0.217503E+01
  0.800000E+00  0.137030E+02  0.221478E+01
  0.800000E+00  0.137240E+02  0.215261E+01
  0.800000E+00  0.137450E+02  0.218723E+01
  0.800000E+00  0.137660E+02  0.224751E+01
  0.800000E+00  0.137870E+02  0.232472E+01
  0.800000E+00  0.138080E+02  0.226055E+01
  0.800000E+00  0.138290E+02  0.227618E+01
  0.800000E+00  0.138500E+02  0.233164E+01
  0.800000E+00  0.138710E+02  0.242773E+01
  0.800000E+00  0.138920E+02  0.236936E+01
  0.800000E+00  0.139130E+02  0.237823E+01
  0.800000E+00  0.139340E+02  0.241680E+01
  0.800000E+00  0.139550E+02  0.253306E+01
  0.800000E+00  0.139760E+02  0.245719E+01
  0.800000E+00  0.139970E+02  0.250623E+01
  0.800000E+00  0.140180E+02  0.258774E+01
  0.800000E+00  0.140390E+02  0.259986E+01
  0.800000E+00  0.140600E+02  0.255885E+01
  0.800000E+00  0.140810E+02  0.260015E+01
  0.800000E+00  0.141020E+02  0.272554E+01
  0.800000E+00  0.141230E+02  0.271947E+01
  0.800000E+00  0.141440E+02  0.262662E+01
  0.800000E+00  0.141650E+02  0.264955E+01
  0.800000E+00  0.141860E+02  0.277075E+01
  0.800000E+00  0.142080E+02  0.269628E+01
  0.800000E+00  0.142290E+02  0.267469E+01
  0.800000E+00  0.142500E+02  0.274593E+01
  0.800000E+00  0.142710E+02  0.271268E+01
  0.800000E+00  0.142920E+02  0.275078E+01
  0.800000E+00  0.143130E+02  0.282177E+01
  0.800000E+00  0.143340E+02  0.276861E+01
  0.800000E+00  0.143550E+02  0.278738E+01
  0.800000E+00  0.143760E+02  0.282199E+01
  0.800000E+00  0.143970E+02  0.284089E+01
  0.800000E+00  0.144180E+02  0.294118E+01
  0.800000E+00  0.144390E+02  0.284145E+01
  0.800000E+00  0.144600E+02  0.289647E+01
  0.800000E+00  0.144810E+02  0.298931E+01
  0.800000E+00  0.145020E+02  0.299521E+01
  0.800000E+00  0.145230E+02  0.296010E+01
  0.800000E+00  0.145440E+02  0.302256E+01
  0.800000E+00  0.145650E+02  0.305789E+01
  0.800000E+00  0.145860E+02  0.310956E+01
  0.800000E+00  0.146070E+02  0.307241E+01
  0.800000E+00  0.146280E+02  0.311799E+01
  0.800000E+00  0.146490E+02  0.313778E+01
  0.800000E+00  0.146700E+02  0.315253E+01
  0.800000E+00  0.146910E+02  0.314822E+01
  0.800000E+00  0.147120E+02  0.318109E+01
  0.800000E+00  0.147330E+02  0.308861E+01
  0.800000E+00  0.147540E+02  0.314639E+01
  0.800000E+00  0.147750E+02  0.323600E+01
  0.800000E+00  0.147960E+02  0.311454E+01
  0.800000E+00  0.148170E+02  0.318043E+01
  0.800000E+00  0.148380E+02  0.325055E+01
  0.800000E+00  0.148590E+02  0.331220E+01
  0.800000E+00  0.148800E+02  0.327315E+01
  0.800000E+00  0.149010E+02  0.332944E+01
  0.800000E+00  0.149220E+02  0.338566E+01
  0.800000E+00  0.149430E+02  0.349172E+01
  0.800000E+00  0.149640E+02  0.347481E+01
  0.800000E+00  0.149850E+02  0.342783E+01
  0.800000E+00  0.150060E+02  0.357759E+01
  0.800000E+00  0.150270E+02  0.364448E+01
  0.800000E+00  0.150480E+02  0.357420E+01
  0.800000E+00  0.150690E+02  0.359908E+01
  0.800000E+00  0.150900E+02  0.361135E+01
  0.800000E+00  0.151110E+02  0.380278E+01
  0.800000E+00  0.151320E+02  0.375506E+01
  0.800000E+00  0.151530E+02  0.329534E+01
  0.800000E+00  0.151740E+02  0.374759E+01
  0.800000E+00  0.151950E+02  0.401405E+01
  0.800000E+00  0.152160E+02  0.339345E+01
  0.800000E+00  0.152370E+02  0.359897E+01
  0.800000E+00  0.152580E+02  0.362278E+01
  0.800000E+00  0.152790E+02  0.359046E+01
  0.800000E+00  0.153000E+02  0.376870E+01
  0.800000E+00  0.153210E+02  0.361080E+01
  0.800000E+00  0.153420E+02  0.368001E+01
  0.800000E+00  0.153630E+02  0.380847E+01
  0.800000E+00  0.153840E+02  0.378998E+01
  0.800000E+00  0.154050E+02  0.374174E+01
  0.800000E+00  0.154260E+02  0.384109E+01
  0.800000E+00  0.154480E+02  0.382112E+01
  0.800000E+00  0.154690E+02  0.394801E+01
  0.800000E+00  0.154900E+02  0.391195E+01
  0.800000E+00  0.155110E+02  0.393465E+01
  0.800000E+00  0.155320E+02  0.402739E+01
  0.800000E+00  0.155530E+02  0.413739E+01
  0.800000E+00  0.155740E+02  0.406712E+01
  0.800000E+00  0.155950E+02  0.407210E+01
  0.800000E+00  0.156160E+02  0.415501E+01
  0.800000E+00  0.156370E+02  0.426794E+01
  0.800000E+00  0.156580E+02  0.410523E+01
  0.800000E+00  0.156790E+02  0.428330E+01
  0.800000E+00  0.157000E+02  0.425115E+01
  0.800000E+00  0.157210E+02  0.429169E+01
  0.800000E+00  0.157420E+02  0.433348E+01
  0.800000E+00  0.157630E+02  0.435182E+01
  0.800000E+00  0.157840E+02  0.428203E+01
  0.800000E+00  0.158050E+02  0.443761E+01
  0.800000E+00  0.158260E+02  0.443983E+01
  0.800000E+00  0.158470E+02  0.445742E+01
  0.800000E+00  0.158680E+02  0.441881E+01
  0.800000E+00  0.158890E+02  0.452480E+01
  0.800000E+00  0.159100E+02  0.455808E+01
  0.800000E+00  0.159310E+02  0.452274E+01
  0.800000E+00  0.159520E+02  0.454796E+01
  0.800000E+00  0.159730E+02  0.461342E+01
  0.800000E+00  0.159940E+02  0.467099E+01
  0.800000E+00  0.160150E+02  0.463849E+01
  0.800000E+00  0.160360E+02  0.469016E+01
  0.800000E+00  0.160570E+02  0.469725E+01
  0.800000E+00  0.160780E+02  0.476399E+01
  0.800000E+00  0.160990E+02  0.477936E+01
  0.800000E+00  0.161200E+02  0.474167E+01
  0.800000E+00  0.161410E+02  0.477642E+01
  0.800000E+00  0.161620E+02  0.490520E+01
  0.800000E+00  0.161830E+02  0.489449E+01
  0.800000E+00  0.162040E+02  0.487973E+01
  0.800000E+00  0.162250E+02  0.486858E+01
  0.800000E+00  0.162460E+02  0.499336E+01
  0.800000E+00  0.162670E+02  0.504218E+01
  0.800000E+00  0.162880E+02  0.496299E+01
  0.800000E+00  0.163090E+02  0.498422E+01
  0.800000E+00  0.163300E+02  0.513280E+01
  0.800000E+00  0.163510E+02  0.516523E+01
  0.800000E+00  0.163720E+02  0.513394E+01
  0.800000E+00  0.163930E+02  0.510915E+01
  0.800000E+00  0.164140E+02  0.520245E+01
  0.800000E+00  0.164350E+02  0.530511E+01
  0.800000E+00  0.164560E+02  0.532975E+01
  0.800000E+00  0.164770E+02  0.517099E+01
  0.800000E+00  0.164980E+02  0.531726E+01
  0.800000E+00  0.165190E+02  0.542475E+01
  0.800000E+00  0.165400E+02  0.545961E+01
  0.800000E+00  0.165610E+02  0.531908E+01
  0.800000E+00  0.165820E+02  0.544000E+01
  0.800000E+00  0.166030E+02  0.551316E+01
  0.800000E+00  0.166240E+02  0.560334E+01
  0.800000E+00  0.166450E+02  0.553712E+01
  0.800000E+00  0.166660E+02  0.544915E+01
  0.800000E+00  0.166880E+02  0.561724E+01
  0.800000E+00  0.167090E+02  0.577731E+01
  0.800000E+00  0.167300E+02  0.576495E+01
  0.800000E+00  0.167510E+02  0.564036E+01
  0.800000E+00  0.167720E+02  0.573948E+01
  0.800000E+00  0.167930E+02  0.588528E+01
  0.800000E+00  0.168140E+02  0.597216E+01
  0.800000E+00  0.168350E+02  0.583428E+01
  0.800000E+00  0.168560E+02  0.583984E+01
  0.800000E+00  0.168770E+02  0.589849E+01
  0.800000E+00  0.168980E+02  0.621237E+01
  0.800000E+00  0.169190E+02  0.601806E+01
  0.800000E+00  0.169400E+02  0.598402E+01
  0.800000E+00  0.169610E+02  0.600374E+01
  0.800000E+00  0.169820E+02  0.622506E+01
  0.800000E+00  0.170030E+02  0.629667E+01
  0.800000E+00  0.170240E+02  0.614002E+01
  0.800000E+00  0.170450E+02  0.609778E+01
  0.800000E+00  0.170660E+02  0.622734E+01
  0.800000E+00  0.170870E+02  0.649909E+01
  0.800000E+00  0.171080E+02  0.633864E+01
  0.800000E+00  0.171290E+02  0.627822E+01
  0.800000E+00  0.171500E+02  0.631126E+01
  0.800000E+00  0.171710E+02  0.659373E+01
  0.800000E+00  0.171920E+02  0.655877E+01
  0.800000E+00  0.172130E+02  0.649195E+01
  0.800000E+00  0.172340E+02  0.638565E+01
  0.800000E+00  0.172550E+02  0.658644E+01
  0.800000E+00  0.172760E+02  0.679772E+01
  0.800000E+00  0.172970E+02  0.670353E+01
  0.800000E+00  0.173180E+02  0.661846E+01
  0.800000E+00  0.173390E+02  0.663569E+01
  0.800000E+00  0.173600E+02  0.687173E+01
  0.800000E+00  0.173810E+02  0.694856E+01
  0.800000E+00  0.174020E+02  0.686058E+01
  0.800000E+00  0.174230E+02  0.669864E+01
  0.800000E+00  0.174440E+02  0.694469E+01
  0.800000E+00  0.174650E+02  0.713155E+01
  0.800000E+00  0.174860E+02  0.713511E+01
  0.800000E+00  0.175070E+02  0.697273E+01
  0.800000E+00  0.175280E+02  0.695865E+01
  0.800000E+00  0.175490E+02  0.719336E+01
  0.800000E+00  0.175700E+02  0.740167E+01
  0.800000E+00  0.175910E+02  0.726313E+01
  0.800000E+00  0.176120E+02  0.701045E+01
  0.800000E+00  0.176330E+02  0.735837E+01
  0.800000E+00  0.176540E+02  0.745229E+01
  0.800000E+00  0.176750E+02  0.765958E+01
  0.800000E+00  0.176960E+02  0.728986E+01
  0.800000E+00  0.177170E+02  0.726503E+01
  0.800000E+00  0.177380E+02  0.764976E+01
  0.800000E+00  0.177590E+02  0.790613E+01
  0.800000E+00  0.177800E+02  0.766655E+01
  0.800000E+00  0.178010E+02  0.734674E+01
  0.800000E+00  0.178220E+02  0.774224E+01
  0.800000E+00  0.178430E+02  0.791474E+01
  0.800000E+00  0.178640E+02  0.814762E+01
  0.800000E+00  0.178850E+02  0.765446E+01
  0.800000E+00  0.179060E+02  0.759263E+01
  0.800000E+00  0.179280E+02  0.816751E+01
  0.800000E+00  0.179490E+02  0.831115E+01
  0.800000E+00  0.179700E+02  0.803067E+01
  0.800000E+00  0.179910E+02  0.773283E+01
  0.800000E+00  0.180120E+02  0.819989E+01
  0.800000E+00  0.180330E+02  0.839393E+01
  0.800000E+00  0.180540E+02  0.861660E+01
  0.800000E+00  0.180750E+02  0.804892E+01
  0.800000E+00  0.180960E+02  0.806288E+01
  0.800000E+00  0.181170E+02  0.852473E+01
  0.800000E+00  0.181380E+02  0.877814E+01
  0.800000E+00  0.181590E+02  0.847807E+01
  0.800000E+00  0.181800E+02  0.819349E+01
  0.800000E+00  0.182010E+02  0.860942E+01
  0.800000E+00  0.182220E+02  0.879637E+01
  0.800000E+00  0.182430E+02  0.912943E+01
  0.800000E+00  0.182640E+02  0.844944E+01
  0.800000E+00  0.182850E+02  0.861032E+01
  0.800000E+00  0.183060E+02  0.893213E+01
  0.800000E+00  0.183270E+02  0.928679E+01
  0.800000E+00  0.183480E+02  0.894657E+01
  0.800000E+00  0.183690E+02  0.878626E+01
  0.800000E+00  0.183900E+02  0.900635E+01
  0.800000E+00  0.184110E+02  0.922349E+01
  0.800000E+00  0.184320E+02  0.964925E+01
  0.800000E+00  0.184530E+02  0.890396E+01
  0.800000E+00  0.184740E+02  0.920655E+01
  0.800000E+00  0.184950E+02  0.934502E+01
  0.800000E+00  0.185160E+02  0.980072E+01
  0.800000E+00  0.185370E+02  0.946045E+01
  0.800000E+00  0.185580E+02  0.946340E+01
  0.800000E+00  0.185790E+02  0.943876E+01
  0.800000E+00  0.186000E+02  0.968466E+01
  0.800000E+00  0.186210E+02  0.102573E+02
  0.800000E+00  0.186420E+02  0.946993E+01
  0.800000E+00  0.186630E+02  0.979865E+01
  0.800000E+00  0.186840E+02  0.975991E+01
  0.800000E+00  0.187050E+02  0.103352E+02
  0.800000E+00  0.187260E+02  0.100472E+02
  0.800000E+00  0.187470E+02  0.100224E+02
  0.800000E+00  0.187680E+02  0.100625E+02
  0.800000E+00  0.187890E+02  0.101104E+02
  0.800000E+00  0.188100E+02  0.109529E+02
  0.800000E+00  0.188310E+02  0.100798E+02
  0.800000E+00  0.188520E+02  0.105626E+02
  0.800000E+00  0.188730E+02  0.101723E+02
  0.800000E+00  0.188940E+02  0.109744E+02
  0.800000E+00  0.189150E+02  0.107089E+02
  0.800000E+00  0.189360E+02  0.106959E+02
  0.800000E+00  0.189570E+02  0.105986E+02
  0.800000E+00  0.189780E+02  0.106442E+02
  0.800000E+00  0.189990E+02  0.115327E+02
  0.800000E+00  0.190200E+02  0.107607E+02
  0.800000E+00  0.190410E+02  0.113133E+02
  0.800000E+00  0.190620E+02  0.107318E+02
  0.800000E+00  0.190830E+02  0.115338E+02
  0.800000E+00  0.191040E+02  0.115382E+02
  0.800000E+00  0.191250E+02  0.113258E+02
  0.800000E+00  0.191470E+02  0.111459E+02
  0.800000E+00  0.191680E+02  0.113098E+02
  0.800000E+00  0.191890E+02  0.120825E+02
  0.800000E+00  0.192100E+02  0.115036E+02
  0.800000E+00  0.192310E+02  0.120213E+02
  0.800000E+00  0.192520E+02  0.113732E+02
  0.800000E+00  0.192730E+02  0.122595E+02
  0.800000E+00  0.192940E+02  0.122509E+02
  0.800000E+00  0.193150E+02  0.120794E+02
  0.800000E+00  0.193360E+02  0.117481E+02
  0.800000E+00  0.193570E+02  0.121214E+02
  0.800000E+00  0.193780E+02  0.126310E+02
  0.800000E+00  0.193990E+02  0.122911E+02
  0.800000E+00  0.194200E+02  0.127677E+02
  0.800000E+00  0.194410E+02  0.121545E+02
  0.800000E+00  0.194620E+02  0.127894E+02
  0.800000E+00  0.194830E+02  0.126905E+02
  0.800000E+00  0.195040E+02  0.131633E+02
  0.800000E+00  0.195250E+02  0.124568E+02
  0.800000E+00  0.195460E+02  0.129220E+02
  0.800000E+00  0.195670E+02  0.132356E+02
  0.800000E+00  0.195880E+02  0.130415E+02
  0.800000E+00  0.196090E+02  0.136278E+02
  0.800000E+00  0.196300E+02  0.129138E+02
  0.800000E+00  0.196510E+02  0.136979E+02
  0.800000E+00  0.196720E+02  0.131739E+02
  0.800000E+00  0.196930E+02  0.144385E+02
  0.800000E+00  0.197140E+02  0.132356E+02
  0.800000E+00  0.197350E+02  0.140367E+02
  0.800000E+00  0.197560E+02  0.137830E+02
  0.800000E+00  0.197770E+02  0.138207E+02
  0.800000E+00  0.197980E+02  0.146189E+02
  0.800000E+00  0.198190E+02  0.136591E+02
  0.800000E+00  0.198400E+02  0.149043E+02
  0.800000E+00  0.198610E+02  0.137851E+02
  0.800000E+00  0.198820E+02  0.156081E+02
  0.800000E+00  0.199030E+02  0.141308E+02
  0.800000E+00  0.199240E+02  0.156540E+02
  0.800000E+00  0.199450E+02  0.143513E+02
  0.800000E+00  0.199660E+02  0.145869E+02
  0.800000E+00  0.199870E+02  0.163029E+02
  0.800000E+00  0.200080E+02  0.146406E+02
  0.800000E+00  0.200290E+02  0.155622E+02
  0.800000E+00  0.200500E+02  0.145262E+02
  0.800000E+00  0.200710E+02  0.178529E+02
  0.800000E+00  0.200920E+02  0.151940E+02
  0.800000E+00  0.201130E+02  0.166917E+02
  0.800000E+00  0.201340E+02  0.150717E+02
  0.800000E+00  0.201550E+02  0.156704E+02
  0.800000E+00  0.201760E+02  0.168489E+02
  0.800000E+00  0.201970E+02  0.157609E+02
  0.800000E+00  0.202180E+02  0.165419E+02
  0.800000E+00  0.202390E+02  0.154743E+02
  0.800000E+00  0.202600E+02  0.180419E+02
  0.800000E+00  0.202810E+02  0.163051E+02
  0.800000E+00  0.203020E+02  0.177596E+02
  0.800000E+00  0.203230E+02  0.159385E+02
  0.800000E+00  0.203440E+02  0.168384E+02
  0.800000E+00  0.203650E+02  0.181469E+02
  0.800000E+00  0.203870E+02  0.168423E+02
  0.800000E+00  0.204080E+02  0.176354E+02
  0.800000E+00  0.204290E+02  0.165350E+02
  0.800000E+00  0.204500E+02  0.204500E+02
  0.800000E+00  0.204710E+02  0.171439E+02
  0.800000E+00  0.205130E+02  0.170074E+02
  0.800000E+00  0.205550E+02  0.181584E+02
  0.800000E+00  0.205760E+02  0.179102E+02
  0.800000E+00  0.205970E+02  0.178244E+02
  0.800000E+00  0.206180E+02  0.200635E+02
  0.800000E+00  0.206600E+02  0.181176E+02
  0.800000E+00  0.207020E+02  0.184839E+02
  0.800000E+00  0.207440E+02  0.190804E+02
  0.800000E+00  0.207650E+02  0.187771E+02
  0.800000E+00  0.208070E+02  0.208070E+02
  0.800000E+00  0.208490E+02  0.191854E+02
  0.800000E+00  0.209330E+02  0.198240E+02
  0.800000E+00  0.209960E+02  0.209960E+02
