  0.790000E+00  0.000000E+00  0.000000E+00
  0.790000E+00  0.226251E+01  0.991054E+00
  0.790000E+00  0.227448E+01 -0.891369E-02
  0.790000E+00  0.228646E+01  0.119129E+01
  0.790000E+00  0.229843E+01  0.655671E+00
  0.790000E+00  0.231040E+01  0.120055E+00
  0.790000E+00  0.232237E+01  0.503328E+00
  0.790000E+00  0.233434E+01  0.371264E+00
  0.790000E+00  0.234631E+01  0.155965E+00
  0.790000E+00  0.235828E+01  0.715522E+00
  0.790000E+00  0.237025E+01  0.727493E+00
  0.790000E+00  0.238222E+01  0.739464E+00
  0.790000E+00  0.239419E+01 -0.116469E+00
  0.790000E+00  0.240616E+01  0.321310E+00
  0.790000E+00  0.241814E+01  0.775377E+00
  0.790000E+00  0.244208E+01 -0.472137E+00
  0.790000E+00  0.246602E+01  0.275675E+00
  0.790000E+00  0.247799E+01  0.835232E+00
  0.790000E+00  0.248996E+01  0.139479E+01
  0.790000E+00  0.250193E+01  0.218539E+00
  0.790000E+00  0.253785E+01  0.347505E+00
  0.790000E+00  0.258573E+01  0.622654E+00
  0.790000E+00  0.260967E+01  0.206208E+01
  0.790000E+00  0.401030E+01  0.401030E+01
  0.790000E+00  0.402220E+01  0.292703E+01
  0.790000E+00  0.404620E+01  0.231039E+01
  0.790000E+00  0.405820E+01  0.142576E+01
  0.790000E+00  0.408210E+01  0.243934E+01
  0.790000E+00  0.409410E+01  0.190375E+01
  0.790000E+00  0.410600E+01  0.136807E+01
  0.790000E+00  0.411800E+01  0.229896E+01
  0.790000E+00  0.413000E+01  0.668199E+00
  0.790000E+00  0.414200E+01  0.215847E+00
  0.790000E+00  0.415390E+01  0.775334E+00
  0.790000E+00  0.416590E+01  0.985872E+00
  0.790000E+00  0.417790E+01  0.788437E+00
  0.790000E+00  0.418980E+01  0.308803E+00
  0.790000E+00  0.420180E+01  0.823234E+00
  0.790000E+00  0.421380E+01  0.244934E+00
  0.790000E+00  0.422580E+01  0.572071E+00
  0.790000E+00  0.423770E+01  0.180419E+00
  0.790000E+00  0.424970E+01  0.201768E+00
  0.790000E+00  0.426170E+01 -0.195407E+00
  0.790000E+00  0.427360E+01 -0.160038E-02
  0.790000E+00  0.428560E+01  0.276213E+00
  0.790000E+00  0.429760E+01 -0.321047E-01
  0.790000E+00  0.430950E+01 -0.212132E+00
  0.790000E+00  0.432150E+01 -0.194952E+00
  0.790000E+00  0.433350E+01  0.725342E-01
  0.790000E+00  0.434550E+01 -0.183840E+00
  0.790000E+00  0.435740E+01 -0.159052E+00
  0.790000E+00  0.436940E+01 -0.367797E+00
  0.790000E+00  0.438140E+01 -0.529712E-01
  0.790000E+00  0.439330E+01  0.207629E+00
  0.790000E+00  0.440530E+01 -0.279075E+00
  0.790000E+00  0.441730E+01 -0.214969E+00
  0.790000E+00  0.442930E+01 -0.271708E+00
  0.790000E+00  0.444120E+01 -0.159066E-01
  0.790000E+00  0.445320E+01  0.304467E-01
  0.790000E+00  0.446520E+01 -0.184822E+00
  0.790000E+00  0.447710E+01  0.230630E+00
  0.790000E+00  0.448910E+01 -0.529205E-01
  0.790000E+00  0.450110E+01 -0.753808E-01
  0.790000E+00  0.451310E+01 -0.917670E-01
  0.790000E+00  0.452500E+01  0.114038E+00
  0.790000E+00  0.453700E+01  0.320345E+00
  0.790000E+00  0.454900E+01  0.424919E+00
  0.790000E+00  0.456090E+01  0.441101E+00
  0.790000E+00  0.457290E+01  0.144316E+00
  0.790000E+00  0.458490E+01  0.727486E+00
  0.790000E+00  0.459690E+01  0.267195E+00
  0.790000E+00  0.460880E+01  0.406121E+01
  0.790000E+00  0.462080E+01  0.101496E+01
  0.790000E+00  0.463280E+01  0.303095E+00
  0.790000E+00  0.464470E+01  0.103886E+01
  0.790000E+00  0.465670E+01  0.536901E+00
  0.790000E+00  0.466870E+01  0.247835E+01
  0.790000E+00  0.468060E+01  0.155912E+01
  0.790000E+00  0.469260E+01  0.811603E+00
  0.790000E+00  0.470460E+01  0.251425E+01
  0.790000E+00  0.471660E+01  0.165835E+01
  0.790000E+00  0.472850E+01  0.253815E+01
  0.790000E+00  0.474050E+01  0.127870E+01
  0.790000E+00  0.476440E+01  0.147888E+01
  0.790000E+00  0.478840E+01  0.392050E+01
  0.790000E+00  0.481230E+01  0.230164E+01
  0.790000E+00  0.487220E+01  0.322944E+01
  0.790000E+00  0.489610E+01  0.434851E+01
  0.790000E+00  0.527920E+01  0.527920E+01
  0.790000E+00  0.529120E+01  0.419603E+01
  0.790000E+00  0.530310E+01  0.356729E+01
  0.790000E+00  0.531510E+01  0.268266E+01
  0.790000E+00  0.532710E+01  0.368434E+01
  0.790000E+00  0.533910E+01  0.314875E+01
  0.790000E+00  0.535100E+01  0.232637E+01
  0.790000E+00  0.536300E+01  0.244879E+01
  0.790000E+00  0.537500E+01  0.204159E+01
  0.790000E+00  0.538690E+01  0.213931E+01
  0.790000E+00  0.539890E+01  0.182669E+01
  0.790000E+00  0.541090E+01  0.168329E+01
  0.790000E+00  0.543480E+01  0.237655E+01
  0.790000E+00  0.544680E+01  0.238855E+01
  0.790000E+00  0.545880E+01  0.199700E+01
  0.790000E+00  0.547070E+01  0.174309E+01
  0.790000E+00  0.548270E+01  0.126604E+01
  0.790000E+00  0.549470E+01  0.247007E+01
  0.790000E+00  0.550660E+01  0.212803E+01
  0.790000E+00  0.551860E+01  0.191276E+01
  0.790000E+00  0.553060E+01  0.164960E+01
  0.790000E+00  0.554260E+01  0.121951E+01
  0.790000E+00  0.555450E+01  0.853492E+00
  0.790000E+00  0.556650E+01  0.144670E+01
  0.790000E+00  0.557850E+01  0.185089E+01
  0.790000E+00  0.559040E+01  0.241037E+01
  0.790000E+00  0.560240E+01  0.901392E+00
  0.790000E+00  0.561440E+01  0.763891E+00
  0.790000E+00  0.562640E+01  0.661934E+00
  0.790000E+00  0.563830E+01  0.155362E+01
  0.790000E+00  0.565030E+01  0.987220E+00
  0.790000E+00  0.566230E+01  0.112028E+01
  0.790000E+00  0.567420E+01  0.502240E+00
  0.790000E+00  0.568620E+01  0.824103E-01
  0.790000E+00  0.569820E+01  0.409496E+00
  0.790000E+00  0.571020E+01  0.269033E+00
  0.790000E+00  0.572210E+01  0.586081E+00
  0.790000E+00  0.573410E+01  0.276973E+00
  0.790000E+00  0.574610E+01  0.290555E+00
  0.790000E+00  0.575800E+01  0.152899E+00
  0.790000E+00  0.577000E+01  0.134066E+00
  0.790000E+00  0.578200E+01  0.324285E-01
  0.790000E+00  0.579390E+01  0.570388E+00
  0.790000E+00  0.580590E+01  0.430255E+00
  0.790000E+00  0.581790E+01 -0.165190E+00
  0.790000E+00  0.582990E+01  0.270648E+00
  0.790000E+00  0.584180E+01 -0.333488E+00
  0.790000E+00  0.585380E+01 -0.159902E-01
  0.790000E+00  0.586580E+01  0.178633E-01
  0.790000E+00  0.587770E+01 -0.204460E+00
  0.790000E+00  0.588970E+01 -0.100663E+00
  0.790000E+00  0.590170E+01  0.218095E+00
  0.790000E+00  0.591370E+01 -0.118953E+00
  0.790000E+00  0.592560E+01 -0.233611E+00
  0.790000E+00  0.593760E+01 -0.159459E+00
  0.790000E+00  0.594960E+01 -0.621911E-01
  0.790000E+00  0.596150E+01 -0.240697E+00
  0.790000E+00  0.597350E+01  0.487671E+00
  0.790000E+00  0.598550E+01 -0.171108E+00
  0.790000E+00  0.599750E+01 -0.530329E+00
  0.790000E+00  0.600940E+01 -0.250331E+00
  0.790000E+00  0.602140E+01 -0.176479E+00
  0.790000E+00  0.603340E+01 -0.227474E+00
  0.790000E+00  0.604530E+01  0.549366E-01
  0.790000E+00  0.605730E+01 -0.966962E-01
  0.790000E+00  0.606930E+01 -0.384252E+00
  0.790000E+00  0.608130E+01 -0.393015E-01
  0.790000E+00  0.609320E+01 -0.244889E+00
  0.790000E+00  0.610520E+01  0.309585E-01
  0.790000E+00  0.611720E+01 -0.446051E-01
  0.790000E+00  0.612910E+01 -0.822728E-01
  0.790000E+00  0.614110E+01 -0.367344E+00
  0.790000E+00  0.615310E+01  0.421183E+00
  0.790000E+00  0.616510E+01 -0.145044E+00
  0.790000E+00  0.617700E+01  0.260806E+00
  0.790000E+00  0.618900E+01 -0.218949E+00
  0.790000E+00  0.620100E+01  0.433093E+00
  0.790000E+00  0.621290E+01  0.192543E+00
  0.790000E+00  0.622490E+01  0.162319E+00
  0.790000E+00  0.623690E+01  0.550926E+00
  0.790000E+00  0.624880E+01  0.366920E+00
  0.790000E+00  0.626080E+01  0.121990E+00
  0.790000E+00  0.627280E+01  0.492202E+00
  0.790000E+00  0.628480E+01  0.306189E+00
  0.790000E+00  0.629670E+01  0.534142E+00
  0.790000E+00  0.630870E+01  0.618010E+00
  0.790000E+00  0.632070E+01  0.417874E+00
  0.790000E+00  0.633260E+01  0.111763E+01
  0.790000E+00  0.634460E+01  0.775689E+00
  0.790000E+00  0.635660E+01  0.728262E+00
  0.790000E+00  0.636860E+01  0.123496E+01
  0.790000E+00  0.638050E+01  0.617942E+00
  0.790000E+00  0.639250E+01  0.122167E+01
  0.790000E+00  0.640450E+01  0.890975E+00
  0.790000E+00  0.641640E+01  0.106567E+01
  0.790000E+00  0.642840E+01  0.215320E+01
  0.790000E+00  0.644040E+01  0.886721E+00
  0.790000E+00  0.645240E+01  0.159849E+01
  0.790000E+00  0.646430E+01  0.133066E+01
  0.790000E+00  0.647630E+01  0.329627E+01
  0.790000E+00  0.648830E+01  0.110394E+01
  0.790000E+00  0.650020E+01  0.234678E+01
  0.790000E+00  0.651220E+01  0.191668E+01
  0.790000E+00  0.652420E+01  0.334417E+01
  0.790000E+00  0.653620E+01  0.909773E+00
  0.790000E+00  0.654810E+01  0.102000E+01
  0.790000E+00  0.656010E+01  0.152383E+01
  0.790000E+00  0.657210E+01  0.187936E+01
  0.790000E+00  0.658400E+01  0.177365E+01
  0.790000E+00  0.659600E+01  0.232080E+01
  0.790000E+00  0.660800E+01  0.191526E+01
  0.790000E+00  0.661990E+01  0.193552E+01
  0.790000E+00  0.663190E+01  0.604603E+00
  0.790000E+00  0.664390E+01  0.947353E+00
  0.790000E+00  0.665590E+01  0.145829E+01
  0.790000E+00  0.666780E+01  0.149697E+01
  0.790000E+00  0.667980E+01  0.182759E+01
  0.790000E+00  0.669180E+01  0.160471E+01
  0.790000E+00  0.670370E+01  0.188091E+01
  0.790000E+00  0.671570E+01  0.950998E+00
  0.790000E+00  0.672770E+01  0.677415E-01
  0.790000E+00  0.673970E+01  0.632168E+00
  0.790000E+00  0.675160E+01  0.952340E+00
  0.790000E+00  0.676360E+01  0.139323E+01
  0.790000E+00  0.677560E+01  0.154574E+01
  0.790000E+00  0.678750E+01  0.176344E+01
  0.790000E+00  0.679950E+01  0.205060E+01
  0.790000E+00  0.681150E+01  0.380783E-01
  0.790000E+00  0.682350E+01  0.144640E+00
  0.790000E+00  0.683540E+01  0.790639E+00
  0.790000E+00  0.684740E+01  0.194421E+01
  0.790000E+00  0.685940E+01  0.198211E+01
  0.790000E+00  0.687130E+01  0.221255E+01
  0.790000E+00  0.688330E+01  0.191883E+01
  0.790000E+00  0.689530E+01  0.216776E+00
  0.790000E+00  0.690730E+01 -0.304027E+00
  0.790000E+00  0.691920E+01  0.516962E+00
  0.790000E+00  0.693120E+01  0.196969E+01
  0.790000E+00  0.694320E+01  0.155539E+01
  0.790000E+00  0.695510E+01  0.165283E+01
  0.790000E+00  0.696710E+01  0.156900E+01
  0.790000E+00  0.697910E+01  0.374828E+00
  0.790000E+00  0.699100E+01 -0.193640E+00
  0.790000E+00  0.700300E+01  0.294581E+00
  0.790000E+00  0.701500E+01  0.166427E+01
  0.790000E+00  0.702700E+01  0.142584E+01
  0.790000E+00  0.703890E+01  0.988155E+00
  0.790000E+00  0.705090E+01  0.121853E+01
  0.790000E+00  0.706290E+01  0.233582E+00
  0.790000E+00  0.707480E+01 -0.753917E-01
  0.790000E+00  0.708680E+01  0.103667E-01
  0.790000E+00  0.709880E+01  0.905264E+00
  0.790000E+00  0.711080E+01  0.549077E+00
  0.790000E+00  0.712270E+01  0.401100E+00
  0.790000E+00  0.713470E+01  0.476121E+00
  0.790000E+00  0.714670E+01  0.115697E+00
  0.790000E+00  0.715860E+01 -0.181434E+00
  0.790000E+00  0.717060E+01 -0.110766E+00
  0.790000E+00  0.718260E+01  0.335133E+00
  0.790000E+00  0.719460E+01  0.463493E+00
  0.790000E+00  0.720650E+01  0.440799E-01
  0.790000E+00  0.721850E+01  0.273466E+00
  0.790000E+00  0.723050E+01 -0.911049E-01
  0.790000E+00  0.724240E+01 -0.680885E-01
  0.790000E+00  0.725440E+01 -0.251444E+00
  0.790000E+00  0.726640E+01  0.137051E+00
  0.790000E+00  0.727840E+01  0.182474E+00
  0.790000E+00  0.729030E+01  0.927273E-01
  0.790000E+00  0.730230E+01  0.161429E+00
  0.790000E+00  0.731430E+01  0.867606E-01
  0.790000E+00  0.732620E+01 -0.110421E+00
  0.790000E+00  0.733820E+01 -0.809489E-01
  0.790000E+00  0.735020E+01  0.886220E-01
  0.790000E+00  0.736210E+01  0.219730E+00
  0.790000E+00  0.737410E+01  0.182396E+00
  0.790000E+00  0.738610E+01  0.553451E+00
  0.790000E+00  0.739810E+01 -0.304850E-01
  0.790000E+00  0.741000E+01  0.361047E-02
  0.790000E+00  0.742200E+01  0.119570E+00
  0.790000E+00  0.743400E+01  0.182872E+00
  0.790000E+00  0.744590E+01  0.498946E+00
  0.790000E+00  0.745790E+01  0.180153E+00
  0.790000E+00  0.746990E+01  0.606021E+00
  0.790000E+00  0.748190E+01  0.178859E+00
  0.790000E+00  0.749380E+01  0.180292E+00
  0.790000E+00  0.750580E+01  0.206587E+00
  0.790000E+00  0.751780E+01  0.607141E+00
  0.790000E+00  0.752970E+01  0.534853E+00
  0.790000E+00  0.754170E+01  0.656284E+00
  0.790000E+00  0.755370E+01  0.770782E+00
  0.790000E+00  0.756570E+01  0.173779E+00
  0.790000E+00  0.757760E+01  0.525651E+00
  0.790000E+00  0.758960E+01  0.485578E+00
  0.790000E+00  0.760160E+01  0.984489E+00
  0.790000E+00  0.761350E+01  0.590076E+00
  0.790000E+00  0.762550E+01  0.131804E+01
  0.790000E+00  0.763750E+01  0.249958E+00
  0.790000E+00  0.764950E+01  0.959778E+00
  0.790000E+00  0.766140E+01  0.532051E+00
  0.790000E+00  0.767340E+01  0.856135E+00
  0.790000E+00  0.768540E+01  0.116700E+01
  0.790000E+00  0.769730E+01  0.463818E+00
  0.790000E+00  0.770930E+01  0.150036E+01
  0.790000E+00  0.772130E+01  0.343700E+00
  0.790000E+00  0.773320E+01  0.854027E+00
  0.790000E+00  0.774520E+01  0.122474E+01
  0.790000E+00  0.775720E+01  0.630710E+00
  0.790000E+00  0.776920E+01  0.139294E+01
  0.790000E+00  0.778110E+01  0.304499E+00
  0.790000E+00  0.779310E+01  0.145139E+01
  0.790000E+00  0.780510E+01  0.996639E+00
  0.790000E+00  0.781700E+01  0.939658E+00
  0.790000E+00  0.782900E+01  0.503526E+00
  0.790000E+00  0.784100E+01  0.986496E+00
  0.790000E+00  0.785300E+01  0.871232E+00
  0.790000E+00  0.786490E+01  0.860858E+00
  0.790000E+00  0.787690E+01  0.104149E+01
  0.790000E+00  0.788890E+01  0.152683E+01
  0.790000E+00  0.790080E+01  0.810852E+00
  0.790000E+00  0.791280E+01  0.966806E+00
  0.790000E+00  0.792480E+01  0.454167E+00
  0.790000E+00  0.793680E+01  0.101790E+01
  0.790000E+00  0.794870E+01  0.101626E+01
  0.790000E+00  0.796070E+01  0.705181E+00
  0.790000E+00  0.797270E+01  0.918760E+00
  0.790000E+00  0.798460E+01  0.117272E+01
  0.790000E+00  0.799660E+01  0.977320E+00
  0.790000E+00  0.800860E+01  0.885171E+00
  0.790000E+00  0.802060E+01  0.531291E+00
  0.790000E+00  0.803250E+01  0.105453E+01
  0.790000E+00  0.804450E+01  0.814025E+00
  0.790000E+00  0.805650E+01  0.499095E+00
  0.790000E+00  0.806840E+01  0.144152E+01
  0.790000E+00  0.808040E+01  0.106123E+01
  0.790000E+00  0.809240E+01  0.117724E+01
  0.790000E+00  0.810430E+01  0.592103E+00
  0.790000E+00  0.811630E+01  0.585113E+00
  0.790000E+00  0.812830E+01  0.112025E+01
  0.790000E+00  0.814030E+01  0.500269E+00
  0.790000E+00  0.815220E+01  0.825614E+00
  0.790000E+00  0.816420E+01  0.122544E+01
  0.790000E+00  0.817620E+01  0.919384E+00
  0.790000E+00  0.818810E+01  0.115872E+01
  0.790000E+00  0.820010E+01  0.568992E+00
  0.790000E+00  0.821210E+01  0.639351E+00
  0.790000E+00  0.822410E+01  0.781569E+00
  0.790000E+00  0.823600E+01  0.570854E+00
  0.790000E+00  0.824800E+01  0.105806E+01
  0.790000E+00  0.826000E+01  0.755812E+00
  0.790000E+00  0.827190E+01  0.117399E+01
  0.790000E+00  0.828390E+01  0.134103E+01
  0.790000E+00  0.829590E+01  0.365658E+00
  0.790000E+00  0.830790E+01  0.106687E+01
  0.790000E+00  0.831980E+01  0.662417E+00
  0.790000E+00  0.833180E+01  0.669750E+00
  0.790000E+00  0.834380E+01  0.118056E+01
  0.790000E+00  0.835570E+01  0.147901E+01
  0.790000E+00  0.836770E+01  0.138926E+01
  0.790000E+00  0.837970E+01  0.132723E+01
  0.790000E+00  0.839170E+01  0.358735E+00
  0.790000E+00  0.840360E+01  0.168360E+01
  0.790000E+00  0.841560E+01  0.514971E+00
  0.790000E+00  0.842760E+01  0.155433E+01
  0.790000E+00  0.843950E+01  0.156321E+01
  0.790000E+00  0.845150E+01  0.199952E+01
  0.790000E+00  0.846350E+01  0.139217E+01
  0.790000E+00  0.847540E+01  0.398574E+00
  0.790000E+00  0.848740E+01  0.221970E+01
  0.790000E+00  0.849940E+01  0.623081E+00
  0.790000E+00  0.851140E+01  0.140875E+01
  0.790000E+00  0.852330E+01  0.149392E+01
  0.790000E+00  0.853530E+01  0.208714E+01
  0.790000E+00  0.854730E+01  0.159129E+01
  0.790000E+00  0.855920E+01  0.357896E+00
  0.790000E+00  0.857120E+01  0.217881E+01
  0.790000E+00  0.858320E+01  0.489692E+00
  0.790000E+00  0.859520E+01  0.149020E+01
  0.790000E+00  0.860710E+01  0.732853E+00
  0.790000E+00  0.861910E+01  0.272259E+01
  0.790000E+00  0.863110E+01 -0.130023E-02
  0.790000E+00  0.864300E+01  0.242376E+01
  0.790000E+00  0.865500E+01  0.588100E+00
  0.790000E+00  0.866700E+01  0.138391E+01
  0.790000E+00  0.867900E+01  0.121152E+01
  0.790000E+00  0.869090E+01  0.869122E+00
  0.790000E+00  0.870290E+01  0.167384E+01
  0.790000E+00  0.871490E+01  0.381797E+00
  0.790000E+00  0.872680E+01  0.129373E+01
  0.790000E+00  0.873880E+01  0.150799E+01
  0.790000E+00  0.875080E+01  0.141912E+01
  0.790000E+00  0.876280E+01  0.101078E+01
  0.790000E+00  0.877470E+01  0.127443E+01
  0.790000E+00  0.878670E+01  0.100480E+01
  0.790000E+00  0.879870E+01  0.145910E+01
  0.790000E+00  0.881060E+01  0.163614E+01
  0.790000E+00  0.882260E+01  0.148505E+01
  0.790000E+00  0.883460E+01  0.113747E+01
  0.790000E+00  0.884650E+01  0.137964E+01
  0.790000E+00  0.885850E+01  0.171735E+01
  0.790000E+00  0.887050E+01  0.161758E+01
  0.790000E+00  0.888250E+01  0.177514E+01
  0.790000E+00  0.889440E+01  0.168789E+01
  0.790000E+00  0.890640E+01  0.151516E+01
  0.790000E+00  0.891840E+01  0.178753E+01
  0.790000E+00  0.893030E+01  0.187094E+01
  0.790000E+00  0.894230E+01  0.183651E+01
  0.790000E+00  0.895430E+01  0.189639E+01
  0.790000E+00  0.896630E+01  0.188076E+01
  0.790000E+00  0.897820E+01  0.220747E+01
  0.790000E+00  0.899020E+01  0.180787E+01
  0.790000E+00  0.900220E+01  0.218226E+01
  0.790000E+00  0.901410E+01  0.232804E+01
  0.790000E+00  0.902610E+01  0.200660E+01
  0.790000E+00  0.903810E+01  0.199406E+01
  0.790000E+00  0.905010E+01  0.208937E+01
  0.790000E+00  0.906200E+01  0.139194E+01
  0.790000E+00  0.907400E+01  0.263490E+01
  0.790000E+00  0.908600E+01  0.137554E+01
  0.790000E+00  0.909790E+01  0.222845E+01
  0.790000E+00  0.910990E+01  0.203693E+01
  0.790000E+00  0.912190E+01  0.145820E+01
  0.790000E+00  0.913390E+01  0.201528E+01
  0.790000E+00  0.914580E+01  0.139226E+01
  0.790000E+00  0.915780E+01  0.179698E+01
  0.790000E+00  0.916980E+01  0.227434E+01
  0.790000E+00  0.918170E+01  0.241578E+01
  0.790000E+00  0.919370E+01  0.155397E+01
  0.790000E+00  0.920570E+01  0.198924E+01
  0.790000E+00  0.921760E+01  0.134983E+01
  0.790000E+00  0.922960E+01  0.220814E+01
  0.790000E+00  0.924160E+01  0.210355E+01
  0.790000E+00  0.925360E+01  0.200787E+01
  0.790000E+00  0.926550E+01  0.225790E+01
  0.790000E+00  0.927750E+01  0.189119E+01
  0.790000E+00  0.928950E+01  0.161705E+01
  0.790000E+00  0.930140E+01  0.171099E+01
  0.790000E+00  0.931340E+01  0.252989E+01
  0.790000E+00  0.932540E+01  0.198609E+01
  0.790000E+00  0.933740E+01  0.196734E+01
  0.790000E+00  0.934930E+01  0.221219E+01
  0.790000E+00  0.936130E+01  0.209787E+01
  0.790000E+00  0.937330E+01  0.189364E+01
  0.790000E+00  0.938520E+01  0.245619E+01
  0.790000E+00  0.939720E+01  0.196601E+01
  0.790000E+00  0.940920E+01  0.190454E+01
  0.790000E+00  0.942120E+01  0.241526E+01
  0.790000E+00  0.943310E+01  0.213758E+01
  0.790000E+00  0.944510E+01  0.224110E+01
  0.790000E+00  0.945710E+01  0.269027E+01
  0.790000E+00  0.946900E+01  0.205647E+01
  0.790000E+00  0.948100E+01  0.220262E+01
  0.790000E+00  0.949300E+01  0.231674E+01
  0.790000E+00  0.950500E+01  0.207681E+01
  0.790000E+00  0.951690E+01  0.250311E+01
  0.790000E+00  0.952890E+01  0.236803E+01
  0.790000E+00  0.954090E+01  0.270094E+01
  0.790000E+00  0.955280E+01  0.265047E+01
  0.790000E+00  0.956480E+01  0.226805E+01
  0.790000E+00  0.957680E+01  0.223270E+01
  0.790000E+00  0.958870E+01  0.255211E+01
  0.790000E+00  0.960070E+01  0.220429E+01
  0.790000E+00  0.961270E+01  0.244256E+01
  0.790000E+00  0.962470E+01  0.271530E+01
  0.790000E+00  0.963660E+01  0.276821E+01
  0.790000E+00  0.964860E+01  0.307257E+01
  0.790000E+00  0.966060E+01  0.241078E+01
  0.790000E+00  0.967250E+01  0.234940E+01
  0.790000E+00  0.968450E+01  0.282129E+01
  0.790000E+00  0.969650E+01  0.235909E+01
  0.790000E+00  0.970850E+01  0.270938E+01
  0.790000E+00  0.972040E+01  0.304677E+01
  0.790000E+00  0.973240E+01  0.311057E+01
  0.790000E+00  0.974440E+01  0.313681E+01
  0.790000E+00  0.975630E+01  0.257450E+01
  0.790000E+00  0.976830E+01  0.244789E+01
  0.790000E+00  0.978030E+01  0.315468E+01
  0.790000E+00  0.979230E+01  0.254887E+01
  0.790000E+00  0.980420E+01  0.288134E+01
  0.790000E+00  0.981620E+01  0.337483E+01
  0.790000E+00  0.982820E+01  0.336265E+01
  0.790000E+00  0.984010E+01  0.325039E+01
  0.790000E+00  0.985210E+01  0.268070E+01
  0.790000E+00  0.986410E+01  0.277136E+01
  0.790000E+00  0.987610E+01  0.347817E+01
  0.790000E+00  0.988800E+01  0.264211E+01
  0.790000E+00  0.990000E+01  0.316137E+01
  0.790000E+00  0.991200E+01  0.431084E+01
  0.790000E+00  0.992390E+01  0.339689E+01
  0.790000E+00  0.993590E+01  0.312005E+01
  0.790000E+00  0.994790E+01  0.296602E+01
  0.790000E+00  0.995980E+01  0.297792E+01
  0.790000E+00  0.997180E+01  0.354049E+01
  0.790000E+00  0.998380E+01  0.279051E+01
  0.790000E+00  0.999580E+01  0.328125E+01
  0.790000E+00  0.100077E+02  0.466606E+01
  0.790000E+00  0.100197E+02  0.357924E+01
  0.790000E+00  0.100317E+02  0.305177E+01
  0.790000E+00  0.100436E+02  0.326958E+01
  0.790000E+00  0.100556E+02  0.341801E+01
  0.790000E+00  0.100676E+02  0.346983E+01
  0.790000E+00  0.100796E+02  0.318210E+01
  0.790000E+00  0.100915E+02  0.357972E+01
  0.790000E+00  0.101035E+02  0.471139E+01
  0.790000E+00  0.101155E+02  0.412353E+01
  0.790000E+00  0.101274E+02  0.303925E+01
  0.790000E+00  0.101394E+02  0.371363E+01
  0.790000E+00  0.101514E+02  0.371003E+01
  0.790000E+00  0.101634E+02  0.344885E+01
  0.790000E+00  0.101753E+02  0.343045E+01
  0.790000E+00  0.101873E+02  0.440356E+01
  0.790000E+00  0.101993E+02  0.443513E+01
  0.790000E+00  0.102112E+02  0.437981E+01
  0.790000E+00  0.102232E+02  0.334664E+01
  0.790000E+00  0.102352E+02  0.419044E+01
  0.790000E+00  0.102472E+02  0.364293E+01
  0.790000E+00  0.102591E+02  0.375191E+01
  0.790000E+00  0.102711E+02  0.385984E+01
  0.790000E+00  0.102831E+02  0.497891E+01
  0.790000E+00  0.102950E+02  0.459845E+01
  0.790000E+00  0.103070E+02  0.451909E+01
  0.790000E+00  0.103190E+02  0.371178E+01
  0.790000E+00  0.103309E+02  0.441294E+01
  0.790000E+00  0.103429E+02  0.389159E+01
  0.790000E+00  0.103549E+02  0.397396E+01
  0.790000E+00  0.103669E+02  0.422079E+01
  0.790000E+00  0.103788E+02  0.496220E+01
  0.790000E+00  0.103908E+02  0.475865E+01
  0.790000E+00  0.104028E+02  0.481224E+01
  0.790000E+00  0.104147E+02  0.429069E+01
  0.790000E+00  0.104267E+02  0.434061E+01
  0.790000E+00  0.104387E+02  0.407713E+01
  0.790000E+00  0.104507E+02  0.445114E+01
  0.790000E+00  0.104626E+02  0.469150E+01
  0.790000E+00  0.104746E+02  0.485780E+01
  0.790000E+00  0.104866E+02  0.522982E+01
  0.790000E+00  0.104985E+02  0.529216E+01
  0.790000E+00  0.105105E+02  0.476971E+01
  0.790000E+00  0.105225E+02  0.432524E+01
  0.790000E+00  0.105345E+02  0.448375E+01
  0.790000E+00  0.105464E+02  0.482121E+01
  0.790000E+00  0.105584E+02  0.491870E+01
  0.790000E+00  0.105704E+02  0.493573E+01
  0.790000E+00  0.105823E+02  0.584904E+01
  0.790000E+00  0.105943E+02  0.555938E+01
  0.790000E+00  0.106063E+02  0.509720E+01
  0.790000E+00  0.106183E+02  0.461953E+01
  0.790000E+00  0.106302E+02  0.490839E+01
  0.790000E+00  0.106422E+02  0.546235E+01
  0.790000E+00  0.106542E+02  0.538730E+01
  0.790000E+00  0.106661E+02  0.497072E+01
  0.790000E+00  0.106781E+02  0.666871E+01
  0.790000E+00  0.106901E+02  0.608523E+01
  0.790000E+00  0.107020E+02  0.517246E+01
  0.790000E+00  0.107140E+02  0.501396E+01
  0.790000E+00  0.107260E+02  0.551103E+01
  0.790000E+00  0.107380E+02  0.560436E+01
  0.790000E+00  0.107499E+02  0.553493E+01
  0.790000E+00  0.107619E+02  0.525428E+01
  0.790000E+00  0.107739E+02  0.704629E+01
  0.790000E+00  0.107858E+02  0.643019E+01
  0.790000E+00  0.107978E+02  0.558498E+01
  0.790000E+00  0.108098E+02  0.541512E+01
  0.790000E+00  0.108218E+02  0.589352E+01
  0.790000E+00  0.108337E+02  0.601091E+01
  0.790000E+00  0.108457E+02  0.582437E+01
  0.790000E+00  0.108577E+02  0.569486E+01
  0.790000E+00  0.108696E+02  0.749103E+01
  0.790000E+00  0.108816E+02  0.814367E+01
  0.790000E+00  0.108936E+02  0.559711E+01
  0.790000E+00  0.109056E+02  0.604159E+01
  0.790000E+00  0.109175E+02  0.686957E+01
  0.790000E+00  0.109295E+02  0.610671E+01
  0.790000E+00  0.109415E+02  0.601322E+01
  0.790000E+00  0.109534E+02  0.639643E+01
  0.790000E+00  0.109654E+02  0.763199E+01
  0.790000E+00  0.109774E+02  0.802464E+01
  0.790000E+00  0.109894E+02  0.594111E+01
  0.790000E+00  0.110013E+02  0.712030E+01
  0.790000E+00  0.110133E+02  0.716795E+01
  0.790000E+00  0.110253E+02  0.625538E+01
  0.790000E+00  0.110372E+02  0.627296E+01
  0.790000E+00  0.110492E+02  0.758740E+01
  0.790000E+00  0.110612E+02  0.832327E+01
  0.790000E+00  0.110731E+02  0.789307E+01
  0.790000E+00  0.110851E+02  0.640072E+01
  0.790000E+00  0.110971E+02  0.803885E+01
  0.790000E+00  0.111091E+02  0.738149E+01
  0.790000E+00  0.111210E+02  0.656403E+01
  0.790000E+00  0.111330E+02  0.668152E+01
  0.790000E+00  0.111450E+02  0.863434E+01
  0.790000E+00  0.111569E+02  0.896655E+01
  0.790000E+00  0.111689E+02  0.774762E+01
  0.790000E+00  0.111809E+02  0.714720E+01
  0.790000E+00  0.111929E+02  0.106453E+02
  0.790000E+00  0.112048E+02  0.737170E+01
  0.790000E+00  0.112168E+02  0.705519E+01
  0.790000E+00  0.112288E+02  0.734780E+01
  0.790000E+00  0.112527E+02  0.874204E+01
  0.790000E+00  0.112647E+02  0.835049E+01
  0.790000E+00  0.112767E+02  0.773960E+01
  0.790000E+00  0.113006E+02  0.737445E+01
  0.790000E+00  0.113126E+02  0.770676E+01
  0.790000E+00  0.113245E+02  0.786270E+01
  0.790000E+00  0.113365E+02  0.969374E+01
  0.790000E+00  0.113485E+02  0.861057E+01
  0.790000E+00  0.113605E+02  0.862257E+01
  0.790000E+00  0.113724E+02  0.900577E+01
  0.790000E+00  0.113964E+02  0.777428E+01
  0.790000E+00  0.114083E+02  0.811053E+01
  0.790000E+00  0.114323E+02  0.978954E+01
  0.790000E+00  0.114442E+02  0.870627E+01
  0.790000E+00  0.114562E+02  0.894554E+01
  0.790000E+00  0.114921E+02  0.803030E+01
  0.790000E+00  0.115280E+02  0.956492E+01
  0.790000E+00  0.115400E+02  0.890756E+01
  0.790000E+00  0.115520E+02  0.990924E+01
  0.790000E+00  0.115879E+02  0.880208E+01
  0.790000E+00  0.116238E+02  0.998104E+01
  0.790000E+00  0.116358E+02  0.944545E+01
  0.790000E+00  0.116717E+02  0.948135E+01
  0.790000E+00  0.117196E+02  0.100768E+02
  0.790000E+00  0.117316E+02  0.976852E+01
  0.790000E+00  0.117794E+02  0.117794E+02
  0.790000E+00  0.118153E+02  0.101725E+02
  0.790000E+00  0.118991E+02  0.108039E+02
  0.790000E+00  0.119590E+02  0.119590E+02
