  0.800000E+00  0.000000E+00  0.000000E+00
  0.800000E+00  0.265306E+01  0.144665E+00
  0.800000E+00  0.266923E+01  0.156019E+01
  0.800000E+00  0.268541E+01  0.142967E+00
  0.800000E+00  0.270159E+01  0.590344E+00
  0.800000E+00  0.271777E+01  0.175327E+00
  0.800000E+00  0.273394E+01  0.515869E+00
  0.800000E+00  0.275012E+01 -0.709684E-01
  0.800000E+00  0.276630E+01  0.369714E+00
  0.800000E+00  0.279865E+01 -0.152454E+00
  0.800000E+00  0.281483E+01  0.596759E+00
  0.800000E+00  0.283101E+01  0.719764E+00
  0.800000E+00  0.284718E+01 -0.103924E+00
  0.800000E+00  0.286336E+01  0.645289E+00
  0.800000E+00  0.287954E+01  0.661467E+00
  0.800000E+00  0.289572E+01  0.677644E+00
  0.800000E+00  0.291189E+01  0.124834E+01
  0.800000E+00  0.292807E+01  0.455235E+00
  0.800000E+00  0.297660E+01  0.758530E+00
  0.800000E+00  0.302513E+01  0.103721E+01
  0.800000E+00  0.304131E+01  0.248679E+01
  0.800000E+00  0.480460E+01  0.351705E+01
  0.800000E+00  0.482080E+01  0.315725E+01
  0.800000E+00  0.483700E+01  0.214316E+01
  0.800000E+00  0.485320E+01  0.318965E+01
  0.800000E+00  0.486930E+01  0.162095E+01
  0.800000E+00  0.488550E+01  0.909649E+00
  0.800000E+00  0.490170E+01  0.131983E+01
  0.800000E+00  0.491790E+01  0.893550E+00
  0.800000E+00  0.493400E+01  0.834829E+00
  0.800000E+00  0.495020E+01  0.711546E+00
  0.800000E+00  0.496640E+01  0.637083E+00
  0.800000E+00  0.498260E+01  0.238929E+00
  0.800000E+00  0.499870E+01  0.321549E+00
  0.800000E+00  0.501490E+01  0.186515E+00
  0.800000E+00  0.503110E+01  0.187549E+00
  0.800000E+00  0.504730E+01  0.252131E+00
  0.800000E+00  0.506350E+01 -0.724959E-01
  0.800000E+00  0.507960E+01  0.704067E-01
  0.800000E+00  0.509580E+01  0.221029E-01
  0.800000E+00  0.511200E+01 -0.153620E+00
  0.800000E+00  0.512820E+01 -0.266105E+00
  0.800000E+00  0.514430E+01  0.135328E-01
  0.800000E+00  0.516050E+01 -0.183179E+00
  0.800000E+00  0.517670E+01 -0.148681E+00
  0.800000E+00  0.519290E+01 -0.236474E+00
  0.800000E+00  0.520910E+01 -0.122427E+00
  0.800000E+00  0.522520E+01 -0.303851E-01
  0.800000E+00  0.524140E+01 -0.777876E-01
  0.800000E+00  0.525760E+01  0.375763E-01
  0.800000E+00  0.527380E+01  0.119768E+00
  0.800000E+00  0.528990E+01 -0.251318E-01
  0.800000E+00  0.530610E+01 -0.149913E+00
  0.800000E+00  0.532230E+01  0.240196E+00
  0.800000E+00  0.533850E+01  0.529486E+00
  0.800000E+00  0.535460E+01  0.479453E-01
  0.800000E+00  0.537080E+01  0.325780E+00
  0.800000E+00  0.538700E+01  0.626486E+00
  0.800000E+00  0.540320E+01  0.689885E+00
  0.800000E+00  0.541940E+01  0.564660E+00
  0.800000E+00  0.543550E+01  0.779434E+00
  0.800000E+00  0.545170E+01  0.176756E+01
  0.800000E+00  0.546790E+01  0.584065E+00
  0.800000E+00  0.548410E+01  0.130350E+01
  0.800000E+00  0.550020E+01  0.144006E+01
  0.800000E+00  0.551640E+01  0.110566E+01
  0.800000E+00  0.553260E+01  0.276001E+01
  0.800000E+00  0.554880E+01  0.217319E+01
  0.800000E+00  0.556490E+01  0.158905E+01
  0.800000E+00  0.558110E+01  0.248414E+01
  0.800000E+00  0.559730E+01  0.337923E+01
  0.800000E+00  0.561350E+01  0.210788E+01
  0.800000E+00  0.562970E+01  0.230259E+01
  0.800000E+00  0.566200E+01  0.478311E+01
  0.800000E+00  0.567820E+01  0.313576E+01
  0.800000E+00  0.572670E+01  0.406315E+01
  0.800000E+00  0.575910E+01  0.520458E+01
  0.800000E+00  0.637380E+01  0.637380E+01
  0.800000E+00  0.639000E+01  0.528096E+01
  0.800000E+00  0.642230E+01  0.466452E+01
  0.800000E+00  0.643850E+01  0.445057E+01
  0.800000E+00  0.645470E+01  0.391226E+01
  0.800000E+00  0.647090E+01  0.425283E+01
  0.800000E+00  0.648700E+01  0.366591E+01
  0.800000E+00  0.650320E+01  0.410661E+01
  0.800000E+00  0.651940E+01  0.314379E+01
  0.800000E+00  0.653560E+01  0.314831E+01
  0.800000E+00  0.655180E+01  0.247191E+01
  0.800000E+00  0.656790E+01  0.279310E+01
  0.800000E+00  0.658410E+01  0.336382E+01
  0.800000E+00  0.660030E+01  0.271868E+01
  0.800000E+00  0.661650E+01  0.202724E+01
  0.800000E+00  0.663260E+01  0.321127E+01
  0.800000E+00  0.664880E+01  0.254963E+01
  0.800000E+00  0.666500E+01  0.172931E+01
  0.800000E+00  0.668120E+01  0.206654E+01
  0.800000E+00  0.669740E+01  0.200650E+01
  0.800000E+00  0.671350E+01  0.171044E+01
  0.800000E+00  0.672970E+01  0.915122E+00
  0.800000E+00  0.674590E+01  0.101104E+01
  0.800000E+00  0.676210E+01  0.127777E+01
  0.800000E+00  0.677820E+01  0.100601E+01
  0.800000E+00  0.679440E+01  0.899224E+00
  0.800000E+00  0.681060E+01  0.658005E+00
  0.800000E+00  0.682680E+01  0.920603E+00
  0.800000E+00  0.684290E+01  0.721624E+00
  0.800000E+00  0.685910E+01  0.749312E+00
  0.800000E+00  0.687530E+01  0.376217E+00
  0.800000E+00  0.689150E+01  0.470564E+00
  0.800000E+00  0.690770E+01  0.455488E+00
  0.800000E+00  0.692380E+01  0.431383E+00
  0.800000E+00  0.694000E+01  0.245788E+00
  0.800000E+00  0.695620E+01  0.345411E-01
  0.800000E+00  0.697240E+01  0.241868E+00
  0.800000E+00  0.698850E+01  0.181010E+00
  0.800000E+00  0.700470E+01  0.107746E+00
  0.800000E+00  0.702090E+01 -0.139526E+00
  0.800000E+00  0.703710E+01 -0.610019E-01
  0.800000E+00  0.705320E+01  0.142238E+00
  0.800000E+00  0.706940E+01 -0.510392E-01
  0.800000E+00  0.708560E+01 -0.186564E+00
  0.800000E+00  0.710180E+01 -0.895559E-01
  0.800000E+00  0.711800E+01 -0.667418E-01
  0.800000E+00  0.713410E+01 -0.140046E+00
  0.800000E+00  0.715030E+01 -0.208638E+00
  0.800000E+00  0.716650E+01 -0.152102E+00
  0.800000E+00  0.718270E+01 -0.628649E-01
  0.800000E+00  0.719880E+01 -0.105545E+00
  0.800000E+00  0.721500E+01 -0.171777E+00
  0.800000E+00  0.723120E+01 -0.149298E+00
  0.800000E+00  0.724740E+01  0.183247E-01
  0.800000E+00  0.726360E+01 -0.984078E-01
  0.800000E+00  0.727970E+01 -0.826303E-01
  0.800000E+00  0.729590E+01 -0.357733E-02
  0.800000E+00  0.731210E+01 -0.952044E-01
  0.800000E+00  0.732830E+01 -0.229901E-02
  0.800000E+00  0.734440E+01  0.846002E-01
  0.800000E+00  0.736060E+01  0.129528E+00
  0.800000E+00  0.737680E+01  0.139673E+00
  0.800000E+00  0.739300E+01  0.103171E+00
  0.800000E+00  0.740910E+01  0.304076E+00
  0.800000E+00  0.742530E+01  0.290808E+00
  0.800000E+00  0.744150E+01  0.271997E+00
  0.800000E+00  0.745770E+01  0.531580E+00
  0.800000E+00  0.747390E+01  0.372888E+00
  0.800000E+00  0.749000E+01  0.726427E+00
  0.800000E+00  0.750620E+01  0.551939E+00
  0.800000E+00  0.752240E+01  0.819320E+00
  0.800000E+00  0.753860E+01  0.650490E+00
  0.800000E+00  0.755470E+01  0.103179E+01
  0.800000E+00  0.757090E+01  0.889423E+00
  0.800000E+00  0.758710E+01  0.959497E+00
  0.800000E+00  0.760330E+01  0.141986E+01
  0.800000E+00  0.761950E+01  0.121761E+01
  0.800000E+00  0.763560E+01  0.182774E+01
  0.800000E+00  0.765180E+01  0.133754E+01
  0.800000E+00  0.766800E+01  0.126933E+01
  0.800000E+00  0.768420E+01  0.217253E+01
  0.800000E+00  0.770030E+01  0.200201E+01
  0.800000E+00  0.771650E+01  0.197672E+01
  0.800000E+00  0.773270E+01  0.199292E+01
  0.800000E+00  0.774890E+01  0.253832E+01
  0.800000E+00  0.776500E+01  0.245835E+01
  0.800000E+00  0.778120E+01  0.245788E+01
  0.800000E+00  0.779740E+01  0.273505E+01
  0.800000E+00  0.781360E+01  0.308713E+01
  0.800000E+00  0.782980E+01  0.360324E+01
  0.800000E+00  0.784590E+01  0.257696E+01
  0.800000E+00  0.786210E+01  0.274723E+01
  0.800000E+00  0.787830E+01  0.180562E+01
  0.800000E+00  0.789450E+01  0.198781E+01
  0.800000E+00  0.791060E+01  0.238041E+01
  0.800000E+00  0.792680E+01  0.351606E+01
  0.800000E+00  0.794300E+01  0.264057E+01
  0.800000E+00  0.795920E+01  0.218115E+01
  0.800000E+00  0.797530E+01  0.214416E+01
  0.800000E+00  0.799150E+01  0.184625E+01
  0.800000E+00  0.800770E+01  0.266805E+01
  0.800000E+00  0.802390E+01  0.261095E+01
  0.800000E+00  0.804010E+01  0.183926E+01
  0.800000E+00  0.805620E+01  0.176436E+01
  0.800000E+00  0.807240E+01  0.136019E+01
  0.800000E+00  0.808860E+01  0.205060E+01
  0.800000E+00  0.810480E+01  0.245986E+01
  0.800000E+00  0.812090E+01  0.171794E+01
  0.800000E+00  0.813710E+01  0.159509E+01
  0.800000E+00  0.815330E+01  0.118678E+01
  0.800000E+00  0.816950E+01  0.135607E+01
  0.800000E+00  0.818570E+01  0.219105E+01
  0.800000E+00  0.820180E+01  0.195319E+01
  0.800000E+00  0.821800E+01  0.126778E+01
  0.800000E+00  0.823420E+01  0.104135E+01
  0.800000E+00  0.825040E+01  0.104578E+01
  0.800000E+00  0.826650E+01  0.187811E+01
  0.800000E+00  0.828270E+01  0.168681E+01
  0.800000E+00  0.829890E+01  0.105839E+01
  0.800000E+00  0.831510E+01  0.884075E+00
  0.800000E+00  0.833120E+01  0.843089E+00
  0.800000E+00  0.834740E+01  0.130574E+01
  0.800000E+00  0.836360E+01  0.928296E+00
  0.800000E+00  0.837980E+01  0.829055E+00
  0.800000E+00  0.839600E+01  0.465170E+00
  0.800000E+00  0.841210E+01  0.596044E+00
  0.800000E+00  0.842830E+01  0.805497E+00
  0.800000E+00  0.844450E+01  0.689201E+00
  0.800000E+00  0.846070E+01  0.435231E+00
  0.800000E+00  0.847680E+01  0.387034E+00
  0.800000E+00  0.849300E+01  0.405640E+00
  0.800000E+00  0.850920E+01  0.641376E+00
  0.800000E+00  0.852540E+01  0.400479E+00
  0.800000E+00  0.854150E+01  0.194796E+00
  0.800000E+00  0.855770E+01  0.258707E+00
  0.800000E+00  0.857390E+01  0.288722E+00
  0.800000E+00  0.859010E+01  0.348907E+00
  0.800000E+00  0.860630E+01  0.203299E+00
  0.800000E+00  0.862240E+01  0.138202E+00
  0.800000E+00  0.863860E+01  0.217244E+00
  0.800000E+00  0.865480E+01  0.349533E+00
  0.800000E+00  0.867100E+01  0.144139E+00
  0.800000E+00  0.868710E+01  0.257083E+00
  0.800000E+00  0.870330E+01  0.107843E+00
  0.800000E+00  0.871950E+01  0.148820E+00
  0.800000E+00  0.873570E+01  0.197416E+00
  0.800000E+00  0.875190E+01  0.123916E+00
  0.800000E+00  0.876800E+01  0.216994E+00
  0.800000E+00  0.878420E+01  0.128073E+00
  0.800000E+00  0.880040E+01  0.941675E-01
  0.800000E+00  0.881660E+01  0.233558E+00
  0.800000E+00  0.883270E+01  0.174130E+00
  0.800000E+00  0.884890E+01  0.289042E+00
  0.800000E+00  0.886510E+01  0.954247E-02
  0.800000E+00  0.888130E+01  0.159064E+00
  0.800000E+00  0.889740E+01  0.950937E-01
  0.800000E+00  0.891360E+01  0.252833E+00
  0.800000E+00  0.892980E+01  0.276847E+00
  0.800000E+00  0.894600E+01  0.568062E-01
  0.800000E+00  0.896220E+01  0.258013E+00
  0.800000E+00  0.897830E+01  0.216224E+00
  0.800000E+00  0.899450E+01  0.456253E+00
  0.800000E+00  0.901070E+01  0.204486E+00
  0.800000E+00  0.902690E+01  0.277420E+00
  0.800000E+00  0.904300E+01  0.259389E+00
  0.800000E+00  0.905920E+01  0.500136E+00
  0.800000E+00  0.907540E+01  0.439471E+00
  0.800000E+00  0.909160E+01  0.387895E+00
  0.800000E+00  0.910780E+01  0.475817E+00
  0.800000E+00  0.912390E+01  0.584153E+00
  0.800000E+00  0.914010E+01  0.570239E+00
  0.800000E+00  0.915630E+01  0.616775E+00
  0.800000E+00  0.917250E+01  0.745246E+00
  0.800000E+00  0.918860E+01  0.512321E+00
  0.800000E+00  0.920480E+01  0.727812E+00
  0.800000E+00  0.922100E+01  0.838719E+00
  0.800000E+00  0.923720E+01  0.787586E+00
  0.800000E+00  0.925330E+01  0.922314E+00
  0.800000E+00  0.926950E+01  0.989322E+00
  0.800000E+00  0.928570E+01  0.762155E+00
  0.800000E+00  0.930190E+01  0.799936E+00
  0.800000E+00  0.931810E+01  0.105536E+01
  0.800000E+00  0.933420E+01  0.113583E+01
  0.800000E+00  0.935040E+01  0.127660E+01
  0.800000E+00  0.936660E+01  0.856302E+00
  0.800000E+00  0.938280E+01  0.875887E+00
  0.800000E+00  0.939890E+01  0.932952E+00
  0.800000E+00  0.941510E+01  0.114579E+01
  0.800000E+00  0.943130E+01  0.111941E+01
  0.800000E+00  0.944750E+01  0.161942E+01
  0.800000E+00  0.946360E+01  0.755717E+00
  0.800000E+00  0.947980E+01  0.842625E+00
  0.800000E+00  0.949600E+01  0.125121E+01
  0.800000E+00  0.951220E+01  0.114566E+01
  0.800000E+00  0.952840E+01  0.138886E+01
  0.800000E+00  0.954450E+01  0.139537E+01
  0.800000E+00  0.956070E+01  0.661883E+00
  0.800000E+00  0.957690E+01  0.753076E+00
  0.800000E+00  0.959310E+01  0.114010E+01
  0.800000E+00  0.960920E+01  0.126554E+01
  0.800000E+00  0.962540E+01  0.149639E+01
  0.800000E+00  0.964160E+01  0.100603E+01
  0.800000E+00  0.965780E+01  0.671093E+00
  0.800000E+00  0.967400E+01  0.945895E+00
  0.800000E+00  0.969010E+01  0.121640E+01
  0.800000E+00  0.970630E+01  0.144547E+01
  0.800000E+00  0.972250E+01  0.155649E+01
  0.800000E+00  0.973870E+01  0.770304E+00
  0.800000E+00  0.975480E+01  0.666142E+00
  0.800000E+00  0.977100E+01  0.117867E+01
  0.800000E+00  0.978720E+01  0.130638E+01
  0.800000E+00  0.980340E+01  0.143560E+01
  0.800000E+00  0.981950E+01  0.123733E+01
  0.800000E+00  0.983570E+01  0.608029E+00
  0.800000E+00  0.985190E+01  0.104512E+01
  0.800000E+00  0.986810E+01  0.120087E+01
  0.800000E+00  0.988430E+01  0.136697E+01
  0.800000E+00  0.990040E+01  0.140490E+01
  0.800000E+00  0.991660E+01  0.778357E+00
  0.800000E+00  0.993280E+01  0.754351E+00
  0.800000E+00  0.994900E+01  0.108165E+01
  0.800000E+00  0.996510E+01  0.931417E+00
  0.800000E+00  0.998130E+01  0.118196E+01
  0.800000E+00  0.999750E+01  0.857849E+00
  0.800000E+00  0.100137E+02  0.580406E+00
  0.800000E+00  0.100298E+02  0.845577E+00
  0.800000E+00  0.100460E+02  0.737532E+00
  0.800000E+00  0.100622E+02  0.848347E+00
  0.800000E+00  0.100784E+02  0.931909E+00
  0.800000E+00  0.100946E+02  0.566528E+00
  0.800000E+00  0.101107E+02  0.579783E+00
  0.800000E+00  0.101269E+02  0.627795E+00
  0.800000E+00  0.101431E+02  0.778744E+00
  0.800000E+00  0.101593E+02  0.820490E+00
  0.800000E+00  0.101754E+02  0.687752E+00
  0.800000E+00  0.101916E+02  0.543642E+00
  0.800000E+00  0.102078E+02  0.708583E+00
  0.800000E+00  0.102240E+02  0.710637E+00
  0.800000E+00  0.102402E+02  0.850577E+00
  0.800000E+00  0.102563E+02  0.790441E+00
  0.800000E+00  0.102725E+02  0.647029E+00
  0.800000E+00  0.102887E+02  0.722919E+00
  0.800000E+00  0.103049E+02  0.779792E+00
  0.800000E+00  0.103210E+02  0.925580E+00
  0.800000E+00  0.103372E+02  0.905725E+00
  0.800000E+00  0.103534E+02  0.742536E+00
  0.800000E+00  0.103696E+02  0.765554E+00
  0.800000E+00  0.103857E+02  0.937293E+00
  0.800000E+00  0.104019E+02  0.106548E+01
  0.800000E+00  0.104181E+02  0.102452E+01
  0.800000E+00  0.104343E+02  0.946086E+00
  0.800000E+00  0.104505E+02  0.837022E+00
  0.800000E+00  0.104666E+02  0.112317E+01
  0.800000E+00  0.104828E+02  0.123640E+01
  0.800000E+00  0.104990E+02  0.122805E+01
  0.800000E+00  0.105152E+02  0.103602E+01
  0.800000E+00  0.105313E+02  0.102830E+01
  0.800000E+00  0.105475E+02  0.142467E+01
  0.800000E+00  0.105637E+02  0.133283E+01
  0.800000E+00  0.105799E+02  0.128788E+01
  0.800000E+00  0.105961E+02  0.119973E+01
  0.800000E+00  0.106122E+02  0.111662E+01
  0.800000E+00  0.106284E+02  0.151208E+01
  0.800000E+00  0.106446E+02  0.154618E+01
  0.800000E+00  0.106608E+02  0.118667E+01
  0.800000E+00  0.106769E+02  0.112441E+01
  0.800000E+00  0.106931E+02  0.154244E+01
  0.800000E+00  0.107093E+02  0.121416E+01
  0.800000E+00  0.107255E+02  0.174310E+01
  0.800000E+00  0.107416E+02  0.105153E+01
  0.800000E+00  0.107578E+02  0.152366E+01
  0.800000E+00  0.107740E+02  0.127523E+01
  0.800000E+00  0.107902E+02  0.150281E+01
  0.800000E+00  0.108064E+02  0.120574E+01
  0.800000E+00  0.108225E+02  0.132117E+01
  0.800000E+00  0.108387E+02  0.162485E+01
  0.800000E+00  0.108549E+02  0.137071E+01
  0.800000E+00  0.108711E+02  0.137585E+01
  0.800000E+00  0.108872E+02  0.144751E+01
  0.800000E+00  0.109034E+02  0.151199E+01
  0.800000E+00  0.109196E+02  0.146864E+01
  0.800000E+00  0.109358E+02  0.165052E+01
  0.800000E+00  0.109519E+02  0.145107E+01
  0.800000E+00  0.109681E+02  0.161840E+01
  0.800000E+00  0.109843E+02  0.140096E+01
  0.800000E+00  0.110005E+02  0.166115E+01
  0.800000E+00  0.110167E+02  0.154823E+01
  0.800000E+00  0.110328E+02  0.178069E+01
  0.800000E+00  0.110490E+02  0.158436E+01
  0.800000E+00  0.110652E+02  0.155058E+01
  0.800000E+00  0.110814E+02  0.160211E+01
  0.800000E+00  0.110975E+02  0.166858E+01
  0.800000E+00  0.111137E+02  0.190951E+01
  0.800000E+00  0.111299E+02  0.161939E+01
  0.800000E+00  0.111461E+02  0.165851E+01
  0.800000E+00  0.111623E+02  0.158511E+01
  0.800000E+00  0.111784E+02  0.177351E+01
  0.800000E+00  0.111946E+02  0.164206E+01
  0.800000E+00  0.112108E+02  0.181329E+01
  0.800000E+00  0.112270E+02  0.161536E+01
  0.800000E+00  0.112431E+02  0.179469E+01
  0.800000E+00  0.112593E+02  0.154971E+01
  0.800000E+00  0.112755E+02  0.155679E+01
  0.800000E+00  0.112917E+02  0.181780E+01
  0.800000E+00  0.113078E+02  0.174562E+01
  0.800000E+00  0.113240E+02  0.168761E+01
  0.800000E+00  0.113402E+02  0.162476E+01
  0.800000E+00  0.113564E+02  0.176632E+01
  0.800000E+00  0.113726E+02  0.179672E+01
  0.800000E+00  0.113887E+02  0.195820E+01
  0.800000E+00  0.114049E+02  0.190568E+01
  0.800000E+00  0.114211E+02  0.187764E+01
  0.800000E+00  0.114373E+02  0.172518E+01
  0.800000E+00  0.114534E+02  0.220083E+01
  0.800000E+00  0.114696E+02  0.209131E+01
  0.800000E+00  0.114858E+02  0.219819E+01
  0.800000E+00  0.115020E+02  0.202128E+01
  0.800000E+00  0.115182E+02  0.181966E+01
  0.800000E+00  0.115343E+02  0.238377E+01
  0.800000E+00  0.115505E+02  0.208610E+01
  0.800000E+00  0.115667E+02  0.240757E+01
  0.800000E+00  0.115829E+02  0.222684E+01
  0.800000E+00  0.115990E+02  0.197291E+01
  0.800000E+00  0.116152E+02  0.199345E+01
  0.800000E+00  0.116314E+02  0.221006E+01
  0.800000E+00  0.116476E+02  0.240381E+01
  0.800000E+00  0.116637E+02  0.246256E+01
  0.800000E+00  0.116799E+02  0.136136E+01
  0.800000E+00  0.116961E+02  0.194541E+01
  0.800000E+00  0.117123E+02  0.275463E+01
  0.800000E+00  0.117285E+02  0.197667E+01
  0.800000E+00  0.117446E+02  0.182764E+01
  0.800000E+00  0.117608E+02  0.184331E+01
  0.800000E+00  0.117770E+02  0.209888E+01
  0.800000E+00  0.117932E+02  0.212979E+01
  0.800000E+00  0.118093E+02  0.188163E+01
  0.800000E+00  0.118255E+02  0.221677E+01
  0.800000E+00  0.118417E+02  0.230183E+01
  0.800000E+00  0.118579E+02  0.199917E+01
  0.800000E+00  0.118740E+02  0.210340E+01
  0.800000E+00  0.118902E+02  0.231169E+01
  0.800000E+00  0.119064E+02  0.246491E+01
  0.800000E+00  0.119226E+02  0.230066E+01
  0.800000E+00  0.119388E+02  0.223359E+01
  0.800000E+00  0.119549E+02  0.236005E+01
  0.800000E+00  0.119711E+02  0.254780E+01
  0.800000E+00  0.119873E+02  0.250419E+01
  0.800000E+00  0.120035E+02  0.253300E+01
  0.800000E+00  0.120196E+02  0.248874E+01
  0.800000E+00  0.120358E+02  0.263035E+01
  0.800000E+00  0.120520E+02  0.258527E+01
  0.800000E+00  0.120682E+02  0.271374E+01
  0.800000E+00  0.120844E+02  0.273678E+01
  0.800000E+00  0.121005E+02  0.277710E+01
  0.800000E+00  0.121167E+02  0.270376E+01
  0.800000E+00  0.121329E+02  0.271298E+01
  0.800000E+00  0.121491E+02  0.278283E+01
  0.800000E+00  0.121652E+02  0.300690E+01
  0.800000E+00  0.121814E+02  0.249203E+01
  0.800000E+00  0.121976E+02  0.276801E+01
  0.800000E+00  0.122138E+02  0.328413E+01
  0.800000E+00  0.122299E+02  0.275802E+01
  0.800000E+00  0.122461E+02  0.282704E+01
  0.800000E+00  0.122623E+02  0.276470E+01
  0.800000E+00  0.122785E+02  0.288952E+01
  0.800000E+00  0.122947E+02  0.296363E+01
  0.800000E+00  0.123108E+02  0.281494E+01
  0.800000E+00  0.123270E+02  0.298778E+01
  0.800000E+00  0.123432E+02  0.292871E+01
  0.800000E+00  0.123594E+02  0.290019E+01
  0.800000E+00  0.123755E+02  0.307286E+01
  0.800000E+00  0.123917E+02  0.295829E+01
  0.800000E+00  0.124079E+02  0.312197E+01
  0.800000E+00  0.124241E+02  0.307392E+01
  0.800000E+00  0.124402E+02  0.296509E+01
  0.800000E+00  0.124564E+02  0.309284E+01
  0.800000E+00  0.124726E+02  0.313222E+01
  0.800000E+00  0.124888E+02  0.310161E+01
  0.800000E+00  0.125050E+02  0.309293E+01
  0.800000E+00  0.125211E+02  0.319009E+01
  0.800000E+00  0.125373E+02  0.324210E+01
  0.800000E+00  0.125535E+02  0.318146E+01
  0.800000E+00  0.125697E+02  0.322878E+01
  0.800000E+00  0.125858E+02  0.330315E+01
  0.800000E+00  0.126020E+02  0.332220E+01
  0.800000E+00  0.126182E+02  0.341551E+01
  0.800000E+00  0.126344E+02  0.317000E+01
  0.800000E+00  0.126506E+02  0.333600E+01
  0.800000E+00  0.126667E+02  0.329016E+01
  0.800000E+00  0.126829E+02  0.366702E+01
  0.800000E+00  0.126991E+02  0.346023E+01
  0.800000E+00  0.127153E+02  0.347220E+01
  0.800000E+00  0.127314E+02  0.334254E+01
  0.800000E+00  0.127476E+02  0.342810E+01
  0.800000E+00  0.127638E+02  0.368908E+01
  0.800000E+00  0.127800E+02  0.371363E+01
  0.800000E+00  0.127961E+02  0.361802E+01
  0.800000E+00  0.128123E+02  0.359194E+01
  0.800000E+00  0.128285E+02  0.339678E+01
  0.800000E+00  0.128447E+02  0.369242E+01
  0.800000E+00  0.128609E+02  0.387389E+01
  0.800000E+00  0.128770E+02  0.384567E+01
  0.800000E+00  0.128932E+02  0.364903E+01
  0.800000E+00  0.129094E+02  0.373107E+01
  0.800000E+00  0.129256E+02  0.366173E+01
  0.800000E+00  0.129417E+02  0.393434E+01
  0.800000E+00  0.129579E+02  0.404627E+01
  0.800000E+00  0.129740E+02  0.393332E+01
  0.800000E+00  0.129900E+02  0.394430E+01
  0.800000E+00  0.130060E+02  0.373765E+01
  0.800000E+00  0.130230E+02  0.395619E+01
  0.800000E+00  0.130390E+02  0.415617E+01
  0.800000E+00  0.130550E+02  0.429452E+01
  0.800000E+00  0.130710E+02  0.409768E+01
  0.800000E+00  0.130870E+02  0.409450E+01
  0.800000E+00  0.131040E+02  0.385288E+01
  0.800000E+00  0.131200E+02  0.434148E+01
  0.800000E+00  0.131360E+02  0.432089E+01
  0.800000E+00  0.131520E+02  0.450352E+01
  0.800000E+00  0.131680E+02  0.426063E+01
  0.800000E+00  0.131840E+02  0.405224E+01
  0.800000E+00  0.132010E+02  0.405137E+01
  0.800000E+00  0.132170E+02  0.463378E+01
  0.800000E+00  0.132330E+02  0.441638E+01
  0.800000E+00  0.132490E+02  0.469345E+01
  0.800000E+00  0.132650E+02  0.434670E+01
  0.800000E+00  0.132810E+02  0.414131E+01
  0.800000E+00  0.132980E+02  0.433334E+01
  0.800000E+00  0.133140E+02  0.475562E+01
  0.800000E+00  0.133300E+02  0.467754E+01
  0.800000E+00  0.133460E+02  0.481316E+01
  0.800000E+00  0.133620E+02  0.444747E+01
  0.800000E+00  0.133790E+02  0.422455E+01
  0.800000E+00  0.133950E+02  0.471423E+01
  0.800000E+00  0.134110E+02  0.487927E+01
  0.800000E+00  0.134270E+02  0.496728E+01
  0.800000E+00  0.134430E+02  0.492651E+01
  0.800000E+00  0.134590E+02  0.452363E+01
  0.800000E+00  0.134760E+02  0.448208E+01
  0.800000E+00  0.134920E+02  0.501798E+01
  0.800000E+00  0.135080E+02  0.506441E+01
  0.800000E+00  0.135240E+02  0.527700E+01
  0.800000E+00  0.135400E+02  0.493685E+01
  0.800000E+00  0.135560E+02  0.474002E+01
  0.800000E+00  0.135730E+02  0.473305E+01
  0.800000E+00  0.135890E+02  0.518723E+01
  0.800000E+00  0.136050E+02  0.528285E+01
  0.800000E+00  0.136210E+02  0.558480E+01
  0.800000E+00  0.136370E+02  0.508842E+01
  0.800000E+00  0.136540E+02  0.496483E+01
  0.800000E+00  0.136700E+02  0.500446E+01
  0.800000E+00  0.136860E+02  0.533739E+01
  0.800000E+00  0.137020E+02  0.559147E+01
  0.800000E+00  0.137180E+02  0.589766E+01
  0.800000E+00  0.137340E+02  0.520661E+01
  0.800000E+00  0.137510E+02  0.527457E+01
  0.800000E+00  0.137670E+02  0.523549E+01
  0.800000E+00  0.137830E+02  0.546677E+01
  0.800000E+00  0.137990E+02  0.588143E+01
  0.800000E+00  0.138150E+02  0.611900E+01
  0.800000E+00  0.138310E+02  0.532147E+01
  0.800000E+00  0.138480E+02  0.566263E+01
  0.800000E+00  0.138640E+02  0.552162E+01
  0.800000E+00  0.138800E+02  0.567716E+01
  0.800000E+00  0.138960E+02  0.629002E+01
  0.800000E+00  0.139120E+02  0.605348E+01
  0.800000E+00  0.139290E+02  0.563987E+01
  0.800000E+00  0.139450E+02  0.602109E+01
  0.800000E+00  0.139610E+02  0.569841E+01
  0.800000E+00  0.139770E+02  0.594519E+01
  0.800000E+00  0.139930E+02  0.651396E+01
  0.800000E+00  0.140090E+02  0.610217E+01
  0.800000E+00  0.140260E+02  0.599587E+01
  0.800000E+00  0.140420E+02  0.631450E+01
  0.800000E+00  0.140580E+02  0.586723E+01
  0.800000E+00  0.140740E+02  0.642938E+01
  0.800000E+00  0.140900E+02  0.693520E+01
  0.800000E+00  0.141060E+02  0.626750E+01
  0.800000E+00  0.141230E+02  0.635275E+01
  0.800000E+00  0.141390E+02  0.645709E+01
  0.800000E+00  0.141550E+02  0.610524E+01
  0.800000E+00  0.141710E+02  0.687397E+01
  0.800000E+00  0.141870E+02  0.719243E+01
  0.800000E+00  0.142040E+02  0.637103E+01
  0.800000E+00  0.142200E+02  0.693088E+01
  0.800000E+00  0.142360E+02  0.654416E+01
  0.800000E+00  0.142520E+02  0.651759E+01
  0.800000E+00  0.142680E+02  0.727088E+01
  0.800000E+00  0.142840E+02  0.763764E+01
  0.800000E+00  0.143010E+02  0.665125E+01
  0.800000E+00  0.143170E+02  0.729570E+01
  0.800000E+00  0.143330E+02  0.677870E+01
  0.800000E+00  0.143490E+02  0.676838E+01
  0.800000E+00  0.143650E+02  0.782344E+01
  0.800000E+00  0.143820E+02  0.776129E+01
  0.800000E+00  0.143980E+02  0.701044E+01
  0.800000E+00  0.144140E+02  0.757706E+01
  0.800000E+00  0.144300E+02  0.709539E+01
  0.800000E+00  0.144460E+02  0.713578E+01
  0.800000E+00  0.144620E+02  0.813411E+01
  0.800000E+00  0.144790E+02  0.808033E+01
  0.800000E+00  0.144950E+02  0.740027E+01
  0.800000E+00  0.145110E+02  0.769214E+01
  0.800000E+00  0.145270E+02  0.750483E+01
  0.800000E+00  0.145430E+02  0.751960E+01
  0.800000E+00  0.145590E+02  0.829721E+01
  0.800000E+00  0.145760E+02  0.827682E+01
  0.800000E+00  0.145920E+02  0.795997E+01
  0.800000E+00  0.146080E+02  0.783158E+01
  0.800000E+00  0.146240E+02  0.782657E+01
  0.800000E+00  0.146400E+02  0.807277E+01
  0.800000E+00  0.146570E+02  0.841360E+01
  0.800000E+00  0.146730E+02  0.856398E+01
  0.800000E+00  0.146890E+02  0.868549E+01
  0.800000E+00  0.147050E+02  0.794553E+01
  0.800000E+00  0.147210E+02  0.828864E+01
  0.800000E+00  0.147370E+02  0.856276E+01
  0.800000E+00  0.147540E+02  0.848712E+01
  0.800000E+00  0.147700E+02  0.908734E+01
  0.800000E+00  0.147860E+02  0.925342E+01
  0.800000E+00  0.148020E+02  0.815880E+01
  0.800000E+00  0.148180E+02  0.902205E+01
  0.800000E+00  0.148340E+02  0.904666E+01
  0.800000E+00  0.148510E+02  0.869621E+01
  0.800000E+00  0.148670E+02  0.992797E+01
  0.800000E+00  0.148830E+02  0.935042E+01
  0.800000E+00  0.148990E+02  0.856994E+01
  0.800000E+00  0.149150E+02  0.960415E+01
  0.800000E+00  0.149320E+02  0.931513E+01
  0.800000E+00  0.149480E+02  0.898422E+01
  0.800000E+00  0.149640E+02  0.103904E+02
  0.800000E+00  0.149800E+02  0.973458E+01
  0.800000E+00  0.149960E+02  0.907015E+01
  0.800000E+00  0.150120E+02  0.104024E+02
  0.800000E+00  0.150290E+02  0.958708E+01
  0.800000E+00  0.150450E+02  0.936168E+01
  0.800000E+00  0.150610E+02  0.114791E+02
  0.800000E+00  0.150770E+02  0.969793E+01
  0.800000E+00  0.150930E+02  0.990407E+01
  0.800000E+00  0.151090E+02  0.107797E+02
  0.800000E+00  0.151260E+02  0.963245E+01
  0.800000E+00  0.151420E+02  0.100571E+02
  0.800000E+00  0.151580E+02  0.116133E+02
  0.800000E+00  0.151740E+02  0.987581E+01
  0.800000E+00  0.151900E+02  0.118883E+02
  0.800000E+00  0.152070E+02  0.105874E+02
  0.800000E+00  0.152230E+02  0.997418E+01
  0.800000E+00  0.152390E+02  0.111398E+02
  0.800000E+00  0.152550E+02  0.120347E+02
  0.800000E+00  0.152710E+02  0.104016E+02
  0.800000E+00  0.152870E+02  0.127446E+02
  0.800000E+00  0.153040E+02  0.107304E+02
  0.800000E+00  0.153200E+02  0.103547E+02
  0.800000E+00  0.153360E+02  0.131179E+02
  0.800000E+00  0.153520E+02  0.120249E+02
  0.800000E+00  0.153680E+02  0.110387E+02
  0.800000E+00  0.153840E+02  0.145051E+02
  0.800000E+00  0.154010E+02  0.107863E+02
  0.800000E+00  0.154170E+02  0.113469E+02
  0.800000E+00  0.154330E+02  0.137694E+02
  0.800000E+00  0.154490E+02  0.121219E+02
  0.800000E+00  0.154650E+02  0.117495E+02
  0.800000E+00  0.154980E+02  0.111135E+02
  0.800000E+00  0.155140E+02  0.120084E+02
  0.800000E+00  0.155300E+02  0.133119E+02
  0.800000E+00  0.155460E+02  0.123850E+02
  0.800000E+00  0.155620E+02  0.127894E+02
  0.800000E+00  0.155950E+02  0.115249E+02
  0.800000E+00  0.156110E+02  0.156110E+02
  0.800000E+00  0.156270E+02  0.139634E+02
  0.800000E+00  0.156430E+02  0.124227E+02
  0.800000E+00  0.156760E+02  0.129034E+02
  0.800000E+00  0.156920E+02  0.125950E+02
  0.800000E+00  0.157240E+02  0.133274E+02
  0.800000E+00  0.157400E+02  0.130742E+02
  0.800000E+00  0.157730E+02  0.130004E+02
  0.800000E+00  0.157890E+02  0.152345E+02
  0.800000E+00  0.158210E+02  0.141574E+02
  0.800000E+00  0.158370E+02  0.136189E+02
  0.800000E+00  0.158700E+02  0.136519E+02
  0.800000E+00  0.159180E+02  0.135214E+02
  0.800000E+00  0.159830E+02  0.159830E+02
  0.800000E+00  0.160150E+02  0.143514E+02
  0.800000E+00  0.160960E+02  0.149870E+02
  0.800000E+00  0.161610E+02  0.161610E+02
