  0.820000E+00  0.000000E+00  0.000000E+00
  0.820000E+00  0.302645E+01  0.170671E+01
  0.820000E+00  0.304747E+01  0.512815E+00
  0.820000E+00  0.306848E+01  0.176864E+00
  0.820000E+00  0.308950E+01  0.151014E+00
  0.820000E+00  0.311052E+01  0.504516E+00
  0.820000E+00  0.313154E+01  0.148719E+00
  0.820000E+00  0.315255E+01  0.310647E+00
  0.820000E+00  0.317357E+01  0.331667E+00
  0.820000E+00  0.319459E+01  0.405608E+00
  0.820000E+00  0.321560E+01  0.190719E+00
  0.820000E+00  0.323662E+01  0.630616E+00
  0.820000E+00  0.325764E+01  0.415737E+00
  0.820000E+00  0.327865E+01  0.295829E+00
  0.820000E+00  0.329967E+01  0.693666E+00
  0.820000E+00  0.332069E+01  0.714686E+00
  0.820000E+00  0.334171E+01  0.163657E+01
  0.820000E+00  0.336272E+01  0.828065E+00
  0.820000E+00  0.340476E+01  0.113124E+01
  0.820000E+00  0.344679E+01  0.140917E+01
  0.820000E+00  0.348882E+01  0.292044E+01
  0.820000E+00  0.559050E+01  0.427076E+01
  0.820000E+00  0.561150E+01  0.265055E+01
  0.820000E+00  0.563260E+01  0.210327E+01
  0.820000E+00  0.565360E+01  0.130898E+01
  0.820000E+00  0.567460E+01  0.120475E+01
  0.820000E+00  0.569560E+01  0.114855E+01
  0.820000E+00  0.571660E+01  0.854337E+00
  0.820000E+00  0.573760E+01  0.363375E+00
  0.820000E+00  0.575870E+01  0.797919E+00
  0.820000E+00  0.577970E+01  0.295249E+00
  0.820000E+00  0.580070E+01  0.250536E+00
  0.820000E+00  0.582170E+01  0.265900E+00
  0.820000E+00  0.584270E+01 -0.240846E-01
  0.820000E+00  0.586370E+01  0.197702E+00
  0.820000E+00  0.588480E+01 -0.965894E-01
  0.820000E+00  0.590580E+01 -0.126349E+00
  0.820000E+00  0.592680E+01 -0.995693E-01
  0.820000E+00  0.594780E+01 -0.102987E+00
  0.820000E+00  0.596880E+01 -0.850521E-01
  0.820000E+00  0.598980E+01 -0.832048E-01
  0.820000E+00  0.601090E+01 -0.943424E-01
  0.820000E+00  0.603190E+01  0.241982E-01
  0.820000E+00  0.605290E+01 -0.123851E+00
  0.820000E+00  0.607390E+01  0.180641E+00
  0.820000E+00  0.609490E+01  0.115184E+00
  0.820000E+00  0.611600E+01  0.880503E-01
  0.820000E+00  0.613700E+01  0.363760E+00
  0.820000E+00  0.615800E+01  0.208415E+00
  0.820000E+00  0.617900E+01  0.529535E+00
  0.820000E+00  0.620000E+01  0.395760E+00
  0.820000E+00  0.622100E+01  0.756185E+00
  0.820000E+00  0.624210E+01  0.928463E+00
  0.820000E+00  0.626310E+01  0.914984E+00
  0.820000E+00  0.628410E+01  0.133501E+01
  0.820000E+00  0.630510E+01  0.115058E+01
  0.820000E+00  0.632610E+01  0.117925E+01
  0.820000E+00  0.634710E+01  0.197032E+01
  0.820000E+00  0.636820E+01  0.186727E+01
  0.820000E+00  0.638920E+01  0.204458E+01
  0.820000E+00  0.641020E+01  0.305284E+01
  0.820000E+00  0.643120E+01  0.235595E+01
  0.820000E+00  0.645220E+01  0.304192E+01
  0.820000E+00  0.647320E+01  0.287994E+01
  0.820000E+00  0.649430E+01  0.308402E+01
  0.820000E+00  0.651530E+01  0.594692E+01
  0.820000E+00  0.653630E+01  0.421307E+01
  0.820000E+00  0.655730E+01  0.485216E+01
  0.820000E+00  0.659930E+01  0.489416E+01
  0.820000E+00  0.662040E+01  0.605202E+01
  0.820000E+00  0.756610E+01  0.756610E+01
  0.820000E+00  0.758710E+01  0.645034E+01
  0.820000E+00  0.760820E+01  0.590306E+01
  0.820000E+00  0.762920E+01  0.552594E+01
  0.820000E+00  0.765020E+01  0.504420E+01
  0.820000E+00  0.767120E+01  0.446334E+01
  0.820000E+00  0.769220E+01  0.428192E+01
  0.820000E+00  0.771320E+01  0.356708E+01
  0.820000E+00  0.773430E+01  0.334190E+01
  0.820000E+00  0.775530E+01  0.394690E+01
  0.820000E+00  0.777630E+01  0.280400E+01
  0.820000E+00  0.779730E+01  0.331004E+01
  0.820000E+00  0.781830E+01  0.226814E+01
  0.820000E+00  0.783930E+01  0.173790E+01
  0.820000E+00  0.786040E+01  0.198851E+01
  0.820000E+00  0.788140E+01  0.165071E+01
  0.820000E+00  0.790240E+01  0.132902E+01
  0.820000E+00  0.792340E+01  0.153300E+01
  0.820000E+00  0.794440E+01  0.143225E+01
  0.820000E+00  0.796540E+01  0.108575E+01
  0.820000E+00  0.798650E+01  0.984557E+00
  0.820000E+00  0.800750E+01  0.938122E+00
  0.820000E+00  0.802850E+01  0.584393E+00
  0.820000E+00  0.804950E+01  0.619552E+00
  0.820000E+00  0.807050E+01  0.596347E+00
  0.820000E+00  0.809160E+01  0.338748E+00
  0.820000E+00  0.811260E+01  0.376225E+00
  0.820000E+00  0.813360E+01  0.320944E+00
  0.820000E+00  0.815460E+01  0.226099E+00
  0.820000E+00  0.817560E+01  0.256274E+00
  0.820000E+00  0.819660E+01  0.107082E+00
  0.820000E+00  0.821770E+01  0.257232E-01
  0.820000E+00  0.823870E+01  0.138180E+00
  0.820000E+00  0.825970E+01  0.555418E-02
  0.820000E+00  0.828070E+01 -0.321731E-01
  0.820000E+00  0.830170E+01  0.193981E-02
  0.820000E+00  0.832270E+01 -0.697212E-01
  0.820000E+00  0.834380E+01 -0.622853E-01
  0.820000E+00  0.836480E+01 -0.127069E-01
  0.820000E+00  0.838580E+01 -0.568113E-01
  0.820000E+00  0.840680E+01 -0.558903E-01
  0.820000E+00  0.842780E+01  0.248433E-02
  0.820000E+00  0.844880E+01 -0.491697E-01
  0.820000E+00  0.846990E+01  0.511155E-01
  0.820000E+00  0.849090E+01  0.718305E-01
  0.820000E+00  0.851190E+01  0.841555E-01
  0.820000E+00  0.853290E+01  0.203710E+00
  0.820000E+00  0.855390E+01  0.179758E+00
  0.820000E+00  0.857490E+01  0.246633E+00
  0.820000E+00  0.859600E+01  0.359751E+00
  0.820000E+00  0.861700E+01  0.404090E+00
  0.820000E+00  0.863800E+01  0.362120E+00
  0.820000E+00  0.865900E+01  0.567524E+00
  0.820000E+00  0.868000E+01  0.685872E+00
  0.820000E+00  0.870100E+01  0.663535E+00
  0.820000E+00  0.872210E+01  0.848701E+00
  0.820000E+00  0.874310E+01  0.916355E+00
  0.820000E+00  0.876410E+01  0.101112E+01
  0.820000E+00  0.878510E+01  0.115439E+01
  0.820000E+00  0.880610E+01  0.120090E+01
  0.820000E+00  0.882710E+01  0.145760E+01
  0.820000E+00  0.884820E+01  0.162069E+01
  0.820000E+00  0.886920E+01  0.160406E+01
  0.820000E+00  0.889020E+01  0.179464E+01
  0.820000E+00  0.891120E+01  0.188118E+01
  0.820000E+00  0.893220E+01  0.247305E+01
  0.820000E+00  0.895320E+01  0.229700E+01
  0.820000E+00  0.897430E+01  0.241566E+01
  0.820000E+00  0.899530E+01  0.260422E+01
  0.820000E+00  0.901630E+01  0.296245E+01
  0.820000E+00  0.903730E+01  0.314280E+01
  0.820000E+00  0.905830E+01  0.327649E+01
  0.820000E+00  0.907940E+01  0.331627E+01
  0.820000E+00  0.910040E+01  0.395974E+01
  0.820000E+00  0.912140E+01  0.464454E+01
  0.820000E+00  0.914240E+01  0.384016E+01
  0.820000E+00  0.916340E+01  0.465572E+01
  0.820000E+00  0.918440E+01  0.454649E+01
  0.820000E+00  0.920550E+01  0.463322E+01
  0.820000E+00  0.922650E+01  0.455214E+01
  0.820000E+00  0.924750E+01  0.448236E+01
  0.820000E+00  0.926850E+01  0.441281E+01
  0.820000E+00  0.928950E+01  0.414574E+01
  0.820000E+00  0.931050E+01  0.395518E+01
  0.820000E+00  0.933160E+01  0.383700E+01
  0.820000E+00  0.935260E+01  0.368497E+01
  0.820000E+00  0.937360E+01  0.340286E+01
  0.820000E+00  0.939460E+01  0.330288E+01
  0.820000E+00  0.941560E+01  0.358416E+01
  0.820000E+00  0.943660E+01  0.322884E+01
  0.820000E+00  0.945770E+01  0.315882E+01
  0.820000E+00  0.947870E+01  0.309169E+01
  0.820000E+00  0.949970E+01  0.301724E+01
  0.820000E+00  0.952070E+01  0.285768E+01
  0.820000E+00  0.954170E+01  0.253687E+01
  0.820000E+00  0.956270E+01  0.287861E+01
  0.820000E+00  0.958380E+01  0.270378E+01
  0.820000E+00  0.960480E+01  0.223182E+01
  0.820000E+00  0.962580E+01  0.240527E+01
  0.820000E+00  0.964680E+01  0.244933E+01
  0.820000E+00  0.966780E+01  0.209740E+01
  0.820000E+00  0.968880E+01  0.189218E+01
  0.820000E+00  0.970990E+01  0.174331E+01
  0.820000E+00  0.973090E+01  0.168701E+01
  0.820000E+00  0.975190E+01  0.155468E+01
  0.820000E+00  0.977290E+01  0.149073E+01
  0.820000E+00  0.979390E+01  0.136666E+01
  0.820000E+00  0.981490E+01  0.120117E+01
  0.820000E+00  0.983600E+01  0.123624E+01
  0.820000E+00  0.985700E+01  0.132779E+01
  0.820000E+00  0.987800E+01  0.101821E+01
  0.820000E+00  0.989900E+01  0.958346E+00
  0.820000E+00  0.992000E+01  0.104888E+01
  0.820000E+00  0.994100E+01  0.914482E+00
  0.820000E+00  0.996210E+01  0.680848E+00
  0.820000E+00  0.998310E+01  0.812946E+00
  0.820000E+00  0.100041E+02  0.774356E+00
  0.820000E+00  0.100251E+02  0.648199E+00
  0.820000E+00  0.100461E+02  0.565415E+00
  0.820000E+00  0.100672E+02  0.615686E+00
  0.820000E+00  0.100882E+02  0.576559E+00
  0.820000E+00  0.101092E+02  0.446303E+00
  0.820000E+00  0.101302E+02  0.437946E+00
  0.820000E+00  0.101512E+02  0.488115E+00
  0.820000E+00  0.101722E+02  0.364597E+00
  0.820000E+00  0.101933E+02  0.290683E+00
  0.820000E+00  0.102143E+02  0.339551E+00
  0.820000E+00  0.102353E+02  0.359056E+00
  0.820000E+00  0.102563E+02  0.224756E+00
  0.820000E+00  0.102773E+02  0.272554E+00
  0.820000E+00  0.102983E+02  0.296568E+00
  0.820000E+00  0.103194E+02  0.260168E+00
  0.820000E+00  0.103404E+02  0.184620E+00
  0.820000E+00  0.103614E+02  0.324409E+00
  0.820000E+00  0.103824E+02  0.297879E+00
  0.820000E+00  0.104034E+02  0.181050E+00
  0.820000E+00  0.104244E+02  0.311871E+00
  0.820000E+00  0.104455E+02  0.306902E+00
  0.820000E+00  0.104665E+02  0.250719E+00
  0.820000E+00  0.104875E+02  0.289562E+00
  0.820000E+00  0.105085E+02  0.360781E+00
  0.820000E+00  0.105295E+02  0.353406E+00
  0.820000E+00  0.105505E+02  0.402504E+00
  0.820000E+00  0.105716E+02  0.432722E+00
  0.820000E+00  0.105926E+02  0.468089E+00
  0.820000E+00  0.106136E+02  0.486210E+00
  0.820000E+00  0.106346E+02  0.500284E+00
  0.820000E+00  0.106556E+02  0.578026E+00
  0.820000E+00  0.106766E+02  0.647252E+00
  0.820000E+00  0.106977E+02  0.692542E+00
  0.820000E+00  0.107187E+02  0.700223E+00
  0.820000E+00  0.107397E+02  0.824575E+00
  0.820000E+00  0.107607E+02  0.813347E+00
  0.820000E+00  0.107817E+02  0.902376E+00
  0.820000E+00  0.108027E+02  0.932698E+00
  0.820000E+00  0.108238E+02  0.996979E+00
  0.820000E+00  0.108448E+02  0.112037E+01
  0.820000E+00  0.108658E+02  0.115943E+01
  0.820000E+00  0.108868E+02  0.118686E+01
  0.820000E+00  0.109078E+02  0.125567E+01
  0.820000E+00  0.109288E+02  0.130431E+01
  0.820000E+00  0.109499E+02  0.152288E+01
  0.820000E+00  0.109709E+02  0.148959E+01
  0.820000E+00  0.109919E+02  0.129543E+01
  0.820000E+00  0.110129E+02  0.149221E+01
  0.820000E+00  0.110339E+02  0.190942E+01
  0.820000E+00  0.110550E+02  0.174468E+01
  0.820000E+00  0.110760E+02  0.132508E+01
  0.820000E+00  0.110970E+02  0.160746E+01
  0.820000E+00  0.111180E+02  0.217183E+01
  0.820000E+00  0.111390E+02  0.198541E+01
  0.820000E+00  0.111600E+02  0.133205E+01
  0.820000E+00  0.111811E+02  0.158555E+01
  0.820000E+00  0.112021E+02  0.247469E+01
  0.820000E+00  0.112231E+02  0.208341E+01
  0.820000E+00  0.112441E+02  0.136569E+01
  0.820000E+00  0.112651E+02  0.151261E+01
  0.820000E+00  0.112861E+02  0.260705E+01
  0.820000E+00  0.113072E+02  0.196901E+01
  0.820000E+00  0.113282E+02  0.138563E+01
  0.820000E+00  0.113492E+02  0.140406E+01
  0.820000E+00  0.113702E+02  0.214888E+01
  0.820000E+00  0.113912E+02  0.188757E+01
  0.820000E+00  0.114122E+02  0.143495E+01
  0.820000E+00  0.114333E+02  0.132723E+01
  0.820000E+00  0.114543E+02  0.175275E+01
  0.820000E+00  0.114753E+02  0.168630E+01
  0.820000E+00  0.114963E+02  0.128285E+01
  0.820000E+00  0.115173E+02  0.117396E+01
  0.820000E+00  0.115383E+02  0.145892E+01
  0.820000E+00  0.115594E+02  0.135043E+01
  0.820000E+00  0.115804E+02  0.114885E+01
  0.820000E+00  0.116014E+02  0.103038E+01
  0.820000E+00  0.116224E+02  0.125675E+01
  0.820000E+00  0.116434E+02  0.114473E+01
  0.820000E+00  0.116644E+02  0.961263E+00
  0.820000E+00  0.116855E+02  0.975342E+00
  0.820000E+00  0.117065E+02  0.107871E+01
  0.820000E+00  0.117275E+02  0.936896E+00
  0.820000E+00  0.117485E+02  0.902838E+00
  0.820000E+00  0.117695E+02  0.906494E+00
  0.820000E+00  0.117905E+02  0.101608E+01
  0.820000E+00  0.118116E+02  0.875334E+00
  0.820000E+00  0.118326E+02  0.855246E+00
  0.820000E+00  0.118536E+02  0.898367E+00
  0.820000E+00  0.118746E+02  0.928311E+00
  0.820000E+00  0.118956E+02  0.848937E+00
  0.820000E+00  0.119166E+02  0.890515E+00
  0.820000E+00  0.119377E+02  0.895758E+00
  0.820000E+00  0.119587E+02  0.962299E+00
  0.820000E+00  0.119797E+02  0.866878E+00
  0.820000E+00  0.120007E+02  0.949607E+00
  0.820000E+00  0.120217E+02  0.916091E+00
  0.820000E+00  0.120428E+02  0.947939E+00
  0.820000E+00  0.120638E+02  0.937360E+00
  0.820000E+00  0.120848E+02  0.948720E+00
  0.820000E+00  0.121058E+02  0.954818E+00
  0.820000E+00  0.121268E+02  0.985612E+00
  0.820000E+00  0.121478E+02  0.102663E+01
  0.820000E+00  0.121689E+02  0.975998E+00
  0.820000E+00  0.121899E+02  0.966005E+00
  0.820000E+00  0.122109E+02  0.100925E+01
  0.820000E+00  0.122319E+02  0.105895E+01
  0.820000E+00  0.122529E+02  0.100353E+01
  0.820000E+00  0.122739E+02  0.103887E+01
  0.820000E+00  0.122950E+02  0.108838E+01
  0.820000E+00  0.123160E+02  0.109209E+01
  0.820000E+00  0.123370E+02  0.109446E+01
  0.820000E+00  0.123580E+02  0.107590E+01
  0.820000E+00  0.123790E+02  0.115218E+01
  0.820000E+00  0.124000E+02  0.120241E+01
  0.820000E+00  0.124211E+02  0.118676E+01
  0.820000E+00  0.124421E+02  0.123991E+01
  0.820000E+00  0.124631E+02  0.122564E+01
  0.820000E+00  0.124841E+02  0.126789E+01
  0.820000E+00  0.125051E+02  0.127078E+01
  0.820000E+00  0.125261E+02  0.137373E+01
  0.820000E+00  0.125472E+02  0.136260E+01
  0.820000E+00  0.125682E+02  0.127995E+01
  0.820000E+00  0.125892E+02  0.146917E+01
  0.820000E+00  0.126102E+02  0.154237E+01
  0.820000E+00  0.126312E+02  0.142382E+01
  0.820000E+00  0.126522E+02  0.139713E+01
  0.820000E+00  0.126733E+02  0.152818E+01
  0.820000E+00  0.126943E+02  0.146827E+01
  0.820000E+00  0.127153E+02  0.165046E+01
  0.820000E+00  0.127363E+02  0.155497E+01
  0.820000E+00  0.127573E+02  0.146262E+01
  0.820000E+00  0.127783E+02  0.158116E+01
  0.820000E+00  0.127994E+02  0.168073E+01
  0.820000E+00  0.128204E+02  0.159733E+01
  0.820000E+00  0.128414E+02  0.151793E+01
  0.820000E+00  0.128624E+02  0.159564E+01
  0.820000E+00  0.128834E+02  0.161634E+01
  0.820000E+00  0.129044E+02  0.179449E+01
  0.820000E+00  0.129255E+02  0.155350E+01
  0.820000E+00  0.129465E+02  0.160122E+01
  0.820000E+00  0.129675E+02  0.169717E+01
  0.820000E+00  0.129885E+02  0.185709E+01
  0.820000E+00  0.130095E+02  0.177005E+01
  0.820000E+00  0.130306E+02  0.165635E+01
  0.820000E+00  0.130516E+02  0.177281E+01
  0.820000E+00  0.130726E+02  0.190749E+01
  0.820000E+00  0.130936E+02  0.196957E+01
  0.820000E+00  0.131146E+02  0.173071E+01
  0.820000E+00  0.131356E+02  0.187286E+01
  0.820000E+00  0.131567E+02  0.192415E+01
  0.820000E+00  0.131777E+02  0.212713E+01
  0.820000E+00  0.131987E+02  0.184423E+01
  0.820000E+00  0.132197E+02  0.187113E+01
  0.820000E+00  0.132407E+02  0.186327E+01
  0.820000E+00  0.132617E+02  0.204431E+01
  0.820000E+00  0.132828E+02  0.188802E+01
  0.820000E+00  0.133038E+02  0.177522E+01
  0.820000E+00  0.133248E+02  0.176008E+01
  0.820000E+00  0.133458E+02  0.189679E+01
  0.820000E+00  0.133668E+02  0.191680E+01
  0.820000E+00  0.133878E+02  0.167676E+01
  0.820000E+00  0.134089E+02  0.166969E+01
  0.820000E+00  0.134299E+02  0.181013E+01
  0.820000E+00  0.134509E+02  0.187537E+01
  0.820000E+00  0.134719E+02  0.165295E+01
  0.820000E+00  0.134929E+02  0.166708E+01
  0.820000E+00  0.135140E+02  0.181754E+01
  0.820000E+00  0.135350E+02  0.186251E+01
  0.820000E+00  0.135560E+02  0.168460E+01
  0.820000E+00  0.135770E+02  0.171684E+01
  0.820000E+00  0.135980E+02  0.182001E+01
  0.820000E+00  0.136190E+02  0.188578E+01
  0.820000E+00  0.136400E+02  0.174887E+01
  0.820000E+00  0.136610E+02  0.180342E+01
  0.820000E+00  0.136820E+02  0.188735E+01
  0.820000E+00  0.137030E+02  0.192758E+01
  0.820000E+00  0.137240E+02  0.186333E+01
  0.820000E+00  0.137450E+02  0.189829E+01
  0.820000E+00  0.137660E+02  0.195954E+01
  0.820000E+00  0.137870E+02  0.203816E+01
  0.820000E+00  0.138080E+02  0.197186E+01
  0.820000E+00  0.138290E+02  0.198736E+01
  0.820000E+00  0.138500E+02  0.204368E+01
  0.820000E+00  0.138710E+02  0.214165E+01
  0.820000E+00  0.138920E+02  0.208130E+01
  0.820000E+00  0.139130E+02  0.208986E+01
  0.820000E+00  0.139340E+02  0.212887E+01
  0.820000E+00  0.139550E+02  0.224752E+01
  0.820000E+00  0.139760E+02  0.216922E+01
  0.820000E+00  0.139970E+02  0.221896E+01
  0.820000E+00  0.140180E+02  0.230198E+01
  0.820000E+00  0.140390E+02  0.231388E+01
  0.820000E+00  0.140600E+02  0.227132E+01
  0.820000E+00  0.140810E+02  0.231312E+01
  0.820000E+00  0.141020E+02  0.244113E+01
  0.820000E+00  0.141230E+02  0.243438E+01
  0.820000E+00  0.141440E+02  0.233869E+01
  0.820000E+00  0.141650E+02  0.236166E+01
  0.820000E+00  0.141860E+02  0.248536E+01
  0.820000E+00  0.142080E+02  0.240849E+01
  0.820000E+00  0.142290E+02  0.238583E+01
  0.820000E+00  0.142500E+02  0.245833E+01
  0.820000E+00  0.142710E+02  0.242372E+01
  0.820000E+00  0.142920E+02  0.246225E+01
  0.820000E+00  0.143130E+02  0.253449E+01
  0.820000E+00  0.143340E+02  0.247948E+01
  0.820000E+00  0.143550E+02  0.249819E+01
  0.820000E+00  0.143760E+02  0.253314E+01
  0.820000E+00  0.143970E+02  0.255199E+01
  0.820000E+00  0.144180E+02  0.265426E+01
  0.820000E+00  0.144390E+02  0.255151E+01
  0.820000E+00  0.144600E+02  0.260738E+01
  0.820000E+00  0.144810E+02  0.270202E+01
  0.820000E+00  0.145020E+02  0.270754E+01
  0.820000E+00  0.145230E+02  0.267103E+01
  0.820000E+00  0.145440E+02  0.273453E+01
  0.820000E+00  0.145650E+02  0.277021E+01
  0.820000E+00  0.145860E+02  0.282265E+01
  0.820000E+00  0.146070E+02  0.278404E+01
  0.820000E+00  0.146280E+02  0.283024E+01
  0.820000E+00  0.146490E+02  0.285000E+01
  0.820000E+00  0.146700E+02  0.286460E+01
  0.820000E+00  0.146910E+02  0.285965E+01
  0.820000E+00  0.147120E+02  0.289282E+01
  0.820000E+00  0.147330E+02  0.279750E+01
  0.820000E+00  0.147540E+02  0.285620E+01
  0.820000E+00  0.147750E+02  0.294752E+01
  0.820000E+00  0.147960E+02  0.282250E+01
  0.820000E+00  0.148170E+02  0.288952E+01
  0.820000E+00  0.148380E+02  0.296086E+01
  0.820000E+00  0.148590E+02  0.302353E+01
  0.820000E+00  0.148800E+02  0.298298E+01
  0.820000E+00  0.149010E+02  0.304016E+01
  0.820000E+00  0.149220E+02  0.309725E+01
  0.820000E+00  0.149430E+02  0.320544E+01
  0.820000E+00  0.149640E+02  0.318758E+01
  0.820000E+00  0.149850E+02  0.313890E+01
  0.820000E+00  0.150060E+02  0.329188E+01
  0.820000E+00  0.150270E+02  0.335992E+01
  0.820000E+00  0.150480E+02  0.328736E+01
  0.820000E+00  0.150690E+02  0.331234E+01
  0.820000E+00  0.150900E+02  0.332438E+01
  0.820000E+00  0.151110E+02  0.352008E+01
  0.820000E+00  0.151320E+02  0.347064E+01
  0.820000E+00  0.151530E+02  0.299889E+01
  0.820000E+00  0.151740E+02  0.346193E+01
  0.820000E+00  0.151950E+02  0.373453E+01
  0.820000E+00  0.152160E+02  0.309789E+01
  0.820000E+00  0.152370E+02  0.330802E+01
  0.820000E+00  0.152580E+02  0.333190E+01
  0.820000E+00  0.152790E+02  0.329825E+01
  0.820000E+00  0.153000E+02  0.348042E+01
  0.820000E+00  0.153210E+02  0.331804E+01
  0.820000E+00  0.153420E+02  0.338846E+01
  0.820000E+00  0.153630E+02  0.351961E+01
  0.820000E+00  0.153840E+02  0.350013E+01
  0.820000E+00  0.154050E+02  0.345016E+01
  0.820000E+00  0.154260E+02  0.355147E+01
  0.820000E+00  0.154480E+02  0.353045E+01
  0.820000E+00  0.154690E+02  0.365998E+01
  0.820000E+00  0.154900E+02  0.362250E+01
  0.820000E+00  0.155110E+02  0.364524E+01
  0.820000E+00  0.155320E+02  0.373977E+01
  0.820000E+00  0.155530E+02  0.385200E+01
  0.820000E+00  0.155740E+02  0.377944E+01
  0.820000E+00  0.155950E+02  0.378402E+01
  0.820000E+00  0.156160E+02  0.386849E+01
  0.820000E+00  0.156370E+02  0.398371E+01
  0.820000E+00  0.156580E+02  0.381641E+01
  0.820000E+00  0.156790E+02  0.399841E+01
  0.820000E+00  0.157000E+02  0.396493E+01
  0.820000E+00  0.157210E+02  0.400596E+01
  0.820000E+00  0.157420E+02  0.404827E+01
  0.820000E+00  0.157630E+02  0.406654E+01
  0.820000E+00  0.157840E+02  0.399448E+01
  0.820000E+00  0.158050E+02  0.415342E+01
  0.820000E+00  0.158260E+02  0.415518E+01
  0.820000E+00  0.158470E+02  0.417268E+01
  0.820000E+00  0.158680E+02  0.413258E+01
  0.820000E+00  0.158890E+02  0.424069E+01
  0.820000E+00  0.159100E+02  0.427428E+01
  0.820000E+00  0.159310E+02  0.423753E+01
  0.820000E+00  0.159520E+02  0.426285E+01
  0.820000E+00  0.159730E+02  0.432943E+01
  0.820000E+00  0.159940E+02  0.438791E+01
  0.820000E+00  0.160150E+02  0.435407E+01
  0.820000E+00  0.160360E+02  0.440651E+01
  0.820000E+00  0.160570E+02  0.441326E+01
  0.820000E+00  0.160780E+02  0.448114E+01
  0.820000E+00  0.160990E+02  0.449637E+01
  0.820000E+00  0.161200E+02  0.445722E+01
  0.820000E+00  0.161410E+02  0.449230E+01
  0.820000E+00  0.161620E+02  0.462378E+01
  0.820000E+00  0.161830E+02  0.461228E+01
  0.820000E+00  0.162040E+02  0.459663E+01
  0.820000E+00  0.162250E+02  0.458467E+01
  0.820000E+00  0.162460E+02  0.471204E+01
  0.820000E+00  0.162670E+02  0.476156E+01
  0.820000E+00  0.162880E+02  0.467987E+01
  0.820000E+00  0.163090E+02  0.470110E+01
  0.820000E+00  0.163300E+02  0.485287E+01
  0.820000E+00  0.163510E+02  0.488559E+01
  0.820000E+00  0.163720E+02  0.485299E+01
  0.820000E+00  0.163930E+02  0.482705E+01
  0.820000E+00  0.164140E+02  0.492216E+01
  0.820000E+00  0.164350E+02  0.502686E+01
  0.820000E+00  0.164560E+02  0.505159E+01
  0.820000E+00  0.164770E+02  0.488834E+01
  0.820000E+00  0.164980E+02  0.503774E+01
  0.820000E+00  0.165190E+02  0.514739E+01
  0.820000E+00  0.165400E+02  0.518260E+01
  0.820000E+00  0.165610E+02  0.503803E+01
  0.820000E+00  0.165820E+02  0.516145E+01
  0.820000E+00  0.166030E+02  0.523592E+01
  0.820000E+00  0.166240E+02  0.532782E+01
  0.820000E+00  0.166450E+02  0.525942E+01
  0.820000E+00  0.166660E+02  0.516873E+01
  0.820000E+00  0.166880E+02  0.534047E+01
  0.820000E+00  0.167090E+02  0.550402E+01
  0.820000E+00  0.167300E+02  0.549083E+01
  0.820000E+00  0.167510E+02  0.536260E+01
  0.820000E+00  0.167720E+02  0.546366E+01
  0.820000E+00  0.167930E+02  0.561259E+01
  0.820000E+00  0.168140E+02  0.570111E+01
  0.820000E+00  0.168350E+02  0.555926E+01
  0.820000E+00  0.168560E+02  0.556444E+01
  0.820000E+00  0.168770E+02  0.562402E+01
  0.820000E+00  0.168980E+02  0.594523E+01
  0.820000E+00  0.169190E+02  0.574554E+01
  0.820000E+00  0.169400E+02  0.571012E+01
  0.820000E+00  0.169610E+02  0.572980E+01
  0.820000E+00  0.169820E+02  0.595614E+01
  0.820000E+00  0.170030E+02  0.602901E+01
  0.820000E+00  0.170240E+02  0.586792E+01
  0.820000E+00  0.170450E+02  0.582410E+01
  0.820000E+00  0.170660E+02  0.595637E+01
  0.820000E+00  0.170870E+02  0.623439E+01
  0.820000E+00  0.171080E+02  0.606940E+01
  0.820000E+00  0.171290E+02  0.600695E+01
  0.820000E+00  0.171500E+02  0.604029E+01
  0.820000E+00  0.171710E+02  0.632929E+01
  0.820000E+00  0.171920E+02  0.629294E+01
  0.820000E+00  0.172130E+02  0.622392E+01
  0.820000E+00  0.172340E+02  0.611444E+01
  0.820000E+00  0.172550E+02  0.631973E+01
  0.820000E+00  0.172760E+02  0.653577E+01
  0.820000E+00  0.172970E+02  0.643870E+01
  0.820000E+00  0.173180E+02  0.635097E+01
  0.820000E+00  0.173390E+02  0.636810E+01
  0.820000E+00  0.173600E+02  0.660953E+01
  0.820000E+00  0.173810E+02  0.668775E+01
  0.820000E+00  0.174020E+02  0.659704E+01
  0.820000E+00  0.174230E+02  0.643053E+01
  0.820000E+00  0.174440E+02  0.668220E+01
  0.820000E+00  0.174650E+02  0.687321E+01
  0.820000E+00  0.174860E+02  0.687634E+01
  0.820000E+00  0.175070E+02  0.670938E+01
  0.820000E+00  0.175280E+02  0.669441E+01
  0.820000E+00  0.175490E+02  0.693447E+01
  0.820000E+00  0.175700E+02  0.714746E+01
  0.820000E+00  0.175910E+02  0.700493E+01
  0.820000E+00  0.176120E+02  0.674541E+01
  0.820000E+00  0.176330E+02  0.710151E+01
  0.820000E+00  0.176540E+02  0.719725E+01
  0.820000E+00  0.176750E+02  0.740919E+01
  0.820000E+00  0.176960E+02  0.702971E+01
  0.820000E+00  0.177170E+02  0.700373E+01
  0.820000E+00  0.177380E+02  0.739755E+01
  0.820000E+00  0.177590E+02  0.765980E+01
  0.820000E+00  0.177800E+02  0.741372E+01
  0.820000E+00  0.178010E+02  0.708539E+01
  0.820000E+00  0.178220E+02  0.749024E+01
  0.820000E+00  0.178430E+02  0.766654E+01
  0.820000E+00  0.178640E+02  0.790471E+01
  0.820000E+00  0.178850E+02  0.739870E+01
  0.820000E+00  0.179060E+02  0.733479E+01
  0.820000E+00  0.179280E+02  0.792350E+01
  0.820000E+00  0.179490E+02  0.807020E+01
  0.820000E+00  0.179700E+02  0.778219E+01
  0.820000E+00  0.179910E+02  0.747637E+01
  0.820000E+00  0.180120E+02  0.795458E+01
  0.820000E+00  0.180330E+02  0.815296E+01
  0.820000E+00  0.180540E+02  0.838066E+01
  0.820000E+00  0.180750E+02  0.779827E+01
  0.820000E+00  0.180960E+02  0.781205E+01
  0.820000E+00  0.181170E+02  0.828492E+01
  0.820000E+00  0.181380E+02  0.854415E+01
  0.820000E+00  0.181590E+02  0.823605E+01
  0.820000E+00  0.181800E+02  0.794383E+01
  0.820000E+00  0.182010E+02  0.836963E+01
  0.820000E+00  0.182220E+02  0.856073E+01
  0.820000E+00  0.182430E+02  0.890159E+01
  0.820000E+00  0.182640E+02  0.820407E+01
  0.820000E+00  0.182850E+02  0.836845E+01
  0.820000E+00  0.183060E+02  0.869779E+01
  0.820000E+00  0.183270E+02  0.906078E+01
  0.820000E+00  0.183480E+02  0.871154E+01
  0.820000E+00  0.183690E+02  0.854670E+01
  0.820000E+00  0.183900E+02  0.877175E+01
  0.820000E+00  0.184110E+02  0.899381E+01
  0.820000E+00  0.184320E+02  0.942968E+01
  0.820000E+00  0.184530E+02  0.866524E+01
  0.820000E+00  0.184740E+02  0.897486E+01
  0.820000E+00  0.184950E+02  0.911627E+01
  0.820000E+00  0.185160E+02  0.958283E+01
  0.820000E+00  0.185370E+02  0.923353E+01
  0.820000E+00  0.185580E+02  0.923604E+01
  0.820000E+00  0.185790E+02  0.921026E+01
  0.820000E+00  0.186000E+02  0.946177E+01
  0.820000E+00  0.186210E+02  0.100482E+02
  0.820000E+00  0.186420E+02  0.924063E+01
  0.820000E+00  0.186630E+02  0.957704E+01
  0.820000E+00  0.186840E+02  0.953681E+01
  0.820000E+00  0.187050E+02  0.101260E+02
  0.820000E+00  0.187260E+02  0.983020E+01
  0.820000E+00  0.187470E+02  0.980427E+01
  0.820000E+00  0.187680E+02  0.984491E+01
  0.820000E+00  0.187890E+02  0.989340E+01
  0.820000E+00  0.188100E+02  0.107564E+02
  0.820000E+00  0.188310E+02  0.986101E+01
  0.820000E+00  0.188520E+02  0.103554E+02
  0.820000E+00  0.188730E+02  0.995480E+01
  0.820000E+00  0.188940E+02  0.107764E+02
  0.820000E+00  0.189150E+02  0.105037E+02
  0.820000E+00  0.189360E+02  0.104899E+02
  0.820000E+00  0.189570E+02  0.103897E+02
  0.820000E+00  0.189780E+02  0.104358E+02
  0.820000E+00  0.189990E+02  0.113460E+02
  0.820000E+00  0.190200E+02  0.105542E+02
  0.820000E+00  0.190410E+02  0.111201E+02
  0.820000E+00  0.190620E+02  0.105236E+02
  0.820000E+00  0.190830E+02  0.113451E+02
  0.820000E+00  0.191040E+02  0.113491E+02
  0.820000E+00  0.191250E+02  0.111308E+02
  0.820000E+00  0.191470E+02  0.109459E+02
  0.820000E+00  0.191680E+02  0.111134E+02
  0.820000E+00  0.191890E+02  0.119049E+02
  0.820000E+00  0.192100E+02  0.113109E+02
  0.820000E+00  0.192310E+02  0.118411E+02
  0.820000E+00  0.192520E+02  0.111763E+02
  0.820000E+00  0.192730E+02  0.120842E+02
  0.820000E+00  0.192940E+02  0.120748E+02
  0.820000E+00  0.193150E+02  0.118985E+02
  0.820000E+00  0.193360E+02  0.115584E+02
  0.820000E+00  0.193570E+02  0.119405E+02
  0.820000E+00  0.193780E+02  0.124623E+02
  0.820000E+00  0.193990E+02  0.121134E+02
  0.820000E+00  0.194200E+02  0.126014E+02
  0.820000E+00  0.194410E+02  0.119724E+02
  0.820000E+00  0.194620E+02  0.126226E+02
  0.820000E+00  0.194830E+02  0.125207E+02
  0.820000E+00  0.195040E+02  0.130048E+02
  0.820000E+00  0.195250E+02  0.122801E+02
  0.820000E+00  0.195460E+02  0.127564E+02
  0.820000E+00  0.195670E+02  0.130773E+02
  0.820000E+00  0.195880E+02  0.128778E+02
  0.820000E+00  0.196090E+02  0.134783E+02
  0.820000E+00  0.196300E+02  0.127459E+02
  0.820000E+00  0.196510E+02  0.135491E+02
  0.820000E+00  0.196720E+02  0.130114E+02
  0.820000E+00  0.196930E+02  0.143072E+02
  0.820000E+00  0.197140E+02  0.130736E+02
  0.820000E+00  0.197350E+02  0.138942E+02
  0.820000E+00  0.197560E+02  0.136337E+02
  0.820000E+00  0.197770E+02  0.136718E+02
  0.820000E+00  0.197980E+02  0.144894E+02
  0.820000E+00  0.198190E+02  0.135051E+02
  0.820000E+00  0.198400E+02  0.147809E+02
  0.820000E+00  0.198610E+02  0.136332E+02
  0.820000E+00  0.198820E+02  0.155013E+02
  0.820000E+00  0.199030E+02  0.139865E+02
  0.820000E+00  0.199240E+02  0.155472E+02
  0.820000E+00  0.199450E+02  0.142115E+02
  0.820000E+00  0.199660E+02  0.144525E+02
  0.820000E+00  0.199870E+02  0.162108E+02
  0.820000E+00  0.200080E+02  0.145064E+02
  0.820000E+00  0.200290E+02  0.154505E+02
  0.820000E+00  0.200500E+02  0.143881E+02
  0.820000E+00  0.200710E+02  0.177975E+02
  0.820000E+00  0.200920E+02  0.150716E+02
  0.820000E+00  0.201130E+02  0.166061E+02
  0.820000E+00  0.201340E+02  0.149451E+02
  0.820000E+00  0.201550E+02  0.155582E+02
  0.820000E+00  0.201760E+02  0.167657E+02
  0.820000E+00  0.201970E+02  0.156500E+02
  0.820000E+00  0.202180E+02  0.164500E+02
  0.820000E+00  0.202390E+02  0.153552E+02
  0.820000E+00  0.202600E+02  0.179865E+02
  0.820000E+00  0.202810E+02  0.162058E+02
  0.820000E+00  0.203020E+02  0.176960E+02
  0.820000E+00  0.203230E+02  0.158289E+02
  0.820000E+00  0.203440E+02  0.167507E+02
  0.820000E+00  0.203650E+02  0.180915E+02
  0.820000E+00  0.203870E+02  0.167537E+02
  0.820000E+00  0.204080E+02  0.175661E+02
  0.820000E+00  0.204290E+02  0.164376E+02
  0.820000E+00  0.204500E+02  0.204500E+02
  0.820000E+00  0.204710E+02  0.170607E+02
  0.820000E+00  0.205130E+02  0.169197E+02
  0.820000E+00  0.205550E+02  0.180985E+02
  0.820000E+00  0.205760E+02  0.178436E+02
  0.820000E+00  0.205970E+02  0.177551E+02
  0.820000E+00  0.206180E+02  0.200496E+02
  0.820000E+00  0.206600E+02  0.180540E+02
  0.820000E+00  0.207020E+02  0.184285E+02
  0.820000E+00  0.207440E+02  0.190389E+02
  0.820000E+00  0.207650E+02  0.187274E+02
  0.820000E+00  0.208070E+02  0.208070E+02
  0.820000E+00  0.208490E+02  0.191439E+02
  0.820000E+00  0.209330E+02  0.197962E+02
  0.820000E+00  0.209960E+02  0.209960E+02
