  0.950000E+00  0.000000E+00  0.000000E+00
  0.950000E+00  0.265306E+01 -0.325660E+00
  0.950000E+00  0.266923E+01  0.135225E+01
  0.950000E+00  0.268541E+01 -0.333741E+00
  0.950000E+00  0.270159E+01  0.194486E+00
  0.950000E+00  0.271777E+01 -0.301381E+00
  0.950000E+00  0.273394E+01  0.999807E-01
  0.950000E+00  0.275012E+01 -0.599922E+00
  0.950000E+00  0.276630E+01 -0.796457E-01
  0.950000E+00  0.279865E+01 -0.705785E+00
  0.950000E+00  0.281483E+01  0.180871E+00
  0.950000E+00  0.283101E+01  0.323906E+00
  0.950000E+00  0.284718E+01 -0.657255E+00
  0.950000E+00  0.286336E+01  0.229401E+00
  0.950000E+00  0.287954E+01  0.245579E+00
  0.950000E+00  0.289572E+01  0.261756E+00
  0.950000E+00  0.291189E+01  0.936423E+00
  0.950000E+00  0.292807E+01 -0.842133E-02
  0.950000E+00  0.297660E+01  0.342642E+00
  0.950000E+00  0.302513E+01  0.664471E+00
  0.950000E+00  0.304131E+01  0.238282E+01
  0.950000E+00  0.480460E+01  0.327563E+01
  0.950000E+00  0.482080E+01  0.284533E+01
  0.950000E+00  0.483700E+01  0.163807E+01
  0.950000E+00  0.485320E+01  0.287773E+01
  0.950000E+00  0.486930E+01  0.101188E+01
  0.950000E+00  0.488550E+01  0.164177E+00
  0.950000E+00  0.490170E+01  0.648230E+00
  0.950000E+00  0.491790E+01  0.138984E+00
  0.950000E+00  0.493400E+01  0.662342E-01
  0.950000E+00  0.495020E+01 -0.832015E-01
  0.950000E+00  0.496640E+01 -0.174664E+00
  0.950000E+00  0.498260E+01 -0.650510E+00
  0.950000E+00  0.499870E+01 -0.555417E+00
  0.950000E+00  0.501490E+01 -0.718807E+00
  0.950000E+00  0.503110E+01 -0.720617E+00
  0.950000E+00  0.504730E+01 -0.646963E+00
  0.950000E+00  0.506350E+01 -0.103550E+01
  0.950000E+00  0.507960E+01 -0.868817E+00
  0.950000E+00  0.509580E+01 -0.929215E+00
  0.950000E+00  0.511200E+01 -0.114092E+01
  0.950000E+00  0.512820E+01 -0.127754E+01
  0.950000E+00  0.514430E+01 -0.948486E+00
  0.950000E+00  0.516050E+01 -0.118512E+01
  0.950000E+00  0.517670E+01 -0.114719E+01
  0.950000E+00  0.519290E+01 -0.125448E+01
  0.950000E+00  0.520910E+01 -0.112209E+01
  0.950000E+00  0.522520E+01 -0.101581E+01
  0.950000E+00  0.524140E+01 -0.107514E+01
  0.950000E+00  0.525760E+01 -0.941178E+00
  0.950000E+00  0.527380E+01 -0.846613E+00
  0.950000E+00  0.528990E+01 -0.102170E+01
  0.950000E+00  0.530610E+01 -0.117292E+01
  0.950000E+00  0.532230E+01 -0.712698E+00
  0.950000E+00  0.533850E+01 -0.372204E+00
  0.950000E+00  0.535460E+01 -0.947053E+00
  0.950000E+00  0.537080E+01 -0.620162E+00
  0.950000E+00  0.538700E+01 -0.266110E+00
  0.950000E+00  0.540320E+01 -0.193862E+00
  0.950000E+00  0.541940E+01 -0.345604E+00
  0.950000E+00  0.543550E+01 -0.935788E-01
  0.950000E+00  0.545170E+01  0.107679E+01
  0.950000E+00  0.546790E+01 -0.331654E+00
  0.950000E+00  0.548410E+01  0.519641E+00
  0.950000E+00  0.550020E+01  0.678785E+00
  0.950000E+00  0.551640E+01  0.278643E+00
  0.950000E+00  0.553260E+01  0.224015E+01
  0.950000E+00  0.554880E+01  0.154027E+01
  0.950000E+00  0.556490E+01  0.843577E+00
  0.950000E+00  0.558110E+01  0.190346E+01
  0.950000E+00  0.559730E+01  0.296334E+01
  0.950000E+00  0.561350E+01  0.145057E+01
  0.950000E+00  0.562970E+01  0.167876E+01
  0.950000E+00  0.566200E+01  0.461832E+01
  0.950000E+00  0.567820E+01  0.265905E+01
  0.950000E+00  0.572670E+01  0.375123E+01
  0.950000E+00  0.575910E+01  0.510061E+01
  0.950000E+00  0.637380E+01  0.637380E+01
  0.950000E+00  0.639000E+01  0.507302E+01
  0.950000E+00  0.642230E+01  0.433494E+01
  0.950000E+00  0.643850E+01  0.407784E+01
  0.950000E+00  0.645470E+01  0.343555E+01
  0.950000E+00  0.647090E+01  0.383694E+01
  0.950000E+00  0.648700E+01  0.313696E+01
  0.950000E+00  0.650320E+01  0.365725E+01
  0.950000E+00  0.651940E+01  0.251087E+01
  0.950000E+00  0.653560E+01  0.251320E+01
  0.950000E+00  0.655180E+01  0.170693E+01
  0.950000E+00  0.656790E+01  0.208533E+01
  0.950000E+00  0.658410E+01  0.276002E+01
  0.950000E+00  0.660030E+01  0.199087E+01
  0.950000E+00  0.661650E+01  0.116676E+01
  0.950000E+00  0.663260E+01  0.256977E+01
  0.950000E+00  0.664880E+01  0.178103E+01
  0.950000E+00  0.666500E+01  0.803870E+00
  0.950000E+00  0.668120E+01  0.120130E+01
  0.950000E+00  0.669740E+01  0.112695E+01
  0.950000E+00  0.671350E+01  0.772363E+00
  0.950000E+00  0.672970E+01 -0.175112E+00
  0.950000E+00  0.674590E+01 -0.642509E-01
  0.950000E+00  0.676210E+01  0.249462E+00
  0.950000E+00  0.677820E+01 -0.762780E-01
  0.950000E+00  0.679440E+01 -0.206122E+00
  0.950000E+00  0.681060E+01 -0.495606E+00
  0.950000E+00  0.682680E+01 -0.186809E+00
  0.950000E+00  0.684290E+01 -0.426116E+00
  0.950000E+00  0.685910E+01 -0.396273E+00
  0.950000E+00  0.687530E+01 -0.842362E+00
  0.950000E+00  0.689150E+01 -0.733362E+00
  0.950000E+00  0.690770E+01 -0.754302E+00
  0.950000E+00  0.692380E+01 -0.785945E+00
  0.950000E+00  0.694000E+01 -0.100938E+01
  0.950000E+00  0.695620E+01 -0.126327E+01
  0.950000E+00  0.697240E+01 -0.102011E+01
  0.950000E+00  0.698850E+01 -0.109539E+01
  0.950000E+00  0.700470E+01 -0.118543E+01
  0.950000E+00  0.702090E+01 -0.148211E+01
  0.950000E+00  0.703710E+01 -0.139190E+01
  0.950000E+00  0.705320E+01 -0.115357E+01
  0.950000E+00  0.706940E+01 -0.138612E+01
  0.950000E+00  0.708560E+01 -0.155009E+01
  0.950000E+00  0.710180E+01 -0.143794E+01
  0.950000E+00  0.711800E+01 -0.141388E+01
  0.950000E+00  0.713410E+01 -0.150395E+01
  0.950000E+00  0.715030E+01 -0.158844E+01
  0.950000E+00  0.716650E+01 -0.152434E+01
  0.950000E+00  0.718270E+01 -0.142141E+01
  0.950000E+00  0.719880E+01 -0.147511E+01
  0.950000E+00  0.721500E+01 -0.155680E+01
  0.950000E+00  0.723120E+01 -0.153314E+01
  0.950000E+00  0.724740E+01 -0.133713E+01
  0.950000E+00  0.726360E+01 -0.147878E+01
  0.950000E+00  0.727970E+01 -0.146307E+01
  0.950000E+00  0.729590E+01 -0.137223E+01
  0.950000E+00  0.731210E+01 -0.148407E+01
  0.950000E+00  0.732830E+01 -0.137679E+01
  0.950000E+00  0.734440E+01 -0.127661E+01
  0.950000E+00  0.736060E+01 -0.122630E+01
  0.950000E+00  0.737680E+01 -0.121729E+01
  0.950000E+00  0.739300E+01 -0.126367E+01
  0.950000E+00  0.740910E+01 -0.102812E+01
  0.950000E+00  0.742530E+01 -0.104691E+01
  0.950000E+00  0.744150E+01 -0.107229E+01
  0.950000E+00  0.745770E+01 -0.767068E+00
  0.950000E+00  0.747390E+01 -0.958552E+00
  0.950000E+00  0.749000E+01 -0.541743E+00
  0.950000E+00  0.750620E+01 -0.751984E+00
  0.950000E+00  0.752240E+01 -0.437508E+00
  0.950000E+00  0.753860E+01 -0.641030E+00
  0.950000E+00  0.755470E+01 -0.191256E+00
  0.950000E+00  0.757090E+01 -0.363354E+00
  0.950000E+00  0.758710E+01 -0.283179E+00
  0.950000E+00  0.760330E+01  0.260469E+00
  0.950000E+00  0.761950E+01  0.172584E-01
  0.950000E+00  0.763560E+01  0.738771E+00
  0.950000E+00  0.765180E+01  0.153616E+00
  0.950000E+00  0.766800E+01  0.695814E-01
  0.950000E+00  0.768420E+01  0.113909E+01
  0.950000E+00  0.770030E+01  0.933577E+00
  0.950000E+00  0.771650E+01  0.900512E+00
  0.950000E+00  0.773270E+01  0.916712E+00
  0.950000E+00  0.774890E+01  0.156133E+01
  0.950000E+00  0.776500E+01  0.146335E+01
  0.950000E+00  0.778120E+01  0.145976E+01
  0.950000E+00  0.779740E+01  0.178586E+01
  0.950000E+00  0.781360E+01  0.220092E+01
  0.950000E+00  0.782980E+01  0.281076E+01
  0.950000E+00  0.784590E+01  0.158904E+01
  0.950000E+00  0.786210E+01  0.178819E+01
  0.950000E+00  0.787830E+01  0.666990E+00
  0.950000E+00  0.789450E+01  0.880300E+00
  0.950000E+00  0.791060E+01  0.134349E+01
  0.950000E+00  0.792680E+01  0.268904E+01
  0.950000E+00  0.794300E+01  0.164636E+01
  0.950000E+00  0.795920E+01  0.109776E+01
  0.950000E+00  0.797530E+01  0.105082E+01
  0.950000E+00  0.799150E+01  0.694018E+00
  0.950000E+00  0.800770E+01  0.166687E+01
  0.950000E+00  0.802390E+01  0.159602E+01
  0.950000E+00  0.804010E+01  0.676607E+00
  0.950000E+00  0.805620E+01  0.584636E+00
  0.950000E+00  0.807240E+01  0.101645E+00
  0.950000E+00  0.808860E+01  0.918473E+00
  0.950000E+00  0.810480E+01  0.140143E+01
  0.950000E+00  0.812090E+01  0.517388E+00
  0.950000E+00  0.813710E+01  0.368460E+00
  0.950000E+00  0.815330E+01 -0.119437E+00
  0.950000E+00  0.816950E+01  0.785465E-01
  0.950000E+00  0.818570E+01  0.106705E+01
  0.950000E+00  0.820180E+01  0.781580E+00
  0.950000E+00  0.821800E+01 -0.353905E-01
  0.950000E+00  0.823420E+01 -0.307311E+00
  0.950000E+00  0.825040E+01 -0.305085E+00
  0.950000E+00  0.826650E+01  0.680290E+00
  0.950000E+00  0.828270E+01  0.450084E+00
  0.950000E+00  0.829890E+01 -0.299209E+00
  0.950000E+00  0.831510E+01 -0.509243E+00
  0.950000E+00  0.833120E+01 -0.560932E+00
  0.950000E+00  0.834740E+01 -0.145678E-01
  0.950000E+00  0.836360E+01 -0.465823E+00
  0.950000E+00  0.837980E+01 -0.586710E+00
  0.950000E+00  0.839600E+01 -0.102186E+01
  0.950000E+00  0.841210E+01 -0.869467E+00
  0.950000E+00  0.842830E+01 -0.623778E+00
  0.950000E+00  0.844450E+01 -0.764917E+00
  0.950000E+00  0.846070E+01 -0.106954E+01
  0.950000E+00  0.847680E+01 -0.112980E+01
  0.950000E+00  0.849300E+01 -0.111074E+01
  0.950000E+00  0.850920E+01 -0.833841E+00
  0.950000E+00  0.852540E+01 -0.112294E+01
  0.950000E+00  0.854150E+01 -0.137021E+01
  0.950000E+00  0.855770E+01 -0.129735E+01
  0.950000E+00  0.857390E+01 -0.126475E+01
  0.950000E+00  0.859010E+01 -0.119632E+01
  0.950000E+00  0.860630E+01 -0.137226E+01
  0.950000E+00  0.862240E+01 -0.145259E+01
  0.950000E+00  0.863860E+01 -0.136176E+01
  0.950000E+00  0.865480E+01 -0.120770E+01
  0.950000E+00  0.867100E+01 -0.145465E+01
  0.950000E+00  0.868710E+01 -0.132355E+01
  0.950000E+00  0.870330E+01 -0.150381E+01
  0.950000E+00  0.871950E+01 -0.145818E+01
  0.950000E+00  0.873570E+01 -0.140351E+01
  0.950000E+00  0.875190E+01 -0.149383E+01
  0.950000E+00  0.876800E+01 -0.138632E+01
  0.950000E+00  0.878420E+01 -0.149495E+01
  0.950000E+00  0.880040E+01 -0.153825E+01
  0.950000E+00  0.881660E+01 -0.137576E+01
  0.950000E+00  0.883270E+01 -0.144935E+01
  0.950000E+00  0.884890E+01 -0.131593E+01
  0.950000E+00  0.886510E+01 -0.165087E+01
  0.950000E+00  0.888130E+01 -0.147636E+01
  0.950000E+00  0.889740E+01 -0.155534E+01
  0.950000E+00  0.891360E+01 -0.137106E+01
  0.950000E+00  0.892980E+01 -0.134558E+01
  0.950000E+00  0.894600E+01 -0.160992E+01
  0.950000E+00  0.896220E+01 -0.137402E+01
  0.950000E+00  0.897830E+01 -0.142666E+01
  0.950000E+00  0.899450E+01 -0.114467E+01
  0.950000E+00  0.901070E+01 -0.144668E+01
  0.950000E+00  0.902690E+01 -0.136311E+01
  0.950000E+00  0.904300E+01 -0.138754E+01
  0.950000E+00  0.905920E+01 -0.110469E+01
  0.950000E+00  0.907540E+01 -0.117977E+01
  0.950000E+00  0.909160E+01 -0.124405E+01
  0.950000E+00  0.910780E+01 -0.114268E+01
  0.950000E+00  0.912390E+01 -0.101705E+01
  0.950000E+00  0.914010E+01 -0.103661E+01
  0.950000E+00  0.915630E+01 -0.984385E+00
  0.950000E+00  0.917250E+01 -0.834864E+00
  0.950000E+00  0.918860E+01 -0.111448E+01
  0.950000E+00  0.920480E+01 -0.861623E+00
  0.950000E+00  0.922100E+01 -0.732959E+00
  0.950000E+00  0.923720E+01 -0.796717E+00
  0.950000E+00  0.925330E+01 -0.639746E+00
  0.950000E+00  0.926950E+01 -0.563211E+00
  0.950000E+00  0.928570E+01 -0.836010E+00
  0.950000E+00  0.930190E+01 -0.794182E+00
  0.950000E+00  0.931810E+01 -0.493907E+00
  0.950000E+00  0.933420E+01 -0.401365E+00
  0.950000E+00  0.935040E+01 -0.237234E+00
  0.950000E+00  0.936660E+01 -0.739379E+00
  0.950000E+00  0.938280E+01 -0.719159E+00
  0.950000E+00  0.939890E+01 -0.654413E+00
  0.950000E+00  0.941510E+01 -0.404701E+00
  0.950000E+00  0.943130E+01 -0.439064E+00
  0.950000E+00  0.944750E+01  0.151657E+00
  0.950000E+00  0.946360E+01 -0.877011E+00
  0.950000E+00  0.947980E+01 -0.776845E+00
  0.950000E+00  0.949600E+01 -0.294683E+00
  0.950000E+00  0.951220E+01 -0.423068E+00
  0.950000E+00  0.952840E+01 -0.137309E+00
  0.950000E+00  0.954450E+01 -0.132588E+00
  0.950000E+00  0.956070E+01 -0.100664E+01
  0.950000E+00  0.957690E+01 -0.901391E+00
  0.950000E+00  0.959310E+01 -0.444840E+00
  0.950000E+00  0.960920E+01 -0.298897E+00
  0.950000E+00  0.962540E+01 -0.278012E-01
  0.950000E+00  0.964160E+01 -0.613137E+00
  0.950000E+00  0.965780E+01 -0.101391E+01
  0.950000E+00  0.967400E+01 -0.690624E+00
  0.950000E+00  0.969010E+01 -0.372418E+00
  0.950000E+00  0.970630E+01 -0.103437E+00
  0.950000E+00  0.972250E+01  0.253651E-01
  0.950000E+00  0.973870E+01 -0.911270E+00
  0.950000E+00  0.975480E+01 -0.103798E+01
  0.950000E+00  0.977100E+01 -0.432390E+00
  0.950000E+00  0.978720E+01 -0.283774E+00
  0.950000E+00  0.980340E+01 -0.133367E+00
  0.950000E+00  0.981950E+01 -0.371822E+00
  0.950000E+00  0.983570E+01 -0.112216E+01
  0.950000E+00  0.985190E+01 -0.606155E+00
  0.950000E+00  0.986810E+01 -0.424234E+00
  0.950000E+00  0.988430E+01 -0.230029E+00
  0.950000E+00  0.990040E+01 -0.188006E+00
  0.950000E+00  0.991660E+01 -0.935064E+00
  0.950000E+00  0.993280E+01 -0.966608E+00
  0.950000E+00  0.994900E+01 -0.580977E+00
  0.950000E+00  0.996510E+01 -0.762399E+00
  0.950000E+00  0.998130E+01 -0.467920E+00
  0.950000E+00  0.999750E+01 -0.855836E+00
  0.950000E+00  0.100137E+02 -0.118834E+01
  0.950000E+00  0.100298E+02 -0.876464E+00
  0.950000E+00  0.100460E+02 -0.100781E+01
  0.950000E+00  0.100622E+02 -0.879250E+00
  0.950000E+00  0.100784E+02 -0.783058E+00
  0.950000E+00  0.100946E+02 -0.121999E+01
  0.950000E+00  0.101107E+02 -0.120726E+01
  0.950000E+00  0.101269E+02 -0.115329E+01
  0.950000E+00  0.101431E+02 -0.977073E+00
  0.950000E+00  0.101593E+02 -0.930537E+00
  0.950000E+00  0.101754E+02 -0.109118E+01
  0.950000E+00  0.101916E+02 -0.126535E+01
  0.950000E+00  0.102078E+02 -0.107252E+01
  0.950000E+00  0.102240E+02 -0.107312E+01
  0.950000E+00  0.102402E+02 -0.909977E+00
  0.950000E+00  0.102563E+02 -0.984408E+00
  0.950000E+00  0.102725E+02 -0.115775E+01
  0.950000E+00  0.102887E+02 -0.107067E+01
  0.950000E+00  0.103049E+02 -0.100617E+01
  0.950000E+00  0.103210E+02 -0.836061E+00
  0.950000E+00  0.103372E+02 -0.862677E+00
  0.950000E+00  0.103534E+02 -0.105950E+01
  0.950000E+00  0.103696E+02 -0.103520E+01
  0.950000E+00  0.103857E+02 -0.834283E+00
  0.950000E+00  0.104019E+02 -0.685101E+00
  0.950000E+00  0.104181E+02 -0.736773E+00
  0.950000E+00  0.104343E+02 -0.832954E+00
  0.950000E+00  0.104505E+02 -0.965505E+00
  0.950000E+00  0.104666E+02 -0.628723E+00
  0.950000E+00  0.104828E+02 -0.497295E+00
  0.950000E+00  0.104990E+02 -0.510248E+00
  0.950000E+00  0.105152E+02 -0.741321E+00
  0.950000E+00  0.105313E+02 -0.753511E+00
  0.950000E+00  0.105475E+02 -0.285858E+00
  0.950000E+00  0.105637E+02 -0.397964E+00
  0.950000E+00  0.105799E+02 -0.454379E+00
  0.950000E+00  0.105961E+02 -0.562092E+00
  0.950000E+00  0.106122E+02 -0.663806E+00
  0.950000E+00  0.106284E+02 -0.197232E+00
  0.950000E+00  0.106446E+02 -0.159769E+00
  0.950000E+00  0.106608E+02 -0.589728E+00
  0.950000E+00  0.106769E+02 -0.666678E+00
  0.950000E+00  0.106931E+02 -0.173315E+00
  0.950000E+00  0.107093E+02 -0.566174E+00
  0.950000E+00  0.107255E+02  0.589004E-01
  0.950000E+00  0.107416E+02 -0.765357E+00
  0.950000E+00  0.107578E+02 -0.207745E+00
  0.950000E+00  0.107740E+02 -0.505790E+00
  0.950000E+00  0.107902E+02 -0.238573E+00
  0.950000E+00  0.108064E+02 -0.594389E+00
  0.950000E+00  0.108225E+02 -0.460332E+00
  0.950000E+00  0.108387E+02 -0.102750E+00
  0.950000E+00  0.108549E+02 -0.407576E+00
  0.950000E+00  0.108711E+02 -0.404507E+00
  0.950000E+00  0.108872E+02 -0.322427E+00
  0.950000E+00  0.109034E+02 -0.248901E+00
  0.950000E+00  0.109196E+02 -0.303412E+00
  0.950000E+00  0.109358E+02 -0.904680E-01
  0.950000E+00  0.109519E+02 -0.330338E+00
  0.950000E+00  0.109681E+02 -0.134674E+00
  0.950000E+00  0.109843E+02 -0.395913E+00
  0.950000E+00  0.110005E+02 -0.899839E-01
  0.950000E+00  0.110167E+02 -0.227109E+00
  0.950000E+00  0.110328E+02  0.459186E-01
  0.950000E+00  0.110490E+02 -0.190257E+00
  0.950000E+00  0.110652E+02 -0.233414E+00
  0.950000E+00  0.110814E+02 -0.175256E+00
  0.950000E+00  0.110975E+02 -0.993459E-01
  0.950000E+00  0.111137E+02  0.183726E+00
  0.950000E+00  0.111299E+02 -0.163831E+00
  0.950000E+00  0.111461E+02 -0.120415E+00
  0.950000E+00  0.111623E+02 -0.210614E+00
  0.950000E+00  0.111784E+02  0.100984E-01
  0.950000E+00  0.111946E+02 -0.149040E+00
  0.950000E+00  0.112108E+02  0.512543E-01
  0.950000E+00  0.112270E+02 -0.186821E+00
  0.950000E+00  0.112431E+02  0.231171E-01
  0.950000E+00  0.112593E+02 -0.270841E+00
  0.950000E+00  0.112755E+02 -0.265471E+00
  0.950000E+00  0.112917E+02  0.414456E-01
  0.950000E+00  0.113078E+02 -0.472912E-01
  0.950000E+00  0.113240E+02 -0.119218E+00
  0.950000E+00  0.113402E+02 -0.196888E+00
  0.950000E+00  0.113564E+02 -0.318254E-01
  0.950000E+00  0.113726E+02  0.124834E-02
  0.950000E+00  0.113887E+02  0.189976E+00
  0.950000E+00  0.114049E+02  0.124580E+00
  0.950000E+00  0.114211E+02  0.882360E-01
  0.950000E+00  0.114373E+02 -0.958392E-01
  0.950000E+00  0.114534E+02  0.465978E+00
  0.950000E+00  0.114696E+02  0.332881E+00
  0.950000E+00  0.114858E+02  0.456768E+00
  0.950000E+00  0.115020E+02  0.243648E+00
  0.950000E+00  0.115182E+02  0.117895E-02
  0.950000E+00  0.115343E+02  0.668049E+00
  0.950000E+00  0.115505E+02  0.311519E+00
  0.950000E+00  0.115667E+02  0.690236E+00
  0.950000E+00  0.115829E+02  0.472574E+00
  0.950000E+00  0.115990E+02  0.168019E+00
  0.950000E+00  0.116152E+02  0.189374E+00
  0.950000E+00  0.116314E+02  0.443560E+00
  0.950000E+00  0.116476E+02  0.670598E+00
  0.950000E+00  0.116637E+02  0.737351E+00
  0.950000E+00  0.116799E+02 -0.573361E+00
  0.950000E+00  0.116961E+02  0.117152E+00
  0.950000E+00  0.117123E+02  0.107506E+01
  0.950000E+00  0.117285E+02  0.148199E+00
  0.950000E+00  0.117446E+02 -0.317872E-01
  0.950000E+00  0.117608E+02 -0.162154E-01
  0.950000E+00  0.117770E+02  0.284231E+00
  0.950000E+00  0.117932E+02  0.317902E+00
  0.950000E+00  0.118093E+02  0.201945E-01
  0.950000E+00  0.118255E+02  0.415136E+00
  0.950000E+00  0.118417E+02  0.513105E+00
  0.950000E+00  0.118579E+02  0.150659E+00
  0.950000E+00  0.118740E+02  0.271415E+00
  0.950000E+00  0.118902E+02  0.515725E+00
  0.950000E+00  0.119064E+02  0.694636E+00
  0.950000E+00  0.119226E+02  0.496547E+00
  0.950000E+00  0.119388E+02  0.413865E+00
  0.950000E+00  0.119549E+02  0.561018E+00
  0.950000E+00  0.119711E+02  0.780928E+00
  0.950000E+00  0.119873E+02  0.726107E+00
  0.950000E+00  0.120035E+02  0.757286E+00
  0.950000E+00  0.120196E+02  0.701700E+00
  0.950000E+00  0.120358E+02  0.866828E+00
  0.950000E+00  0.120520E+02  0.810257E+00
  0.950000E+00  0.120682E+02  0.959776E+00
  0.950000E+00  0.120844E+02  0.984103E+00
  0.950000E+00  0.121005E+02  0.102896E+01
  0.950000E+00  0.121167E+02  0.938837E+00
  0.950000E+00  0.121329E+02  0.946740E+00
  0.950000E+00  0.121491E+02  0.102666E+01
  0.950000E+00  0.121652E+02  0.128972E+01
  0.950000E+00  0.121814E+02  0.675278E+00
  0.950000E+00  0.121976E+02  0.999959E+00
  0.950000E+00  0.122138E+02  0.160981E+01
  0.950000E+00  0.122299E+02  0.982040E+00
  0.950000E+00  0.122461E+02  0.106096E+01
  0.950000E+00  0.122623E+02  0.983902E+00
  0.950000E+00  0.122785E+02  0.112908E+01
  0.950000E+00  0.122947E+02  0.121405E+01
  0.950000E+00  0.123108E+02  0.103446E+01
  0.950000E+00  0.123270E+02  0.123668E+01
  0.950000E+00  0.123432E+02  0.116350E+01
  0.950000E+00  0.123594E+02  0.112659E+01
  0.950000E+00  0.123755E+02  0.132861E+01
  0.950000E+00  0.123917E+02  0.118952E+01
  0.950000E+00  0.124079E+02  0.138085E+01
  0.950000E+00  0.124241E+02  0.132077E+01
  0.950000E+00  0.124402E+02  0.118851E+01
  0.950000E+00  0.124564E+02  0.133717E+01
  0.950000E+00  0.124726E+02  0.138090E+01
  0.950000E+00  0.124888E+02  0.134151E+01
  0.950000E+00  0.125050E+02  0.132817E+01
  0.950000E+00  0.125211E+02  0.144053E+01
  0.950000E+00  0.125373E+02  0.149925E+01
  0.950000E+00  0.125535E+02  0.142420E+01
  0.950000E+00  0.125697E+02  0.147736E+01
  0.950000E+00  0.125858E+02  0.156265E+01
  0.950000E+00  0.126020E+02  0.158224E+01
  0.950000E+00  0.126182E+02  0.169001E+01
  0.950000E+00  0.126344E+02  0.139542E+01
  0.950000E+00  0.126506E+02  0.158951E+01
  0.950000E+00  0.126667E+02  0.153206E+01
  0.950000E+00  0.126829E+02  0.197655E+01
  0.950000E+00  0.126991E+02  0.172795E+01
  0.950000E+00  0.127153E+02  0.173912E+01
  0.950000E+00  0.127314E+02  0.158213E+01
  0.950000E+00  0.127476E+02  0.168069E+01
  0.950000E+00  0.127638E+02  0.198758E+01
  0.950000E+00  0.127800E+02  0.201369E+01
  0.950000E+00  0.127961E+02  0.189713E+01
  0.950000E+00  0.128123E+02  0.186313E+01
  0.950000E+00  0.128285E+02  0.162833E+01
  0.950000E+00  0.128447E+02  0.197636E+01
  0.950000E+00  0.128609E+02  0.218882E+01
  0.950000E+00  0.128770E+02  0.215230E+01
  0.950000E+00  0.128932E+02  0.191574E+01
  0.950000E+00  0.129094E+02  0.201013E+01
  0.950000E+00  0.129256E+02  0.192476E+01
  0.950000E+00  0.129417E+02  0.224547E+01
  0.950000E+00  0.129579E+02  0.237534E+01
  0.950000E+00  0.129740E+02  0.223820E+01
  0.950000E+00  0.129900E+02  0.224823E+01
  0.950000E+00  0.130060E+02  0.199984E+01
  0.950000E+00  0.130230E+02  0.225616E+01
  0.950000E+00  0.130390E+02  0.249063E+01
  0.950000E+00  0.130550E+02  0.265193E+01
  0.950000E+00  0.130710E+02  0.241519E+01
  0.950000E+00  0.130870E+02  0.240840E+01
  0.950000E+00  0.131040E+02  0.211829E+01
  0.950000E+00  0.131200E+02  0.269551E+01
  0.950000E+00  0.131360E+02  0.266805E+01
  0.950000E+00  0.131520E+02  0.288193E+01
  0.950000E+00  0.131680E+02  0.259050E+01
  0.950000E+00  0.131840E+02  0.234004E+01
  0.950000E+00  0.132010E+02  0.233581E+01
  0.950000E+00  0.132170E+02  0.302443E+01
  0.950000E+00  0.132330E+02  0.276326E+01
  0.950000E+00  0.132490E+02  0.308928E+01
  0.950000E+00  0.132650E+02  0.267452E+01
  0.950000E+00  0.132810E+02  0.242761E+01
  0.950000E+00  0.132980E+02  0.265246E+01
  0.950000E+00  0.133140E+02  0.315093E+01
  0.950000E+00  0.133300E+02  0.305521E+01
  0.950000E+00  0.133460E+02  0.321326E+01
  0.950000E+00  0.133620E+02  0.277599E+01
  0.950000E+00  0.133790E+02  0.250809E+01
  0.950000E+00  0.133950E+02  0.308658E+01
  0.950000E+00  0.134110E+02  0.327957E+01
  0.950000E+00  0.134270E+02  0.338109E+01
  0.950000E+00  0.134430E+02  0.332967E+01
  0.950000E+00  0.134590E+02  0.284825E+01
  0.950000E+00  0.134760E+02  0.279572E+01
  0.950000E+00  0.134920E+02  0.342910E+01
  0.950000E+00  0.135080E+02  0.348124E+01
  0.950000E+00  0.135240E+02  0.373068E+01
  0.950000E+00  0.135400E+02  0.332376E+01
  0.950000E+00  0.135560E+02  0.308703E+01
  0.950000E+00  0.135730E+02  0.307556E+01
  0.950000E+00  0.135890E+02  0.361190E+01
  0.950000E+00  0.136050E+02  0.372245E+01
  0.950000E+00  0.136210E+02  0.407801E+01
  0.950000E+00  0.136370E+02  0.348557E+01
  0.950000E+00  0.136540E+02  0.333562E+01
  0.950000E+00  0.136700E+02  0.337967E+01
  0.950000E+00  0.136860E+02  0.377203E+01
  0.950000E+00  0.137020E+02  0.407074E+01
  0.950000E+00  0.137180E+02  0.443134E+01
  0.950000E+00  0.137340E+02  0.360773E+01
  0.950000E+00  0.137510E+02  0.368524E+01
  0.950000E+00  0.137670E+02  0.363583E+01
  0.950000E+00  0.137830E+02  0.390748E+01
  0.950000E+00  0.137990E+02  0.439688E+01
  0.950000E+00  0.138150E+02  0.467600E+01
  0.950000E+00  0.138310E+02  0.372593E+01
  0.950000E+00  0.138480E+02  0.412787E+01
  0.950000E+00  0.138640E+02  0.395742E+01
  0.950000E+00  0.138800E+02  0.413913E+01
  0.950000E+00  0.138960E+02  0.486390E+01
  0.950000E+00  0.139120E+02  0.458001E+01
  0.950000E+00  0.139290E+02  0.408565E+01
  0.950000E+00  0.139450E+02  0.453536E+01
  0.950000E+00  0.139610E+02  0.414918E+01
  0.950000E+00  0.139770E+02  0.443922E+01
  0.950000E+00  0.139930E+02  0.511164E+01
  0.950000E+00  0.140090E+02  0.461964E+01
  0.950000E+00  0.140260E+02  0.449021E+01
  0.950000E+00  0.140420E+02  0.486559E+01
  0.950000E+00  0.140580E+02  0.433146E+01
  0.950000E+00  0.140740E+02  0.499602E+01
  0.950000E+00  0.140900E+02  0.559367E+01
  0.950000E+00  0.141060E+02  0.479778E+01
  0.950000E+00  0.141230E+02  0.489583E+01
  0.950000E+00  0.141390E+02  0.501674E+01
  0.950000E+00  0.141550E+02  0.459591E+01
  0.950000E+00  0.141710E+02  0.550577E+01
  0.950000E+00  0.141870E+02  0.588095E+01
  0.950000E+00  0.142040E+02  0.490235E+01
  0.950000E+00  0.142200E+02  0.556417E+01
  0.950000E+00  0.142360E+02  0.510194E+01
  0.950000E+00  0.142520E+02  0.506738E+01
  0.950000E+00  0.142680E+02  0.595892E+01
  0.950000E+00  0.142840E+02  0.639145E+01
  0.950000E+00  0.143010E+02  0.521692E+01
  0.950000E+00  0.143170E+02  0.597920E+01
  0.950000E+00  0.143330E+02  0.536226E+01
  0.950000E+00  0.143490E+02  0.534701E+01
  0.950000E+00  0.143650E+02  0.659689E+01
  0.950000E+00  0.143820E+02  0.651991E+01
  0.950000E+00  0.143980E+02  0.562527E+01
  0.950000E+00  0.144140E+02  0.629514E+01
  0.950000E+00  0.144300E+02  0.572015E+01
  0.950000E+00  0.144460E+02  0.576512E+01
  0.950000E+00  0.144620E+02  0.694764E+01
  0.950000E+00  0.144790E+02  0.688058E+01
  0.950000E+00  0.144950E+02  0.607001E+01
  0.950000E+00  0.145110E+02  0.641361E+01
  0.950000E+00  0.145270E+02  0.618818E+01
  0.950000E+00  0.145430E+02  0.620271E+01
  0.950000E+00  0.145590E+02  0.712312E+01
  0.950000E+00  0.145760E+02  0.709572E+01
  0.950000E+00  0.145920E+02  0.671646E+01
  0.950000E+00  0.146080E+02  0.656101E+01
  0.950000E+00  0.146240E+02  0.655205E+01
  0.950000E+00  0.146400E+02  0.684142E+01
  0.950000E+00  0.146570E+02  0.724296E+01
  0.950000E+00  0.146730E+02  0.741854E+01
  0.950000E+00  0.146890E+02  0.755983E+01
  0.950000E+00  0.147050E+02  0.667812E+01
  0.950000E+00  0.147210E+02  0.708258E+01
  0.950000E+00  0.147370E+02  0.740509E+01
  0.950000E+00  0.147540E+02  0.731208E+01
  0.950000E+00  0.147700E+02  0.802184E+01
  0.950000E+00  0.147860E+02  0.821606E+01
  0.950000E+00  0.148020E+02  0.691320E+01
  0.950000E+00  0.148180E+02  0.793531E+01
  0.950000E+00  0.148340E+02  0.796153E+01
  0.950000E+00  0.148510E+02  0.754219E+01
  0.950000E+00  0.148670E+02  0.900190E+01
  0.950000E+00  0.148830E+02  0.831306E+01
  0.950000E+00  0.148990E+02  0.738324E+01
  0.950000E+00  0.149150E+02  0.860836E+01
  0.950000E+00  0.149320E+02  0.826197E+01
  0.950000E+00  0.149480E+02  0.786602E+01
  0.950000E+00  0.149640E+02  0.953282E+01
  0.950000E+00  0.149800E+02  0.875106E+01
  0.950000E+00  0.149960E+02  0.795905E+01
  0.950000E+00  0.150120E+02  0.953805E+01
  0.950000E+00  0.150290E+02  0.856672E+01
  0.950000E+00  0.150450E+02  0.829606E+01
  0.950000E+00  0.150610E+02  0.108075E+02
  0.950000E+00  0.150770E+02  0.868936E+01
  0.950000E+00  0.150930E+02  0.893115E+01
  0.950000E+00  0.151090E+02  0.996794E+01
  0.950000E+00  0.151260E+02  0.860241E+01
  0.950000E+00  0.151420E+02  0.910370E+01
  0.950000E+00  0.151580E+02  0.109487E+02
  0.950000E+00  0.151740E+02  0.888240E+01
  0.950000E+00  0.151900E+02  0.112692E+02
  0.950000E+00  0.152070E+02  0.972118E+01
  0.950000E+00  0.152230E+02  0.899002E+01
  0.950000E+00  0.152390E+02  0.103712E+02
  0.950000E+00  0.152550E+02  0.114309E+02
  0.950000E+00  0.152710E+02  0.948856E+01
  0.950000E+00  0.152870E+02  0.122678E+02
  0.950000E+00  0.153040E+02  0.987282E+01
  0.950000E+00  0.153200E+02  0.942375E+01
  0.950000E+00  0.153360E+02  0.127020E+02
  0.950000E+00  0.153520E+02  0.114011E+02
  0.950000E+00  0.153680E+02  0.102269E+02
  0.950000E+00  0.153840E+02  0.143403E+02
  0.950000E+00  0.154010E+02  0.992110E+01
  0.950000E+00  0.154170E+02  0.105838E+02
  0.950000E+00  0.154330E+02  0.134575E+02
  0.950000E+00  0.154490E+02  0.114981E+02
  0.950000E+00  0.154650E+02  0.110528E+02
  0.950000E+00  0.154980E+02  0.102914E+02
  0.950000E+00  0.155140E+02  0.113511E+02
  0.950000E+00  0.155300E+02  0.128960E+02
  0.950000E+00  0.155460E+02  0.117923E+02
  0.950000E+00  0.155620E+02  0.122696E+02
  0.950000E+00  0.155950E+02  0.107618E+02
  0.950000E+00  0.156110E+02  0.156110E+02
  0.950000E+00  0.156270E+02  0.136515E+02
  0.950000E+00  0.156430E+02  0.118189E+02
  0.950000E+00  0.156760E+02  0.123836E+02
  0.950000E+00  0.156920E+02  0.120144E+02
  0.950000E+00  0.157240E+02  0.128781E+02
  0.950000E+00  0.157400E+02  0.125744E+02
  0.950000E+00  0.157730E+02  0.124806E+02
  0.950000E+00  0.157890E+02  0.151305E+02
  0.950000E+00  0.158210E+02  0.138455E+02
  0.950000E+00  0.158370E+02  0.132030E+02
  0.950000E+00  0.158700E+02  0.132360E+02
  0.950000E+00  0.159180E+02  0.130721E+02
  0.950000E+00  0.159830E+02  0.159830E+02
  0.950000E+00  0.160150E+02  0.140395E+02
  0.950000E+00  0.160960E+02  0.147790E+02
  0.950000E+00  0.161610E+02  0.161610E+02
