  0.960000E+00  0.000000E+00  0.000000E+00
  0.960000E+00  0.302645E+01  0.148139E+01
  0.960000E+00  0.304747E+01  0.800692E-01
  0.960000E+00  0.306848E+01 -0.316826E+00
  0.960000E+00  0.308950E+01 -0.350678E+00
  0.960000E+00  0.311052E+01  0.595883E-01
  0.960000E+00  0.313154E+01 -0.360543E+00
  0.960000E+00  0.315255E+01 -0.174556E+00
  0.960000E+00  0.317357E+01 -0.153536E+00
  0.960000E+00  0.319459E+01 -0.705595E-01
  0.960000E+00  0.321560E+01 -0.325724E+00
  0.960000E+00  0.323662E+01  0.185688E+00
  0.960000E+00  0.325764E+01 -0.694665E-01
  0.960000E+00  0.327865E+01 -0.213433E+00
  0.960000E+00  0.329967E+01  0.248738E+00
  0.960000E+00  0.332069E+01  0.269758E+00
  0.960000E+00  0.334171E+01  0.134545E+01
  0.960000E+00  0.336272E+01  0.395319E+00
  0.960000E+00  0.340476E+01  0.743075E+00
  0.960000E+00  0.344679E+01  0.106128E+01
  0.960000E+00  0.348882E+01  0.282340E+01
  0.960000E+00  0.559050E+01  0.404544E+01
  0.960000E+00  0.561150E+01  0.214502E+01
  0.960000E+00  0.563260E+01  0.150070E+01
  0.960000E+00  0.565360E+01  0.567215E+00
  0.960000E+00  0.567460E+01  0.441603E+00
  0.960000E+00  0.569560E+01  0.372230E+00
  0.960000E+00  0.571660E+01  0.241944E-01
  0.960000E+00  0.573760E+01 -0.554176E+00
  0.960000E+00  0.575870E+01 -0.490441E-01
  0.960000E+00  0.577970E+01 -0.641121E+00
  0.960000E+00  0.580070E+01 -0.697053E+00
  0.960000E+00  0.582170E+01 -0.682651E+00
  0.960000E+00  0.584270E+01 -0.102573E+01
  0.960000E+00  0.586370E+01 -0.769663E+00
  0.960000E+00  0.588480E+01 -0.111780E+01
  0.960000E+00  0.590580E+01 -0.115623E+01
  0.960000E+00  0.592680E+01 -0.112846E+01
  0.960000E+00  0.594780E+01 -0.113605E+01
  0.960000E+00  0.596880E+01 -0.111864E+01
  0.960000E+00  0.598980E+01 -0.112006E+01
  0.960000E+00  0.601090E+01 -0.113670E+01
  0.960000E+00  0.603190E+01 -0.100151E+01
  0.960000E+00  0.605290E+01 -0.117842E+01
  0.960000E+00  0.607390E+01 -0.825525E+00
  0.960000E+00  0.609490E+01 -0.905744E+00
  0.960000E+00  0.611600E+01 -0.941112E+00
  0.960000E+00  0.613700E+01 -0.621915E+00
  0.960000E+00  0.615800E+01 -0.807368E+00
  0.960000E+00  0.617900E+01 -0.435008E+00
  0.960000E+00  0.620000E+01 -0.595208E+00
  0.960000E+00  0.622100E+01 -0.176833E+00
  0.960000E+00  0.624210E+01  0.212572E-01
  0.960000E+00  0.626310E+01  0.189091E-02
  0.960000E+00  0.628410E+01  0.490038E+00
  0.960000E+00  0.630510E+01  0.270542E+00
  0.960000E+00  0.632610E+01  0.300522E+00
  0.960000E+00  0.634710E+01  0.122306E+01
  0.960000E+00  0.636820E+01  0.109882E+01
  0.960000E+00  0.638920E+01  0.130282E+01
  0.960000E+00  0.641020E+01  0.247963E+01
  0.960000E+00  0.643120E+01  0.166018E+01
  0.960000E+00  0.645220E+01  0.245967E+01
  0.960000E+00  0.647320E+01  0.226645E+01
  0.960000E+00  0.649430E+01  0.250177E+01
  0.960000E+00  0.651530E+01  0.584988E+01
  0.960000E+00  0.653630E+01  0.381642E+01
  0.960000E+00  0.655730E+01  0.456104E+01
  0.960000E+00  0.659930E+01  0.460304E+01
  0.960000E+00  0.662040E+01  0.595498E+01
  0.960000E+00  0.756610E+01  0.756610E+01
  0.960000E+00  0.758710E+01  0.625626E+01
  0.960000E+00  0.760820E+01  0.561194E+01
  0.960000E+00  0.762920E+01  0.516685E+01
  0.960000E+00  0.765020E+01  0.459927E+01
  0.960000E+00  0.767120E+01  0.391566E+01
  0.960000E+00  0.769220E+01  0.369967E+01
  0.960000E+00  0.771320E+01  0.285920E+01
  0.960000E+00  0.773430E+01  0.259198E+01
  0.960000E+00  0.775530E+01  0.329668E+01
  0.960000E+00  0.777630E+01  0.195507E+01
  0.960000E+00  0.779730E+01  0.254392E+01
  0.960000E+00  0.781830E+01  0.132055E+01
  0.960000E+00  0.783930E+01  0.696196E+00
  0.960000E+00  0.786040E+01  0.985988E+00
  0.960000E+00  0.788140E+01  0.586937E+00
  0.960000E+00  0.790240E+01  0.206735E+00
  0.960000E+00  0.792340E+01  0.441953E+00
  0.960000E+00  0.794440E+01  0.320415E+00
  0.960000E+00  0.796540E+01 -0.888217E-01
  0.960000E+00  0.798650E+01 -0.210896E+00
  0.960000E+00  0.800750E+01 -0.268845E+00
  0.960000E+00  0.802850E+01 -0.686552E+00
  0.960000E+00  0.804950E+01 -0.648975E+00
  0.960000E+00  0.807050E+01 -0.679727E+00
  0.960000E+00  0.809160E+01 -0.984909E+00
  0.960000E+00  0.811260E+01 -0.944619E+00
  0.960000E+00  0.813360E+01 -0.101292E+01
  0.960000E+00  0.815460E+01 -0.112755E+01
  0.960000E+00  0.817560E+01 -0.109581E+01
  0.960000E+00  0.819660E+01 -0.127406E+01
  0.960000E+00  0.821770E+01 -0.137291E+01
  0.960000E+00  0.823870E+01 -0.124484E+01
  0.960000E+00  0.825970E+01 -0.140369E+01
  0.960000E+00  0.828070E+01 -0.145144E+01
  0.960000E+00  0.830170E+01 -0.141509E+01
  0.960000E+00  0.832270E+01 -0.150257E+01
  0.960000E+00  0.834380E+01 -0.149747E+01
  0.960000E+00  0.836480E+01 -0.144301E+01
  0.960000E+00  0.838580E+01 -0.149823E+01
  0.960000E+00  0.840680E+01 -0.150074E+01
  0.960000E+00  0.842780E+01 -0.143598E+01
  0.960000E+00  0.844880E+01 -0.150004E+01
  0.960000E+00  0.846990E+01 -0.138624E+01
  0.960000E+00  0.849090E+01 -0.136557E+01
  0.960000E+00  0.851190E+01 -0.135473E+01
  0.960000E+00  0.853290E+01 -0.121835E+01
  0.960000E+00  0.855390E+01 -0.124997E+01
  0.960000E+00  0.857490E+01 -0.117527E+01
  0.960000E+00  0.859600E+01 -0.104644E+01
  0.960000E+00  0.861700E+01 -0.998114E+00
  0.960000E+00  0.863800E+01 -0.105083E+01
  0.960000E+00  0.865900E+01 -0.813947E+00
  0.960000E+00  0.868000E+01 -0.678979E+00
  0.960000E+00  0.870100E+01 -0.708716E+00
  0.960000E+00  0.872210E+01 -0.495538E+00
  0.960000E+00  0.874310E+01 -0.419918E+00
  0.960000E+00  0.876410E+01 -0.312560E+00
  0.960000E+00  0.878510E+01 -0.148412E+00
  0.960000E+00  0.880610E+01 -0.975437E-01
  0.960000E+00  0.882710E+01  0.199391E+00
  0.960000E+00  0.884820E+01  0.386728E+00
  0.960000E+00  0.886920E+01  0.363666E+00
  0.960000E+00  0.889020E+01  0.583203E+00
  0.960000E+00  0.891120E+01  0.680932E+00
  0.960000E+00  0.893220E+01  0.137026E+01
  0.960000E+00  0.895320E+01  0.116058E+01
  0.960000E+00  0.897430E+01  0.129590E+01
  0.960000E+00  0.899530E+01  0.151306E+01
  0.960000E+00  0.901630E+01  0.192886E+01
  0.960000E+00  0.903730E+01  0.213642E+01
  0.960000E+00  0.905830E+01  0.228935E+01
  0.960000E+00  0.907940E+01  0.233233E+01
  0.960000E+00  0.910040E+01  0.308207E+01
  0.960000E+00  0.912140E+01  0.388020E+01
  0.960000E+00  0.914240E+01  0.293490E+01
  0.960000E+00  0.916340E+01  0.388612E+01
  0.960000E+00  0.918440E+01  0.375465E+01
  0.960000E+00  0.920550E+01  0.385259E+01
  0.960000E+00  0.922650E+01  0.375407E+01
  0.960000E+00  0.924750E+01  0.366880E+01
  0.960000E+00  0.926850E+01  0.358378E+01
  0.960000E+00  0.928950E+01  0.326754E+01
  0.960000E+00  0.931050E+01  0.304086E+01
  0.960000E+00  0.933160E+01  0.289890E+01
  0.960000E+00  0.935260E+01  0.271732E+01
  0.960000E+00  0.937360E+01  0.238347E+01
  0.960000E+00  0.939460E+01  0.226283E+01
  0.960000E+00  0.941560E+01  0.258855E+01
  0.960000E+00  0.943660E+01  0.216897E+01
  0.960000E+00  0.945770E+01  0.208340E+01
  0.960000E+00  0.947870E+01  0.200122E+01
  0.960000E+00  0.949970E+01  0.191048E+01
  0.960000E+00  0.952070E+01  0.172009E+01
  0.960000E+00  0.954170E+01  0.134093E+01
  0.960000E+00  0.956270E+01  0.173742E+01
  0.960000E+00  0.958380E+01  0.152914E+01
  0.960000E+00  0.960480E+01  0.973020E+00
  0.960000E+00  0.962580E+01  0.117250E+01
  0.960000E+00  0.964680E+01  0.122049E+01
  0.960000E+00  0.966780E+01  0.804888E+00
  0.960000E+00  0.968880E+01  0.561051E+00
  0.960000E+00  0.970990E+01  0.383165E+00
  0.960000E+00  0.973090E+01  0.313668E+00
  0.960000E+00  0.975190E+01  0.155151E+00
  0.960000E+00  0.977290E+01  0.767032E-01
  0.960000E+00  0.979390E+01 -0.721332E-01
  0.960000E+00  0.981490E+01 -0.269465E+00
  0.960000E+00  0.983600E+01 -0.232016E+00
  0.960000E+00  0.985700E+01 -0.128412E+00
  0.960000E+00  0.987800E+01 -0.494439E+00
  0.960000E+00  0.989900E+01 -0.568107E+00
  0.960000E+00  0.992000E+01 -0.465700E+00
  0.960000E+00  0.994100E+01 -0.626631E+00
  0.960000E+00  0.996210E+01 -0.903756E+00
  0.960000E+00  0.998310E+01 -0.752690E+00
  0.960000E+00  0.100041E+02 -0.801454E+00
  0.960000E+00  0.100251E+02 -0.952735E+00
  0.960000E+00  0.100461E+02 -0.105324E+01
  0.960000E+00  0.100672E+02 -0.997987E+00
  0.960000E+00  0.100882E+02 -0.104738E+01
  0.960000E+00  0.101092E+02 -0.120346E+01
  0.960000E+00  0.101302E+02 -0.121683E+01
  0.960000E+00  0.101512E+02 -0.116168E+01
  0.960000E+00  0.101722E+02 -0.130987E+01
  0.960000E+00  0.101933E+02 -0.140001E+01
  0.960000E+00  0.102143E+02 -0.134638E+01
  0.960000E+00  0.102353E+02 -0.132713E+01
  0.960000E+00  0.102563E+02 -0.148795E+01
  0.960000E+00  0.102773E+02 -0.143557E+01
  0.960000E+00  0.102983E+02 -0.141104E+01
  0.960000E+00  0.103194E+02 -0.145726E+01
  0.960000E+00  0.103404E+02 -0.154929E+01
  0.960000E+00  0.103614E+02 -0.138922E+01
  0.960000E+00  0.103824E+02 -0.142387E+01
  0.960000E+00  0.104034E+02 -0.156423E+01
  0.960000E+00  0.104244E+02 -0.141466E+01
  0.960000E+00  0.104455E+02 -0.142408E+01
  0.960000E+00  0.104665E+02 -0.149344E+01
  0.960000E+00  0.104875E+02 -0.145155E+01
  0.960000E+00  0.105085E+02 -0.137176E+01
  0.960000E+00  0.105295E+02 -0.138398E+01
  0.960000E+00  0.105505E+02 -0.133008E+01
  0.960000E+00  0.105716E+02 -0.129831E+01
  0.960000E+00  0.105926E+02 -0.126049E+01
  0.960000E+00  0.106136E+02 -0.124286E+01
  0.960000E+00  0.106346E+02 -0.122997E+01
  0.960000E+00  0.106556E+02 -0.114254E+01
  0.960000E+00  0.106766E+02 -0.106508E+01
  0.960000E+00  0.106977E+02 -0.101566E+01
  0.960000E+00  0.107187E+02 -0.101025E+01
  0.960000E+00  0.107397E+02 -0.868251E+00
  0.960000E+00  0.107607E+02 -0.884981E+00
  0.960000E+00  0.107817E+02 -0.784338E+00
  0.960000E+00  0.108027E+02 -0.752425E+00
  0.960000E+00  0.108238E+02 -0.680771E+00
  0.960000E+00  0.108448E+02 -0.539903E+00
  0.960000E+00  0.108658E+02 -0.497754E+00
  0.960000E+00  0.108868E+02 -0.469227E+00
  0.960000E+00  0.109078E+02 -0.392260E+00
  0.960000E+00  0.109288E+02 -0.338901E+00
  0.960000E+00  0.109499E+02 -0.866144E-01
  0.960000E+00  0.109709E+02 -0.129170E+00
  0.960000E+00  0.109919E+02 -0.360060E+00
  0.960000E+00  0.110129E+02 -0.133273E+00
  0.960000E+00  0.110339E+02  0.351586E+00
  0.960000E+00  0.110550E+02  0.155115E+00
  0.960000E+00  0.110760E+02 -0.339707E+00
  0.960000E+00  0.110970E+02 -0.127041E-01
  0.960000E+00  0.111180E+02  0.644432E+00
  0.960000E+00  0.111390E+02  0.422603E+00
  0.960000E+00  0.111600E+02 -0.345889E+00
  0.960000E+00  0.111811E+02 -0.527159E-01
  0.960000E+00  0.112021E+02  0.984643E+00
  0.960000E+00  0.112231E+02  0.522969E+00
  0.960000E+00  0.112441E+02 -0.320869E+00
  0.960000E+00  0.112651E+02 -0.152447E+00
  0.960000E+00  0.112861E+02  0.112526E+01
  0.960000E+00  0.113072E+02  0.374690E+00
  0.960000E+00  0.113282E+02 -0.311876E+00
  0.960000E+00  0.113492E+02 -0.293890E+00
  0.960000E+00  0.113702E+02  0.574504E+00
  0.960000E+00  0.113912E+02  0.264998E+00
  0.960000E+00  0.114122E+02 -0.268488E+00
  0.960000E+00  0.114333E+02 -0.398199E+00
  0.960000E+00  0.114543E+02  0.963854E-01
  0.960000E+00  0.114753E+02  0.150111E-01
  0.960000E+00  0.114963E+02 -0.460912E+00
  0.960000E+00  0.115173E+02 -0.591982E+00
  0.960000E+00  0.115383E+02 -0.261952E+00
  0.960000E+00  0.115594E+02 -0.392561E+00
  0.960000E+00  0.115804E+02 -0.632152E+00
  0.960000E+00  0.116014E+02 -0.774430E+00
  0.960000E+00  0.116224E+02 -0.512991E+00
  0.960000E+00  0.116434E+02 -0.647729E+00
  0.960000E+00  0.116644E+02 -0.866102E+00
  0.960000E+00  0.116855E+02 -0.853222E+00
  0.960000E+00  0.117065E+02 -0.735786E+00
  0.960000E+00  0.117275E+02 -0.905403E+00
  0.960000E+00  0.117485E+02 -0.948860E+00
  0.960000E+00  0.117695E+02 -0.948165E+00
  0.960000E+00  0.117905E+02 -0.823454E+00
  0.960000E+00  0.118116E+02 -0.991834E+00
  0.960000E+00  0.118326E+02 -0.101894E+01
  0.960000E+00  0.118536E+02 -0.972039E+00
  0.960000E+00  0.118746E+02 -0.940567E+00
  0.960000E+00  0.118956E+02 -0.103708E+01
  0.960000E+00  0.119166E+02 -0.991987E+00
  0.960000E+00  0.119377E+02 -0.989452E+00
  0.960000E+00  0.119587E+02 -0.915136E+00
  0.960000E+00  0.119797E+02 -0.103043E+01
  0.960000E+00  0.120007E+02 -0.937164E+00
  0.960000E+00  0.120217E+02 -0.979989E+00
  0.960000E+00  0.120428E+02 -0.946306E+00
  0.960000E+00  0.120638E+02 -0.962276E+00
  0.960000E+00  0.120848E+02 -0.952562E+00
  0.960000E+00  0.121058E+02 -0.949009E+00
  0.960000E+00  0.121268E+02 -0.916542E+00
  0.960000E+00  0.121478E+02 -0.872101E+00
  0.960000E+00  0.121689E+02 -0.934986E+00
  0.960000E+00  0.121899E+02 -0.950270E+00
  0.960000E+00  0.122109E+02 -0.903229E+00
  0.960000E+00  0.122319E+02 -0.848626E+00
  0.960000E+00  0.122529E+02 -0.917096E+00
  0.960000E+00  0.122739E+02 -0.879305E+00
  0.960000E+00  0.122950E+02 -0.824940E+00
  0.960000E+00  0.123160E+02 -0.824192E+00
  0.960000E+00  0.123370E+02 -0.825000E+00
  0.960000E+00  0.123580E+02 -0.850308E+00
  0.960000E+00  0.123790E+02 -0.764589E+00
  0.960000E+00  0.124000E+02 -0.709376E+00
  0.960000E+00  0.124211E+02 -0.731297E+00
  0.960000E+00  0.124421E+02 -0.672657E+00
  0.960000E+00  0.124631E+02 -0.692953E+00
  0.960000E+00  0.124841E+02 -0.647072E+00
  0.960000E+00  0.125051E+02 -0.647276E+00
  0.960000E+00  0.125261E+02 -0.530329E+00
  0.960000E+00  0.125472E+02 -0.546961E+00
  0.960000E+00  0.125682E+02 -0.647316E+00
  0.960000E+00  0.125892E+02 -0.429377E+00
  0.960000E+00  0.126102E+02 -0.347261E+00
  0.960000E+00  0.126312E+02 -0.489631E+00
  0.960000E+00  0.126522E+02 -0.524467E+00
  0.960000E+00  0.126733E+02 -0.374640E+00
  0.960000E+00  0.126943E+02 -0.448365E+00
  0.960000E+00  0.127153E+02 -0.238658E+00
  0.960000E+00  0.127363E+02 -0.354043E+00
  0.960000E+00  0.127573E+02 -0.465741E+00
  0.960000E+00  0.127783E+02 -0.330546E+00
  0.960000E+00  0.127994E+02 -0.217579E+00
  0.960000E+00  0.128204E+02 -0.318799E+00
  0.960000E+00  0.128414E+02 -0.415346E+00
  0.960000E+00  0.128624E+02 -0.327948E+00
  0.960000E+00  0.128834E+02 -0.307300E+00
  0.960000E+00  0.129044E+02 -0.102329E+00
  0.960000E+00  0.129255E+02 -0.388061E+00
  0.960000E+00  0.129465E+02 -0.335777E+00
  0.960000E+00  0.129675E+02 -0.227032E+00
  0.960000E+00  0.129885E+02 -0.433946E-01
  0.960000E+00  0.130095E+02 -0.148878E+00
  0.960000E+00  0.130306E+02 -0.285598E+00
  0.960000E+00  0.130516E+02 -0.152839E+00
  0.960000E+00  0.130726E+02  0.125356E-02
  0.960000E+00  0.130936E+02  0.703411E-01
  0.960000E+00  0.131146E+02 -0.212883E+00
  0.960000E+00  0.131356E+02 -0.500467E-01
  0.960000E+00  0.131567E+02  0.639450E-02
  0.960000E+00  0.131777E+02  0.240442E+00
  0.960000E+00  0.131987E+02 -0.943358E-01
  0.960000E+00  0.132197E+02 -0.664266E-01
  0.960000E+00  0.132407E+02 -0.792145E-01
  0.960000E+00  0.132617E+02  0.129142E+00
  0.960000E+00  0.132828E+02 -0.574332E-01
  0.960000E+00  0.133038E+02 -0.193071E+00
  0.960000E+00  0.133248E+02 -0.214385E+00
  0.960000E+00  0.133458E+02 -0.579167E-01
  0.960000E+00  0.133668E+02 -0.380767E-01
  0.960000E+00  0.133878E+02 -0.322687E+00
  0.960000E+00  0.134089E+02 -0.334560E+00
  0.960000E+00  0.134299E+02 -0.173736E+00
  0.960000E+00  0.134509E+02 -0.100943E+00
  0.960000E+00  0.134719E+02 -0.364923E+00
  0.960000E+00  0.134929E+02 -0.351968E+00
  0.960000E+00  0.135140E+02 -0.179412E+00
  0.960000E+00  0.135350E+02 -0.130357E+00
  0.960000E+00  0.135560E+02 -0.342229E+00
  0.960000E+00  0.135770E+02 -0.308064E+00
  0.960000E+00  0.135980E+02 -0.190865E+00
  0.960000E+00  0.136190E+02 -0.117451E+00
  0.960000E+00  0.136400E+02 -0.281326E+00
  0.960000E+00  0.136610E+02 -0.221046E+00
  0.960000E+00  0.136820E+02 -0.126369E+00
  0.960000E+00  0.137030E+02 -0.828628E-01
  0.960000E+00  0.137240E+02 -0.161666E+00
  0.960000E+00  0.137450E+02 -0.124319E+00
  0.960000E+00  0.137660E+02 -0.561925E-01
  0.960000E+00  0.137870E+02  0.322592E-01
  0.960000E+00  0.138080E+02 -0.489388E-01
  0.960000E+00  0.138290E+02 -0.343802E-01
  0.960000E+00  0.138500E+02  0.279684E-01
  0.960000E+00  0.138710E+02  0.139073E+00
  0.960000E+00  0.138920E+02  0.648347E-01
  0.960000E+00  0.139130E+02  0.712789E-01
  0.960000E+00  0.139340E+02  0.113363E+00
  0.960000E+00  0.139550E+02  0.248678E+00
  0.960000E+00  0.139760E+02  0.153432E+00
  0.960000E+00  0.139970E+02  0.208080E+00
  0.960000E+00  0.140180E+02  0.301689E+00
  0.960000E+00  0.140390E+02  0.312033E+00
  0.960000E+00  0.140600E+02  0.258618E+00
  0.960000E+00  0.140810E+02  0.303975E+00
  0.960000E+00  0.141020E+02  0.450247E+00
  0.960000E+00  0.141230E+02  0.438766E+00
  0.960000E+00  0.141440E+02  0.323149E+00
  0.960000E+00  0.141650E+02  0.346460E+00
  0.960000E+00  0.141860E+02  0.487696E+00
  0.960000E+00  0.142080E+02  0.393937E+00
  0.960000E+00  0.142290E+02  0.363824E+00
  0.960000E+00  0.142500E+02  0.445118E+00
  0.960000E+00  0.142710E+02  0.401017E+00
  0.960000E+00  0.142920E+02  0.442536E+00
  0.960000E+00  0.143130E+02  0.523525E+00
  0.960000E+00  0.143340E+02  0.455537E+00
  0.960000E+00  0.143550E+02  0.473861E+00
  0.960000E+00  0.143760E+02  0.511183E+00
  0.960000E+00  0.143970E+02  0.529673E+00
  0.960000E+00  0.144180E+02  0.645820E+00
  0.960000E+00  0.144390E+02  0.521938E+00
  0.960000E+00  0.144600E+02  0.583764E+00
  0.960000E+00  0.144810E+02  0.690970E+00
  0.960000E+00  0.145020E+02  0.693848E+00
  0.960000E+00  0.145230E+02  0.647524E+00
  0.960000E+00  0.145440E+02  0.718276E+00
  0.960000E+00  0.145650E+02  0.756468E+00
  0.960000E+00  0.145860E+02  0.814272E+00
  0.960000E+00  0.146070E+02  0.765489E+00
  0.960000E+00  0.146280E+02  0.815994E+00
  0.960000E+00  0.146490E+02  0.835532E+00
  0.960000E+00  0.146700E+02  0.849041E+00
  0.960000E+00  0.146910E+02  0.839662E+00
  0.960000E+00  0.147120E+02  0.874913E+00
  0.960000E+00  0.147330E+02  0.759726E+00
  0.960000E+00  0.147540E+02  0.824873E+00
  0.960000E+00  0.147750E+02  0.928197E+00
  0.960000E+00  0.147960E+02  0.778244E+00
  0.960000E+00  0.148170E+02  0.853116E+00
  0.960000E+00  0.148380E+02  0.933059E+00
  0.960000E+00  0.148590E+02  0.100284E+01
  0.960000E+00  0.148800E+02  0.951785E+00
  0.960000E+00  0.149010E+02  0.101513E+01
  0.960000E+00  0.149220E+02  0.107839E+01
  0.960000E+00  0.149430E+02  0.120146E+01
  0.960000E+00  0.149640E+02  0.117697E+01
  0.960000E+00  0.149850E+02  0.111640E+01
  0.960000E+00  0.150060E+02  0.129191E+01
  0.960000E+00  0.150270E+02  0.136798E+01
  0.960000E+00  0.150480E+02  0.127944E+01
  0.960000E+00  0.150690E+02  0.130510E+01
  0.960000E+00  0.150900E+02  0.131562E+01
  0.960000E+00  0.151110E+02  0.154114E+01
  0.960000E+00  0.151320E+02  0.147967E+01
  0.960000E+00  0.151530E+02  0.923803E+00
  0.960000E+00  0.151740E+02  0.146231E+01
  0.960000E+00  0.151950E+02  0.177786E+01
  0.960000E+00  0.152160E+02  0.102894E+01
  0.960000E+00  0.152370E+02  0.127136E+01
  0.960000E+00  0.152580E+02  0.129574E+01
  0.960000E+00  0.152790E+02  0.125275E+01
  0.960000E+00  0.153000E+02  0.146244E+01
  0.960000E+00  0.153210E+02  0.126876E+01
  0.960000E+00  0.153420E+02  0.134762E+01
  0.960000E+00  0.153630E+02  0.149757E+01
  0.960000E+00  0.153840E+02  0.147117E+01
  0.960000E+00  0.154050E+02  0.140909E+01
  0.960000E+00  0.154260E+02  0.152411E+01
  0.960000E+00  0.154480E+02  0.149575E+01
  0.960000E+00  0.154690E+02  0.164381E+01
  0.960000E+00  0.154900E+02  0.159634E+01
  0.960000E+00  0.155110E+02  0.161938E+01
  0.960000E+00  0.155320E+02  0.172646E+01
  0.960000E+00  0.155530E+02  0.185427E+01
  0.960000E+00  0.155740E+02  0.176574E+01
  0.960000E+00  0.155950E+02  0.176751E+01
  0.960000E+00  0.156160E+02  0.186281E+01
  0.960000E+00  0.156370E+02  0.199412E+01
  0.960000E+00  0.156580E+02  0.179467E+01
  0.960000E+00  0.156790E+02  0.200416E+01
  0.960000E+00  0.157000E+02  0.196138E+01
  0.960000E+00  0.157210E+02  0.200583E+01
  0.960000E+00  0.157420E+02  0.205178E+01
  0.960000E+00  0.157630E+02  0.206959E+01
  0.960000E+00  0.157840E+02  0.198163E+01
  0.960000E+00  0.158050E+02  0.216413E+01
  0.960000E+00  0.158260E+02  0.216260E+01
  0.960000E+00  0.158470E+02  0.217950E+01
  0.960000E+00  0.158680E+02  0.212897E+01
  0.960000E+00  0.158890E+02  0.225196E+01
  0.960000E+00  0.159100E+02  0.228770E+01
  0.960000E+00  0.159310E+02  0.224109E+01
  0.960000E+00  0.159520E+02  0.226715E+01
  0.960000E+00  0.159730E+02  0.234150E+01
  0.960000E+00  0.159940E+02  0.240638E+01
  0.960000E+00  0.160150E+02  0.236318E+01
  0.960000E+00  0.160360E+02  0.242099E+01
  0.960000E+00  0.160570E+02  0.242530E+01
  0.960000E+00  0.160780E+02  0.250119E+01
  0.960000E+00  0.160990E+02  0.251543E+01
  0.960000E+00  0.161200E+02  0.246601E+01
  0.960000E+00  0.161410E+02  0.250350E+01
  0.960000E+00  0.161620E+02  0.265384E+01
  0.960000E+00  0.161830E+02  0.263679E+01
  0.960000E+00  0.162040E+02  0.261488E+01
  0.960000E+00  0.162250E+02  0.259730E+01
  0.960000E+00  0.162460E+02  0.274283E+01
  0.960000E+00  0.162670E+02  0.279722E+01
  0.960000E+00  0.162880E+02  0.269799E+01
  0.960000E+00  0.163090E+02  0.271926E+01
  0.960000E+00  0.163300E+02  0.289336E+01
  0.960000E+00  0.163510E+02  0.292808E+01
  0.960000E+00  0.163720E+02  0.288633E+01
  0.960000E+00  0.163930E+02  0.285238E+01
  0.960000E+00  0.164140E+02  0.296013E+01
  0.960000E+00  0.164350E+02  0.307913E+01
  0.960000E+00  0.164560E+02  0.310450E+01
  0.960000E+00  0.164770E+02  0.290979E+01
  0.960000E+00  0.164980E+02  0.308111E+01
  0.960000E+00  0.165190E+02  0.320589E+01
  0.960000E+00  0.165400E+02  0.324353E+01
  0.960000E+00  0.165610E+02  0.307070E+01
  0.960000E+00  0.165820E+02  0.321160E+01
  0.960000E+00  0.166030E+02  0.329519E+01
  0.960000E+00  0.166240E+02  0.339921E+01
  0.960000E+00  0.166450E+02  0.331554E+01
  0.960000E+00  0.166660E+02  0.320578E+01
  0.960000E+00  0.166880E+02  0.340309E+01
  0.960000E+00  0.167090E+02  0.359098E+01
  0.960000E+00  0.167300E+02  0.357194E+01
  0.960000E+00  0.167510E+02  0.341824E+01
  0.960000E+00  0.167720E+02  0.353297E+01
  0.960000E+00  0.167930E+02  0.370374E+01
  0.960000E+00  0.168140E+02  0.380379E+01
  0.960000E+00  0.168350E+02  0.363414E+01
  0.960000E+00  0.168560E+02  0.363661E+01
  0.960000E+00  0.168770E+02  0.370278E+01
  0.960000E+00  0.168980E+02  0.407524E+01
  0.960000E+00  0.169190E+02  0.383787E+01
  0.960000E+00  0.169400E+02  0.379282E+01
  0.960000E+00  0.169610E+02  0.381228E+01
  0.960000E+00  0.169820E+02  0.407368E+01
  0.960000E+00  0.170030E+02  0.415541E+01
  0.960000E+00  0.170240E+02  0.396322E+01
  0.960000E+00  0.170450E+02  0.390834E+01
  0.960000E+00  0.170660E+02  0.405961E+01
  0.960000E+00  0.170870E+02  0.438151E+01
  0.960000E+00  0.171080E+02  0.418477E+01
  0.960000E+00  0.171290E+02  0.410806E+01
  0.960000E+00  0.171500E+02  0.414351E+01
  0.960000E+00  0.171710E+02  0.447827E+01
  0.960000E+00  0.171920E+02  0.443213E+01
  0.960000E+00  0.172130E+02  0.434774E+01
  0.960000E+00  0.172340E+02  0.421598E+01
  0.960000E+00  0.172550E+02  0.445273E+01
  0.960000E+00  0.172760E+02  0.470207E+01
  0.960000E+00  0.172970E+02  0.458484E+01
  0.960000E+00  0.173180E+02  0.447855E+01
  0.960000E+00  0.173390E+02  0.449502E+01
  0.960000E+00  0.173600E+02  0.477408E+01
  0.960000E+00  0.173810E+02  0.486208E+01
  0.960000E+00  0.174020E+02  0.475230E+01
  0.960000E+00  0.174230E+02  0.455377E+01
  0.960000E+00  0.174440E+02  0.484482E+01
  0.960000E+00  0.174650E+02  0.506486E+01
  0.960000E+00  0.174860E+02  0.506494E+01
  0.960000E+00  0.175070E+02  0.486588E+01
  0.960000E+00  0.175280E+02  0.484478E+01
  0.960000E+00  0.175490E+02  0.512223E+01
  0.960000E+00  0.175700E+02  0.536800E+01
  0.960000E+00  0.175910E+02  0.519756E+01
  0.960000E+00  0.176120E+02  0.489014E+01
  0.960000E+00  0.176330E+02  0.530345E+01
  0.960000E+00  0.176540E+02  0.541195E+01
  0.960000E+00  0.176750E+02  0.565649E+01
  0.960000E+00  0.176960E+02  0.520864E+01
  0.960000E+00  0.177170E+02  0.517463E+01
  0.960000E+00  0.177380E+02  0.563211E+01
  0.960000E+00  0.177590E+02  0.593555E+01
  0.960000E+00  0.177800E+02  0.564386E+01
  0.960000E+00  0.178010E+02  0.525589E+01
  0.960000E+00  0.178220E+02  0.572629E+01
  0.960000E+00  0.178430E+02  0.592909E+01
  0.960000E+00  0.178640E+02  0.620435E+01
  0.960000E+00  0.178850E+02  0.560835E+01
  0.960000E+00  0.179060E+02  0.552995E+01
  0.960000E+00  0.179280E+02  0.621542E+01
  0.960000E+00  0.179490E+02  0.638358E+01
  0.960000E+00  0.179700E+02  0.604280E+01
  0.960000E+00  0.179910E+02  0.568119E+01
  0.960000E+00  0.180120E+02  0.623746E+01
  0.960000E+00  0.180330E+02  0.646612E+01
  0.960000E+00  0.180540E+02  0.672912E+01
  0.960000E+00  0.180750E+02  0.604370E+01
  0.960000E+00  0.180960E+02  0.605625E+01
  0.960000E+00  0.181170E+02  0.660627E+01
  0.960000E+00  0.181380E+02  0.690617E+01
  0.960000E+00  0.181590E+02  0.654189E+01
  0.960000E+00  0.181800E+02  0.619619E+01
  0.960000E+00  0.182010E+02  0.669111E+01
  0.960000E+00  0.182220E+02  0.691125E+01
  0.960000E+00  0.182430E+02  0.730671E+01
  0.960000E+00  0.182640E+02  0.648653E+01
  0.960000E+00  0.182850E+02  0.667538E+01
  0.960000E+00  0.183060E+02  0.705736E+01
  0.960000E+00  0.183270E+02  0.747875E+01
  0.960000E+00  0.183480E+02  0.706629E+01
  0.960000E+00  0.183690E+02  0.686972E+01
  0.960000E+00  0.183900E+02  0.712961E+01
  0.960000E+00  0.184110E+02  0.738599E+01
  0.960000E+00  0.184320E+02  0.789270E+01
  0.960000E+00  0.184530E+02  0.699416E+01
  0.960000E+00  0.184740E+02  0.735306E+01
  0.960000E+00  0.184950E+02  0.751502E+01
  0.960000E+00  0.185160E+02  0.805766E+01
  0.960000E+00  0.185370E+02  0.764514E+01
  0.960000E+00  0.185580E+02  0.764448E+01
  0.960000E+00  0.185790E+02  0.761072E+01
  0.960000E+00  0.186000E+02  0.790159E+01
  0.960000E+00  0.186210E+02  0.858457E+01
  0.960000E+00  0.186420E+02  0.763551E+01
  0.960000E+00  0.186630E+02  0.802578E+01
  0.960000E+00  0.186840E+02  0.797510E+01
  0.960000E+00  0.187050E+02  0.866130E+01
  0.960000E+00  0.187260E+02  0.831140E+01
  0.960000E+00  0.187470E+02  0.827746E+01
  0.960000E+00  0.187680E+02  0.832146E+01
  0.960000E+00  0.187890E+02  0.837464E+01
  0.960000E+00  0.188100E+02  0.938145E+01
  0.960000E+00  0.188310E+02  0.832954E+01
  0.960000E+00  0.188520E+02  0.890473E+01
  0.960000E+00  0.188730E+02  0.843218E+01
  0.960000E+00  0.188940E+02  0.939050E+01
  0.960000E+00  0.189150E+02  0.906765E+01
  0.960000E+00  0.189360E+02  0.904789E+01
  0.960000E+00  0.189570E+02  0.892696E+01
  0.960000E+00  0.189780E+02  0.897742E+01
  0.960000E+00  0.189990E+02  0.100394E+02
  0.960000E+00  0.190200E+02  0.910886E+01
  0.960000E+00  0.190410E+02  0.976775E+01
  0.960000E+00  0.190620E+02  0.906580E+01
  0.960000E+00  0.190830E+02  0.100240E+02
  0.960000E+00  0.191040E+02  0.100251E+02
  0.960000E+00  0.191250E+02  0.976596E+01
  0.960000E+00  0.191470E+02  0.954571E+01
  0.960000E+00  0.191680E+02  0.973820E+01
  0.960000E+00  0.191890E+02  0.106612E+02
  0.960000E+00  0.192100E+02  0.996233E+01
  0.960000E+00  0.192310E+02  0.105794E+02
  0.960000E+00  0.192520E+02  0.979749E+01
  0.960000E+00  0.192730E+02  0.108568E+02
  0.960000E+00  0.192940E+02  0.108423E+02
  0.960000E+00  0.193150E+02  0.106323E+02
  0.960000E+00  0.193360E+02  0.102305E+02
  0.960000E+00  0.193570E+02  0.106743E+02
  0.960000E+00  0.193780E+02  0.112815E+02
  0.960000E+00  0.193990E+02  0.108695E+02
  0.960000E+00  0.194200E+02  0.114373E+02
  0.960000E+00  0.194410E+02  0.106972E+02
  0.960000E+00  0.194620E+02  0.114549E+02
  0.960000E+00  0.194830E+02  0.113320E+02
  0.960000E+00  0.195040E+02  0.118952E+02
  0.960000E+00  0.195250E+02  0.110432E+02
  0.960000E+00  0.195460E+02  0.115972E+02
  0.960000E+00  0.195670E+02  0.119693E+02
  0.960000E+00  0.195880E+02  0.117322E+02
  0.960000E+00  0.196090E+02  0.124316E+02
  0.960000E+00  0.196300E+02  0.115706E+02
  0.960000E+00  0.196510E+02  0.125073E+02
  0.960000E+00  0.196720E+02  0.118742E+02
  0.960000E+00  0.196930E+02  0.133876E+02
  0.960000E+00  0.197140E+02  0.119399E+02
  0.960000E+00  0.197350E+02  0.128970E+02
  0.960000E+00  0.197560E+02  0.125884E+02
  0.960000E+00  0.197770E+02  0.126294E+02
  0.960000E+00  0.197980E+02  0.135831E+02
  0.960000E+00  0.198190E+02  0.124272E+02
  0.960000E+00  0.198400E+02  0.139172E+02
  0.960000E+00  0.198610E+02  0.125699E+02
  0.960000E+00  0.198820E+02  0.147534E+02
  0.960000E+00  0.199030E+02  0.129764E+02
  0.960000E+00  0.199240E+02  0.148000E+02
  0.960000E+00  0.199450E+02  0.132326E+02
  0.960000E+00  0.199660E+02  0.135111E+02
  0.960000E+00  0.199870E+02  0.155660E+02
  0.960000E+00  0.200080E+02  0.135671E+02
  0.960000E+00  0.200290E+02  0.146688E+02
  0.960000E+00  0.200500E+02  0.134214E+02
  0.960000E+00  0.200710E+02  0.174093E+02
  0.960000E+00  0.200920E+02  0.142144E+02
  0.960000E+00  0.201130E+02  0.160074E+02
  0.960000E+00  0.201340E+02  0.140592E+02
  0.960000E+00  0.201550E+02  0.147734E+02
  0.960000E+00  0.201760E+02  0.161835E+02
  0.960000E+00  0.201970E+02  0.148736E+02
  0.960000E+00  0.202180E+02  0.158067E+02
  0.960000E+00  0.202390E+02  0.145214E+02
  0.960000E+00  0.202600E+02  0.175983E+02
  0.960000E+00  0.202810E+02  0.155100E+02
  0.960000E+00  0.203020E+02  0.172511E+02
  0.960000E+00  0.203230E+02  0.150616E+02
  0.960000E+00  0.203440E+02  0.161373E+02
  0.960000E+00  0.203650E+02  0.177033E+02
  0.960000E+00  0.203870E+02  0.161334E+02
  0.960000E+00  0.204080E+02  0.170809E+02
  0.960000E+00  0.204290E+02  0.157562E+02
  0.960000E+00  0.204500E+02  0.204500E+02
  0.960000E+00  0.204710E+02  0.164785E+02
  0.960000E+00  0.205130E+02  0.163063E+02
  0.960000E+00  0.205550E+02  0.176791E+02
  0.960000E+00  0.205760E+02  0.173771E+02
  0.960000E+00  0.205970E+02  0.172699E+02
  0.960000E+00  0.206180E+02  0.199526E+02
  0.960000E+00  0.206600E+02  0.176091E+02
  0.960000E+00  0.207020E+02  0.180403E+02
  0.960000E+00  0.207440E+02  0.187477E+02
  0.960000E+00  0.207650E+02  0.183795E+02
  0.960000E+00  0.208070E+02  0.208070E+02
  0.960000E+00  0.208490E+02  0.188527E+02
  0.960000E+00  0.209330E+02  0.196022E+02
  0.960000E+00  0.209960E+02  0.209960E+02
