  0.950000E+00  0.000000E+00  0.000000E+00
  0.950000E+00  0.226251E+01  0.733544E+00
  0.950000E+00  0.227448E+01 -0.471373E+00
  0.950000E+00  0.228646E+01  0.969480E+00
  0.950000E+00  0.229843E+01  0.322961E+00
  0.950000E+00  0.231040E+01 -0.323559E+00
  0.950000E+00  0.232237E+01  0.134914E+00
  0.950000E+00  0.233434E+01 -0.263213E-01
  0.950000E+00  0.234631E+01 -0.287649E+00
  0.950000E+00  0.235828E+01  0.382812E+00
  0.950000E+00  0.237025E+01  0.394783E+00
  0.950000E+00  0.238222E+01  0.406754E+00
  0.950000E+00  0.239419E+01 -0.624957E+00
  0.950000E+00  0.240616E+01 -0.100939E+00
  0.950000E+00  0.241814E+01  0.442667E+00
  0.950000E+00  0.244208E+01 -0.106236E+01
  0.950000E+00  0.246602E+01 -0.167939E+00
  0.950000E+00  0.247799E+01  0.502522E+00
  0.950000E+00  0.248996E+01  0.117298E+01
  0.950000E+00  0.250193E+01 -0.243920E+00
  0.950000E+00  0.253785E+01 -0.961093E-01
  0.950000E+00  0.258573E+01  0.225069E+00
  0.950000E+00  0.260967E+01  0.195118E+01
  0.950000E+00  0.401030E+01  0.401030E+01
  0.950000E+00  0.402220E+01  0.270522E+01
  0.950000E+00  0.404620E+01  0.195884E+01
  0.950000E+00  0.405820E+01  0.892606E+00
  0.950000E+00  0.408210E+01  0.210663E+01
  0.950000E+00  0.409410E+01  0.146014E+01
  0.950000E+00  0.410600E+01  0.813551E+00
  0.950000E+00  0.411800E+01  0.193054E+01
  0.950000E+00  0.413000E+01 -0.329253E-01
  0.950000E+00  0.414200E+01 -0.579323E+00
  0.950000E+00  0.415390E+01  0.910672E-01
  0.950000E+00  0.416590E+01  0.341816E+00
  0.950000E+00  0.417790E+01  0.101964E+00
  0.950000E+00  0.418980E+01 -0.477222E+00
  0.950000E+00  0.420180E+01  0.138967E+00
  0.950000E+00  0.421380E+01 -0.558886E+00
  0.950000E+00  0.422580E+01 -0.167924E+00
  0.950000E+00  0.423770E+01 -0.641309E+00
  0.950000E+00  0.424970E+01 -0.618066E+00
  0.950000E+00  0.426170E+01 -0.109811E+01
  0.950000E+00  0.427360E+01 -0.867464E+00
  0.950000E+00  0.428560E+01 -0.535815E+00
  0.950000E+00  0.429760E+01 -0.909007E+00
  0.950000E+00  0.430950E+01 -0.112791E+01
  0.950000E+00  0.432150E+01 -0.110968E+01
  0.950000E+00  0.433350E+01 -0.790446E+00
  0.950000E+00  0.434550E+01 -0.110117E+01
  0.950000E+00  0.435740E+01 -0.107378E+01
  0.950000E+00  0.436940E+01 -0.132723E+01
  0.950000E+00  0.438140E+01 -0.951072E+00
  0.950000E+00  0.439330E+01 -0.640101E+00
  0.950000E+00  0.440530E+01 -0.122781E+01
  0.950000E+00  0.441730E+01 -0.115315E+01
  0.950000E+00  0.442930E+01 -0.122381E+01
  0.950000E+00  0.444120E+01 -0.918612E+00
  0.950000E+00  0.445320E+01 -0.865301E+00
  0.950000E+00  0.446520E+01 -0.112660E+01
  0.950000E+00  0.447710E+01 -0.629414E+00
  0.950000E+00  0.448910E+01 -0.972823E+00
  0.950000E+00  0.450110E+01 -0.100226E+01
  0.950000E+00  0.451310E+01 -0.102440E+01
  0.950000E+00  0.452500E+01 -0.779321E+00
  0.950000E+00  0.453700E+01 -0.533661E+00
  0.950000E+00  0.454900E+01 -0.410338E+00
  0.950000E+00  0.456090E+01 -0.393289E+00
  0.950000E+00  0.457290E+01 -0.752612E+00
  0.950000E+00  0.458490E+01 -0.537618E-01
  0.950000E+00  0.459690E+01 -0.609707E+00
  0.950000E+00  0.460880E+01  0.395031E+01
  0.950000E+00  0.462080E+01  0.284669E+00
  0.950000E+00  0.463280E+01 -0.573807E+00
  0.950000E+00  0.464470E+01  0.308569E+00
  0.950000E+00  0.465670E+01 -0.297489E+00
  0.950000E+00  0.466870E+01  0.203474E+01
  0.950000E+00  0.468060E+01  0.926918E+00
  0.950000E+00  0.469260E+01  0.255779E-01
  0.950000E+00  0.470460E+01  0.207064E+01
  0.950000E+00  0.471660E+01  0.103896E+01
  0.950000E+00  0.472850E+01  0.209454E+01
  0.950000E+00  0.474050E+01  0.577575E+00
  0.950000E+00  0.476440E+01  0.813461E+00
  0.950000E+00  0.478840E+01  0.374472E+01
  0.950000E+00  0.481230E+01  0.179315E+01
  0.950000E+00  0.487220E+01  0.289673E+01
  0.950000E+00  0.489610E+01  0.423761E+01
  0.950000E+00  0.527920E+01  0.527920E+01
  0.950000E+00  0.529120E+01  0.397422E+01
  0.950000E+00  0.530310E+01  0.321574E+01
  0.950000E+00  0.531510E+01  0.214951E+01
  0.950000E+00  0.532710E+01  0.335163E+01
  0.950000E+00  0.533910E+01  0.270514E+01
  0.950000E+00  0.535100E+01  0.171379E+01
  0.950000E+00  0.536300E+01  0.185856E+01
  0.950000E+00  0.537500E+01  0.136647E+01
  0.950000E+00  0.538690E+01  0.148157E+01
  0.950000E+00  0.539890E+01  0.110320E+01
  0.950000E+00  0.541090E+01  0.928326E+00
  0.950000E+00  0.543480E+01  0.175716E+01
  0.950000E+00  0.544680E+01  0.176916E+01
  0.950000E+00  0.545880E+01  0.129587E+01
  0.950000E+00  0.547070E+01  0.988126E+00
  0.950000E+00  0.548270E+01  0.412039E+00
  0.950000E+00  0.549470E+01  0.185749E+01
  0.950000E+00  0.550660E+01  0.144377E+01
  0.950000E+00  0.551860E+01  0.118247E+01
  0.950000E+00  0.553060E+01  0.863578E+00
  0.950000E+00  0.554260E+01  0.343943E+00
  0.950000E+00  0.555450E+01 -0.986104E-01
  0.950000E+00  0.556650E+01  0.612311E+00
  0.950000E+00  0.557850E+01  0.109593E+01
  0.950000E+00  0.559040E+01  0.176632E+01
  0.950000E+00  0.560240E+01 -0.507104E-01
  0.950000E+00  0.561440E+01 -0.218490E+00
  0.950000E+00  0.562640E+01 -0.343527E+00
  0.950000E+00  0.563830E+01  0.726340E+00
  0.950000E+00  0.565030E+01  0.427983E-01
  0.950000E+00  0.566230E+01  0.200377E+00
  0.950000E+00  0.567420E+01 -0.545246E+00
  0.950000E+00  0.568620E+01 -0.105253E+01
  0.950000E+00  0.569820E+01 -0.661634E+00
  0.950000E+00  0.571020E+01 -0.832975E+00
  0.950000E+00  0.572210E+01 -0.454125E+00
  0.950000E+00  0.573410E+01 -0.828268E+00
  0.950000E+00  0.574610E+01 -0.814366E+00
  0.950000E+00  0.575800E+01 -0.982311E+00
  0.950000E+00  0.577000E+01 -0.100739E+01
  0.950000E+00  0.578200E+01 -0.113204E+01
  0.950000E+00  0.579390E+01 -0.487539E+00
  0.950000E+00  0.580590E+01 -0.658484E+00
  0.950000E+00  0.581790E+01 -0.137695E+01
  0.950000E+00  0.582990E+01 -0.855276E+00
  0.950000E+00  0.584180E+01 -0.158418E+01
  0.950000E+00  0.585380E+01 -0.120481E+01
  0.950000E+00  0.586580E+01 -0.116653E+01
  0.950000E+00  0.587770E+01 -0.143629E+01
  0.950000E+00  0.588970E+01 -0.131390E+01
  0.950000E+00  0.590170E+01 -0.933015E+00
  0.950000E+00  0.591370E+01 -0.134076E+01
  0.950000E+00  0.592560E+01 -0.148105E+01
  0.950000E+00  0.593760E+01 -0.139431E+01
  0.950000E+00  0.594960E+01 -0.127977E+01
  0.950000E+00  0.596150E+01 -0.149684E+01
  0.950000E+00  0.597350E+01 -0.623383E+00
  0.950000E+00  0.598550E+01 -0.141802E+01
  0.950000E+00  0.599750E+01 -0.185242E+01
  0.950000E+00  0.600940E+01 -0.151812E+01
  0.950000E+00  0.602140E+01 -0.143175E+01
  0.950000E+00  0.603340E+01 -0.149550E+01
  0.950000E+00  0.604530E+01 -0.115830E+01
  0.950000E+00  0.605730E+01 -0.134308E+01
  0.950000E+00  0.606930E+01 -0.169130E+01
  0.950000E+00  0.608130E+01 -0.127892E+01
  0.950000E+00  0.609320E+01 -0.152855E+01
  0.950000E+00  0.610520E+01 -0.119927E+01
  0.950000E+00  0.611720E+01 -0.129257E+01
  0.950000E+00  0.612910E+01 -0.134027E+01
  0.950000E+00  0.614110E+01 -0.168551E+01
  0.950000E+00  0.615310E+01 -0.739712E+00
  0.950000E+00  0.616510E+01 -0.142305E+01
  0.950000E+00  0.617700E+01 -0.937410E+00
  0.950000E+00  0.618900E+01 -0.151676E+01
  0.950000E+00  0.620100E+01 -0.735090E+00
  0.950000E+00  0.621290E+01 -0.102677E+01
  0.950000E+00  0.622490E+01 -0.106555E+01
  0.950000E+00  0.623690E+01 -0.600664E+00
  0.950000E+00  0.624880E+01 -0.824347E+00
  0.950000E+00  0.626080E+01 -0.112131E+01
  0.950000E+00  0.627280E+01 -0.678552E+00
  0.950000E+00  0.628480E+01 -0.904669E+00
  0.950000E+00  0.629670E+01 -0.632958E+00
  0.950000E+00  0.630870E+01 -0.534535E+00
  0.950000E+00  0.632070E+01 -0.777635E+00
  0.950000E+00  0.633260E+01  0.614314E-01
  0.950000E+00  0.634460E+01 -0.352192E+00
  0.950000E+00  0.635660E+01 -0.411654E+00
  0.950000E+00  0.636860E+01  0.195232E+00
  0.950000E+00  0.638050E+01 -0.549158E+00
  0.950000E+00  0.639250E+01  0.174418E+00
  0.950000E+00  0.640450E+01 -0.225688E+00
  0.950000E+00  0.641640E+01 -0.180264E-01
  0.950000E+00  0.642840E+01  0.128734E+01
  0.950000E+00  0.644040E+01 -0.238074E+00
  0.950000E+00  0.645240E+01  0.615424E+00
  0.950000E+00  0.646430E+01  0.290932E+00
  0.950000E+00  0.647630E+01  0.265222E+01
  0.950000E+00  0.648830E+01  0.134420E-01
  0.950000E+00  0.650020E+01  0.150558E+01
  0.950000E+00  0.651220E+01  0.985944E+00
  0.950000E+00  0.652420E+01  0.270012E+01
  0.950000E+00  0.653620E+01 -0.229757E+00
  0.950000E+00  0.654810E+01 -0.996162E-01
  0.950000E+00  0.656010E+01  0.503826E+00
  0.950000E+00  0.657210E+01  0.928937E+00
  0.950000E+00  0.658400E+01  0.799407E+00
  0.950000E+00  0.659600E+01  0.145494E+01
  0.950000E+00  0.660800E+01  0.964837E+00
  0.950000E+00  0.661990E+01  0.986790E+00
  0.950000E+00  0.663190E+01 -0.616115E+00
  0.950000E+00  0.664390E+01 -0.206378E+00
  0.950000E+00  0.665590E+01  0.405611E+00
  0.950000E+00  0.666780E+01  0.449718E+00
  0.950000E+00  0.667980E+01  0.844864E+00
  0.950000E+00  0.669180E+01  0.574417E+00
  0.950000E+00  0.670370E+01  0.904146E+00
  0.950000E+00  0.671570E+01 -0.216536E+00
  0.950000E+00  0.672770E+01 -0.128111E+01
  0.950000E+00  0.673970E+01 -0.604800E+00
  0.950000E+00  0.675160E+01 -0.222194E+00
  0.950000E+00  0.676360E+01  0.305557E+00
  0.950000E+00  0.677560E+01  0.486530E+00
  0.950000E+00  0.678750E+01  0.745905E+00
  0.950000E+00  0.679950E+01  0.108880E+01
  0.950000E+00  0.681150E+01 -0.133375E+01
  0.950000E+00  0.682350E+01 -0.120804E+01
  0.950000E+00  0.683540E+01 -0.433616E+00
  0.950000E+00  0.684740E+01  0.951153E+00
  0.950000E+00  0.685940E+01  0.994303E+00
  0.950000E+00  0.687130E+01  0.126900E+01
  0.950000E+00  0.688330E+01  0.913373E+00
  0.950000E+00  0.689530E+01 -0.113584E+01
  0.950000E+00  0.690730E+01 -0.176455E+01
  0.950000E+00  0.691920E+01 -0.779694E+00
  0.950000E+00  0.693120E+01  0.964824E+00
  0.950000E+00  0.694320E+01  0.464184E+00
  0.950000E+00  0.695510E+01  0.578947E+00
  0.950000E+00  0.696710E+01  0.475720E+00
  0.950000E+00  0.697910E+01 -0.962746E+00
  0.950000E+00  0.699100E+01 -0.164876E+01
  0.950000E+00  0.700300E+01 -0.106409E+01
  0.950000E+00  0.701500E+01  0.580574E+00
  0.950000E+00  0.702700E+01  0.291427E+00
  0.950000E+00  0.703890E+01 -0.237313E+00
  0.950000E+00  0.705090E+01  0.372909E-01
  0.950000E+00  0.706290E+01 -0.114957E+01
  0.950000E+00  0.707480E+01 -0.152353E+01
  0.950000E+00  0.708680E+01 -0.142283E+01
  0.950000E+00  0.709880E+01 -0.349123E+00
  0.950000E+00  0.711080E+01 -0.779879E+00
  0.950000E+00  0.712270E+01 -0.960237E+00
  0.950000E+00  0.713470E+01 -0.872452E+00
  0.950000E+00  0.714670E+01 -0.130830E+01
  0.950000E+00  0.715860E+01 -0.166802E+01
  0.950000E+00  0.717060E+01 -0.158547E+01
  0.950000E+00  0.718260E+01 -0.105170E+01
  0.950000E+00  0.719460E+01 -0.899769E+00
  0.950000E+00  0.720650E+01 -0.140654E+01
  0.950000E+00  0.721850E+01 -0.113312E+01
  0.950000E+00  0.723050E+01 -0.157396E+01
  0.950000E+00  0.724240E+01 -0.154869E+01
  0.950000E+00  0.725440E+01 -0.177161E+01
  0.950000E+00  0.726640E+01 -0.130687E+01
  0.950000E+00  0.727840E+01 -0.125468E+01
  0.950000E+00  0.729030E+01 -0.136501E+01
  0.950000E+00  0.730230E+01 -0.128482E+01
  0.950000E+00  0.731430E+01 -0.137704E+01
  0.950000E+00  0.732620E+01 -0.161657E+01
  0.950000E+00  0.733820E+01 -0.158356E+01
  0.950000E+00  0.735020E+01 -0.138208E+01
  0.950000E+00  0.736210E+01 -0.122683E+01
  0.950000E+00  0.737410E+01 -0.127415E+01
  0.950000E+00  0.738610E+01 -0.830377E+00
  0.950000E+00  0.739810E+01 -0.153501E+01
  0.950000E+00  0.741000E+01 -0.149642E+01
  0.950000E+00  0.742200E+01 -0.135940E+01
  0.950000E+00  0.743400E+01 -0.128571E+01
  0.950000E+00  0.744590E+01 -0.908031E+00
  0.950000E+00  0.745790E+01 -0.129382E+01
  0.950000E+00  0.746990E+01 -0.784131E+00
  0.950000E+00  0.748190E+01 -0.130024E+01
  0.950000E+00  0.749380E+01 -0.130093E+01
  0.950000E+00  0.750580E+01 -0.127174E+01
  0.950000E+00  0.751780E+01 -0.792486E+00
  0.950000E+00  0.752970E+01 -0.881825E+00
  0.950000E+00  0.754170E+01 -0.738230E+00
  0.950000E+00  0.755370E+01 -0.602974E+00
  0.950000E+00  0.756570E+01 -0.132332E+01
  0.950000E+00  0.757760E+01 -0.902592E+00
  0.950000E+00  0.758960E+01 -0.953211E+00
  0.950000E+00  0.760160E+01 -0.355686E+00
  0.950000E+00  0.761350E+01 -0.832390E+00
  0.950000E+00  0.762550E+01  0.405841E-01
  0.950000E+00  0.763750E+01 -0.124625E+01
  0.950000E+00  0.764950E+01 -0.395103E+00
  0.950000E+00  0.766140E+01 -0.911868E+00
  0.950000E+00  0.767340E+01 -0.524577E+00
  0.950000E+00  0.768540E+01 -0.153185E+00
  0.950000E+00  0.769730E+01 -0.100119E+01
  0.950000E+00  0.770930E+01  0.242858E+00
  0.950000E+00  0.772130E+01 -0.115050E+01
  0.950000E+00  0.773320E+01 -0.539223E+00
  0.950000E+00  0.774520E+01 -0.958609E-01
  0.950000E+00  0.775720E+01 -0.812630E+00
  0.950000E+00  0.776920E+01  0.101542E+00
  0.950000E+00  0.778110E+01 -0.120975E+01
  0.950000E+00  0.779310E+01  0.166997E+00
  0.950000E+00  0.780510E+01 -0.382289E+00
  0.950000E+00  0.781700E+01 -0.453222E+00
  0.950000E+00  0.782900E+01 -0.980114E+00
  0.950000E+00  0.784100E+01 -0.401758E+00
  0.950000E+00  0.785300E+01 -0.542797E+00
  0.950000E+00  0.786490E+01 -0.557682E+00
  0.950000E+00  0.787690E+01 -0.342902E+00
  0.950000E+00  0.788890E+01  0.238311E+00
  0.950000E+00  0.790080E+01 -0.625087E+00
  0.950000E+00  0.791280E+01 -0.439978E+00
  0.950000E+00  0.792480E+01 -0.105887E+01
  0.950000E+00  0.793680E+01 -0.383393E+00
  0.950000E+00  0.794870E+01 -0.387778E+00
  0.950000E+00  0.796070E+01 -0.764292E+00
  0.950000E+00  0.797270E+01 -0.509886E+00
  0.950000E+00  0.798460E+01 -0.206902E+00
  0.950000E+00  0.799660E+01 -0.444306E+00
  0.950000E+00  0.800860E+01 -0.557548E+00
  0.950000E+00  0.802060E+01 -0.985532E+00
  0.950000E+00  0.803250E+01 -0.358735E+00
  0.950000E+00  0.804450E+01 -0.650374E+00
  0.950000E+00  0.805650E+01 -0.103152E+01
  0.950000E+00  0.806840E+01  0.993722E-01
  0.950000E+00  0.808040E+01 -0.360374E+00
  0.950000E+00  0.809240E+01 -0.223303E+00
  0.950000E+00  0.810430E+01 -0.929355E+00
  0.950000E+00  0.811630E+01 -0.940191E+00
  0.950000E+00  0.812830E+01 -0.299097E+00
  0.950000E+00  0.814030E+01 -0.104708E+01
  0.950000E+00  0.815220E+01 -0.658252E+00
  0.950000E+00  0.816420E+01 -0.179881E+00
  0.950000E+00  0.817620E+01 -0.550351E+00
  0.950000E+00  0.818810E+01 -0.264958E+00
  0.950000E+00  0.820010E+01 -0.976549E+00
  0.950000E+00  0.821210E+01 -0.894371E+00
  0.950000E+00  0.822410E+01 -0.725779E+00
  0.950000E+00  0.823600E+01 -0.981581E+00
  0.950000E+00  0.824800E+01 -0.398135E+00
  0.950000E+00  0.826000E+01 -0.764023E+00
  0.950000E+00  0.827190E+01 -0.263559E+00
  0.950000E+00  0.828390E+01 -0.651189E-01
  0.950000E+00  0.829590E+01 -0.124047E+01
  0.950000E+00  0.830790E+01 -0.399673E+00
  0.950000E+00  0.831980E+01 -0.888445E+00
  0.950000E+00  0.833180E+01 -0.882058E+00
  0.950000E+00  0.834380E+01 -0.270224E+00
  0.950000E+00  0.835570E+01  0.862653E-01
  0.950000E+00  0.836770E+01 -0.240896E-01
  0.950000E+00  0.837970E+01 -0.101122E+00
  0.950000E+00  0.839170E+01 -0.126819E+01
  0.950000E+00  0.840360E+01  0.322582E+00
  0.950000E+00  0.841560E+01 -0.108516E+01
  0.950000E+00  0.842760E+01  0.162270E+00
  0.950000E+00  0.843950E+01  0.170538E+00
  0.950000E+00  0.845150E+01  0.692785E+00
  0.950000E+00  0.846350E+01 -0.399988E-01
  0.950000E+00  0.847540E+01 -0.123724E+01
  0.950000E+00  0.848740E+01  0.950293E+00
  0.950000E+00  0.849940E+01 -0.972123E+00
  0.950000E+00  0.851140E+01 -0.297562E-01
  0.950000E+00  0.852330E+01  0.702421E-01
  0.950000E+00  0.853530E+01  0.781180E+00
  0.950000E+00  0.854730E+01  0.182479E+00
  0.950000E+00  0.855920E+01 -0.130313E+01
  0.950000E+00  0.857120E+01  0.884154E+00
  0.950000E+00  0.858320E+01 -0.114950E+01
  0.950000E+00  0.859520E+01  0.512080E-01
  0.950000E+00  0.860710E+01 -0.861931E+00
  0.950000E+00  0.861910E+01  0.152836E+01
  0.950000E+00  0.863110E+01 -0.174963E+01
  0.950000E+00  0.864300E+01  0.116417E+01
  0.950000E+00  0.865500E+01 -0.104570E+01
  0.950000E+00  0.866700E+01 -0.911468E-01
  0.950000E+00  0.867900E+01 -0.300877E+00
  0.950000E+00  0.869090E+01 -0.715035E+00
  0.950000E+00  0.870290E+01  0.250232E+00
  0.950000E+00  0.871490E+01 -0.130592E+01
  0.950000E+00  0.872680E+01 -0.211698E+00
  0.950000E+00  0.873880E+01  0.435231E-01
  0.950000E+00  0.875080E+01 -0.657818E-01
  0.950000E+00  0.876280E+01 -0.559253E+00
  0.950000E+00  0.877470E+01 -0.244614E+00
  0.950000E+00  0.878670E+01 -0.571283E+00
  0.950000E+00  0.879870E+01 -0.273977E-01
  0.950000E+00  0.881060E+01  0.183082E+00
  0.950000E+00  0.882260E+01 -0.103979E-02
  0.950000E+00  0.883460E+01 -0.421441E+00
  0.950000E+00  0.884650E+01 -0.132631E+00
  0.950000E+00  0.885850E+01  0.271038E+00
  0.950000E+00  0.887050E+01  0.148634E+00
  0.950000E+00  0.888250E+01  0.335681E+00
  0.950000E+00  0.889440E+01  0.228344E+00
  0.950000E+00  0.890640E+01  0.182020E-01
  0.950000E+00  0.891840E+01  0.343303E+00
  0.950000E+00  0.893030E+01  0.441192E+00
  0.950000E+00  0.894230E+01  0.397365E+00
  0.950000E+00  0.895430E+01  0.466943E+00
  0.950000E+00  0.896630E+01  0.445719E+00
  0.950000E+00  0.897820E+01  0.836183E+00
  0.950000E+00  0.899020E+01  0.353221E+00
  0.950000E+00  0.900220E+01  0.801001E+00
  0.950000E+00  0.901410E+01  0.973898E+00
  0.950000E+00  0.902610E+01  0.584931E+00
  0.950000E+00  0.903810E+01  0.567419E+00
  0.950000E+00  0.905010E+01  0.679597E+00
  0.950000E+00  0.906200E+01 -0.161485E+00
  0.950000E+00  0.907400E+01  0.133078E+01
  0.950000E+00  0.908600E+01 -0.186075E+00
  0.950000E+00  0.909790E+01  0.837169E+00
  0.950000E+00  0.910990E+01  0.604433E+00
  0.950000E+00  0.912190E+01 -0.939376E-01
  0.950000E+00  0.913390E+01  0.573532E+00
  0.950000E+00  0.914580E+01 -0.178072E+00
  0.950000E+00  0.915780E+01  0.306185E+00
  0.950000E+00  0.916980E+01  0.877795E+00
  0.950000E+00  0.918170E+01  0.104546E+01
  0.950000E+00  0.919370E+01  0.668115E-02
  0.950000E+00  0.920570E+01  0.527683E+00
  0.950000E+00  0.921760E+01 -0.243646E+00
  0.950000E+00  0.922960E+01  0.786068E+00
  0.950000E+00  0.924160E+01  0.657865E+00
  0.950000E+00  0.925360E+01  0.540383E+00
  0.950000E+00  0.926550E+01  0.838637E+00
  0.950000E+00  0.927750E+01  0.395233E+00
  0.950000E+00  0.928950E+01  0.631344E-01
  0.950000E+00  0.930140E+01  0.173696E+00
  0.950000E+00  0.931340E+01  0.115602E+01
  0.950000E+00  0.932540E+01  0.499653E+00
  0.950000E+00  0.933740E+01  0.474670E+00
  0.950000E+00  0.934930E+01  0.766697E+00
  0.950000E+00  0.936130E+01  0.626800E+00
  0.950000E+00  0.937330E+01  0.378772E+00
  0.950000E+00  0.938520E+01  0.105284E+01
  0.950000E+00  0.939720E+01  0.460963E+00
  0.950000E+00  0.940920E+01  0.384607E+00
  0.950000E+00  0.942120E+01  0.996341E+00
  0.950000E+00  0.943310E+01  0.660004E+00
  0.950000E+00  0.944510E+01  0.782057E+00
  0.950000E+00  0.945710E+01  0.131978E+01
  0.950000E+00  0.946900E+01  0.555199E+00
  0.950000E+00  0.948100E+01  0.728520E+00
  0.950000E+00  0.949300E+01  0.863324E+00
  0.950000E+00  0.950500E+01  0.572362E+00
  0.950000E+00  0.951690E+01  0.108259E+01
  0.950000E+00  0.952890E+01  0.917730E+00
  0.950000E+00  0.954090E+01  0.131564E+01
  0.950000E+00  0.955280E+01  0.125252E+01
  0.950000E+00  0.956480E+01  0.790222E+00
  0.950000E+00  0.957680E+01  0.745282E+00
  0.950000E+00  0.958870E+01  0.112698E+01
  0.950000E+00  0.960070E+01  0.706281E+00
  0.950000E+00  0.961270E+01  0.990383E+00
  0.950000E+00  0.962470E+01  0.131592E+01
  0.950000E+00  0.963660E+01  0.137714E+01
  0.950000E+00  0.964860E+01  0.174071E+01
  0.950000E+00  0.966060E+01  0.942459E+00
  0.950000E+00  0.967250E+01  0.866246E+00
  0.950000E+00  0.968450E+01  0.143127E+01
  0.950000E+00  0.969650E+01  0.873036E+00
  0.950000E+00  0.970850E+01  0.129183E+01
  0.950000E+00  0.972040E+01  0.169515E+01
  0.950000E+00  0.973240E+01  0.176944E+01
  0.950000E+00  0.974440E+01  0.179856E+01
  0.950000E+00  0.975630E+01  0.111996E+01
  0.950000E+00  0.976830E+01  0.965275E+00
  0.950000E+00  0.978030E+01  0.181279E+01
  0.950000E+00  0.979230E+01  0.108185E+01
  0.950000E+00  0.980420E+01  0.147924E+01
  0.950000E+00  0.981620E+01  0.207024E+01
  0.950000E+00  0.982820E+01  0.205318E+01
  0.950000E+00  0.984010E+01  0.191576E+01
  0.950000E+00  0.985210E+01  0.122826E+01
  0.950000E+00  0.986410E+01  0.133485E+01
  0.950000E+00  0.987610E+01  0.218239E+01
  0.950000E+00  0.988800E+01  0.117459E+01
  0.950000E+00  0.990000E+01  0.179658E+01
  0.950000E+00  0.991200E+01  0.317643E+01
  0.950000E+00  0.992390E+01  0.207496E+01
  0.950000E+00  0.993590E+01  0.173962E+01
  0.950000E+00  0.994790E+01  0.155196E+01
  0.950000E+00  0.995980E+01  0.156386E+01
  0.950000E+00  0.997180E+01  0.223795E+01
  0.950000E+00  0.998380E+01  0.133365E+01
  0.950000E+00  0.999580E+01  0.192134E+01
  0.950000E+00  0.100077E+02  0.358421E+01
  0.950000E+00  0.100197E+02  0.227484E+01
  0.950000E+00  0.100317E+02  0.163811E+01
  0.950000E+00  0.100436E+02  0.189763E+01
  0.950000E+00  0.100556E+02  0.207369E+01
  0.950000E+00  0.100676E+02  0.213357E+01
  0.950000E+00  0.100796E+02  0.178514E+01
  0.950000E+00  0.100915E+02  0.226088E+01
  0.950000E+00  0.101035E+02  0.361931E+01
  0.950000E+00  0.101155E+02  0.290997E+01
  0.950000E+00  0.101274E+02  0.160368E+01
  0.950000E+00  0.101394E+02  0.241221E+01
  0.950000E+00  0.101514E+02  0.240544E+01
  0.950000E+00  0.101634E+02  0.208894E+01
  0.950000E+00  0.101753E+02  0.206441E+01
  0.950000E+00  0.101873E+02  0.323217E+01
  0.950000E+00  0.101993E+02  0.326771E+01
  0.950000E+00  0.102112E+02  0.319877E+01
  0.950000E+00  0.102232E+02  0.195392E+01
  0.950000E+00  0.102352E+02  0.296618E+01
  0.950000E+00  0.102472E+02  0.230535E+01
  0.950000E+00  0.102591E+02  0.243400E+01
  0.950000E+00  0.102711E+02  0.256136E+01
  0.950000E+00  0.102831E+02  0.390464E+01
  0.950000E+00  0.102950E+02  0.344472E+01
  0.950000E+00  0.103070E+02  0.334686E+01
  0.950000E+00  0.103190E+02  0.237360E+01
  0.950000E+00  0.103309E+02  0.321437E+01
  0.950000E+00  0.103429E+02  0.258499E+01
  0.950000E+00  0.103549E+02  0.268162E+01
  0.950000E+00  0.103669E+02  0.297601E+01
  0.950000E+00  0.103788E+02  0.386516E+01
  0.950000E+00  0.103908E+02  0.361797E+01
  0.950000E+00  0.104028E+02  0.367998E+01
  0.950000E+00  0.104147E+02  0.305039E+01
  0.950000E+00  0.104267E+02  0.310799E+01
  0.950000E+00  0.104387E+02  0.278872E+01
  0.950000E+00  0.104507E+02  0.323604E+01
  0.950000E+00  0.104626E+02  0.352267E+01
  0.950000E+00  0.104746E+02  0.372021E+01
  0.950000E+00  0.104866E+02  0.416516E+01
  0.950000E+00  0.104985E+02  0.423771E+01
  0.950000E+00  0.105105E+02  0.360701E+01
  0.950000E+00  0.105225E+02  0.307010E+01
  0.950000E+00  0.105345E+02  0.325829E+01
  0.950000E+00  0.105464E+02  0.366167E+01
  0.950000E+00  0.105584E+02  0.377648E+01
  0.950000E+00  0.105704E+02  0.379453E+01
  0.950000E+00  0.105823E+02  0.489041E+01
  0.950000E+00  0.105943E+02  0.453965E+01
  0.950000E+00  0.106063E+02  0.398143E+01
  0.950000E+00  0.106183E+02  0.340459E+01
  0.950000E+00  0.106302E+02  0.374954E+01
  0.950000E+00  0.106422E+02  0.441326E+01
  0.950000E+00  0.106542E+02  0.432059E+01
  0.950000E+00  0.106661E+02  0.381723E+01
  0.950000E+00  0.106781E+02  0.585668E+01
  0.950000E+00  0.106901E+02  0.515260E+01
  0.950000E+00  0.107020E+02  0.405255E+01
  0.950000E+00  0.107140E+02  0.385952E+01
  0.950000E+00  0.107260E+02  0.445483E+01
  0.950000E+00  0.107380E+02  0.456463E+01
  0.950000E+00  0.107499E+02  0.447873E+01
  0.950000E+00  0.107619E+02  0.413881E+01
  0.950000E+00  0.107739E+02  0.629133E+01
  0.950000E+00  0.107858E+02  0.554804E+01
  0.950000E+00  0.107978E+02  0.452922E+01
  0.950000E+00  0.108098E+02  0.432252E+01
  0.950000E+00  0.108218E+02  0.489539E+01
  0.950000E+00  0.108337E+02  0.503415E+01
  0.950000E+00  0.108457E+02  0.480740E+01
  0.950000E+00  0.108577E+02  0.464922E+01
  0.950000E+00  0.108696E+02  0.680677E+01
  0.950000E+00  0.108816E+02  0.758915E+01
  0.950000E+00  0.108936E+02  0.452441E+01
  0.950000E+00  0.109056E+02  0.505647E+01
  0.950000E+00  0.109175E+02  0.604973E+01
  0.950000E+00  0.109295E+02  0.512995E+01
  0.950000E+00  0.109415E+02  0.501509E+01
  0.950000E+00  0.109534E+02  0.547350E+01
  0.950000E+00  0.109654E+02  0.695687E+01
  0.950000E+00  0.109774E+02  0.742661E+01
  0.950000E+00  0.109894E+02  0.491867E+01
  0.950000E+00  0.110013E+02  0.633428E+01
  0.950000E+00  0.110133E+02  0.638914E+01
  0.950000E+00  0.110253E+02  0.528932E+01
  0.950000E+00  0.110372E+02  0.530805E+01
  0.950000E+00  0.110492E+02  0.688627E+01
  0.950000E+00  0.110612E+02  0.776875E+01
  0.950000E+00  0.110731E+02  0.724902E+01
  0.950000E+00  0.110851E+02  0.545199E+01
  0.950000E+00  0.110971E+02  0.741946E+01
  0.950000E+00  0.111091E+02  0.662653E+01
  0.950000E+00  0.111210E+02  0.564110E+01
  0.950000E+00  0.111330E+02  0.577995E+01
  0.950000E+00  0.111450E+02  0.812585E+01
  0.950000E+00  0.111569E+02  0.852294E+01
  0.950000E+00  0.111689E+02  0.705470E+01
  0.950000E+00  0.111809E+02  0.633025E+01
  0.950000E+00  0.111929E+02  0.105344E+02
  0.950000E+00  0.112048E+02  0.659537E+01
  0.950000E+00  0.112168E+02  0.621233E+01
  0.950000E+00  0.112288E+02  0.656178E+01
  0.950000E+00  0.112527E+02  0.823355E+01
  0.950000E+00  0.112647E+02  0.776026E+01
  0.950000E+00  0.112767E+02  0.702323E+01
  0.950000E+00  0.113006E+02  0.657928E+01
  0.950000E+00  0.113126E+02  0.697647E+01
  0.950000E+00  0.113245E+02  0.716157E+01
  0.950000E+00  0.113365E+02  0.936103E+01
  0.950000E+00  0.113485E+02  0.805605E+01
  0.950000E+00  0.113605E+02  0.806805E+01
  0.950000E+00  0.113724E+02  0.852645E+01
  0.950000E+00  0.113964E+02  0.704068E+01
  0.950000E+00  0.114083E+02  0.744263E+01
  0.950000E+00  0.114323E+02  0.945683E+01
  0.950000E+00  0.114442E+02  0.815175E+01
  0.950000E+00  0.114562E+02  0.843705E+01
  0.950000E+00  0.114921E+02  0.732917E+01
  0.950000E+00  0.115280E+02  0.916734E+01
  0.950000E+00  0.115400E+02  0.837441E+01
  0.950000E+00  0.115520E+02  0.957653E+01
  0.950000E+00  0.115879E+02  0.823786E+01
  0.950000E+00  0.116238E+02  0.964833E+01
  0.950000E+00  0.116358E+02  0.900184E+01
  0.950000E+00  0.116717E+02  0.903774E+01
  0.950000E+00  0.117196E+02  0.974413E+01
  0.950000E+00  0.117316E+02  0.937094E+01
  0.950000E+00  0.117794E+02  0.117794E+02
  0.950000E+00  0.118153E+02  0.983983E+01
  0.950000E+00  0.118991E+02  0.105821E+02
  0.950000E+00  0.119590E+02  0.119590E+02
