  0.  0.
  3.02645  1.41701
  3.04747 -0.0435725
  3.06848 -0.457881
  3.0895 -0.494019
  3.11052 -0.0675338
  3.13154 -0.506046
  3.15255 -0.313186
  3.17357 -0.292166
  3.19459 -0.206607
  3.2156 -0.473279
  3.23662  0.0585662
  3.25764 -0.208096
  3.27865 -0.358936
  3.29967  0.121616
  3.32069  0.142636
  3.34171  1.26227
  3.36272  0.271678
  3.40476  0.632171
  3.44679  0.961884
  3.48882  2.79568
  5.5905  3.98106
  5.6115  2.00058
  5.6326  1.32853
  5.6536  0.355283
  5.6746  0.223562
  5.6956  0.150423
  5.7166 -0.212989
  5.7376 -0.816333
  5.7587 -0.291033
  5.7797 -0.908655
  5.8007 -0.967793
  5.8217 -0.953666
  5.8427 -1.31192
  5.8637 -1.04605
  5.8848 -1.40958
  5.9058 -1.45048
  5.9268 -1.42243
  5.9478 -1.43121
  5.9688 -1.41395
  5.9898 -1.4163
  6.0109 -1.43452
  6.0319 -1.29457
  6.0529 -1.47972
  6.0739 -1.113
  6.0949 -1.19744
  6.116 -1.23516
  6.137 -0.903536
  6.158 -1.09759
  6.179 -0.710591
  6.2 -0.878342
  6.221 -0.443409
  6.2421 -0.237945
  6.2631 -0.258993
  6.2841  0.248619
  6.3051  0.0191019
  6.3261  0.0494565
  6.3471  1.00956
  6.3682  0.879262
  6.3892  1.09088
  6.4102  2.31586
  6.4312  1.46139
  6.4522  2.29332
  6.4732  2.09117
  6.4943  2.33542
  6.5153  5.82215
  6.5363  3.70309
  6.5573  4.47786
  6.5993  4.51986
  6.6204  5.92725
  7.5661  7.5661
  7.5871  6.20081
  7.6082  5.52876
  7.6292  5.06425
  7.6502  4.47215
  7.6712  3.75918
  7.6922  3.53332
  7.7132  2.65695
  7.7343  2.37771
  7.7553  3.11091
  7.7763  1.71251
  7.7973  2.32503
  7.8183  1.04981
  7.8393  0.398566
  7.8604  0.699554
  7.8814  0.283001
  7.9024 -0.113918
  7.9234  0.130226
  7.9444  0.00274875
  7.9654 -0.424414
  7.9865 -0.552455
  8.0075 -0.613693
  8.0285 -1.04968
  8.0495 -1.01141
  8.0705 -1.04432
  8.0916 -1.3631
  8.1126 -1.322
  8.1336 -1.39403
  8.1546 -1.5143
  8.1756 -1.48211
  8.1966 -1.66867
  8.2177 -1.77252
  8.2387 -1.63998
  8.2597 -1.80633
  8.2807 -1.85695
  8.3017 -1.81996
  8.3227 -1.91196
  8.3438 -1.90752
  8.3648 -1.85167
  8.3858 -1.91007
  8.4068 -1.91355
  8.4278 -1.84698
  8.4488 -1.91458
  8.4699 -1.79691
  8.4909 -1.77626
  8.5119 -1.76584
  8.5329 -1.62465
  8.5539 -1.65847
  8.5749 -1.58152
  8.596 -1.44821
  8.617 -1.39874
  8.638 -1.45454
  8.659 -1.20865
  8.68 -1.06894
  8.701 -1.10079
  8.7221 -0.879607
  8.7431 -0.801711
  8.7641 -0.690754
  8.7851 -0.520641
  8.8061 -0.468529
  8.8271 -0.160097
  8.8482  0.0341668
  8.8692  0.00926853
  8.8902  0.237078
  8.9112  0.338005
  8.9322  1.05518
  8.9532  0.835888
  8.9743  0.975965
  8.9953  1.2013
  9.0163  1.63355
  9.0373  1.84889
  9.0583  2.00731
  9.0794  2.0512
  9.1004  2.8313
  9.1214  3.66181
  9.1424  2.67626
  9.1634  3.66623
  9.1844  3.52841
  9.2055  3.62955
  9.2265  3.52606
  9.2475  3.43636
  9.2685  3.34692
  9.2895  3.01662
  9.3105  2.77962
  9.3316  2.63087
  9.3526  2.44085
  9.3736  2.09221
  9.3946  1.96567
  9.4156  2.30409
  9.4366  1.86616
  9.4577  1.77614
  9.4787  1.68966
  9.4997  1.59426
  9.5207  1.39507
  9.5417  0.999229
  9.5627  1.41137
  9.5838  1.19353
  9.6048  0.613362
  9.6258  0.820275
  9.6468  0.869399
  9.6678  0.4356
  9.6888  0.180728
  9.7099 -0.00544911
  9.7309 -0.0787163
  9.7519 -0.244714
  9.7729 -0.327305
  9.7939 -0.483218
  9.8149 -0.689647
  9.836 -0.651517
  9.857 -0.544471
  9.878 -0.926624
  9.899 -1.00424
  9.92 -0.898437
  9.941 -1.06695
  9.9621 -1.3565
  9.9831 -1.20001
  10.0041 -1.25169
  10.0251 -1.41014
  10.0461 -1.51571
  10.0672 -1.45904
  10.0882 -1.51136
  10.1092 -1.67482
  10.1302 -1.68962
  10.1512 -1.63305
  10.1722 -1.78829
  10.1933 -1.88306
  10.2143 -1.82808
  10.2353 -1.8089
  10.2563 -1.97729
  10.2773 -1.92361
  10.2983 -1.89893
  10.3194 -1.94796
  10.3404 -2.0447
  10.3614 -1.87883
  10.3824 -1.9158
  10.4034 -2.06288
  10.4244 -1.90795
  10.4455 -1.91864
  10.4665 -1.99177
  10.4875 -1.94901
  10.5085 -1.86677
  10.5295 -1.88037
  10.5505 -1.8251
  10.5716 -1.79289
  10.5926 -1.75436
  10.6136 -1.73688
  10.6346 -1.72432
  10.6556 -1.63412
  10.6766 -1.55431
  10.6977 -1.50371
  10.7187 -1.49896
  10.7397 -1.35192
  10.7607 -1.37022
  10.7817 -1.26626
  10.8027 -1.23389
  10.8238 -1.16013
  10.8448 -1.01427
  10.8658 -0.971236
  10.8868 -0.942395
  10.9078 -0.863095
  10.9288 -0.808388
  10.9499 -0.546469
  10.9709 -0.591672
  10.9919 -0.833059
  11.0129 -0.597696
  11.0339 -0.09351
  11.055 -0.299047
  11.076 -0.815362
  11.097 -0.475608
  11.118  0.208034
  11.139 -0.023914
  11.16 -0.825301
  11.1811 -0.520792
  11.2021  0.558916
  11.2231  0.0771307
  11.2441 -0.802742
  11.2651 -0.628178
  11.2861  0.701892
  11.3072 -0.080831
  11.3282 -0.796879
  11.3492 -0.779019
  11.3702  0.124684
  11.3912 -0.198594
  11.4122 -0.755184
  11.4333 -0.891178
  11.4543 -0.376861
  11.4753 -0.462501
  11.4963 -0.95913
  11.5173 -1.09654
  11.5383 -0.753629
  11.5594 -0.89056
  11.5804 -1.14101
  11.6014 -1.29009
  11.6224 -1.01863
  11.6434 -1.15986
  11.6644 -1.38821
  11.6855 -1.37567
  11.7065 -1.25421
  11.7275 -1.43177
  11.7485 -1.47792
  11.7695 -1.47807
  11.7905 -1.34904
  11.8116 -1.52531
  11.8326 -1.55442
  11.8536 -1.50644
  11.8746 -1.47453
  11.8956 -1.57594
  11.9166 -1.52984
  11.9377 -1.52808
  11.9587 -1.45155
  11.9797 -1.57252
  12.0007 -1.47624
  12.0217 -1.52173
  12.0428 -1.48752
  12.0638 -1.50503
  12.0848 -1.49579
  12.1058 -1.49296
  12.1268 -1.46001
  12.1478 -1.4146
  12.1689 -1.48098
  12.1899 -1.49778
  12.2109 -1.44965
  12.2319 -1.39365
  12.2529 -1.46585
  12.2739 -1.42736
  12.295 -1.3716
  12.316 -1.3717
  12.337 -1.37342
  12.358 -1.40065
  12.379 -1.31224
  12.4 -1.2556
  12.4211 -1.27931
  12.4421 -1.2191
  12.4631 -1.24112
  12.4841 -1.1942
  12.5051 -1.19529
  12.5261 -1.07435
  12.5472 -1.09255
  12.5682 -1.19796
  12.5892 -0.971818
  12.6102 -0.887156
  12.6312 -1.03633
  12.6522 -1.0735
  12.6733 -0.918304
  12.6943 -0.995976
  12.7153 -0.778406
  12.7363 -0.899474
  12.7573 -1.0167
  12.7783 -0.876748
  12.7994 -0.759953
  12.8204 -0.866265
  12.8414 -0.96771
  12.8624 -0.877546
  12.8834 -0.856913
  12.9044 -0.644276
  12.9255 -0.942793
  12.9465 -0.889205
  12.9675 -0.776805
  12.9885 -0.58639
  13.0095 -0.697144
  13.0306 -0.84044
  13.0516 -0.703024
  13.0726 -0.543386
  13.0936 -0.472295
  13.1146 -0.768195
  13.1356 -0.599449
  13.1567 -0.541535
  13.1777 -0.298611
  13.1987 -0.648212
  13.2197 -0.620015
  13.2407 -0.634211
  13.2617 -0.418048
  13.2828 -0.613276
  13.3038 -0.755441
  13.3248 -0.778518
  13.3458 -0.616405
  13.3668 -0.596613
  13.3878 -0.893957
  13.4089 -0.907204
  13.4299 -0.740554
  13.4509 -0.665604
  13.4719 -0.941458
  13.4929 -0.928837
  13.514 -0.749971
  13.535 -0.699747
  13.556 -0.921322
  13.577 -0.886608
  13.598 -0.765401
  13.619 -0.689803
  13.64 -0.861381
  13.661 -0.799465
  13.682 -0.701718
  13.703 -0.657274
  13.724 -0.740236
  13.745 -0.702208
  13.766 -0.632117
  13.787 -0.540855
  13.808 -0.626311
  13.829 -0.612021
  13.85 -0.54795
  13.871 -0.433091
  13.892 -0.511297
  13.913 -0.505459
  13.934 -0.462496
  13.955 -0.322419
  13.976 -0.422508
  13.997 -0.366459
  14.018 -0.269824
  14.039 -0.259924
  14.06 -0.31644
  14.081 -0.270068
  14.102 -0.118576
  14.123 -0.13141
  14.144 -0.25272
  14.165 -0.229313
  14.186 -0.0830672
  14.208 -0.181649
  14.229 -0.213892
  14.25 -0.130085
  14.271 -0.176899
  14.292 -0.134525
  14.313 -0.0510365
  14.334 -0.122733
  14.355 -0.10452
  14.376 -0.0665179
  14.397 -0.048132
  14.418  0.0719788
  14.439 -0.0579393
  14.46  0.00558728
  14.481  0.116386
  14.502  0.118509
  14.523  0.0693794
  14.544  0.142204
  14.565  0.181112
  14.586  0.24045
  14.607  0.188759
  14.628  0.240493
  14.649  0.259971
  14.67  0.273168
  14.691  0.262522
  14.712  0.298367
  14.733  0.177506
  14.754  0.244493
  14.775  0.351247
  14.796  0.194171
  14.817  0.271287
  14.838  0.353686
  14.859  0.425497
  14.88  0.371442
  14.901  0.436555
  14.922  0.501573
  14.943  0.628898
  14.964  0.602509
  14.985  0.538537
  15.006  0.720486
  15.027  0.79885
  15.048  0.705751
  15.069  0.731605
  15.09  0.741687
  15.111  0.975727
  15.132  0.910824
  15.153  0.330919
  15.174  0.890989
  15.195  1.21882
  15.216  0.437811
  15.237  0.689458
  15.258  0.713975
  15.279  0.668327
  15.3  0.885873
  15.321  0.683246
  15.342  0.764516
  15.363  0.919841
  15.384  0.891472
  15.405  0.82593
  15.426  0.944868
  15.448  0.914406
  15.469  1.06776
  15.49  1.01744
  15.511  1.04056
  15.532  1.15123
  15.553  1.28349
  15.574  1.1904
  15.595  1.19137
  15.616  1.28976
  15.637  1.42567
  15.658  1.21703
  15.679  1.43437
  15.7  1.38894
  15.721  1.43436
  15.742  1.48136
  15.763  1.49903
  15.784  1.40653
  15.805  1.59576
  15.826  1.59329
  15.847  1.61002
  15.868  1.55651
  15.889  1.68375
  15.91  1.7201
  15.931  1.67068
  15.952  1.69695
  15.973  1.77352
  15.994  1.84023
  16.015  1.79436
  16.036  1.8537
  16.057  1.85732
  16.078  1.93549
  16.099  1.94945
  16.12  1.89709
  16.141  1.93527
  16.162  2.09099
  16.183  2.07236
  16.204  2.04867
  16.225  2.02948
  16.246  2.1802
  16.267  2.23597
  16.288  2.13174
  16.309  2.15303
  16.33  2.3335
  16.351  2.36879
  16.372  2.32443
  16.393  2.28818
  16.414  2.39956
  16.435  2.52264
  16.456  2.54818
  16.477  2.34449
  16.498  2.52207
  16.519  2.65118
  16.54  2.68951
  16.561  2.5086
  16.582  2.6545
  16.603  2.7407
  16.624  2.84818
  16.645  2.76015
  16.666  2.64494
  16.688  2.84955
  16.709  3.04439
  16.73  3.02369
  16.751  2.8627
  16.772  2.98135
  16.793  3.15835
  16.814  3.2617
  16.835  3.0841
  16.856  3.0858
  16.877  3.15386
  16.898  3.54096
  16.919  3.29282
  16.94  3.24502
  16.961  3.26442
  16.982  3.53583
  17.003  3.62009
  17.024  3.41903
  17.045  3.36098
  17.066  3.51768
  17.087  3.85211
  17.108  3.6463
  17.129  3.56552
  17.15  3.60157
  17.171  3.94941
  17.192  3.90047
  17.213  3.81169
  17.234  3.67356
  17.255  3.9193
  17.276  4.17815
  17.297  4.05517
  17.318  3.94357
  17.339  3.95986
  17.36  4.24967
  17.381  4.34045
  17.402  4.22522
  17.423  4.01755
  17.444  4.31986
  17.465  4.54819
  17.486  4.54739
  17.507  4.33917
  17.528  4.31631
  17.549  4.60445
  17.57  4.85958
  17.591  4.68116
  17.612  4.36007
  17.633  4.78972
  17.654  4.90186
  17.675  5.15572
  17.696  4.68833
  17.717  4.65203
  17.738  5.1277
  17.759  5.44291
  17.78  5.13819
  17.801  4.73318
  17.822  5.2223
  17.843  5.43268
  17.864  5.71853
  17.885  5.09682
  17.906  5.01428
  17.928  5.72739
  17.949  5.90169
  17.97  5.54584
  17.991  5.16828
  18.012  5.74686
  18.033  5.98417
  18.054  6.25725
  18.075  5.5424
  18.096  5.5546
  18.117  6.12666
  18.138  6.43818
  18.159  6.05784
  18.18  5.69686
  18.201  6.21153
  18.222  6.43996
  18.243  6.85103
  18.264  5.9958
  18.285  6.19165
  18.306  6.58867
  18.327  7.02674
  18.348  6.59622
  18.369  6.39058
  18.39  6.66043
  18.411  6.92662
  18.432  7.45356
  18.453  6.5167
  18.474  6.88968
  18.495  7.05752
  18.516  7.62189
  18.537  7.19131
  18.558  7.18975
  18.579  7.1537
  18.6  7.45582
  18.621  8.16639
  18.642  7.17691
  18.663  7.58257
  18.684  7.52889
