  0.  0.
  3.02645  2.22173
  3.04747  1.50195
  3.06848  1.3053
  3.0895  1.29774
  3.11052  1.52149
  3.13154  1.31275
  3.15255  1.41968
  3.17357  1.4407
  3.19459  1.49399
  3.2156  1.37116
  3.23662  1.64759
  3.25764  1.52477
  3.27865  1.45986
  3.29967  1.71064
  3.32069  1.73166
  3.34171  2.30199
  3.36272  1.8172
  3.40476  2.01847
  3.44679  2.20434
  3.48882  3.14225
  5.5905  4.78578
  5.6115  3.80604
  5.6326  3.48057
  5.6536  3.00444
  5.6746  2.94908
  5.6956  2.92301
  5.7166  2.75181
  5.7376  2.46063
  5.7587  2.73383
  5.7797  2.43552
  5.8007  2.41645
  5.8217  2.43402
  5.8427  2.26539
  5.8637  2.40882
  5.8848  2.23761
  5.9058  2.22766
  5.9268  2.25218
  5.9478  2.2583
  5.9688  2.27743
  5.9898  2.28675
  6.0109  2.28819
  6.0319  2.36867
  6.0529  2.28659
  6.0739  2.48045
  6.0949  2.44873
  6.116  2.44042
  6.137  2.61673
  6.158  2.5302
  6.179  2.7342
  6.2  2.66083
  6.221  2.8888
  6.2421  3.00208
  6.2631  3.00205
  6.2841  3.26636
  6.3051  3.1621
  6.3261  3.18778
  6.3471  3.67833
  6.3682  3.62373
  6.3892  3.74004
  6.4102  4.36303
  6.4312  3.94629
  6.4522  4.37276
  6.4732  4.28219
  6.4943  4.41486
  6.5153  6.16873
  6.5363  5.11969
  6.5573  5.51758
  6.5993  5.55958
  6.6204  6.27383
  7.5661  7.5661
  7.5871  6.89395
  7.6082  6.56848
  7.6292  6.34673
  7.6502  6.06117
  7.6712  5.71519
  7.6922  5.61276
  7.7132  5.18508
  7.7343  5.05601
  7.7553  5.4331
  7.7763  4.74441
  7.7973  5.06116
  7.8183  4.43405
  7.8393  4.11893
  7.8604  4.27998
  7.8814  4.0822
  7.9024  3.89424
  7.9234  4.02681
  7.9444  3.97357
  7.9654  3.77049
  7.9865  3.71702
  8.0075  3.6969
  8.0285  3.48941
  8.0495  3.51904
  8.0705  3.51309
  8.0916  3.36425
  8.1126  3.3953
  8.1336  3.36979
  8.1546  3.32015
  8.1756  3.34674
  8.1966  3.26397
  8.2177  3.22259
  8.2387  3.29936
  8.2597  3.22668
  8.2807  3.21187
  8.3017  3.24087
  8.3227  3.20537
  8.3438  3.21814
  8.3648  3.25656
  8.3858  3.23787
  8.4068  3.24662
  8.4278  3.29041
  8.4488  3.26711
  8.4699  3.33649
  8.4909  3.35732
  8.5119  3.37303
  8.5329  3.45413
  8.5539  3.44772
  8.5749  3.49669
  8.596  3.5739
  8.617  3.60913
  8.638  3.59173
  8.659  3.72517
  8.68  3.80553
  8.701  3.80011
  8.7221  3.92125
  8.7431  3.97069
  8.7641  4.03667
  8.7851  4.13223
  8.8061  4.16879
  8.8271  4.3335
  8.8482  4.44118
  8.8692  4.43923
  8.8902  4.56364
  8.9112  4.6246
  8.9322  4.99369
  8.9532  4.89454
  8.9743  4.97513
  8.9953  5.0983
  9.0163  5.32493
  9.0373  5.44309
  9.0583  5.53281
  9.0794  5.5653
  9.1004  5.96585
  9.1214  6.39161
  9.1424  5.90933
  9.1634  6.41482
  9.1844  6.3564
  9.2055  6.41753
  9.2265  6.37628
  9.2475  6.34193
  9.2685  6.30771
  9.2895  6.15306
  9.3105  6.04506
  9.3316  5.98123
  9.3526  5.89673
  9.3736  5.73291
  9.3946  5.68014
  9.4156  5.85984
  9.4366  5.65138
  9.4577  5.61692
  9.4787  5.58418
  9.4997  5.54698
  9.5207  5.45788
  9.5417  5.27046
  9.5627  5.48703
  9.5838  5.38867
  9.6048  5.10908
  9.6258  5.22304
  9.6468  5.2581
  9.6678  5.0517
  9.6888  4.93476
  9.7099  4.85223
  9.7309  4.82609
  9.7519  4.75359
  9.7729  4.7228
  9.7939  4.65534
  9.8149  4.56263
  9.836  4.59224
  9.857  4.65626
  9.878  4.47569
  9.899  4.44738
  9.92  4.51078
  9.941  4.43703
  9.9621  4.3028
  9.9831  4.39154
  10.0041  4.37621
  10.0251  4.30748
  10.0461  4.26519
  10.0672  4.30408
  10.0882  4.28842
  10.1092  4.21719
  10.1302  4.22029
  10.1512  4.25908
  10.1722  4.19195
  10.1933  4.15512
  10.2143  4.19311
  10.2353  4.2132
  10.2563  4.1395
  10.2773  4.17685
  10.2983  4.19968
  10.3194  4.18572
  10.3404  4.14785
  10.3614  4.24128
  10.3824  4.2333
  10.4034  4.17026
  10.4244  4.25822
  10.4455  4.26343
  10.4665  4.23736
  10.4875  4.26925
  10.5085  4.32087
  10.5295  4.32456
  10.5505  4.3627
  10.5716  4.38936
  10.5926  4.41912
  10.6136  4.43836
  10.6346  4.45514
  10.6556  4.51074
  10.6766  4.56114
  10.6977  4.59699
  10.7187  4.60987
  10.7397  4.69389
  10.7607  4.69524
  10.7817  4.75772
  10.8027  4.78441
  10.8238  4.83184
  10.8448  4.91527
  10.8658  4.94728
  10.8868  4.9722
  10.9078  5.02235
  10.9288  5.06021
  10.9499  5.20172
  10.9709  5.18961
  10.9919  5.07942
  11.0129  5.2076
  11.0339  5.47019
  11.055  5.37798
  11.076  5.13032
  11.097  5.3107
  11.118  5.66302
  11.139  5.55754
  11.16  5.16735
  11.1811  5.33015
  11.2021  5.88051
  11.2231  5.65012
  11.2441  5.22068
  11.2651  5.31846
  11.2861  5.994
  11.3072  5.61318
  11.3282  5.26566
  11.3492  5.28509
  11.3702  5.74744
  11.3912  5.5963
  11.4122  5.32851
  11.4333  5.27106
  11.4543  5.53872
  11.4753  5.5064
  11.4963  5.26859
  11.5173  5.21038
  11.5383  5.39234
  11.5594  5.33442
  11.5804  5.2197
  11.6014  5.15565
  11.6224  5.30188
  11.6434  5.24177
  11.6644  5.1381
  11.6855  5.15492
  11.7065  5.22614
  11.7275  5.14786
  11.7485  5.13529
  11.7695  5.14572
  11.7905  5.22073
  11.8116  5.14314
  11.8326  5.13909
  11.8536  5.17358
  11.8746  5.20003
  11.8956  5.15983
  11.9166  5.19338
  11.9377  5.20481
  11.9587  5.25358
  11.9797  5.20359
  12.0007  5.26223
  12.0217  5.24999
  12.0428  5.27764
  12.0638  5.27939
  12.0848  5.29451
  12.1058  5.30642
  12.1268  5.33339
  12.1478  5.3666
  12.1689  5.34396
  12.1899  5.34606
  12.2109  5.38062
  12.2319  5.41913
  12.2529  5.39353
  12.2739  5.42327
  12.295  5.4617
  12.316  5.47215
  12.337  5.48179
  12.358  5.47867
  12.379  5.53338
  12.4  5.5722
  12.4211  5.57089
  12.4421  5.6115
  12.4631  5.61099
  12.4841  5.64495
  12.5051  5.6549
  12.5261  5.72588
  12.5472  5.72732
  12.5682  5.68512
  12.5892  5.80869
  12.6102  5.86152
  12.6312  5.79743
  12.6522  5.78935
  12.6733  5.8775
  12.6943  5.84916
  12.7153  5.96845
  12.7363  5.91841
  12.7573  5.8703
  12.7783  5.95078
  12.7994  6.01972
  12.8204  5.97707
  12.8414  5.93684
  12.8624  5.99243
  12.8834  6.01324
  12.9044  6.13006
  12.9255  5.99135
  12.9465  6.02865
  12.9675  6.09535
  12.9885  6.20105
  13.0095  6.15618
  13.0306  6.09508
  13.0516  6.17429
  13.0726  6.26461
  13.0936  6.31065
  13.1146  6.1732
  13.1356  6.26808
  13.1567  6.30758
  13.1777  6.43954
  13.1987  6.27524
  13.2197  6.29984
  13.2407  6.30324
  13.2617  6.42183
  13.2828  6.33476
  13.3038  6.27418
  13.3248  6.27314
  13.3458  6.3647
  13.3668  6.38509
  13.3878  6.24692
  13.4089  6.25085
  13.4299  6.34467
  13.4509  6.39265
  13.4719  6.26522
  13.4929  6.28203
  13.514  6.38201
  13.535  6.41763
  13.556  6.31734
  13.577  6.3452
  13.598  6.4163
  13.619  6.4646
  13.64  6.38931
  13.661  6.43077
  13.682  6.49014
  13.703  6.52286
  13.724  6.49188
  13.745  6.5214
  13.766  6.56694
  13.787  6.62307
  13.808  6.59084
  13.829  6.60849
  13.85  6.65103
  13.871  6.71895
  13.892  6.69035
  13.913  6.70377
  13.934  6.73575
  13.955  6.81629
  13.976  6.77675
  13.997  6.81527
  14.018  6.87409
  14.039  6.88954
  14.06  6.87178
  14.081  6.90547
  14.102  6.99171
  14.123  6.99579
  14.144  6.94564
  14.165  6.96784
  14.186  7.05147
  14.208  7.01318
  14.229  7.00755
  14.25  7.05996
  14.271  7.04705
  14.292  7.07874
  14.313  7.13098
  14.334  7.10563
  14.355  7.12524
  14.376  7.15474
  14.397  7.17443
  14.418  7.24499
  14.439  7.19053
  14.46  7.23279
  14.481  7.29869
  14.502  7.31025
  14.523  7.29619
  14.544  7.3431
  14.565  7.37306
  14.586  7.41322
  14.607  7.39788
  14.628  7.43425
  14.649  7.45449
  14.67  7.47158
  14.691  7.47676
  14.712  7.50518
  14.733  7.45525
  14.754  7.49925
  14.775  7.56312
  14.796  7.49509
  14.817  7.54414
  14.838  7.59584
  14.859  7.64225
  14.88  7.62572
  14.901  7.66878
  14.922  7.71179
  14.943  7.78595
  14.964  7.78325
  14.985  7.76177
  15.006  7.86324
  15.027  7.91293
  15.048  7.87688
  15.069  7.9003
  15.09  7.91584
  15.111  8.04336
  15.132  8.02141
  15.153  7.74196
  15.174  8.03249
  15.195  8.20691
  15.216  7.82691
  15.237  7.96323
  15.258  7.98599
  15.279  7.97366
  15.3  8.09294
  15.321  8.00212
  15.342  8.05326
  15.363  8.14142
  15.384  8.13774
  15.405  8.11547
  15.426  8.18543
  15.448  8.1812
  15.469  8.26838
  15.49  8.25372
  15.511  8.27578
  15.532  8.34162
  15.553  8.41824
  15.574  8.3822
  15.595  8.39318
  15.616  8.45288
  15.637  8.53134
  15.658  8.43752
  15.679  8.55669
  15.7  8.54447
  15.721  8.57768
  15.742  8.61168
  15.763  8.63101
  15.784  8.59527
  15.805  8.70038
  15.826  8.70965
  15.847  8.72851
  15.868  8.71226
  15.889  8.78637
  15.91  8.81505
  15.931  8.80084
  15.952  8.82447
  15.973  8.87326
  15.994  8.91712
  16.015  8.90468
  16.036  8.94485
  16.057  8.95716
  16.078  9.00675
  16.099  9.02422
  16.12  9.00855
  16.141  9.03814
  16.162  9.1265
  16.183  9.12768
  16.204  9.12633
  16.225  9.12724
  16.246  9.2131
  16.267  9.25149
  16.288  9.20987
  16.309  9.23101
  16.33  9.33175
  16.351  9.35989
  16.372  9.34821
  16.393  9.34059
  16.414  9.40678
  16.435  9.47882
  16.456  9.50209
  16.477  9.41075
  16.498  9.51004
  16.519  9.58509
  16.54  9.61475
  16.561  9.5348
  16.582  9.61825
  16.603  9.67185
  16.624  9.73609
  16.645  9.70257
  16.666  9.65547
  16.688  9.76878
  16.709  9.8767
  16.73  9.87685
  16.751  9.80685
  16.772  9.87667
  16.793  9.97568
  16.814  10.0379
  16.835  9.95955
  16.856  9.9709
  16.877  10.0154
  16.898  10.2195
  16.919  10.1059
  16.94  10.0925
  16.961  10.1127
  16.982  10.2589
  17.003  10.3115
  17.024  10.2215
  17.045  10.203
  17.066  10.2918
  17.087  10.4696
  17.108  10.3771
  17.129  10.3473
  17.15  10.3758
  17.171  10.5602
  17.192  10.5462
  17.213  10.5123
  17.234  10.4538
  17.255  10.5872
  17.276  10.7271
  17.297  10.6761
  17.318  10.6308
  17.339  10.6494
  17.36  10.8048
  17.381  10.8607
  17.402  10.8136
  17.423  10.7203
  17.444  10.8819
  17.465  11.0066
  17.486  11.0167
  17.507  10.9231
  17.528  10.9222
  17.549  11.0767
  17.57  11.2148
  17.591  11.1361
  17.612  10.986
  17.633  11.2114
  17.654  11.2779
  17.675  11.4154
  17.696  11.1922
  17.717  11.1845
  17.738  11.4328
  17.759  11.601
  17.78  11.4591
  17.801  11.2671
  17.822  11.5221
  17.843  11.6378
  17.864  11.7913
  17.885  11.4909
  17.906  11.4601
  17.928  11.8277
  17.949  11.9253
  17.97  11.7579
  17.991  11.5796
  18.012  11.8794
  18.033  12.0086
  18.054  12.1556
  18.075  11.8087
  18.096  11.8253
  18.117  12.1218
  18.138  12.2881
  18.159  12.1084
  18.18  11.9384
  18.201  12.2063
  18.222  12.331
  18.243  12.547
  18.264  12.1299
  18.285  12.2383
  18.306  12.4473
  18.327  12.6769
  18.348  12.4721
  18.369  12.3798
  18.39  12.5252
  18.411  12.6688
  18.432  12.9428
  18.453  12.4849
  18.474  12.6818
  18.495  12.7763
  18.516  13.0689
  18.537  12.8642
  18.558  12.8739
  18.579  12.8664
  18.6  13.0279
  18.621  13.3937
  18.642  12.9095
  18.663  13.1228
  18.684  13.1064
