  0.  0.
  3.02645  1.7389
  3.04747  0.574636
  3.06848  0.247392
  3.0895  0.222685
  3.11052  0.568077
  3.13154  0.221471
  3.15255  0.379961
  3.17357  0.400981
  3.19459  0.473632
  3.2156  0.264496
  3.23662  0.694177
  3.25764  0.485051
  3.27865  0.368581
  3.29967  0.757227
  3.32069  0.778247
  3.34171  1.67816
  3.36272  0.889886
  3.40476  1.18669
  3.44679  1.45887
  3.48882  2.93431
  5.5905  4.30295
  5.6115  2.72277
  5.6326  2.18935
  5.6536  1.41495
  5.6746  1.31377
  5.6956  1.25946
  5.7166  0.972929
  5.7376  0.494453
  5.7587  0.918913
  5.7797  0.429016
  5.8007  0.385905
  5.8217  0.401407
  5.8427  0.119008
  5.8637  0.335897
  5.8848  0.0492982
  5.9058  0.0207761
  5.9268  0.0474153
  5.9478  0.0445935
  5.9688  0.0626028
  5.9898  0.0649173
  6.0109  0.054566
  6.0319  0.170728
  6.0529  0.0268011
  6.0739  0.324379
  6.0949  0.26103
  6.116  0.235073
  6.137  0.504571
  6.158  0.353527
  6.179  0.667327
  6.2  0.537327
  6.221  0.889473
  6.2421  1.05806
  6.2631  1.04543
  6.2841  1.45571
  6.3051  1.2763
  6.3261  1.30479
  6.3471  2.07707
  6.3682  1.97705
  6.3892  2.15055
  6.4102  3.13472
  6.4312  2.45535
  6.4522  3.12509
  6.4732  2.96758
  6.4943  3.16719
  6.5153  5.96078
  6.5363  4.26973
  6.5573  4.89375
  6.5993  4.93575
  6.6204  6.06588
  7.5661  7.5661
  7.5871  6.47806
  7.6082  5.94465
  7.6292  5.57724
  7.6502  5.10776
  7.6712  4.54158
  7.6922  4.36509
  7.7132  3.6682
  7.7343  3.44903
  7.7553  4.03979
  7.7763  2.92527
  7.7973  3.41948
  7.8183  2.40351
  7.8393  1.88671
  7.8604  2.13172
  7.8814  1.80268
  7.9024  1.48935
  7.9234  1.68886
  7.9444  1.59108
  7.9654  1.25355
  7.9865  1.15534
  8.0075  1.11055
  8.0285  0.765956
  8.0495  0.800771
  8.0705  0.778644
  8.0916  0.527842
  8.1126  0.564917
  8.1336  0.511496
  8.1546  0.419477
  8.1756  0.449428
  8.1966  0.304387
  8.2177  0.225528
  8.2387  0.335754
  8.2597  0.206875
  8.2607  0.170586
  8.2730  0.105829
  8.2865  0.700110
  8.2890  0.093343
  8.3017  0.204373
  8.3227  0.134972
  8.3438  0.142741
  8.3648  0.191623
  8.3858  0.149106
  8.4068  0.150517
  8.4278  0.20798
  8.4488  0.158098
  8.4699  0.256452
  8.4909  0.277174
  8.5119  0.28971
  8.5329  0.406861
  8.5539  0.384005
  8.5749  0.449762
  8.596  0.560636
  8.617  0.604405
  8.638  0.563971
  8.659  0.764878
  8.68  0.880851
  8.701  0.85957
  8.7221  1.04073
  8.7431  1.10725
  8.7641  1.20022
  8.7851  1.34051
  8.8061  1.3864
  8.8271  1.63734
  8.8482  1.79697
  8.8692  1.78125
  8.8902  1.9677
  8.9112  2.05264
  8.9322  2.63059
  8.9532  2.45935
  8.9743  2.57563
  8.9953  2.7601
  9.0163  3.1101
  9.0373  3.28657
  9.0583  3.41751
  9.0794  3.45684
  9.1004  4.08512
  9.1214  4.75373
  9.1424  3.96948
  9.1634  4.76567
  9.1844  4.65961
  9.2055  4.74474
  9.2265  4.66615
  9.2475  4.59859
  9.2685  4.53124
  9.2895  4.2712
  9.3105  4.0858
  9.3316  3.97102
  9.3526  3.8232
  9.3736  3.54849
  9.3946  3.45146
  9.4156  3.72639
  9.4366  3.38025
  9.4577  3.31245
  9.4787  3.24747
  9.4997  3.17535
  9.5207  3.0202
  9.5417  2.70772
  9.5627  3.04163
  9.5838  2.87159
  9.6048  2.41165
  9.6258  2.58138
  9.6468  2.62488
  9.6678  2.28204
  9.6888  2.08234
  9.7099  1.93762
  9.7309  1.88321
  9.7519  1.75461
  9.7729  1.69274
  9.7939  1.57221
  9.8149  1.41126
  9.836  1.44599
  9.857  1.53582
  9.878  1.2343
  9.899  1.17641
  9.92  1.26525
  9.941  1.13464
  9.9621  0.90722
  9.9831  1.03661
  10.0041  0.999472
  10.0251  0.876904
  10.0461  0.796651
  10.0672  0.846211
  10.0882  0.808551
  10.1092  0.681983
  10.1302  0.674343
  10.1512  0.7238
  10.1722  0.603807
  10.1933  0.53221
  10.2143  0.580399
  10.2353  0.59994
  10.2563  0.469428
  10.2773  0.516573
  10.2983  0.540513
  10.3194  0.505515
  10.3404  0.432322
  10.3614  0.569214
  10.3824  0.543843
  10.4034  0.430375
  10.4244  0.558518
  10.4455  0.554185
  10.4665  0.499884
  10.4875  0.538292
  10.5085  0.608287
  10.5295  0.601604
  10.5505  0.650016
  10.5716  0.680011
  10.5926  0.715028
  10.6136  0.733219
  10.6346  0.747462
  10.6556  0.823821
  10.6766  0.891871
  10.6977  0.936571
  10.7187  0.944576
  10.7397  1.06641
  10.7607  1.05597
  10.7817  1.14334
  10.8027  1.17343
  10.8238  1.23666
  10.8448  1.35755
  10.8658  1.39617
  10.8868  1.42344
  10.9078  1.49108
  10.9288  1.53905
  10.9499  1.7528
  10.9709  1.72084
  10.9919  1.53193
  11.0129  1.72442
  11.0339  2.13197
  11.055  1.97176
  11.076  1.56291
  11.097  1.83891
  11.118  2.39003
  11.139  2.20867
  11.16  1.57176
  11.1811  1.81959
  11.2021  2.68755
  11.2231  2.30632
  11.2441  1.60663
  11.2651  1.75048
  11.2861  2.81873
  11.3072  2.19678
  11.3282  1.62814
  11.3492  1.64662
  11.3702  2.37379
  11.3912  2.11936
  11.4122  1.67829
  11.4333  1.57372
  11.4543  1.98937
  11.4753  1.92506
  11.4963  1.53196
  11.5173  1.42623
  11.5383  1.70476
  11.5594  1.59943
  11.5804  1.40327
  11.6014  1.28821
  11.6224  1.50957
  11.6434  1.40079
  11.6644  1.22232
  11.6855  1.23657
  11.7065  1.33793
  11.7275  1.20008
  11.7485  1.16737
  11.7695  1.17145
  11.7905  1.27887
  11.8116  1.14207
  11.8326  1.12299
  11.8536  1.16557
  11.8746  1.19529
  11.8956  1.11837
  11.9166  1.15944
  11.9377  1.16507
  11.9587  1.2305
  11.9797  1.13792
  12.0007  1.21915
  12.0217  1.18696
  12.0428  1.21855
  12.0638  1.20874
  12.0848  1.22033
  12.1058  1.22679
  12.1268  1.25735
  12.1478  1.29788
  12.1689  1.249
  12.1899  1.23976
  12.2109  1.28246
  12.2319  1.33146
  12.2529  1.2779
  12.2739  1.3129
  12.295  1.36172
  12.316  1.36584
  12.337  1.36867
  12.358  1.35108
  12.379  1.42601
  12.4  1.47552
  12.4211  1.46077
  12.4421  1.51314
  12.4631  1.49972
  12.4841  1.54146
  12.5051  1.54479
  12.5261  1.64574
  12.5472  1.6354
  12.5682  1.55527
  12.5892  1.74039
  12.6102  1.81232
  12.6312  1.69717
  12.6522  1.67164
  12.6733  1.80002
  12.6943  1.74208
  12.7153  1.92034
  12.7363  1.82768
  12.7573  1.7381
  12.7783  1.85426
  12.7994  1.95192
  12.8204  1.87107
  12.8414  1.79411
  12.8624  1.87044
  12.8834  1.89115
  12.9044  2.06546
  12.9255  1.83087
  12.9465  1.87794
  12.9675  1.97206
  12.9885  2.12859
  13.0095  2.04418
  13.0306  1.93377
  13.0516  2.0479
  13.0726  2.17981
  13.0936  2.24088
  13.1146  2.00836
  13.1356  2.14756
  13.1567  2.19811
  13.1777  2.39665
  13.1987  2.12117
  13.2197  2.14793
  13.2407  2.14077
  13.2617  2.3179
  13.2828  2.16594
  13.3038  2.05641
  13.3248  2.04215
  13.3458  2.17604
  13.3668  2.19607
  13.3878  1.96239
  13.4089  1.95602
  13.4299  2.09354
  13.4509  2.1577
  13.4719  1.94121
  13.4929  1.95551
  13.514  2.10282
  13.535  2.1472
  13.556  1.97414
  13.577  2.00611
  13.598  2.10728
  13.619  2.17196
  13.64  2.03889
  13.661  2.09263
  13.682  2.17503
  13.703  2.21478
  13.724  2.15261
  13.745  2.18723
  13.766  2.24751
  13.787  2.32472
  13.808  2.26055
  13.829  2.27618
  13.85  2.33164
  13.871  2.42773
  13.892  2.36936
  13.913  2.37823
  13.934  2.4168
  13.955  2.53306
  13.976  2.45719
  13.997  2.50623
  14.018  2.58774
  14.039  2.59986
  14.06  2.55885
  14.081  2.60015
  14.102  2.72554
  14.123  2.71947
  14.144  2.62662
  14.165  2.64955
  14.186  2.77075
  14.208  2.69628
  14.229  2.67469
  14.25  2.74593
  14.271  2.71268
  14.292  2.75078
  14.313  2.82177
  14.334  2.76861
  14.355  2.78738
  14.376  2.82199
  14.397  2.84089
  14.418  2.94118
  14.439  2.84145
  14.46  2.89647
  14.481  2.98931
  14.502  2.99521
  14.523  2.9601
  14.544  3.02256
  14.565  3.05789
  14.586  3.10956
  14.607  3.07241
  14.628  3.11799
  14.649  3.13778
  14.67  3.15253
  14.691  3.14822
  14.712  3.18109
  14.733  3.08861
  14.754  3.14639
  14.775  3.236
  14.796  3.11454
  14.817  3.18043
  14.838  3.25055
  14.859  3.3122
  14.88  3.27315
  14.901  3.32944
  14.922  3.38566
  14.943  3.49172
  14.964  3.47481
  14.985  3.42783
  15.006  3.57759
  15.027  3.64448
  15.048  3.5742
  15.069  3.59908
  15.09  3.61135
  15.111  3.80278
  15.132  3.75506
  15.153  3.29534
  15.174  3.74759
  15.195  4.01405
  15.216  3.39345
  15.237  3.59897
  15.258  3.62278
  15.279  3.59046
  15.3  3.7687
  15.321  3.6108
  15.342  3.68001
  15.363  3.80847
  15.384  3.78998
  15.405  3.74174
  15.426  3.84109
  15.448  3.82112
  15.469  3.94801
  15.49  3.91195
  15.511  3.93465
  15.532  4.02739
  15.553  4.13739
  15.574  4.06712
  15.595  4.0721
  15.616  4.15501
  15.637  4.26794
  15.658  4.10523
  15.679  4.2833
  15.7  4.25115
  15.721  4.29169
  15.742  4.33348
  15.763  4.35182
  15.784  4.28203
  15.805  4.43761
  15.826  4.43983
  15.847  4.45742
  15.868  4.41881
  15.889  4.5248
  15.91  4.55808
  15.931  4.52274
  15.952  4.54796
  15.973  4.61342
  15.994  4.67099
  16.015  4.63849
  16.036  4.69016
  16.057  4.69725
  16.078  4.76399
  16.099  4.77936
  16.12  4.74167
  16.141  4.77642
  16.162  4.9052
  16.183  4.89449
  16.204  4.87973
  16.225  4.86858
  16.246  4.99336
  16.267  5.04218
  16.288  4.96299
  16.309  4.98422
  16.33  5.1328
  16.351  5.16523
  16.372  5.13394
  16.393  5.10915
  16.414  5.20245
  16.435  5.30511
  16.456  5.32975
  16.477  5.17099
  16.498  5.31726
  16.519  5.42475
  16.54  5.45961
  16.561  5.31908
  16.582  5.44
  16.603  5.51316
  16.624  5.60334
  16.645  5.53712
  16.666  5.44915
  16.688  5.61724
  16.709  5.77731
  16.73  5.76495
  16.751  5.64036
  16.772  5.73948
  16.793  5.88528
  16.814  5.97216
  16.835  5.83428
  16.856  5.83984
  16.877  5.89849
  16.898  6.21237
  16.919  6.01806
  16.94  5.98402
  16.961  6.00374
  16.982  6.22506
  17.003  6.29667
  17.024  6.14002
  17.045  6.09778
  17.066  6.22734
  17.087  6.49909
  17.108  6.33864
  17.129  6.27822
  17.15  6.31126
  17.171  6.59373
  17.192  6.55877
  17.213  6.49195
  17.234  6.38565
  17.255  6.58644
  17.276  6.79772
  17.297  6.70353
  17.318  6.61846
  17.339  6.63569
  17.36  6.87173
  17.381  6.94856
  17.402  6.86058
  17.423  6.69864
  17.444  6.94469
  17.465  7.13155
  17.486  7.13511
  17.507  6.97273
  17.528  6.95865
  17.549  7.19336
  17.57  7.40167
  17.591  7.26313
  17.612  7.01045
  17.633  7.35837
  17.654  7.45229
  17.675  7.65958
  17.696  7.28986
  17.717  7.26503
  17.738  7.64976
  17.759  7.90613
  17.78  7.66655
  17.801  7.34674
  17.822  7.74224
  17.843  7.91474
  17.864  8.14762
  17.885  7.65446
  17.906  7.59263
  17.928  8.16751
  17.949  8.31115
  17.97  8.03067
  17.991  7.73283
  18.012  8.19989
  18.033  8.39393
  18.054  8.6166
  18.075  8.04892
  18.096  8.06288
  18.117  8.52473
  18.138  8.77814
  18.159  8.47807
  18.18  8.19349
  18.201  8.60942
  18.222  8.79637
  18.243  9.12943
  18.264  8.44944
  18.285  8.61032
  18.306  8.93213
  18.327  9.28679
  18.348  8.94657
  18.369  8.78626
  18.39  9.00635
  18.411  9.22349
  18.432  9.64925
  18.453  8.90396
  18.474  9.20655
  18.495  9.34502
  18.516  9.80072
  18.537  9.46045
  18.558  9.4634
  18.579  9.43876
  18.6  9.68466
  18.621  10.2573
  18.642  9.46993
  18.663  9.79865
  18.684  9.75991
