  0.  0.
  3.02645  1.70671
  3.04747  0.512815
  3.06848  0.176864
  3.0895  0.151014
  3.11052  0.504516
  3.13154  0.148719
  3.15255  0.310647
  3.17357  0.331667
  3.19459  0.405608
  3.2156  0.190719
  3.23662  0.630616
  3.25764  0.415737
  3.27865  0.295829
  3.29967  0.693666
  3.32069  0.714686
  3.34171  1.63657
  3.36272  0.828065
  3.40476  1.13124
  3.44679  1.40917
  3.48882  2.92044
  5.5905  4.27076
  5.6115  2.65055
  5.6326  2.10327
  5.6536  1.30898
  5.6746  1.20475
  5.6956  1.14855
  5.7166  0.854337
  5.7376  0.363375
  5.7587  0.797919
  5.7797  0.295249
  5.8007  0.250536
  5.8217  0.2659
  5.8427 -0.0240846
  5.8637  0.197702
  5.8848 -0.0965894
  5.9058 -0.126349
  5.9268 -0.0995693
  5.9478 -0.102987
  5.9688 -0.0850521
  5.9898 -0.0832048
  6.0109 -0.0943424
  6.0319  0.0241982
  6.0529 -0.123851
  6.0739  0.180641
  6.0949  0.115184
  6.116  0.0880503
  6.137  0.36376
  6.158  0.208415
  6.179  0.529535
  6.2  0.39576
  6.221  0.756185
  6.2421  0.928463
  6.2631  0.914984
  6.2841  1.33501
  6.3051  1.15058
  6.3261  1.17925
  6.3471  1.97032
  6.3682  1.86727
  6.3892  2.04458
  6.4102  3.05284
  6.4312  2.35595
  6.4522  3.04192
  6.4732  2.87994
  6.4943  3.08402
  6.5153  5.94692
  6.5363  4.21307
  6.5573  4.85216
  6.5993  4.89416
  6.6204  6.05202
  7.5661  7.5661
  7.5871  6.45034
  7.6082  5.90306
  7.6292  5.52594
  7.6502  5.0442
  7.6712  4.46334
  7.6922  4.28192
  7.7132  3.56708
  7.7343  3.3419
  7.7553  3.9469
  7.7763  2.804
  7.7973  3.31004
  7.8183  2.26814
  7.8393  1.7379
  7.8604  1.98851
  7.8814  1.65071
  7.9024  1.32902
  7.9234  1.533
  7.9444  1.43225
  7.9654  1.08575
  7.9865  0.984557
  8.0075  0.938122
  8.0285  0.584393
  8.0495  0.619552
  8.0705  0.596347
  8.0916  0.338748
  8.1126  0.376225
  8.1336  0.320944
  8.1546  0.226099
  8.1756  0.256274
  8.1966  0.107082
  8.2177  0.0257232
  8.2387  0.13818
  8.2597  0.00555418
  8.2807 -0.0321731
  8.3017  0.00193981
  8.3227 -0.0697212
  8.3438 -0.0622853
  8.3648 -0.0127069
  8.3858 -0.0568113
  8.4068 -0.0558903
  8.4278  0.00248433
  8.4488 -0.0491697
  8.4699  0.0511155
  8.4909  0.0718305
  8.5119  0.0841555
  8.5329  0.20371
  8.5539  0.179758
  8.5749  0.246633
  8.596  0.359751
  8.617  0.40409
  8.638  0.36212
  8.659  0.567524
  8.68  0.685872
  8.701  0.663535
  8.7221  0.848701
  8.7431  0.916355
  8.7641  1.01112
  8.7851  1.15439
  8.8061  1.2009
  8.8271  1.4576
  8.8482  1.62069
  8.8692  1.60406
  8.8902  1.79464
  8.9112  1.88118
  8.9322  2.47305
  8.9532  2.297
  8.9743  2.41566
  8.9953  2.60422
  9.0163  2.96245
  9.0373  3.1428
  9.0583  3.27649
  9.0794  3.31627
  9.1004  3.95974
  9.1214  4.64454
  9.1424  3.84016
  9.1634  4.65572
  9.1844  4.54649
  9.2055  4.63322
  9.2265  4.55214
  9.2475  4.48236
  9.2685  4.41281
  9.2895  4.14574
  9.3105  3.95518
  9.3316  3.837
  9.3526  3.68497
  9.3736  3.40286
  9.3946  3.30288
  9.4156  3.58416
  9.4366  3.22884
  9.4577  3.15882
  9.4787  3.09169
  9.4997  3.01724
  9.5207  2.85768
  9.5417  2.53687
  9.5627  2.87861
  9.5838  2.70378
  9.6048  2.23182
  9.6258  2.40527
  9.6468  2.44933
  9.6678  2.0974
  9.6888  1.89218
  9.7099  1.74331
  9.7309  1.68701
  9.7519  1.55468
  9.7729  1.49073
  9.7939  1.36666
  9.8149  1.20117
  9.836  1.23624
  9.857  1.32779
  9.878  1.01821
  9.899  0.958346
  9.92  1.04888
  9.941  0.914482
  9.9621  0.680848
  9.9831  0.812946
  10.0041  0.774356
  10.0251  0.648199
  10.0461  0.565415
  10.0672  0.615686
  10.0882  0.576559
  10.1092  0.446303
  10.1302  0.437946
  10.1512  0.488115
  10.1722  0.364597
  10.1933  0.290683
  10.2143  0.339551
  10.2353  0.359056
  10.2563  0.224756
  10.2773  0.272554
  10.2983  0.296568
  10.3194  0.260168
  10.3404  0.18462
  10.3614  0.324409
  10.3824  0.297879
  10.4034  0.18105
  10.4244  0.311871
  10.4455  0.306902
  10.4665  0.250719
  10.4875  0.289562
  10.5085  0.360781
  10.5295  0.353406
  10.5505  0.402504
  10.5716  0.432722
  10.5926  0.468089
  10.6136  0.48621
  10.6346  0.500284
  10.6556  0.578026
  10.6766  0.647252
  10.6977  0.692542
  10.7187  0.700223
  10.7397  0.824575
  10.7607  0.813347
  10.7817  0.902376
  10.8027  0.932698
  10.8238  0.996979
  10.8448  1.12037
  10.8658  1.15943
  10.8868  1.18686
  10.9078  1.25567
  10.9288  1.30431
  10.9499  1.52288
  10.9709  1.48959
  10.9919  1.29543
  11.0129  1.49221
  11.0339  1.90942
  11.055  1.74468
  11.076  1.32508
  11.097  1.60746
  11.118  2.17183
  11.139  1.98541
  11.16  1.33205
  11.1811  1.58555
  11.2021  2.47469
  11.2231  2.08341
  11.2441  1.36569
  11.2651  1.51261
  11.2861  2.60705
  11.3072  1.96901
  11.3282  1.38563
  11.3492  1.40406
  11.3702  2.14888
  11.3912  1.88757
  11.4122  1.43495
  11.4333  1.32723
  11.4543  1.75275
  11.4753  1.6863
  11.4963  1.28285
  11.5173  1.17396
  11.5383  1.45892
  11.5594  1.35043
  11.5804  1.14885
  11.6014  1.03038
  11.6224  1.25675
  11.6434  1.14473
  11.6644  0.961263
  11.6855  0.975342
  11.7065  1.07871
  11.7275  0.936896
  11.7485  0.902838
  11.7695  0.906494
  11.7905  1.01608
  11.8116  0.875334
  11.8326  0.855246
  11.8536  0.898367
  11.8746  0.928311
  11.8956  0.848937
  11.9166  0.890515
  11.9377  0.895758
  11.9587  0.962299
  11.9797  0.866878
  12.0007  0.949607
  12.0217  0.916091
  12.0428  0.947939
  12.0638  0.93736
  12.0848  0.94872
  12.1058  0.954818
  12.1268  0.985612
  12.1478  1.02663
  12.1689  0.975998
  12.1899  0.966005
  12.2109  1.00925
  12.2319  1.05895
  12.2529  1.00353
  12.2739  1.03887
  12.295  1.08838
  12.316  1.09209
  12.337  1.09446
  12.358  1.0759
  12.379  1.15218
  12.4  1.20241
  12.4211  1.18676
  12.4421  1.23991
  12.4631  1.22564
  12.4841  1.26789
  12.5051  1.27078
  12.5261  1.37373
  12.5472  1.3626
  12.5682  1.27995
  12.5892  1.46917
  12.6102  1.54237
  12.6312  1.42382
  12.6522  1.39713
  12.6733  1.52818
  12.6943  1.46827
  12.7153  1.65046
  12.7363  1.55497
  12.7573  1.46262
  12.7783  1.58116
  12.7994  1.68073
  12.8204  1.59733
  12.8414  1.51793
  12.8624  1.59564
  12.8834  1.61634
  12.9044  1.79449
  12.9255  1.5535
  12.9465  1.60122
  12.9675  1.69717
  12.9885  1.85709
  13.0095  1.77005
  13.0306  1.65635
  13.0516  1.77281
  13.0726  1.90749
  13.0936  1.96957
  13.1146  1.73071
  13.1356  1.87286
  13.1567  1.92415
  13.1777  2.12713
  13.1987  1.84423
  13.2197  1.87113
  13.2407  1.86327
  13.2617  2.04431
  13.2828  1.88802
  13.3038  1.77522
  13.3248  1.76008
  13.3458  1.89679
  13.3668  1.9168
  13.3878  1.67676
  13.4089  1.66969
  13.4299  1.81013
  13.4509  1.87537
  13.4719  1.65295
  13.4929  1.66708
  13.514  1.81754
  13.535  1.86251
  13.556  1.6846
  13.577  1.71684
  13.598  1.82001
  13.619  1.88578
  13.64  1.74887
  13.661  1.80342
  13.682  1.88735
  13.703  1.92758
  13.724  1.86333
  13.745  1.89829
  13.766  1.95954
  13.787  2.03816
  13.808  1.97186
  13.829  1.98736
  13.85  2.04368
  13.871  2.14165
  13.892  2.0813
  13.913  2.08986
  13.934  2.12887
  13.955  2.24752
  13.976  2.16922
  13.997  2.21896
  14.018  2.30198
  14.039  2.31388
  14.06  2.27132
  14.081  2.31312
  14.102  2.44113
  14.123  2.43438
  14.144  2.33869
  14.165  2.36166
  14.186  2.48536
  14.208  2.40849
  14.229  2.38583
  14.25  2.45833
  14.271  2.42372
  14.292  2.46225
  14.313  2.53449
  14.334  2.47948
  14.355  2.49819
  14.376  2.53314
  14.397  2.55199
  14.418  2.65426
  14.439  2.55151
  14.46  2.60738
  14.481  2.70202
  14.502  2.70754
  14.523  2.67103
  14.544  2.73453
  14.565  2.77021
  14.586  2.82265
  14.607  2.78404
  14.628  2.83024
  14.649  2.85
  14.67  2.8646
  14.691  2.85965
  14.712  2.89282
  14.733  2.7975
  14.754  2.8562
  14.775  2.94752
  14.796  2.8225
  14.817  2.88952
  14.838  2.96086
  14.859  3.02353
  14.88  2.98298
  14.901  3.04016
  14.922  3.09725
  14.943  3.20544
  14.964  3.18758
  14.985  3.1389
  15.006  3.29188
  15.027  3.35992
  15.048  3.28736
  15.069  3.31234
  15.09  3.32438
  15.111  3.52008
  15.132  3.47064
  15.153  2.99889
  15.174  3.46193
  15.195  3.73453
  15.216  3.09789
  15.237  3.30802
  15.258  3.3319
  15.279  3.29825
  15.3  3.48042
  15.321  3.31804
  15.342  3.38846
  15.363  3.51961
  15.384  3.50013
  15.405  3.45016
  15.426  3.55147
  15.448  3.53045
  15.469  3.65998
  15.49  3.6225
  15.511  3.64524
  15.532  3.73977
  15.553  3.852
  15.574  3.77944
  15.595  3.78402
  15.616  3.86849
  15.637  3.98371
  15.658  3.81641
  15.679  3.99841
  15.7  3.96493
  15.721  4.00596
  15.742  4.04827
  15.763  4.06654
  15.784  3.99448
  15.805  4.15342
  15.826  4.15518
  15.847  4.17268
  15.868  4.13258
  15.889  4.24069
  15.91  4.27428
  15.931  4.23753
  15.952  4.26285
  15.973  4.32943
  15.994  4.38791
  16.015  4.35407
  16.036  4.40651
  16.057  4.41326
  16.078  4.48114
  16.099  4.49637
  16.12  4.45722
  16.141  4.4923
  16.162  4.62378
  16.183  4.61228
  16.204  4.59663
  16.225  4.58467
  16.246  4.71204
  16.267  4.76156
  16.288  4.67987
  16.309  4.7011
  16.33  4.85287
  16.351  4.88559
  16.372  4.85299
  16.393  4.82705
  16.414  4.92216
  16.435  5.02686
  16.456  5.05159
  16.477  4.88834
  16.498  5.03774
  16.519  5.14739
  16.54  5.1826
  16.561  5.03803
  16.582  5.16145
  16.603  5.23592
  16.624  5.32782
  16.645  5.25942
  16.666  5.16873
  16.688  5.34047
  16.709  5.50402
  16.73  5.49083
  16.751  5.3626
  16.772  5.46366
  16.793  5.61259
  16.814  5.70111
  16.835  5.55926
  16.856  5.56444
  16.877  5.62402
  16.898  5.94523
  16.919  5.74554
  16.94  5.71012
  16.961  5.7298
  16.982  5.95614
  17.003  6.02901
  17.024  5.86792
  17.045  5.8241
  17.066  5.95637
  17.087  6.23439
  17.108  6.0694
  17.129  6.00695
  17.15  6.04029
  17.171  6.32929
  17.192  6.29294
  17.213  6.22392
  17.234  6.11444
  17.255  6.31973
  17.276  6.53577
  17.297  6.4387
  17.318  6.35097
  17.339  6.3681
  17.36  6.60953
  17.381  6.68775
  17.402  6.59704
  17.423  6.43053
  17.444  6.6822
  17.465  6.87321
  17.486  6.87634
  17.507  6.70938
  17.528  6.69441
  17.549  6.93447
  17.57  7.14746
  17.591  7.00493
  17.612  6.74541
  17.633  7.10151
  17.654  7.19725
  17.675  7.40919
  17.696  7.02971
  17.717  7.00373
  17.738  7.39755
  17.759  7.6598
  17.78  7.41372
  17.801  7.08539
  17.822  7.49024
  17.843  7.66654
  17.864  7.90471
  17.885  7.3987
  17.906  7.33479
  17.928  7.9235
  17.949  8.0702
  17.97  7.78219
  17.991  7.47637
  18.012  7.95458
  18.033  8.15296
  18.054  8.38066
  18.075  7.79827
  18.096  7.81205
  18.117  8.28492
  18.138  8.54415
  18.159  8.23605
  18.18  7.94383
  18.201  8.36963
  18.222  8.56073
  18.243  8.90159
  18.264  8.20407
  18.285  8.36845
  18.306  8.69779
  18.327  9.06078
  18.348  8.71154
  18.369  8.5467
  18.39  8.77175
  18.411  8.99381
  18.432  9.42968
  18.453  8.66524
  18.474  8.97486
  18.495  9.11627
  18.516  9.58283
  18.537  9.23353
  18.558  9.23604
  18.579  9.21026
  18.6  9.46177
  18.621  10.0482
  18.642  9.24063
  18.663  9.57704
  18.684  9.53681
