  0.  0.
  3.02645  1.65843
  3.04747  0.420084
  3.06848  0.0710736
  3.0895  0.0435089
  3.11052  0.409174
  3.13154  0.0395918
  3.15255  0.206674
  3.17357  0.227694
  3.19459  0.303572
  3.2156  0.0800525
  3.23662  0.535274
  3.25764  0.311764
  3.27865  0.186702
  3.29967  0.598324
  3.32069  0.619344
  3.34171  1.57418
  3.36272  0.735334
  3.40476  1.04806
  3.44679  1.33462
  3.48882  2.89965
  5.5905  4.22248
  5.6115  2.54222
  5.6326  1.97414
  5.6536  1.15003
  5.6746  1.04122
  5.6956  0.982199
  5.7166  0.676449
  5.7376  0.166757
  5.7587  0.616427
  5.7797  0.0945985
  5.8007  0.0474808
  5.8217  0.0626388
  5.8427 -0.238723
  5.8637 -0.00959029
  5.8848 -0.315421
  5.9058 -0.347038
  5.9268 -0.320046
  5.9478 -0.324357
  5.9688 -0.306534
  5.9898 -0.305388
  6.0109 -0.317705
  6.0319 -0.195596
  6.0529 -0.34983
  6.0739 -0.0349659
  6.0949 -0.103587
  6.116 -0.132484
  6.137  0.152544
  6.158 -0.00925258
  6.179  0.322847
  6.2  0.18341
  6.221  0.556252
  6.2421  0.734062
  6.2631  0.719321
  6.2841  1.15394
  6.3051  0.962002
  6.3261  0.990953
  6.3471  1.81019
  6.3682  1.7026
  6.3892  1.88563
  6.4102  2.93001
  6.4312  2.20686
  6.4522  2.91715
  6.4732  2.74848
  6.4943  2.95925
  6.5153  5.92612
  6.5363  4.12807
  6.5573  4.78977
  6.5993  4.83177
  6.6204  6.03122
  7.5661  7.5661
  7.5871  6.40875
  7.6082  5.84067
  7.6292  5.44899
  7.6502  4.94885
  7.6712  4.34598
  7.6922  4.15715
  7.7132  3.41539
  7.7343  3.1812
  7.7553  3.80757
  7.7763  2.62208
  7.7973  3.14587
  7.8183  2.06508
  7.8393  1.51468
  7.8604  1.77368
  7.8814  1.42276
  7.9024  1.08853
  7.9234  1.2992
  7.9444  1.194
  7.9654  0.834058
  7.9865  0.728389
  8.0075  0.679486
  8.0285  0.312047
  8.0495  0.347725
  8.0705  0.322903
  8.0916  0.0551073
  8.1126  0.0931872
  8.1336  0.0351147
  8.1546 -0.0639682
  8.1756 -0.0334577
  8.1966 -0.188876
  8.2177 -0.273983
  8.2387 -0.15818
  8.2597 -0.296427
  8.2807 -0.336303
  8.3017 -0.30171
  8.3227 -0.376761
  8.3438 -0.369825
  8.3648 -0.319201
  8.3858 -0.365687
  8.4068 -0.365501
  8.4278 -0.305759
  8.4488 -0.360071
  8.4699 -0.256889
  8.4909 -0.236184
  8.5119 -0.224177
  8.5329 -0.101016
  8.5539 -0.126613
  8.5749 -0.0580595
  8.596  0.0584253
  8.617  0.103617
  8.638  0.059344
  8.659  0.271495
  8.68  0.393404
  8.701  0.369481
  8.7221  0.560649
  8.7431  0.630011
  8.7641  0.727474
  8.7851  0.87522
  8.8061  0.922665
  8.8271  1.18798
  8.8482  1.35627
  8.8692  1.33826
  8.8902  1.53505
  8.9112  1.62398
  8.9322  2.23673
  8.9532  2.05348
  8.9743  2.17571
  8.9953  2.3704
  9.0163  2.74097
  9.0373  2.92715
  9.0583  3.06496
  9.0794  3.10543
  9.1004  3.77167
  9.1214  4.48075
  9.1424  3.64618
  9.1634  4.49081
  9.1844  4.37681
  9.2055  4.46594
  9.2265  4.38112
  9.2475  4.30803
  9.2685  4.23516
  9.2895  3.95755
  9.3105  3.75925
  9.3316  3.63598
  9.3526  3.47761
  9.3736  3.18442
  9.3946  3.08001
  9.4156  3.37081
  9.4366  3.00172
  9.4577  2.92837
  9.4787  2.85802
  9.4997  2.78007
  9.5207  2.61391
  9.5417  2.2806
  9.5627  2.63407
  9.5838  2.45207
  9.6048  1.96208
  9.6258  2.1411
  9.6468  2.18601
  9.6678  1.82043
  9.6888  1.60694
  9.7099  1.45185
  9.7309  1.39273
  9.7519  1.25478
  9.7729  1.18773
  9.7939  1.05835
  9.8149  0.886035
  9.836  0.92161
  9.857  1.01575
  9.878  0.69407
  9.899  0.631249
  9.92  0.724328
  9.941  0.584243
  9.9621  0.34129
  9.9831  0.477452
  10.0041  0.436682
  10.0251  0.305142
  10.0461  0.218561
  10.0672  0.269899
  10.0882  0.228572
  10.1092  0.0927824
  10.1302  0.0833515
  10.1512  0.134588
  10.1722  0.00578201
  10.1933 -0.0716081
  10.2143 -0.0217201
  10.2353 -0.00227048
  10.2563 -0.142252
  10.2773 -0.0934729
  10.2983 -0.0693486
  10.3194 -0.107852
  10.3404 -0.186933
  10.3614 -0.0427976
  10.3824 -0.0710665
  10.4034 -0.192939
  10.4244 -0.0580999
  10.4455 -0.0640226
  10.4665 -0.12303
  10.4875 -0.0835331
  10.5085 -0.0104767
  10.5295 -0.0188897
  10.5505  0.0312362
  10.5716  0.0617872
  10.5926  0.0976803
  10.6136  0.115695
  10.6346  0.129516
  10.6556  0.209334
  10.6766  0.280325
  10.6977  0.3265
  10.7187  0.333693
  10.7397  0.461827
  10.7607  0.44942
  10.7817  0.540938
  10.8027  0.5716
  10.8238  0.637461
  10.8448  0.764595
  10.8658  0.804319
  10.8868  0.831984
  10.9078  0.902539
  10.9288  0.95219
  10.9499  1.17799
  10.9709  1.14271
  10.9919  0.940685
  11.0129  1.14389
  11.0339  1.5756
  11.055  1.40406
  11.076  0.968342
  11.097  1.26028
  11.118  1.84453
  11.139  1.65052
  11.16  0.972494
  11.1811  1.23449
  11.2021  2.15539
  11.2231  1.74903
  11.2441  1.00428
  11.2651  1.15581
  11.2861  2.28952
  11.3072  1.62737
  11.3282  1.02188
  11.3492  1.04021
  11.3702  1.81151
  11.3912  1.53988
  11.4122  1.06992
  11.4333  0.957494
  11.4543  1.39781
  11.4753  1.32817
  11.4963  0.909185
  11.5173  0.79554
  11.5383  1.09016
  11.5594  0.976934
  11.5804  0.767203
  11.6014  0.643633
  11.6224  0.877523
  11.6434  0.760629
  11.6644  0.569685
  11.6855  0.583507
  11.7065  0.689893
  11.7275  0.542117
  11.7485  0.506046
  11.7695  0.509067
  11.7905  0.621895
  11.8116  0.475226
  11.8326  0.453635
  11.8536  0.497565
  11.8746  0.527838
  11.8956  0.444791
  11.9166  0.487122
  11.9377  0.491785
  11.9587  0.559991
  11.9797  0.460311
  12.0007  0.545299
  12.0217  0.509788
  12.0428  0.542029
  12.0638  0.530295
  12.0848  0.541302
  12.1058  0.546855
  12.1268  0.578008
  12.1478  0.619762
  12.1689  0.566501
  12.1899  0.555374
  12.2109  0.599431
  12.2319  0.650184
  12.2529  0.591966
  12.2739  0.627833
  12.295  0.678386
  12.316  0.681455
  12.337  0.683146
  12.358  0.663144
  12.379  0.741447
  12.4  0.79274
  12.4211  0.775748
  12.4421  0.830076
  12.4631  0.814512
  12.4841  0.857542
  12.5051  0.859767
  12.5261  0.96572
  12.5472  0.953411
  12.5682  0.866962
  12.5892  1.06233
  12.6102  1.13745
  12.6312  1.0138
  12.6522  0.985359
  12.6733  1.12044
  12.6943  1.05757
  12.7153  1.24565
  12.7363  1.14589
  12.7573  1.0494
  12.7783  1.17151
  12.7994  1.27395
  12.8204  1.18673
  12.8414  1.10366
  12.8624  1.18345
  12.8834  1.20413
  12.9044  1.38803
  12.9255  1.13745
  12.9465  1.18615
  12.9675  1.28484
  12.9885  1.44984
  13.0095  1.35885
  13.0306  1.24022
  13.0516  1.36017
  13.0726  1.49901
  13.0936  1.56259
  13.1146  1.31422
  13.1356  1.46081
  13.1567  1.5132
  13.1777  1.72284
  13.1987  1.42882
  13.2197  1.45594
  13.2407  1.44703
  13.2617  1.63391
  13.2828  1.47114
  13.3038  1.35345
  13.3248  1.33698
  13.3458  1.47793
  13.3668  1.4979
  13.3878  1.24831
  13.4089  1.24021
  13.4299  1.38501
  13.4509  1.45187
  13.4719  1.22055
  13.4929  1.23442
  13.514  1.38962
  13.535  1.43546
  13.556  1.25028
  13.577  1.28293
  13.598  1.38911
  13.619  1.45652
  13.64  1.31383
  13.661  1.3696
  13.682  1.45584
  13.703  1.49677
  13.724  1.4294
  13.745  1.46487
  13.766  1.5276
  13.787  1.60832
  13.808  1.53884
  13.829  1.55413
  13.85  1.61174
  13.871  1.71252
  13.892  1.6492
  13.913  1.65731
  13.934  1.69698
  13.955  1.81919
  13.976  1.73727
  13.997  1.78806
  14.018  1.87335
  14.039  1.88491
  14.06  1.84003
  14.081  1.88259
  14.102  2.01451
  14.123  2.00675
  14.144  1.90679
  14.165  1.92983
  14.186  2.05729
  14.208  1.9768
  14.229  1.95254
  14.25  2.02693
  14.271  1.99029
  14.292  2.02945
  14.313  2.10357
  14.334  2.04578
  14.355  2.06441
  14.376  2.09986
  14.397  2.11864
  14.418  2.22388
  14.439  2.1166
  14.46  2.17375
  14.481  2.27108
  14.502  2.27603
  14.523  2.23742
  14.544  2.30247
  14.565  2.3387
  14.586  2.39228
  14.607  2.3515
  14.628  2.39862
  14.649  2.41833
  14.67  2.43269
  14.691  2.42679
  14.712  2.46041
  14.733  2.36083
  14.754  2.42092
  14.775  2.51481
  14.796  2.38445
  14.817  2.45314
  14.838  2.52633
  14.859  2.59052
  14.88  2.54773
  14.901  2.60622
  14.922  2.66464
  14.943  2.77601
  14.964  2.75673
  14.985  2.70551
  15.006  2.86331
  15.027  2.93307
  15.048  2.85709
  15.069  2.88221
  15.09  2.89393
  15.111  3.09602
  15.132  3.044
  15.153  2.55423
  15.174  3.03344
  15.195  3.31524
  15.216  2.65454
  15.237  2.87159
  15.258  2.89558
  15.279  2.85993
  15.3  3.04799
  15.321  2.87891
  15.342  2.95114
  15.363  3.08632
  15.384  3.06535
  15.405  3.01279
  15.426  3.11704
  15.448  3.09444
  15.469  3.22795
  15.49  3.18832
  15.511  3.21113
  15.532  3.30835
  15.553  3.42391
  15.574  3.34794
  15.595  3.35191
  15.616  3.4387
  15.637  3.55737
  15.658  3.38318
  15.679  3.57107
  15.7  3.5356
  15.721  3.57736
  15.742  3.62045
  15.763  3.63862
  15.784  3.56315
  15.805  3.72715
  15.826  3.7282
  15.847  3.74557
  15.868  3.70324
  15.889  3.81454
  15.91  3.84859
  15.931  3.80972
  15.952  3.8352
  15.973  3.90344
  15.994  3.9633
  16.015  3.92745
  16.036  3.98104
  16.057  3.98727
  16.078  4.05687
  16.099  4.07188
  16.12  4.03053
  16.141  4.06613
  16.162  4.20165
  16.183  4.18896
  16.204  4.17197
  16.225  4.15881
  16.246  4.29007
  16.267  4.34063
  16.288  4.25518
  16.309  4.27642
  16.33  4.43298
  16.351  4.46612
  16.372  4.43156
  16.393  4.40391
  16.414  4.50172
  16.435  4.60949
  16.456  4.63436
  16.477  4.46437
  16.498  4.61846
  16.519  4.73135
  16.54  4.76708
  16.561  4.61646
  16.582  4.74363
  16.603  4.82005
  16.624  4.91455
  16.645  4.84288
  16.666  4.7481
  16.688  4.92532
  16.709  5.09408
  16.73  5.07964
  16.751  4.94595
  16.772  5.04994
  16.793  5.20355
  16.814  5.29455
  16.835  5.14674
  16.856  5.15133
  16.877  5.21233
  16.898  5.54452
  16.919  5.33675
  16.94  5.29927
  16.961  5.31891
  16.982  5.55276
  17.003  5.62753
  17.024  5.45977
  17.045  5.41358
  17.066  5.54992
  17.087  5.83735
  17.108  5.66555
  17.129  5.60004
  17.15  5.63384
  17.171  5.93265
  17.192  5.8942
  17.213  5.82188
  17.234  5.70763
  17.255  5.91966
  17.276  6.14283
  17.297  6.04144
  17.318  5.94974
  17.339  5.96673
  17.36  6.21622
  17.381  6.29654
  17.402  6.20174
  17.423  6.02837
  17.444  6.28848
  17.465  6.48571
  17.486  6.48818
  17.507  6.31434
  17.528  6.29806
  17.549  6.54613
  17.57  6.76615
  17.591  6.61764
  17.612  6.34786
  17.633  6.71621
  17.654  6.81468
  17.675  7.03362
  17.696  6.63948
  17.717  6.61178
  17.738  7.01924
  17.759  7.29032
  17.78  7.03446
  17.801  6.69335
  17.822  7.11225
  17.843  7.29423
  17.864  7.54035
  17.885  7.01505
  17.906  6.94804
  17.928  7.55748
  17.949  7.70879
  17.97  7.40946
  17.991  7.09169
  18.012  7.58663
  18.033  7.79149
  18.054  8.02676
  18.075  7.42229
  18.096  7.43581
  18.117  7.92521
  18.138  8.19315
  18.159  7.87302
  18.18  7.56933
  18.201  8.00995
  18.222  8.20727
  18.243  8.55983
  18.264  7.83603
  18.285  8.00565
  18.306  8.34627
  18.327  8.72178
  18.348  8.35898
  18.369  8.18734
  18.39  8.41987
  18.411  8.64928
  18.432  9.10033
  18.453  8.30715
  18.474  8.62733
  18.495  8.77314
  18.516  9.25601
  18.537  8.89316
  18.558  8.89499
  18.579  8.8675
  18.6  9.12745
  18.621  9.73458
  18.642  8.89667
  18.663  9.24463
  18.684  9.20216
