  0.  0.
  2.26251  0.733544
  2.27448 -0.471373
  2.28646  0.96948
  2.29843  0.322961
  2.3104 -0.323559
  2.32237  0.134914
  2.33434 -0.0263213
  2.34631 -0.287649
  2.35828  0.382812
  2.37025  0.394783
  2.38222  0.406754
  2.39419 -0.624957
  2.40616 -0.100939
  2.41814  0.442667
  2.44208 -1.06236
  2.46602 -0.167939
  2.47799  0.502522
  2.48996  1.17298
  2.50193 -0.24392
  2.53785 -0.0961093
  2.58573  0.225069
  2.60967  1.95118
  4.0103  4.0103
  4.0222  2.70522
  4.0462  1.95884
  4.0582  0.892606
  4.0821  2.10663
  4.0941  1.46014
  4.106  0.813551
  4.118  1.93054
  4.13 -0.0329253
  4.142 -0.579323
  4.1539  0.0910672
  4.1659  0.341816
  4.1779  0.101964
  4.1898 -0.477222
  4.2018  0.138967
  4.2138 -0.558886
  4.2258 -0.167924
  4.2377 -0.641309
  4.2497 -0.618066
  4.2617 -1.09811
  4.2736 -0.867464
  4.2856 -0.535815
  4.2976 -0.909007
  4.3095 -1.12791
  4.3215 -1.10968
  4.3335 -0.790446
  4.3455 -1.10117
  4.3574 -1.07378
  4.3694 -1.32723
  4.3814 -0.951072
  4.3933 -0.640101
  4.4053 -1.22781
  4.4173 -1.15315
  4.4293 -1.22381
  4.4412 -0.918612
  4.4532 -0.865301
  4.4652 -1.1266
  4.4771 -0.629414
  4.4891 -0.972823
  4.5011 -1.00226
  4.5131 -1.0244
  4.525 -0.779321
  4.537 -0.533661
  4.549 -0.410338
  4.5609 -0.393289
  4.5729 -0.752612
  4.5849 -0.0537618
  4.5969 -0.609707
  4.6088  3.95031
  4.6208  0.284669
  4.6328 -0.573807
  4.6447  0.308569
  4.6567 -0.297489
  4.6687  2.03474
  4.6806  0.926918
  4.6926  0.0255779
  4.7046  2.07064
  4.7166  1.03896
  4.7285  2.09454
  4.7405  0.577575
  4.7644  0.813461
  4.7884  3.74472
  4.8123  1.79315
  4.8722  2.89673
  4.8961  4.23761
  5.2792  5.2792
  5.2912  3.97422
  5.3031  3.21574
  5.3151  2.14951
  5.3271  3.35163
  5.3391  2.70514
  5.351  1.71379
  5.363  1.85856
  5.375  1.36647
  5.3869  1.48157
  5.3989  1.1032
  5.4109  0.928326
  5.4348  1.75716
  5.4468  1.76916
  5.4588  1.29587
  5.4707  0.988126
  5.4827  0.412039
  5.4947  1.85749
  5.5066  1.44377
  5.5186  1.18247
  5.5306  0.863578
  5.5426  0.343943
  5.5545 -0.0986104
  5.5665  0.612311
  5.5785  1.09593
  5.5904  1.76632
  5.6024 -0.0507104
  5.6144 -0.21849
  5.6264 -0.343527
  5.6383  0.72634
  5.6503  0.0427983
  5.6623  0.200377
  5.6742 -0.545246
  5.6862 -1.05253
  5.6982 -0.661634
  5.7102 -0.832975
  5.7221 -0.454125
  5.7341 -0.828268
  5.7461 -0.814366
  5.758 -0.982311
  5.77 -1.00739
  5.782 -1.13204
  5.7939 -0.487539
  5.8059 -0.658484
  5.8179 -1.37695
  5.8299 -0.855276
  5.8418 -1.58418
  5.8538 -1.20481
  5.8658 -1.16653
  5.8777 -1.43629
  5.8897 -1.3139
  5.9017 -0.933015
  5.9137 -1.34076
  5.9256 -1.48105
  5.9376 -1.39431
  5.9496 -1.27977
  5.9615 -1.49684
  5.9735 -0.623383
  5.9855 -1.41802
  5.9975 -1.85242
  6.0094 -1.51812
  6.0214 -1.43175
  6.0334 -1.4955
  6.0453 -1.1583
  6.0573 -1.34308
  6.0693 -1.6913
  6.0813 -1.27892
  6.0932 -1.52855
  6.1052 -1.19927
  6.1172 -1.29257
  6.1291 -1.34027
  6.1411 -1.68551
  6.1531 -0.739712
  6.1651 -1.42305
  6.177 -0.93741
  6.189 -1.51676
  6.201 -0.73509
  6.2129 -1.02677
  6.2249 -1.06555
  6.2369 -0.600664
  6.2488 -0.824347
  6.2608 -1.12131
  6.2728 -0.678552
  6.2848 -0.904669
  6.2967 -0.632958
  6.3087 -0.534535
  6.3207 -0.777635
  6.3326  0.0614314
  6.3446 -0.352192
  6.3566 -0.411654
  6.3686  0.195232
  6.3805 -0.549158
  6.3925  0.174418
  6.4045 -0.225688
  6.4164 -0.0180264
  6.4284  1.28734
  6.4404 -0.238074
  6.4524  0.615424
  6.4643  0.290932
  6.4763  2.65222
  6.4883  0.013442
  6.5002  1.50558
  6.5122  0.985944
  6.5242  2.70012
  6.5362 -0.229757
  6.5481 -0.0996162
  6.5601  0.503826
  6.5721  0.928937
  6.584  0.799407
  6.596  1.45494
  6.608  0.964837
  6.6199  0.98679
  6.6319 -0.616115
  6.6439 -0.206378
  6.6559  0.405611
  6.6678  0.449718
  6.6798  0.844864
  6.6918  0.574417
  6.7037  0.904146
  6.7157 -0.216536
  6.7277 -1.28111
  6.7397 -0.6048
  6.7516 -0.222194
  6.7636  0.305557
  6.7756  0.48653
  6.7875  0.745905
  6.7995  1.0888
  6.8115 -1.33375
  6.8235 -1.20804
  6.8354 -0.433616
  6.8474  0.951153
  6.8594  0.994303
  6.8713  1.269
  6.8833  0.913373
  6.8953 -1.13584
  6.9073 -1.76455
  6.9192 -0.779694
  6.9312  0.964824
  6.9432  0.464184
  6.9551  0.578947
  6.9671  0.47572
  6.9791 -0.962746
  6.991 -1.64876
  7.003 -1.06409
  7.015  0.580574
  7.027  0.291427
  7.0389 -0.237313
  7.0509  0.0372909
  7.0629 -1.14957
  7.0748 -1.52353
  7.0868 -1.42283
  7.0988 -0.349123
  7.1108 -0.779879
  7.1227 -0.960237
  7.1347 -0.872452
  7.1467 -1.3083
  7.1586 -1.66802
  7.1706 -1.58547
  7.1826 -1.0517
  7.1946 -0.899769
  7.2065 -1.40654
  7.2185 -1.13312
  7.2305 -1.57396
  7.2424 -1.54869
  7.2544 -1.77161
  7.2664 -1.30687
  7.2784 -1.25468
  7.2903 -1.36501
  7.3023 -1.28482
  7.3143 -1.37704
  7.3262 -1.61657
  7.3382 -1.58356
  7.3502 -1.38208
  7.3621 -1.22683
  7.3741 -1.27415
  7.3861 -0.830377
  7.3981 -1.53501
  7.41 -1.49642
  7.422 -1.3594
  7.434 -1.28571
  7.4459 -0.908031
  7.4579 -1.29382
  7.4699 -0.784131
  7.4819 -1.30024
  7.4938 -1.30093
  7.5058 -1.27174
  7.5178 -0.792486
  7.5297 -0.881825
  7.5417 -0.73823
  7.5537 -0.602974
  7.5657 -1.32332
  7.5776 -0.902592
  7.5896 -0.953211
  7.6016 -0.355686
  7.6135 -0.83239
  7.6255  0.0405841
  7.6375 -1.24625
  7.6495 -0.395103
  7.6614 -0.911868
  7.6734 -0.524577
  7.6854 -0.153185
  7.6973 -1.00119
  7.7093  0.242858
  7.7213 -1.1505
  7.7332 -0.539223
  7.7452 -0.0958609
  7.7572 -0.81263
  7.7692  0.101542
  7.7811 -1.20975
  7.7931  0.166997
  7.8051 -0.382289
  7.817 -0.453222
  7.829 -0.980114
  7.841 -0.401758
  7.853 -0.542797
  7.8649 -0.557682
  7.8769 -0.342902
  7.8889  0.238311
  7.9008 -0.625087
  7.9128 -0.439978
  7.9248 -1.05887
  7.9368 -0.383393
  7.9487 -0.387778
  7.9607 -0.764292
  7.9727 -0.509886
  7.9846 -0.206902
  7.9966 -0.444306
  8.0086 -0.557548
  8.0206 -0.985532
  8.0325 -0.358735
  8.0445 -0.650374
  8.0565 -1.03152
  8.0684  0.0993722
  8.0804 -0.360374
  8.0924 -0.223303
  8.1043 -0.929355
  8.1163 -0.940191
  8.1283 -0.299097
  8.1403 -1.04708
  8.1522 -0.658252
  8.1642 -0.179881
  8.1762 -0.550351
  8.1881 -0.264958
  8.2001 -0.976549
  8.2121 -0.894371
  8.2241 -0.725779
  8.236 -0.981581
  8.248 -0.398135
  8.26 -0.764023
  8.2719 -0.263559
  8.2839 -0.0651189
  8.2959 -1.24047
  8.3079 -0.399673
  8.3198 -0.888445
  8.3318 -0.882058
  8.3438 -0.270224
  8.3557  0.0862653
  8.3677 -0.0240896
  8.3797 -0.101122
  8.3917 -1.26819
  8.4036  0.322582
  8.4156 -1.08516
  8.4276  0.16227
  8.4395  0.170538
  8.4515  0.692785
  8.4635 -0.0399988
  8.4754 -1.23724
  8.4874  0.950293
  8.4994 -0.972123
  8.5114 -0.0297562
  8.5233  0.0702421
  8.5353  0.78118
  8.5473  0.182479
  8.5592 -1.30313
  8.5712  0.884154
  8.5832 -1.1495
  8.5952  0.051208
  8.6071 -0.861931
  8.6191  1.52836
  8.6311 -1.74963
  8.643  1.16417
  8.655 -1.0457
  8.667 -0.0911468
  8.679 -0.300877
  8.6909 -0.715035
  8.7029  0.250232
  8.7149 -1.30592
  8.7268 -0.211698
  8.7388  0.0435231
  8.7508 -0.0657818
  8.7628 -0.559253
  8.7747 -0.244614
  8.7867 -0.571283
  8.7987 -0.0273977
  8.8106  0.183082
  8.8226 -0.00103979
  8.8346 -0.421441
  8.8465 -0.132631
  8.8585  0.271038
  8.8705  0.148634
  8.8825  0.335681
  8.8944  0.228344
  8.9064  0.018202
  8.9184  0.343303
  8.9303  0.441192
  8.9423  0.397365
  8.9543  0.466943
  8.9663  0.445719
  8.9782  0.836183
  8.9902  0.353221
  9.0022  0.801001
  9.0141  0.973898
  9.0261  0.584931
  9.0381  0.567419
  9.0501  0.679597
  9.062 -0.161485
  9.074  1.33078
  9.086 -0.186075
  9.0979  0.837169
  9.1099  0.604433
  9.1219 -0.0939376
  9.1339  0.573532
  9.1458 -0.178072
  9.1578  0.306185
  9.1698  0.877795
  9.1817  1.04546
  9.1937  0.00668115
  9.2057  0.527683
  9.2176 -0.243646
  9.2296  0.786068
  9.2416  0.657865
  9.2536  0.540383
  9.2655  0.838637
  9.2775  0.395233
  9.2895  0.0631344
  9.3014  0.173696
  9.3134  1.15602
  9.3254  0.499653
  9.3374  0.47467
  9.3493  0.766697
  9.3613  0.6268
  9.3733  0.378772
  9.3852  1.05284
  9.3972  0.460963
  9.4092  0.384607
  9.4212  0.996341
  9.4331  0.660004
  9.4451  0.782057
  9.4571  1.31978
  9.469  0.555199
  9.481  0.72852
  9.493  0.863324
  9.505  0.572362
  9.5169  1.08259
  9.5289  0.91773
  9.5409  1.31564
  9.5528  1.25252
  9.5648  0.790222
  9.5768  0.745282
  9.5887  1.12698
  9.6007  0.706281
  9.6127  0.990383
  9.6247  1.31592
  9.6366  1.37714
  9.6486  1.74071
  9.6606  0.942459
  9.6725  0.866246
  9.6845  1.43127
  9.6965  0.873036
  9.7085  1.29183
  9.7204  1.69515
  9.7324  1.76944
  9.7444  1.79856
  9.7563  1.11996
  9.7683  0.965275
  9.7803  1.81279
  9.7923  1.08185
  9.8042  1.47924
  9.8162  2.07024
  9.8282  2.05318
  9.8401  1.91576
  9.8521  1.22826
  9.8641  1.33485
  9.8761  2.18239
  9.888  1.17459
  9.9  1.79658
  9.912  3.17643
  9.9239  2.07496
  9.9359  1.73962
  9.9479  1.55196
  9.9598  1.56386
  9.9718  2.23795
  9.9838  1.33365
  9.9958  1.92134
  10.0077  3.58421
  10.0197  2.27484
  10.0317  1.63811
  10.0436  1.89763
  10.0556  2.07369
  10.0676  2.13357
  10.0796  1.78514
  10.0915  2.26088
  10.1035  3.61931
  10.1155  2.90997
  10.1274  1.60368
  10.1394  2.41221
  10.1514  2.40544
  10.1634  2.08894
  10.1753  2.06441
  10.1873  3.23217
  10.1993  3.26771
  10.2112  3.19877
  10.2232  1.95392
  10.2352  2.96618
  10.2472  2.30535
  10.2591  2.434
  10.2711  2.56136
  10.2831  3.90464
  10.295  3.44472
  10.307  3.34686
  10.319  2.3736
  10.3309  3.21437
  10.3429  2.58499
  10.3549  2.68162
  10.3669  2.97601
  10.3788  3.86516
  10.3908  3.61797
  10.4028  3.67998
  10.4147  3.05039
  10.4267  3.10799
  10.4387  2.78872
  10.4507  3.23604
  10.4626  3.52267
  10.4746  3.72021
  10.4866  4.16516
  10.4985  4.23771
  10.5105  3.60701
  10.5225  3.0701
  10.5345  3.25829
  10.5464  3.66167
  10.5584  3.77648
  10.5704  3.79453
  10.5823  4.89041
  10.5943  4.53965
  10.6063  3.98143
  10.6183  3.40459
  10.6302  3.74954
  10.6422  4.41326
  10.6542  4.32059
  10.6661  3.81723
  10.6781  5.85668
  10.6901  5.1526
  10.702  4.05255
  10.714  3.85952
  10.726  4.45483
  10.738  4.56463
  10.7499  4.47873
  10.7619  4.13881
  10.7739  6.29133
  10.7858  5.54804
  10.7978  4.52922
  10.8098  4.32252
  10.8218  4.89539
  10.8337  5.03415
  10.8457  4.8074
  10.8577  4.64922
  10.8696  6.80677
  10.8816  7.58915
  10.8936  4.52441
  10.9056  5.05647
  10.9175  6.04973
  10.9295  5.12995
  10.9415  5.01509
  10.9534  5.4735
  10.9654  6.95687
  10.9774  7.42661
  10.9894  4.91867
  11.0013  6.33428
  11.0133  6.38914
  11.0253  5.28932
  11.0372  5.30805
  11.0492  6.88627
  11.0612  7.76875
  11.0731  7.24902
  11.0851  5.45199
  11.0971  7.41946
  11.1091  6.62653
  11.121  5.6411
  11.133  5.77995
  11.145  8.12585
  11.1569  8.52294
  11.1689  7.0547
  11.1809  6.33025
  11.1929  10.5344
  11.2048  6.59537
  11.2168  6.21233
  11.2288  6.56178
  11.2527  8.23355
  11.2647  7.76026
  11.2767  7.02323
  11.3006  6.57928
  11.3126  6.97647
  11.3245  7.16157
  11.3365  9.36103
  11.3485  8.05605
  11.3605  8.06805
  11.3724  8.52645
  11.3964  7.04068
  11.4083  7.44263
  11.4323  9.45683
  11.4442  8.15175
  11.4562  8.43705
