  0.  0.
  2.65306 -0.32566
  2.66923  1.35225
  2.68541 -0.333741
  2.70159  0.194486
  2.71777 -0.301381
  2.73394  0.0999807
  2.75012 -0.599922
  2.7663 -0.0796457
  2.79865 -0.705785
  2.81483  0.180871
  2.83101  0.323906
  2.84718 -0.657255
  2.86336  0.229401
  2.87954  0.245579
  2.89572  0.261756
  2.91189  0.936423
  2.92807 -0.00842133
  2.9766  0.342642
  3.02513  0.664471
  3.04131  2.38282
  4.8046  3.27563
  4.8208  2.84533
  4.837  1.63807
  4.8532  2.87773
  4.8693  1.01188
  4.8855  0.164177
  4.9017  0.64823
  4.9179  0.138984
  4.934  0.0662342
  4.9502 -0.0832015
  4.9664 -0.174664
  4.9826 -0.65051
  4.9987 -0.555417
  5.0149 -0.718807
  5.0311 -0.720617
  5.0473 -0.646963
  5.0635 -1.0355
  5.0796 -0.868817
  5.0958 -0.929215
  5.112 -1.14092
  5.1282 -1.27754
  5.1443 -0.948486
  5.1605 -1.18512
  5.1767 -1.14719
  5.1929 -1.25448
  5.2091 -1.12209
  5.2252 -1.01581
  5.2414 -1.07514
  5.2576 -0.941178
  5.2738 -0.846613
  5.2899 -1.0217
  5.3061 -1.17292
  5.3223 -0.712698
  5.3385 -0.372204
  5.3546 -0.947053
  5.3708 -0.620162
  5.387 -0.26611
  5.4032 -0.193862
  5.4194 -0.345604
  5.4355 -0.0935788
  5.4517  1.07679
  5.4679 -0.331654
  5.4841  0.519641
  5.5002  0.678785
  5.5164  0.278643
  5.5326  2.24015
  5.5488  1.54027
  5.5649  0.843577
  5.5811  1.90346
  5.5973  2.96334
  5.6135  1.45057
  5.6297  1.67876
  5.662  4.61832
  5.6782  2.65905
  5.7267  3.75123
  5.7591  5.10061
  6.3738  6.3738
  6.39  5.07302
  6.4223  4.33494
  6.4385  4.07784
  6.4547  3.43555
  6.4709  3.83694
  6.487  3.13696
  6.5032  3.65725
  6.5194  2.51087
  6.5356  2.5132
  6.5518  1.70693
  6.5679  2.08533
  6.5841  2.76002
  6.6003  1.99087
  6.6165  1.16676
  6.6326  2.56977
  6.6488  1.78103
  6.665  0.80387
  6.6812  1.2013
  6.6974  1.12695
  6.7135  0.772363
  6.7297 -0.175112
  6.7459 -0.0642509
  6.7621  0.249462
  6.7782 -0.076278
  6.7944 -0.206122
  6.8106 -0.495606
  6.8268 -0.186809
  6.8429 -0.426116
  6.8591 -0.396273
  6.8753 -0.842362
  6.8915 -0.733362
  6.9077 -0.754302
  6.9238 -0.785945
  6.94 -1.00938
  6.9562 -1.26327
  6.9724 -1.02011
  6.9885 -1.09539
  7.0047 -1.18543
  7.0209 -1.48211
  7.0371 -1.3919
  7.0532 -1.15357
  7.0694 -1.38612
  7.0856 -1.55009
  7.1018 -1.43794
  7.118 -1.41388
  7.1341 -1.50395
  7.1503 -1.58844
  7.1665 -1.52434
  7.1827 -1.42141
  7.1988 -1.47511
  7.215 -1.5568
  7.2312 -1.53314
  7.2474 -1.33713
  7.2636 -1.47878
  7.2797 -1.46307
  7.2959 -1.37223
  7.3121 -1.48407
  7.3283 -1.37679
  7.3444 -1.27661
  7.3606 -1.2263
  7.3768 -1.21729
  7.393 -1.26367
  7.4091 -1.02812
  7.4253 -1.04691
  7.4415 -1.07229
  7.4577 -0.767068
  7.4739 -0.958552
  7.49 -0.541743
  7.5062 -0.751984
  7.5224 -0.437508
  7.5386 -0.64103
  7.5547 -0.191256
  7.5709 -0.363354
  7.5871 -0.283179
  7.6033  0.260469
  7.6195  0.0172584
  7.6356  0.738771
  7.6518  0.153616
  7.668  0.0695814
  7.6842  1.13909
  7.7003  0.933577
  7.7165  0.900512
  7.7327  0.916712
  7.7489  1.56133
  7.765  1.46335
  7.7812  1.45976
  7.7974  1.78586
  7.8136  2.20092
  7.8298  2.81076
  7.8459  1.58904
  7.8621  1.78819
  7.8783  0.66699
  7.8945  0.8803
  7.9106  1.34349
  7.9268  2.68904
  7.943  1.64636
  7.9592  1.09776
  7.9753  1.05082
  7.9915  0.694018
  8.0077  1.66687
  8.0239  1.59602
  8.0401  0.676607
  8.0562  0.584636
  8.0724  0.101645
  8.0886  0.918473
  8.1048  1.40143
  8.1209  0.517388
  8.1371  0.36846
  8.1533 -0.119437
  8.1695  0.0785465
  8.1857  1.06705
  8.2018  0.78158
  8.218 -0.0353905
  8.2342 -0.307311
  8.2504 -0.305085
  8.2665  0.68029
  8.2827  0.450084
  8.2989 -0.299209
  8.3151 -0.509243
  8.3312 -0.560932
  8.3474 -0.0145678
  8.3636 -0.465823
  8.3798 -0.58671
  8.396 -1.02186
  8.4121 -0.869467
  8.4283 -0.623778
  8.4445 -0.764917
  8.4607 -1.06954
  8.4768 -1.1298
  8.493 -1.11074
  8.5092 -0.833841
  8.5254 -1.12294
  8.5415 -1.37021
  8.5577 -1.29735
  8.5739 -1.26475
  8.5901 -1.19632
  8.6063 -1.37226
  8.6224 -1.45259
  8.6386 -1.36176
  8.6548 -1.2077
  8.671 -1.45465
  8.6871 -1.32355
  8.7033 -1.50381
  8.7195 -1.45818
  8.7357 -1.40351
  8.7519 -1.49383
  8.768 -1.38632
  8.7842 -1.49495
  8.8004 -1.53825
  8.8166 -1.37576
  8.8327 -1.44935
  8.8489 -1.31593
  8.8651 -1.65087
  8.8813 -1.47636
  8.8974 -1.55534
  8.9136 -1.37106
  8.9298 -1.34558
  8.946 -1.60992
  8.9622 -1.37402
  8.9783 -1.42666
  8.9945 -1.14467
  9.0107 -1.44668
  9.0269 -1.36311
  9.043 -1.38754
  9.0592 -1.10469
  9.0754 -1.17977
  9.0916 -1.24405
  9.1078 -1.14268
  9.1239 -1.01705
  9.1401 -1.03661
  9.1563 -0.984385
  9.1725 -0.834864
  9.1886 -1.11448
  9.2048 -0.861623
  9.221 -0.732959
  9.2372 -0.796717
  9.2533 -0.639746
  9.2695 -0.563211
  9.2857 -0.83601
  9.3019 -0.794182
  9.3181 -0.493907
  9.3342 -0.401365
  9.3504 -0.237234
  9.3666 -0.739379
  9.3828 -0.719159
  9.3989 -0.654413
  9.4151 -0.404701
  9.4313 -0.439064
  9.4475  0.151657
  9.4636 -0.877011
  9.4798 -0.776845
  9.496 -0.294683
  9.5122 -0.423068
  9.5284 -0.137309
  9.5445 -0.132588
  9.5607 -1.00664
  9.5769 -0.901391
  9.5931 -0.44484
  9.6092 -0.298897
  9.6254 -0.0278012
  9.6416 -0.613137
  9.6578 -1.01391
  9.674 -0.690624
  9.6901 -0.372418
  9.7063 -0.103437
  9.7225  0.0253651
  9.7387 -0.91127
  9.7548 -1.03798
  9.771 -0.43239
  9.7872 -0.283774
  9.8034 -0.133367
  9.8195 -0.371822
  9.8357 -1.12216
  9.8519 -0.606155
  9.8681 -0.424234
  9.8843 -0.230029
  9.9004 -0.188006
  9.9166 -0.935064
  9.9328 -0.966608
  9.949 -0.580977
  9.9651 -0.762399
  9.9813 -0.46792
  9.9975 -0.855836
  10.0137 -1.18834
  10.0298 -0.876464
  10.046 -1.00781
  10.0622 -0.87925
  10.0784 -0.783058
  10.0946 -1.21999
  10.1107 -1.20726
  10.1269 -1.15329
  10.1431 -0.977073
  10.1593 -0.930537
  10.1754 -1.09118
  10.1916 -1.26535
  10.2078 -1.07252
  10.224 -1.07312
  10.2402 -0.909977
  10.2563 -0.984408
  10.2725 -1.15775
  10.2887 -1.07067
  10.3049 -1.00617
  10.321 -0.836061
  10.3372 -0.862677
  10.3534 -1.0595
  10.3696 -1.0352
  10.3857 -0.834283
  10.4019 -0.685101
  10.4181 -0.736773
  10.4343 -0.832954
  10.4505 -0.965505
  10.4666 -0.628723
  10.4828 -0.497295
  10.499 -0.510248
  10.5152 -0.741321
  10.5313 -0.753511
  10.5475 -0.285858
  10.5637 -0.397964
  10.5799 -0.454379
  10.5961 -0.562092
  10.6122 -0.663806
  10.6284 -0.197232
  10.6446 -0.159769
  10.6608 -0.589728
  10.6769 -0.666678
  10.6931 -0.173315
  10.7093 -0.566174
  10.7255  0.0589004
  10.7416 -0.765357
  10.7578 -0.207745
  10.774 -0.50579
  10.7902 -0.238573
  10.8064 -0.594389
  10.8225 -0.460332
  10.8387 -0.10275
  10.8549 -0.407576
  10.8711 -0.404507
  10.8872 -0.322427
  10.9034 -0.248901
  10.9196 -0.303412
  10.9358 -0.090468
  10.9519 -0.330338
  10.9681 -0.134674
  10.9843 -0.395913
  11.0005 -0.0899839
  11.0167 -0.227109
  11.0328  0.0459186
  11.049 -0.190257
  11.0652 -0.233414
  11.0814 -0.175256
  11.0975 -0.0993459
  11.1137  0.183726
  11.1299 -0.163831
  11.1461 -0.120415
  11.1623 -0.210614
  11.1784  0.0100984
  11.1946 -0.14904
  11.2108  0.0512543
  11.227 -0.186821
  11.2431  0.0231171
  11.2593 -0.270841
  11.2755 -0.265471
  11.2917  0.0414456
  11.3078 -0.0472912
  11.324 -0.119218
  11.3402 -0.196888
  11.3564 -0.0318254
  11.3726  0.00124834
  11.3887  0.189976
  11.4049  0.12458
  11.4211  0.088236
  11.4373 -0.0958392
  11.4534  0.465978
  11.4696  0.332881
  11.4858  0.456768
  11.502  0.243648
  11.5182  0.00117895
  11.5343  0.668049
  11.5505  0.311519
  11.5667  0.690236
  11.5829  0.472574
  11.599  0.168019
  11.6152  0.189374
  11.6314  0.44356
  11.6476  0.670598
  11.6637  0.737351
  11.6799 -0.573361
  11.6961  0.117152
  11.7123  1.07506
  11.7285  0.148199
  11.7446 -0.0317872
  11.7608 -0.0162154
  11.777  0.284231
  11.7932  0.317902
  11.8093  0.0201945
  11.8255  0.415136
  11.8417  0.513105
  11.8579  0.150659
  11.874  0.271415
  11.8902  0.515725
  11.9064  0.694636
  11.9226  0.496547
  11.9388  0.413865
  11.9549  0.561018
  11.9711  0.780928
  11.9873  0.726107
  12.0035  0.757286
  12.0196  0.7017
  12.0358  0.866828
  12.052  0.810257
  12.0682  0.959776
  12.0844  0.984103
  12.1005  1.02896
  12.1167  0.938837
  12.1329  0.94674
  12.1491  1.02666
  12.1652  1.28972
  12.1814  0.675278
  12.1976  0.999959
  12.2138  1.60981
  12.2299  0.98204
  12.2461  1.06096
  12.2623  0.983902
  12.2785  1.12908
  12.2947  1.21405
  12.3108  1.03446
  12.327  1.23668
  12.3432  1.1635
  12.3594  1.12659
  12.3755  1.32861
  12.3917  1.18952
  12.4079  1.38085
  12.4241  1.32077
  12.4402  1.18851
  12.4564  1.33717
  12.4726  1.3809
  12.4888  1.34151
  12.505  1.32817
  12.5211  1.44053
  12.5373  1.49925
  12.5535  1.4242
  12.5697  1.47736
  12.5858  1.56265
  12.602  1.58224
  12.6182  1.69001
  12.6344  1.39542
  12.6506  1.58951
  12.6667  1.53206
  12.6829  1.97655
  12.6991  1.72795
  12.7153  1.73912
  12.7314  1.58213
  12.7476  1.68069
  12.7638  1.98758
  12.78  2.01369
  12.7961  1.89713
  12.8123  1.86313
  12.8285  1.62833
  12.8447  1.97636
  12.8609  2.18882
  12.877  2.1523
  12.8932  1.91574
  12.9094  2.01013
  12.9256  1.92476
  12.9417  2.24547
  12.9579  2.37534
  12.974  2.2382
  12.99  2.24823
  13.006  1.99984
  13.023  2.25616
  13.039  2.49063
  13.055  2.65193
  13.071  2.41519
  13.087  2.4084
  13.104  2.11829
  13.12  2.69551
  13.136  2.66805
  13.152  2.88193
  13.168  2.5905
  13.184  2.34004
  13.201  2.33581
  13.217  3.02443
  13.233  2.76326
  13.249  3.08928
  13.265  2.67452
  13.281  2.42761
  13.298  2.65246
  13.314  3.15093
  13.33  3.05521
  13.346  3.21326
  13.362  2.77599
  13.379  2.50809
  13.395  3.08658
  13.411  3.27957
  13.427  3.38109
  13.443  3.32967
  13.459  2.84825
  13.476  2.79572
  13.492  3.4291
  13.508  3.48124
  13.524  3.73068
  13.54  3.32376
  13.556  3.08703
  13.573  3.07556
  13.589  3.6119
  13.605  3.72245
  13.621  4.07801
  13.637  3.48557
  13.654  3.33562
  13.67  3.37967
  13.686  3.77203
  13.702  4.07074
  13.718  4.43134
  13.734  3.60773
  13.751  3.68524
  13.767  3.63583
  13.783  3.90748
  13.799  4.39688
  13.815  4.676
  13.831  3.72593
  13.848  4.12787
  13.864  3.95742
  13.88  4.13913
  13.896  4.8639
  13.912  4.58001
  13.929  4.08565
  13.945  4.53536
  13.961  4.14918
  13.977  4.43922
  13.993  5.11164
  14.009  4.61964
  14.026  4.49021
  14.042  4.86559
  14.058  4.33146
  14.074  4.99602
  14.09  5.59367
  14.106  4.79778
  14.123  4.89583
  14.139  5.01674
  14.155  4.59591
  14.171  5.50577
  14.187  5.88095
  14.204  4.90235
  14.22  5.56417
  14.236  5.10194
  14.252  5.06738
  14.268  5.95892
  14.284  6.39145
  14.301  5.21692
  14.317  5.9792
  14.333  5.36226
  14.349  5.34701
  14.365  6.59689
  14.382  6.51991
  14.398  5.62527
  14.414  6.29514
  14.43  5.72015
  14.446  5.76512
  14.462  6.94764
  14.479  6.88058
  14.495  6.07001
  14.511  6.41361
  14.527  6.18818
  14.543  6.20271
  14.559  7.12312
  14.576  7.09572
  14.592  6.71646
  14.608  6.56101
  14.624  6.55205
  14.64  6.84142
  14.657  7.24296
  14.673  7.41854
  14.689  7.55983
  14.705  6.67812
  14.721  7.08258
  14.737  7.40509
  14.754  7.31208
  14.77  8.02184
  14.786  8.21606
  14.802  6.9132
  14.818  7.93531
  14.834  7.96153
