  0.  0.
  3.02645  1.48139
  3.04747  0.0800692
  3.06848 -0.316826
  3.0895 -0.350678
  3.11052  0.0595883
  3.13154 -0.360543
  3.15255 -0.174556
  3.17357 -0.153536
  3.19459 -0.0705595
  3.2156 -0.325724
  3.23662  0.185688
  3.25764 -0.0694665
  3.27865 -0.213433
  3.29967  0.248738
  3.32069  0.269758
  3.34171  1.34545
  3.36272  0.395319
  3.40476  0.743075
  3.44679  1.06128
  3.48882  2.8234
  5.5905  4.04544
  5.6115  2.14502
  5.6326  1.5007
  5.6536  0.567215
  5.6746  0.441603
  5.6956  0.37223
  5.7166  0.0241944
  5.7376 -0.554176
  5.7587 -0.0490441
  5.7797 -0.641121
  5.8007 -0.697053
  5.8217 -0.682651
  5.8427 -1.02573
  5.8637 -0.769663
  5.8848 -1.1178
  5.9058 -1.15623
  5.9268 -1.12846
  5.9478 -1.13605
  5.9688 -1.11864
  5.9898 -1.12006
  6.0109 -1.1367
  6.0319 -1.00151
  6.0529 -1.17842
  6.0739 -0.825525
  6.0949 -0.905744
  6.116 -0.941112
  6.137 -0.621915
  6.158 -0.807368
  6.179 -0.435008
  6.2 -0.595208
  6.221 -0.176833
  6.2421  0.0212572
  6.2631  0.00189091
  6.2841  0.490038
  6.3051  0.270542
  6.3261  0.300522
  6.3471  1.22306
  6.3682  1.09882
  6.3892  1.30282
  6.4102  2.47963
  6.4312  1.66018
  6.4522  2.45967
  6.4732  2.26645
  6.4943  2.50177
  6.5153  5.84988
  6.5363  3.81642
  6.5573  4.56104
  6.5993  4.60304
  6.6204  5.95498
  7.5661  7.5661
  7.5871  6.25626
  7.6082  5.61194
  7.6292  5.16685
  7.6502  4.59927
  7.6712  3.91566
  7.6922  3.69967
  7.7132  2.8592
  7.7343  2.59198
  7.7553  3.29668
  7.7763  1.95507
  7.7973  2.54392
  7.8183  1.32055
  7.8393  0.696196
  7.8604  0.985988
  7.8814  0.586937
  7.9024  0.206735
  7.9234  0.441953
  7.9444  0.320415
  7.9654 -0.0888217
  7.9865 -0.210896
  8.0075 -0.268845
  8.0285 -0.686552
  8.0495 -0.648975
  8.0705 -0.679727
  8.0916 -0.984909
  8.1126 -0.944619
  8.1336 -1.01292
  8.1546 -1.12755
  8.1756 -1.09581
  8.1966 -1.27406
  8.2177 -1.37291
  8.2387 -1.24484
  8.2597 -1.40369
  8.2807 -1.45144
  8.3017 -1.41509
  8.3227 -1.50257
  8.3438 -1.49747
  8.3648 -1.44301
  8.3858 -1.49823
  8.4068 -1.50074
  8.4278 -1.43598
  8.4488 -1.50004
  8.4699 -1.38624
  8.4909 -1.36557
  8.5119 -1.35473
  8.5329 -1.21835
  8.5539 -1.24997
  8.5749 -1.17527
  8.596 -1.04644
  8.617 -0.998114
  8.638 -1.05083
  8.659 -0.813947
  8.68 -0.678979
  8.701 -0.708716
  8.7221 -0.495538
  8.7431 -0.419918
  8.7641 -0.31256
  8.7851 -0.148412
  8.8061 -0.0975437
  8.8271  0.199391
  8.8482  0.386728
  8.8692  0.363666
  8.8902  0.583203
  8.9112  0.680932
  8.9322  1.37026
  8.9532  1.16058
  8.9743  1.2959
  8.9953  1.51306
  9.0163  1.92886
  9.0373  2.13642
  9.0583  2.28935
  9.0794  2.33233
  9.1004  3.08207
  9.1214  3.8802
  9.1424  2.9349
  9.1634  3.88612
  9.1844  3.75465
  9.2055  3.85259
  9.2265  3.75407
  9.2475  3.6688
  9.2685  3.58378
  9.2895  3.26754
  9.3105  3.04086
  9.3316  2.8989
  9.3526  2.71732
  9.3736  2.38347
  9.3946  2.26283
  9.4156  2.58855
  9.4366  2.16897
  9.4577  2.0834
  9.4787  2.00122
  9.4997  1.91048
  9.5207  1.72009
  9.5417  1.34093
  9.5627  1.73742
  9.5838  1.52914
  9.6048  0.97302
  9.6258  1.1725
  9.6468  1.22049
  9.6678  0.804888
  9.6888  0.561051
  9.7099  0.383165
  9.7309  0.313668
  9.7519  0.155151
  9.7729  0.0767032
  9.7939 -0.0721332
  9.8149 -0.269465
  9.836 -0.232016
  9.857 -0.128412
  9.878 -0.494439
  9.899 -0.568107
  9.92 -0.4657
  9.941 -0.626631
  9.9621 -0.903756
  9.9831 -0.75269
  10.0041 -0.801454
  10.0251 -0.952735
  10.0461 -1.05324
  10.0672 -0.997987
  10.0882 -1.04738
  10.1092 -1.20346
  10.1302 -1.21683
  10.1512 -1.16168
  10.1722 -1.30987
  10.1933 -1.40001
  10.2143 -1.34638
  10.2353 -1.32713
  10.2563 -1.48795
  10.2773 -1.43557
  10.2983 -1.41104
  10.3194 -1.45726
  10.3404 -1.54929
  10.3614 -1.38922
  10.3824 -1.42387
  10.4034 -1.56423
  10.4244 -1.41466
  10.4455 -1.42408
  10.4665 -1.49344
  10.4875 -1.45155
  10.5085 -1.37176
  10.5295 -1.38398
  10.5505 -1.33008
  10.5716 -1.29831
  10.5926 -1.26049
  10.6136 -1.24286
  10.6346 -1.22997
  10.6556 -1.14254
  10.6766 -1.06508
  10.6977 -1.01566
  10.7187 -1.01025
  10.7397 -0.868251
  10.7607 -0.884981
  10.7817 -0.784338
  10.8027 -0.752425
  10.8238 -0.680771
  10.8448 -0.539903
  10.8658 -0.497754
  10.8868 -0.469227
  10.9078 -0.39226
  10.9288 -0.338901
  10.9499 -0.0866144
  10.9709 -0.12917
  10.9919 -0.36006
  11.0129 -0.133273
  11.0339  0.351586
  11.055  0.155115
  11.076 -0.339707
  11.097 -0.0127041
  11.118  0.644432
  11.139  0.422603
  11.16 -0.345889
  11.1811 -0.0527159
  11.2021  0.984643
  11.2231  0.522969
  11.2441 -0.320869
  11.2651 -0.152447
  11.2861  1.12526
  11.3072  0.37469
  11.3282 -0.311876
  11.3492 -0.29389
  11.3702  0.574504
  11.3912  0.264998
  11.4122 -0.268488
  11.4333 -0.398199
  11.4543  0.0963854
  11.4753  0.0150111
  11.4963 -0.460912
  11.5173 -0.591982
  11.5383 -0.261952
  11.5594 -0.392561
  11.5804 -0.632152
  11.6014 -0.77443
  11.6224 -0.512991
  11.6434 -0.647729
  11.6644 -0.866102
  11.6855 -0.853222
  11.7065 -0.735786
  11.7275 -0.905403
  11.7485 -0.94886
  11.7695 -0.948165
  11.7905 -0.823454
  11.8116 -0.991834
  11.8326 -1.01894
  11.8536 -0.972039
  11.8746 -0.940567
  11.8956 -1.03708
  11.9166 -0.991987
  11.9377 -0.989452
  11.9587 -0.915136
  11.9797 -1.03043
  12.0007 -0.937164
  12.0217 -0.979989
  12.0428 -0.946306
  12.0638 -0.962276
  12.0848 -0.952562
  12.1058 -0.949009
  12.1268 -0.916542
  12.1478 -0.872101
  12.1689 -0.934986
  12.1899 -0.95027
  12.2109 -0.903229
  12.2319 -0.848626
  12.2529 -0.917096
  12.2739 -0.879305
  12.295 -0.82494
  12.316 -0.824192
  12.337 -0.825
  12.358 -0.850308
  12.379 -0.764589
  12.4 -0.709376
  12.4211 -0.731297
  12.4421 -0.672657
  12.4631 -0.692953
  12.4841 -0.647072
  12.5051 -0.647276
  12.5261 -0.530329
  12.5472 -0.546961
  12.5682 -0.647316
  12.5892 -0.429377
  12.6102 -0.347261
  12.6312 -0.489631
  12.6522 -0.524467
  12.6733 -0.37464
  12.6943 -0.448365
  12.7153 -0.238658
  12.7363 -0.354043
  12.7573 -0.465741
  12.7783 -0.330546
  12.7994 -0.217579
  12.8204 -0.318799
  12.8414 -0.415346
  12.8624 -0.327948
  12.8834 -0.3073
  12.9044 -0.102329
  12.9255 -0.388061
  12.9465 -0.335777
  12.9675 -0.227032
  12.9885 -0.0433946
  13.0095 -0.148878
  13.0306 -0.285598
  13.0516 -0.152839
  13.0726  0.00125356
  13.0936  0.0703411
  13.1146 -0.212883
  13.1356 -0.0500467
  13.1567  0.0063945
  13.1777  0.240442
  13.1987 -0.0943358
  13.2197 -0.0664266
  13.2407 -0.0792145
  13.2617  0.129142
  13.2828 -0.0574332
  13.3038 -0.193071
  13.3248 -0.214385
  13.3458 -0.0579167
  13.3668 -0.0380767
  13.3878 -0.322687
  13.4089 -0.33456
  13.4299 -0.173736
  13.4509 -0.100943
  13.4719 -0.364923
  13.4929 -0.351968
  13.514 -0.179412
  13.535 -0.130357
  13.556 -0.342229
  13.577 -0.308064
  13.598 -0.190865
  13.619 -0.117451
  13.64 -0.281326
  13.661 -0.221046
  13.682 -0.126369
  13.703 -0.0828628
  13.724 -0.161666
  13.745 -0.124319
  13.766 -0.0561925
  13.787  0.0322592
  13.808 -0.0489388
  13.829 -0.0343802
  13.85  0.0279684
  13.871  0.139073
  13.892  0.0648347
  13.913  0.0712789
  13.934  0.113363
  13.955  0.248678
  13.976  0.153432
  13.997  0.20808
  14.018  0.301689
  14.039  0.312033
  14.06  0.258618
  14.081  0.303975
  14.102  0.450247
  14.123  0.438766
  14.144  0.323149
  14.165  0.34646
  14.186  0.487696
  14.208  0.393937
  14.229  0.363824
  14.25  0.445118
  14.271  0.401017
  14.292  0.442536
  14.313  0.523525
  14.334  0.455537
  14.355  0.473861
  14.376  0.511183
  14.397  0.529673
  14.418  0.64582
  14.439  0.521938
  14.46  0.583764
  14.481  0.69097
  14.502  0.693848
  14.523  0.647524
  14.544  0.718276
  14.565  0.756468
  14.586  0.814272
  14.607  0.765489
  14.628  0.815994
  14.649  0.835532
  14.67  0.849041
  14.691  0.839662
  14.712  0.874913
  14.733  0.759726
  14.754  0.824873
  14.775  0.928197
  14.796  0.778244
  14.817  0.853116
  14.838  0.933059
  14.859  1.00284
  14.88  0.951785
  14.901  1.01513
  14.922  1.07839
  14.943  1.20146
  14.964  1.17697
  14.985  1.1164
  15.006  1.29191
  15.027  1.36798
  15.048  1.27944
  15.069  1.3051
  15.09  1.31562
  15.111  1.54114
  15.132  1.47967
  15.153  0.923803
  15.174  1.46231
  15.195  1.77786
  15.216  1.02894
  15.237  1.27136
  15.258  1.29574
  15.279  1.25275
  15.3  1.46244
  15.321  1.26876
  15.342  1.34762
  15.363  1.49757
  15.384  1.47117
  15.405  1.40909
  15.426  1.52411
  15.448  1.49575
  15.469  1.64381
  15.49  1.59634
  15.511  1.61938
  15.532  1.72646
  15.553  1.85427
  15.574  1.76574
  15.595  1.76751
  15.616  1.86281
  15.637  1.99412
  15.658  1.79467
  15.679  2.00416
  15.7  1.96138
  15.721  2.00583
  15.742  2.05178
  15.763  2.06959
  15.784  1.98163
  15.805  2.16413
  15.826  2.1626
  15.847  2.1795
  15.868  2.12897
  15.889  2.25196
  15.91  2.2877
  15.931  2.24109
  15.952  2.26715
  15.973  2.3415
  15.994  2.40638
  16.015  2.36318
  16.036  2.42099
  16.057  2.4253
  16.078  2.50119
  16.099  2.51543
  16.12  2.46601
  16.141  2.5035
  16.162  2.65384
  16.183  2.63679
  16.204  2.61488
  16.225  2.5973
  16.246  2.74283
  16.267  2.79722
  16.288  2.69799
  16.309  2.71926
  16.33  2.89336
  16.351  2.92808
  16.372  2.88633
  16.393  2.85238
  16.414  2.96013
  16.435  3.07913
  16.456  3.1045
  16.477  2.90979
  16.498  3.08111
  16.519  3.20589
  16.54  3.24353
  16.561  3.0707
  16.582  3.2116
  16.603  3.29519
  16.624  3.39921
  16.645  3.31554
  16.666  3.20578
  16.688  3.40309
  16.709  3.59098
  16.73  3.57194
  16.751  3.41824
  16.772  3.53297
  16.793  3.70374
  16.814  3.80379
  16.835  3.63414
  16.856  3.63661
  16.877  3.70278
  16.898  4.07524
  16.919  3.83787
  16.94  3.79282
  16.961  3.81228
  16.982  4.07368
  17.003  4.15541
  17.024  3.96322
  17.045  3.90834
  17.066  4.05961
  17.087  4.38151
  17.108  4.18477
  17.129  4.10806
  17.15  4.14351
  17.171  4.47827
  17.192  4.43213
  17.213  4.34774
  17.234  4.21598
  17.255  4.45273
  17.276  4.70207
  17.297  4.58484
  17.318  4.47855
  17.339  4.49502
  17.36  4.77408
  17.381  4.86208
  17.402  4.7523
  17.423  4.55377
  17.444  4.84482
  17.465  5.06486
  17.486  5.06494
  17.507  4.86588
  17.528  4.84478
  17.549  5.12223
  17.57  5.368
  17.591  5.19756
  17.612  4.89014
  17.633  5.30345
  17.654  5.41195
  17.675  5.65649
  17.696  5.20864
  17.717  5.17463
  17.738  5.63211
  17.759  5.93555
  17.78  5.64386
  17.801  5.25589
  17.822  5.72629
  17.843  5.92909
  17.864  6.20435
  17.885  5.60835
  17.906  5.52995
  17.928  6.21542
  17.949  6.38358
  17.97  6.0428
  17.991  5.68119
  18.012  6.23746
  18.033  6.46612
  18.054  6.72912
  18.075  6.0437
  18.096  6.05625
  18.117  6.60627
  18.138  6.90617
  18.159  6.54189
  18.18  6.19619
  18.201  6.69111
  18.222  6.91125
  18.243  7.30671
  18.264  6.48653
  18.285  6.67538
  18.306  7.05736
  18.327  7.47875
  18.348  7.06629
  18.369  6.86972
  18.39  7.12961
  18.411  7.38599
  18.432  7.8927
  18.453  6.99416
  18.474  7.35306
  18.495  7.51502
  18.516  8.05766
  18.537  7.64514
  18.558  7.64448
  18.579  7.61072
  18.6  7.90159
  18.621  8.58457
  18.642  7.63551
  18.663  8.02578
  18.684  7.9751
