  0.  0.
  11.97  4.654
  12.02  5.124
  12.06  0.6931
  21.92  5.124
  21.96  8.101
  22.01  8.531
  22.05  7.445
  22.1  4.615
  29.84  4.605
  29.89  8.318
  29.93  9.792
  29.97  10.53
  30.02  10.53
  30.06  9.963
  30.11  8.569
  30.15  6.17
  30.19  3.332
  35.56  1.609
  35.61  3.807
  35.65  5.308
  35.7  6.693
  35.74  7.863
  35.78  8.863
  35.83  9.567
  35.87  10.72
  35.92  11.43
  35.96  11.45
  36.  11.47
  36.05  11.5
  36.09  11.36
  36.14  10.74
  36.18  9.447
  36.22  8.354
  36.27  6.935
  36.31  5.394
  36.36  3.912
  36.4  2.303
  39.39  5.82
  39.44  7.653
  39.48  8.777
  39.53  9.358
  39.57  10.01
  39.61  10.48
  39.66  10.34
  39.7  10.6
  39.75  10.38
  39.79  10.54
  39.83  10.73
  39.88  10.42
  39.92  10.72
  39.97  10.88
  40.01  10.99
  40.05  11.22
  40.1  11.76
  40.14  12.39
  40.19  11.82
  40.23  11.22
  40.27  10.73
  40.32  10.28
  40.36  9.803
  40.41  9.26
  40.45  8.635
  40.49  8.182
  40.54  7.401
  40.58  6.896
  40.63  6.288
  40.67  5.1
  40.71  4.382
  40.76  3.912
  40.8  2.079
  40.85  0.6931
  42.12  10.34
  42.17  11.52
  42.21  11.41
  42.25  11.21
  42.3  10.99
  42.34  10.86
  42.39  10.51
  42.43  10.53
  42.47  10.37
  42.52  10.23
  42.56  10.37
  42.61  10.16
  42.65  10.12
  42.69  10.08
  42.74  9.812
  42.78  9.482
  42.83  9.501
  42.87  9.215
  42.91  8.873
  42.96  8.96
  43.  8.699
  43.05  8.243
  43.09  8.255
  43.13  8.053
  43.18  7.669
  43.22  7.666
  43.27  7.168
  43.31  6.59
  43.35  7.028
  43.4  5.9
  43.44  5.951
  43.49  5.817
  43.53  5.288
  43.57  5.22
  43.62  4.477
  43.66  3.871
  43.71  3.738
  43.75  3.466
  43.79  2.996
  43.84  0.
  43.88  2.079
  43.93  1.386
  43.97  0.
