  0.0000E+00  0.0000E+00  0.1695-123  0.0000E+00  0.0000E+00
  0.1197E+02  0.4654E+01  0.3503E+01  0.1296E+00  0.2907E+00
  0.1202E+02  0.5124E+01  0.3492E+01  0.1297E+00 -0.2321E+00
  0.1206E+02  0.6931E+00  0.3482E+01  0.1298E+00  0.3318E+00
  0.2192E+02  0.5124E+01  0.6778E+01  0.6507E-01  0.3326E+00
  0.2196E+02  0.8101E+01  0.6776E+01  0.6452E-01 -0.5486E-01
  0.2201E+02  0.8531E+01  0.6774E+01  0.6398E-01 -0.5847E-01
  0.2205E+02  0.7445E+01  0.6771E+01  0.6346E-01 -0.6211E-01
  0.2210E+02  0.4615E+01  0.6768E+01  0.6296E-01  0.1675E+00
  0.2984E+02  0.4605E+01  0.8076E+01 -0.1981E+00  0.1667E+00
  0.2989E+02  0.8318E+01  0.8067E+01 -0.1992E+00 -0.2229E+00
  0.2993E+02  0.9792E+01  0.8056E+01 -0.2003E+00 -0.2423E+00
  0.2997E+02  0.1053E+02  0.8045E+01 -0.2014E+00 -0.2615E+00
  0.3002E+02  0.1053E+02  0.8033E+01 -0.2025E+00 -0.2807E+00
  0.3006E+02  0.9963E+01  0.8021E+01 -0.2034E+00 -0.2996E+00
  0.3011E+02  0.8569E+01  0.8007E+01 -0.2044E+00 -0.3184E+00
  0.3015E+02  0.6170E+01  0.7993E+01 -0.2053E+00 -0.3370E+00
  0.3019E+02  0.3332E+01  0.7977E+01 -0.2061E+00 -0.2426E-03
  0.3556E+02  0.1609E+01  0.7991E+01  0.3473E+00  0.1190E-01
  0.3561E+02  0.3807E+01  0.8042E+01  0.3306E+00  0.1101E+01
  0.3565E+02  0.5308E+01  0.8088E+01  0.3135E+00  0.1007E+01
  0.3570E+02  0.6693E+01  0.8130E+01  0.2960E+00  0.9071E+00
  0.3574E+02  0.7863E+01  0.8168E+01  0.2782E+00  0.8031E+00
  0.3578E+02  0.8863E+01  0.8201E+01  0.2602E+00  0.6950E+00
  0.3583E+02  0.9567E+01  0.8229E+01  0.2420E+00  0.5835E+00
  0.3587E+02  0.1072E+02  0.8253E+01  0.2236E+00  0.4691E+00
  0.3592E+02  0.1143E+02  0.8271E+01  0.2051E+00  0.3525E+00
  0.3596E+02  0.1145E+02  0.8284E+01  0.1865E+00  0.2344E+00
  0.3600E+02  0.1147E+02  0.8291E+01  0.1679E+00  0.1154E+00
  0.3605E+02  0.1150E+02  0.8294E+01  0.1494E+00 -0.3686E-02
  0.3609E+02  0.1136E+02  0.8291E+01  0.1310E+00 -0.1223E+00
  0.3614E+02  0.1074E+02  0.8283E+01  0.1128E+00 -0.2396E+00
  0.3618E+02  0.9447E+01  0.8270E+01  0.9471E-01 -0.3551E+00
  0.3622E+02  0.8354E+01  0.8252E+01  0.7690E-01 -0.4680E+00
  0.3627E+02  0.6935E+01  0.8229E+01  0.5940E-01 -0.5778E+00
  0.3631E+02  0.5394E+01  0.8201E+01  0.4223E-01 -0.6838E+00
  0.3636E+02  0.3912E+01  0.8168E+01  0.2546E-01 -0.7857E+00
  0.3640E+02  0.2303E+01  0.8132E+01  0.9093E-02  0.5329E+00
  0.3939E+02  0.5820E+01  0.9787E+01 -0.5092E+00  0.5549E+00
  0.3944E+02  0.7653E+01  0.9817E+01 -0.5669E+00  0.6358E+00
  0.3948E+02  0.8777E+01  0.9843E+01 -0.6270E+00  0.5437E+00
  0.3953E+02  0.9358E+01  0.9865E+01 -0.6896E+00  0.4400E+00
  0.3957E+02  0.1001E+02  0.9882E+01 -0.7546E+00  0.3240E+00
  0.3961E+02  0.1048E+02  0.9893E+01 -0.8219E+00  0.1956E+00
  0.3966E+02  0.1034E+02  0.9899E+01 -0.8913E+00  0.5474E-01
  0.3970E+02  0.1060E+02  0.9898E+01 -0.9626E+00 -0.9847E-01
  0.3975E+02  0.1038E+02  0.9890E+01 -0.1036E+01 -0.2632E+00
  0.3979E+02  0.1054E+02  0.9875E+01 -0.1110E+01 -0.4389E+00
  0.3983E+02  0.1073E+02  0.9851E+01 -0.1186E+01 -0.6242E+00
  0.3988E+02  0.1042E+02  0.9820E+01 -0.1263E+01 -0.8179E+00
  0.3992E+02  0.1072E+02  0.9780E+01 -0.1340E+01 -0.1018E+01
  0.3997E+02  0.1088E+02  0.9730E+01 -0.1417E+01 -0.1223E+01
  0.4001E+02  0.1099E+02  0.9672E+01 -0.1494E+01 -0.1431E+01
  0.4005E+02  0.1122E+02  0.9604E+01 -0.1570E+01 -0.1639E+01
  0.4010E+02  0.1176E+02  0.9527E+01 -0.1645E+01 -0.1845E+01
  0.4014E+02  0.1239E+02  0.9442E+01 -0.1719E+01 -0.2046E+01
  0.4019E+02  0.1182E+02  0.9347E+01 -0.1790E+01 -0.2240E+01
  0.4023E+02  0.1122E+02  0.9245E+01 -0.1860E+01 -0.2424E+01
  0.4027E+02  0.1073E+02  0.9134E+01 -0.1926E+01 -0.2597E+01
  0.4032E+02  0.1028E+02  0.9016E+01 -0.1990E+01 -0.2757E+01
  0.4036E+02  0.9803E+01  0.8891E+01 -0.2050E+01 -0.2902E+01
  0.4041E+02  0.9260E+01  0.8761E+01 -0.2106E+01 -0.3029E+01
  0.4045E+02  0.8635E+01  0.8625E+01 -0.2158E+01 -0.3139E+01
  0.4049E+02  0.8182E+01  0.8484E+01 -0.2207E+01 -0.3230E+01
  0.4054E+02  0.7401E+01  0.8340E+01 -0.2251E+01 -0.3302E+01
  0.4058E+02  0.6896E+01  0.8194E+01 -0.2291E+01 -0.3352E+01
  0.4063E+02  0.6288E+01  0.8045E+01 -0.2327E+01 -0.3381E+01
  0.4067E+02  0.5100E+01  0.7896E+01 -0.2358E+01 -0.3386E+01
  0.4071E+02  0.4382E+01  0.7747E+01 -0.2385E+01 -0.3365E+01
  0.4076E+02  0.3912E+01  0.7600E+01 -0.2407E+01 -0.3317E+01
  0.4080E+02  0.2079E+01  0.7455E+01 -0.2424E+01 -0.3235E+01
  0.4085E+02  0.6931E+00  0.7315E+01 -0.2436E+01  0.2061E+01
  0.4212E+02  0.1034E+02  0.1018E+02 -0.1953E+01  0.2140E+01
  0.4217E+02  0.1152E+02  0.1014E+02 -0.2017E+01 -0.9236E+00
  0.4221E+02  0.1141E+02  0.1010E+02 -0.2084E+01 -0.1122E+01
  0.4225E+02  0.1121E+02  0.1004E+02 -0.2153E+01 -0.1302E+01
  0.4230E+02  0.1099E+02  0.9981E+01 -0.2223E+01 -0.1469E+01
  0.4234E+02  0.1086E+02  0.9913E+01 -0.2294E+01 -0.1629E+01
  0.4239E+02  0.1051E+02  0.9837E+01 -0.2367E+01 -0.1785E+01
  0.4243E+02  0.1053E+02  0.9755E+01 -0.2441E+01 -0.1939E+01
  0.4247E+02  0.1037E+02  0.9667E+01 -0.2516E+01 -0.2092E+01
  0.4252E+02  0.1023E+02  0.9571E+01 -0.2592E+01 -0.2247E+01
  0.4256E+02  0.1037E+02  0.9469E+01 -0.2667E+01 -0.2402E+01
  0.4261E+02  0.1016E+02  0.9360E+01 -0.2743E+01 -0.2559E+01
  0.4265E+02  0.1012E+02  0.9244E+01 -0.2818E+01 -0.2717E+01
  0.4269E+02  0.1008E+02  0.9120E+01 -0.2893E+01 -0.2875E+01
  0.4274E+02  0.9812E+01  0.8991E+01 -0.2966E+01 -0.3032E+01
  0.4278E+02  0.9482E+01  0.8854E+01 -0.3039E+01 -0.3186E+01
  0.4283E+02  0.9501E+01  0.8710E+01 -0.3109E+01 -0.3335E+01
  0.4287E+02  0.9215E+01  0.8560E+01 -0.3177E+01 -0.3479E+01
  0.4291E+02  0.8873E+01  0.8404E+01 -0.3243E+01 -0.3615E+01
  0.4296E+02  0.8960E+01  0.8242E+01 -0.3306E+01 -0.3742E+01
  0.4300E+02  0.8699E+01  0.8074E+01 -0.3365E+01 -0.3857E+01
  0.4305E+02  0.8243E+01  0.7902E+01 -0.3421E+01 -0.3960E+01
  0.4309E+02  0.8255E+01  0.7726E+01 -0.3474E+01 -0.4049E+01
  0.4313E+02  0.8053E+01  0.7546E+01 -0.3522E+01 -0.4123E+01
  0.4318E+02  0.7669E+01  0.7363E+01 -0.3567E+01 -0.4181E+01
  0.4322E+02  0.7666E+01  0.7178E+01 -0.3607E+01 -0.4222E+01
  0.4327E+02  0.7168E+01  0.6991E+01 -0.3643E+01 -0.4247E+01
  0.4331E+02  0.6590E+01  0.6804E+01 -0.3676E+01 -0.4255E+01
  0.4335E+02  0.7028E+01  0.6617E+01 -0.3704E+01 -0.4248E+01
  0.4340E+02  0.5900E+01  0.6430E+01 -0.3728E+01 -0.4225E+01
  0.4344E+02  0.5951E+01  0.6245E+01 -0.3749E+01 -0.4188E+01
  0.4349E+02  0.5817E+01  0.6062E+01 -0.3765E+01 -0.4138E+01
  0.4353E+02  0.5288E+01  0.5881E+01 -0.3779E+01 -0.4075E+01
  0.4357E+02  0.5220E+01  0.5703E+01 -0.3789E+01 -0.4002E+01
  0.4362E+02  0.4477E+01  0.5528E+01 -0.3797E+01 -0.3920E+01
  0.4366E+02  0.3871E+01  0.5358E+01 -0.3802E+01 -0.3830E+01
  0.4371E+02  0.3738E+01  0.5191E+01 -0.3804E+01 -0.3733E+01
  0.4375E+02  0.3466E+01  0.5029E+01 -0.3805E+01 -0.3631E+01
  0.4379E+02  0.2996E+01  0.4872E+01 -0.3803E+01 -0.3525E+01
  0.4384E+02  0.0000E+00  0.4718E+01 -0.3800E+01 -0.3417E+01
  0.4388E+02  0.2079E+01  0.4571E+01 -0.3795E+01 -0.3306E+01
  0.4393E+02  0.1386E+01  0.4428E+01 -0.3789E+01 -0.3195E+01
  0.4397E+02  0.0000E+00  0.4289E+01  0.0000E+00  0.0000E+00
