  0.0000E+00  0.0000E+00  0.6817E-03  0.0000E+00  0.0000E+00
  0.2263E+01  0.1609E+01  0.2337E+01  0.1164E+00  0.1027E+01
  0.2274E+01  0.2890E+01  0.2337E+01  0.1167E+00 -0.1570E-02
  0.2286E+01  0.1386E+01  0.2337E+01  0.1170E+00 -0.1285E-02
  0.2298E+01  0.2079E+01  0.2337E+01  0.1174E+00 -0.9202E-03
  0.2310E+01  0.2773E+01  0.2336E+01  0.1177E+00 -0.4702E-03
  0.2322E+01  0.2303E+01  0.2336E+01  0.1181E+00  0.7410E-04
  0.2334E+01  0.2485E+01  0.2337E+01  0.1185E+00  0.7218E-03
  0.2346E+01  0.2773E+01  0.2337E+01  0.1188E+00  0.1483E-02
  0.2358E+01  0.2079E+01  0.2337E+01  0.1192E+00  0.2368E-02
  0.2370E+01  0.2079E+01  0.2337E+01  0.1196E+00  0.3390E-02
  0.2382E+01  0.2079E+01  0.2337E+01  0.1200E+00  0.4561E-02
  0.2394E+01  0.3178E+01  0.2337E+01  0.1204E+00  0.5896E-02
  0.2406E+01  0.2639E+01  0.2337E+01  0.1209E+00  0.7410E-02
  0.2418E+01  0.2079E+01  0.2337E+01  0.1213E+00  0.1010E-01
  0.2442E+01  0.3689E+01  0.2337E+01  0.1222E+00  0.1334E-01
  0.2466E+01  0.2773E+01  0.2337E+01  0.1231E+00  0.1700E-01
  0.2478E+01  0.2079E+01  0.2338E+01  0.1236E+00  0.2133E-01
  0.2490E+01  0.1386E+01  0.2338E+01  0.1241E+00  0.2467E-01
  0.2502E+01  0.2890E+01  0.2338E+01  0.1246E+00  0.3272E-01
  0.2538E+01  0.2773E+01  0.2340E+01  0.1262E+00  0.4582E-01
  0.2586E+01  0.2485E+01  0.2342E+01  0.1286E+00  0.6141E-01
  0.2610E+01  0.6931E+00  0.2344E+01  0.1299E+00  0.1486E+01
  0.4010E+01  0.0000E+00  0.4459E+01  0.1873E+00  0.1501E+01
  0.4022E+01  0.1386E+01  0.4464E+01  0.1877E+00  0.3712E+00
  0.4046E+01  0.2197E+01  0.4473E+01  0.1889E+00  0.3565E+00
  0.4058E+01  0.3332E+01  0.4477E+01  0.1897E+00  0.3279E+00
  0.4082E+01  0.2079E+01  0.4484E+01  0.1915E+00  0.3138E+00
  0.4094E+01  0.2773E+01  0.4488E+01  0.1925E+00  0.2931E+00
  0.4106E+01  0.3466E+01  0.4491E+01  0.1937E+00  0.2794E+00
  0.4118E+01  0.2303E+01  0.4495E+01  0.1950E+00  0.2660E+00
  0.4130E+01  0.4382E+01  0.4498E+01  0.1964E+00  0.2526E+00
  0.4142E+01  0.4970E+01  0.4501E+01  0.1980E+00  0.2394E+00
  0.4154E+01  0.4277E+01  0.4503E+01  0.1997E+00  0.2264E+00
  0.4166E+01  0.4025E+01  0.4506E+01  0.2015E+00  0.2135E+00
  0.4178E+01  0.4290E+01  0.4509E+01  0.2035E+00  0.2007E+00
  0.4190E+01  0.4913E+01  0.4511E+01  0.2056E+00  0.1880E+00
  0.4202E+01  0.4277E+01  0.4513E+01  0.2079E+00  0.1756E+00
  0.4214E+01  0.5024E+01  0.4515E+01  0.2103E+00  0.1632E+00
  0.4226E+01  0.4625E+01  0.4517E+01  0.2129E+00  0.1511E+00
  0.4238E+01  0.5136E+01  0.4519E+01  0.2157E+00  0.1391E+00
  0.4250E+01  0.5124E+01  0.4520E+01  0.2187E+00  0.1273E+00
  0.4262E+01  0.5642E+01  0.4522E+01  0.2219E+00  0.1157E+00
  0.4274E+01  0.5412E+01  0.4523E+01  0.2252E+00  0.1043E+00
  0.4286E+01  0.5075E+01  0.4524E+01  0.2288E+00  0.9322E-01
  0.4298E+01  0.5481E+01  0.4525E+01  0.2326E+00  0.8236E-01
  0.4309E+01  0.5724E+01  0.4526E+01  0.2366E+00  0.7174E-01
  0.4322E+01  0.5717E+01  0.4527E+01  0.2409E+00  0.6146E-01
  0.4333E+01  0.5394E+01  0.4528E+01  0.2453E+00  0.5147E-01
  0.4345E+01  0.5733E+01  0.4528E+01  0.2501E+00  0.4188E-01
  0.4357E+01  0.5717E+01  0.4529E+01  0.2550E+00  0.3263E-01
  0.4369E+01  0.5996E+01  0.4529E+01  0.2603E+00  0.2384E-01
  0.4381E+01  0.5613E+01  0.4529E+01  0.2658E+00  0.1550E-01
  0.4393E+01  0.5298E+01  0.4529E+01  0.2716E+00  0.7610E-02
  0.4405E+01  0.5930E+01  0.4529E+01  0.2777E+00  0.2756E-03
  0.4417E+01  0.5864E+01  0.4529E+01  0.2841E+00 -0.6526E-02
  0.4429E+01  0.5951E+01  0.4529E+01  0.2908E+00 -0.1270E-01
  0.4441E+01  0.5642E+01  0.4529E+01  0.2978E+00 -0.1825E-01
  0.4453E+01  0.5598E+01  0.4529E+01  0.3052E+00 -0.2308E-01
  0.4465E+01  0.5886E+01  0.4529E+01  0.3129E+00 -0.2718E-01
  0.4477E+01  0.5375E+01  0.4528E+01  0.3208E+00 -0.3050E-01
  0.4489E+01  0.5749E+01  0.4528E+01  0.3293E+00 -0.3298E-01
  0.4501E+01  0.5793E+01  0.4527E+01  0.3380E+00 -0.3457E-01
  0.4513E+01  0.5829E+01  0.4527E+01  0.3472E+00 -0.3522E-01
  0.4525E+01  0.5583E+01  0.4527E+01  0.3566E+00 -0.3487E-01
  0.4537E+01  0.5338E+01  0.4526E+01  0.3666E+00 -0.3346E-01
  0.4549E+01  0.5220E+01  0.4526E+01  0.3769E+00 -0.3096E-01
  0.4561E+01  0.5215E+01  0.4525E+01  0.3876E+00 -0.2727E-01
  0.4573E+01  0.5606E+01  0.4525E+01  0.3987E+00 -0.2237E-01
  0.4585E+01  0.4883E+01  0.4525E+01  0.4103E+00 -0.1616E-01
  0.4597E+01  0.5481E+01  0.4525E+01  0.4223E+00 -0.8642E-02
  0.4609E+01  0.6931E+00  0.4525E+01  0.4347E+00  0.3143E-03
  0.4621E+01  0.4564E+01  0.4525E+01  0.4476E+00  0.1069E-01
  0.4633E+01  0.5481E+01  0.4525E+01  0.4609E+00  0.2257E-01
  0.4645E+01  0.4564E+01  0.4525E+01  0.4746E+00  0.3608E-01
  0.4657E+01  0.5215E+01  0.4526E+01  0.4889E+00  0.5114E-01
  0.4669E+01  0.2773E+01  0.4526E+01  0.5036E+00  0.6787E-01
  0.4681E+01  0.3951E+01  0.4527E+01  0.5186E+00  0.8639E-01
  0.4693E+01  0.4913E+01  0.4529E+01  0.5343E+00  0.1066E+00
  0.4705E+01  0.2773E+01  0.4530E+01  0.5504E+00  0.1287E+00
  0.4717E+01  0.3871E+01  0.4532E+01  0.5669E+00  0.1525E+00
  0.4729E+01  0.2773E+01  0.4534E+01  0.5838E+00  0.1783E+00
  0.4740E+01  0.4382E+01  0.4536E+01  0.6013E+00  0.2207E+00
  0.4764E+01  0.4159E+01  0.4542E+01  0.6374E+00  0.2678E+00
  0.4788E+01  0.1099E+01  0.4549E+01  0.6753E+00  0.3363E+00
  0.4812E+01  0.3178E+01  0.4558E+01  0.7147E+00  0.4771E+00
  0.4872E+01  0.2079E+01  0.4589E+01  0.8198E+00  0.5656E+00
  0.4896E+01  0.6931E+00  0.4605E+01  0.8638E+00  0.1542E+01
  0.5279E+01  0.0000E+00  0.5216E+01  0.1517E+01  0.1618E+01
  0.5291E+01  0.1386E+01  0.5244E+01  0.1530E+01  0.2324E+01
  0.5303E+01  0.2197E+01  0.5272E+01  0.1543E+01  0.2345E+01
  0.5315E+01  0.3332E+01  0.5300E+01  0.1555E+01  0.2364E+01
  0.5327E+01  0.2079E+01  0.5329E+01  0.1566E+01  0.2381E+01
  0.5339E+01  0.2773E+01  0.5357E+01  0.1577E+01  0.2395E+01
  0.5351E+01  0.3829E+01  0.5386E+01  0.1587E+01  0.2407E+01
  0.5363E+01  0.3689E+01  0.5415E+01  0.1596E+01  0.2416E+01
  0.5375E+01  0.4220E+01  0.5444E+01  0.1605E+01  0.2424E+01
  0.5387E+01  0.4111E+01  0.5473E+01  0.1613E+01  0.2429E+01
  0.5399E+01  0.4522E+01  0.5502E+01  0.1620E+01  0.2433E+01
  0.5411E+01  0.4718E+01  0.5531E+01  0.1627E+01  0.2434E+01
  0.5435E+01  0.3871E+01  0.5589E+01  0.1639E+01  0.2432E+01
  0.5447E+01  0.3871E+01  0.5618E+01  0.1644E+01  0.2427E+01
  0.5459E+01  0.4382E+01  0.5648E+01  0.1649E+01  0.2421E+01
  0.5471E+01  0.4718E+01  0.5676E+01  0.1653E+01  0.2414E+01
  0.5483E+01  0.5338E+01  0.5705E+01  0.1656E+01  0.2405E+01
  0.5495E+01  0.3829E+01  0.5734E+01  0.1659E+01  0.2394E+01
  0.5507E+01  0.4277E+01  0.5762E+01  0.1661E+01  0.2382E+01
  0.5519E+01  0.4564E+01  0.5791E+01  0.1663E+01  0.2368E+01
  0.5531E+01  0.4913E+01  0.5819E+01  0.1664E+01  0.2354E+01
  0.5543E+01  0.5472E+01  0.5847E+01  0.1665E+01  0.2338E+01
  0.5554E+01  0.5951E+01  0.5875E+01  0.1665E+01  0.2320E+01
  0.5566E+01  0.5215E+01  0.5903E+01  0.1665E+01  0.2302E+01
  0.5579E+01  0.4718E+01  0.5930E+01  0.1664E+01  0.2282E+01
  0.5590E+01  0.4025E+01  0.5957E+01  0.1663E+01  0.2262E+01
  0.5602E+01  0.5951E+01  0.5985E+01  0.1662E+01  0.2241E+01
  0.5614E+01  0.6140E+01  0.6011E+01  0.1660E+01  0.2218E+01
  0.5626E+01  0.6284E+01  0.6038E+01  0.1658E+01  0.2195E+01
  0.5638E+01  0.5170E+01  0.6064E+01  0.1656E+01  0.2171E+01
  0.5650E+01  0.5903E+01  0.6090E+01  0.1653E+01  0.2147E+01
  0.5662E+01  0.5749E+01  0.6115E+01  0.1650E+01  0.2121E+01
  0.5674E+01  0.6547E+01  0.6140E+01  0.1646E+01  0.2096E+01
  0.5686E+01  0.7093E+01  0.6165E+01  0.1642E+01  0.2069E+01
  0.5698E+01  0.6695E+01  0.6190E+01  0.1638E+01  0.2042E+01
  0.5710E+01  0.6888E+01  0.6214E+01  0.1634E+01  0.2015E+01
  0.5722E+01  0.6501E+01  0.6238E+01  0.1629E+01  0.1987E+01
  0.5734E+01  0.6908E+01  0.6262E+01  0.1625E+01  0.1959E+01
  0.5746E+01  0.6906E+01  0.6285E+01  0.1620E+01  0.1930E+01
  0.5758E+01  0.7095E+01  0.6308E+01  0.1614E+01  0.1901E+01
  0.5770E+01  0.7134E+01  0.6331E+01  0.1609E+01  0.1872E+01
  0.5782E+01  0.7278E+01  0.6353E+01  0.1603E+01  0.1843E+01
  0.5794E+01  0.6612E+01  0.6375E+01  0.1598E+01  0.1813E+01
  0.5806E+01  0.6805E+01  0.6396E+01  0.1592E+01  0.1784E+01
  0.5818E+01  0.7574E+01  0.6417E+01  0.1586E+01  0.1754E+01
  0.5830E+01  0.7037E+01  0.6438E+01  0.1579E+01  0.1724E+01
  0.5842E+01  0.7817E+01  0.6459E+01  0.1573E+01  0.1694E+01
  0.5854E+01  0.7430E+01  0.6479E+01  0.1567E+01  0.1664E+01
  0.5866E+01  0.7402E+01  0.6499E+01  0.1560E+01  0.1635E+01
  0.5878E+01  0.7699E+01  0.6518E+01  0.1554E+01  0.1605E+01
  0.5890E+01  0.7583E+01  0.6537E+01  0.1547E+01  0.1576E+01
  0.5902E+01  0.7194E+01  0.6556E+01  0.1540E+01  0.1546E+01
  0.5914E+01  0.7636E+01  0.6574E+01  0.1534E+01  0.1517E+01
  0.5926E+01  0.7796E+01  0.6592E+01  0.1527E+01  0.1488E+01
  0.5938E+01  0.7718E+01  0.6610E+01  0.1520E+01  0.1460E+01
  0.5950E+01  0.7610E+01  0.6627E+01  0.1513E+01  0.1432E+01
  0.5962E+01  0.7851E+01  0.6644E+01  0.1507E+01  0.1404E+01
  0.5973E+01  0.6944E+01  0.6661E+01  0.1500E+01  0.1376E+01
  0.5986E+01  0.7793E+01  0.6677E+01  0.1493E+01  0.1349E+01
  0.5998E+01  0.8263E+01  0.6693E+01  0.1486E+01  0.1323E+01
  0.6009E+01  0.7924E+01  0.6708E+01  0.1479E+01  0.1297E+01
  0.6021E+01  0.7845E+01  0.6724E+01  0.1473E+01  0.1272E+01
  0.6033E+01  0.7925E+01  0.6739E+01  0.1466E+01  0.1247E+01
  0.6045E+01  0.7583E+01  0.6754E+01  0.1460E+01  0.1222E+01
  0.6057E+01  0.7790E+01  0.6768E+01  0.1453E+01  0.1199E+01
  0.6069E+01  0.8169E+01  0.6782E+01  0.1447E+01  0.1176E+01
  0.6081E+01  0.7748E+01  0.6796E+01  0.1440E+01  0.1154E+01
  0.6093E+01  0.8023E+01  0.6810E+01  0.1434E+01  0.1133E+01
  0.6105E+01  0.7689E+01  0.6824E+01  0.1428E+01  0.1112E+01
  0.6117E+01  0.7800E+01  0.6837E+01  0.1422E+01  0.1092E+01
  0.6129E+01  0.7862E+01  0.6850E+01  0.1416E+01  0.1073E+01
  0.6141E+01  0.8239E+01  0.6862E+01  0.1410E+01  0.1056E+01
  0.6153E+01  0.7256E+01  0.6875E+01  0.1404E+01  0.1038E+01
  0.6165E+01  0.7988E+01  0.6887E+01  0.1399E+01  0.1022E+01
  0.6177E+01  0.7489E+01  0.6899E+01  0.1393E+01  0.1007E+01
  0.6189E+01  0.8111E+01  0.6911E+01  0.1388E+01  0.9930E+00
  0.6201E+01  0.7301E+01  0.6923E+01  0.1382E+01  0.9798E+00
  0.6213E+01  0.7621E+01  0.6935E+01  0.1377E+01  0.9677E+00
  0.6225E+01  0.7674E+01  0.6946E+01  0.1372E+01  0.9566E+00
  0.6237E+01  0.7197E+01  0.6958E+01  0.1368E+01  0.9466E+00
  0.6249E+01  0.7445E+01  0.6969E+01  0.1363E+01  0.9376E+00
  0.6261E+01  0.7771E+01  0.6980E+01  0.1358E+01  0.9297E+00
  0.6273E+01  0.7317E+01  0.6991E+01  0.1354E+01  0.9229E+00
  0.6285E+01  0.7568E+01  0.7002E+01  0.1350E+01  0.9173E+00
  0.6297E+01  0.7294E+01  0.7013E+01  0.1346E+01  0.9127E+00
  0.6309E+01  0.7203E+01  0.7024E+01  0.1342E+01  0.9093E+00
  0.6321E+01  0.7472E+01  0.7035E+01  0.1338E+01  0.9069E+00
  0.6333E+01  0.6601E+01  0.7046E+01  0.1335E+01  0.9057E+00
  0.6345E+01  0.7049E+01  0.7057E+01  0.1331E+01  0.9056E+00
  0.6357E+01  0.7124E+01  0.7068E+01  0.1328E+01  0.9066E+00
  0.6369E+01  0.6498E+01  0.7078E+01  0.1325E+01  0.9086E+00
  0.6380E+01  0.7294E+01  0.7089E+01  0.1322E+01  0.9118E+00
  0.6393E+01  0.6545E+01  0.7100E+01  0.1319E+01  0.9159E+00
  0.6404E+01  0.6979E+01  0.7111E+01  0.1316E+01  0.9212E+00
  0.6416E+01  0.6773E+01  0.7122E+01  0.1314E+01  0.9274E+00
  0.6428E+01  0.5412E+01  0.7133E+01  0.1311E+01  0.9346E+00
  0.6440E+01  0.7030E+01  0.7145E+01  0.1309E+01  0.9429E+00
  0.6452E+01  0.6144E+01  0.7156E+01  0.1307E+01  0.9520E+00
  0.6464E+01  0.6498E+01  0.7167E+01  0.1305E+01  0.9621E+00
  0.6476E+01  0.4025E+01  0.7179E+01  0.1303E+01  0.9730E+00
  0.6488E+01  0.6816E+01  0.7191E+01  0.1301E+01  0.9848E+00
  0.6500E+01  0.5257E+01  0.7203E+01  0.1300E+01  0.9974E+00
  0.6512E+01  0.5817E+01  0.7215E+01  0.1298E+01  0.1011E+01
  0.6524E+01  0.4025E+01  0.7227E+01  0.1297E+01  0.1025E+01
  0.6536E+01  0.7122E+01  0.7239E+01  0.1296E+01  0.1040E+01
  0.6548E+01  0.6998E+01  0.7252E+01  0.1295E+01  0.1055E+01
  0.6560E+01  0.6375E+01  0.7264E+01  0.1294E+01  0.1071E+01
  0.6572E+01  0.5940E+01  0.7277E+01  0.1293E+01  0.1087E+01
  0.6584E+01  0.6089E+01  0.7290E+01  0.1292E+01  0.1105E+01
  0.6596E+01  0.5412E+01  0.7304E+01  0.1291E+01  0.1122E+01
  0.6608E+01  0.5940E+01  0.7317E+01  0.1290E+01  0.1140E+01
  0.6620E+01  0.5930E+01  0.7331E+01  0.1290E+01  0.1158E+01
  0.6632E+01  0.7629E+01  0.7345E+01  0.1289E+01  0.1177E+01
  0.6644E+01  0.7211E+01  0.7359E+01  0.1289E+01  0.1195E+01
  0.6656E+01  0.6579E+01  0.7374E+01  0.1288E+01  0.1214E+01
  0.6668E+01  0.6545E+01  0.7388E+01  0.1288E+01  0.1233E+01
  0.6680E+01  0.6142E+01  0.7403E+01  0.1287E+01  0.1252E+01
  0.6692E+01  0.6439E+01  0.7418E+01  0.1287E+01  0.1272E+01
  0.6704E+01  0.6105E+01  0.7434E+01  0.1287E+01  0.1291E+01
  0.6716E+01  0.7297E+01  0.7449E+01  0.1286E+01  0.1310E+01
  0.6728E+01  0.8430E+01  0.7465E+01  0.1286E+01  0.1329E+01
  0.6740E+01  0.7731E+01  0.7481E+01  0.1286E+01  0.1347E+01
  0.6752E+01  0.7341E+01  0.7497E+01  0.1285E+01  0.1366E+01
  0.6764E+01  0.6798E+01  0.7514E+01  0.1285E+01  0.1384E+01
  0.6776E+01  0.6620E+01  0.7530E+01  0.1285E+01  0.1402E+01
  0.6787E+01  0.6360E+01  0.7547E+01  0.1284E+01  0.1419E+01
  0.6800E+01  0.6011E+01  0.7564E+01  0.1284E+01  0.1436E+01
  0.6812E+01  0.8574E+01  0.7582E+01  0.1283E+01  0.1452E+01
  0.6823E+01  0.8454E+01  0.7599E+01  0.1283E+01  0.1468E+01
  0.6835E+01  0.7652E+01  0.7617E+01  0.1282E+01  0.1484E+01
  0.6847E+01  0.6207E+01  0.7635E+01  0.1281E+01  0.1498E+01
  0.6859E+01  0.6174E+01  0.7653E+01  0.1280E+01  0.1512E+01
  0.6871E+01  0.5897E+01  0.7671E+01  0.1280E+01  0.1526E+01
  0.6883E+01  0.6284E+01  0.7689E+01  0.1279E+01  0.1538E+01
  0.6895E+01  0.8454E+01  0.7708E+01  0.1278E+01  0.1550E+01
  0.6907E+01  0.9128E+01  0.7726E+01  0.1276E+01  0.1561E+01
  0.6919E+01  0.8104E+01  0.7745E+01  0.1275E+01  0.1572E+01
  0.6931E+01  0.6280E+01  0.7764E+01  0.1274E+01  0.1581E+01
  0.6943E+01  0.6820E+01  0.7783E+01  0.1272E+01  0.1590E+01
  0.6955E+01  0.6712E+01  0.7802E+01  0.1271E+01  0.1597E+01
  0.6967E+01  0.6833E+01  0.7821E+01  0.1269E+01  0.1604E+01
  0.6979E+01  0.8360E+01  0.7840E+01  0.1267E+01  0.1610E+01
  0.6991E+01  0.9094E+01  0.7860E+01  0.1265E+01  0.1615E+01
  0.7003E+01  0.8492E+01  0.7879E+01  0.1263E+01  0.1619E+01
  0.7015E+01  0.6773E+01  0.7898E+01  0.1260E+01  0.1622E+01
  0.7027E+01  0.7090E+01  0.7918E+01  0.1258E+01  0.1624E+01
  0.7039E+01  0.7659E+01  0.7937E+01  0.1255E+01  0.1625E+01
  0.7051E+01  0.7383E+01  0.7957E+01  0.1252E+01  0.1625E+01
  0.7063E+01  0.8645E+01  0.7976E+01  0.1249E+01  0.1624E+01
  0.7075E+01  0.9051E+01  0.7996E+01  0.1246E+01  0.1623E+01
  0.7087E+01  0.8958E+01  0.8015E+01  0.1243E+01  0.1620E+01
  0.7099E+01  0.7840E+01  0.8035E+01  0.1239E+01  0.1616E+01
  0.7111E+01  0.8306E+01  0.8054E+01  0.1236E+01  0.1612E+01
  0.7123E+01  0.8508E+01  0.8073E+01  0.1232E+01  0.1606E+01
  0.7135E+01  0.8429E+01  0.8092E+01  0.1228E+01  0.1600E+01
  0.7147E+01  0.8900E+01  0.8111E+01  0.1223E+01  0.1592E+01
  0.7159E+01  0.9291E+01  0.8130E+01  0.1219E+01  0.1584E+01
  0.7171E+01  0.9217E+01  0.8149E+01  0.1214E+01  0.1575E+01
  0.7183E+01  0.8668E+01  0.8168E+01  0.1209E+01  0.1565E+01
  0.7195E+01  0.8520E+01  0.8187E+01  0.1204E+01  0.1555E+01
  0.7207E+01  0.9066E+01  0.8205E+01  0.1199E+01  0.1543E+01
  0.7219E+01  0.8791E+01  0.8224E+01  0.1194E+01  0.1531E+01
  0.7230E+01  0.9268E+01  0.8242E+01  0.1188E+01  0.1519E+01
  0.7242E+01  0.9254E+01  0.8260E+01  0.1183E+01  0.1505E+01
  0.7254E+01  0.9501E+01  0.8278E+01  0.1177E+01  0.1491E+01
  0.7266E+01  0.9024E+01  0.8296E+01  0.1170E+01  0.1476E+01
  0.7278E+01  0.8982E+01  0.8313E+01  0.1164E+01  0.1461E+01
  0.7290E+01  0.9111E+01  0.8331E+01  0.1158E+01  0.1445E+01
  0.7302E+01  0.9039E+01  0.8348E+01  0.1151E+01  0.1428E+01
  0.7314E+01  0.9149E+01  0.8365E+01  0.1144E+01  0.1411E+01
  0.7326E+01  0.9413E+01  0.8382E+01  0.1137E+01  0.1394E+01
  0.7338E+01  0.9391E+01  0.8398E+01  0.1130E+01  0.1376E+01
  0.7350E+01  0.9192E+01  0.8415E+01  0.1122E+01  0.1358E+01
  0.7362E+01  0.9041E+01  0.8431E+01  0.1115E+01  0.1339E+01
  0.7374E+01  0.9103E+01  0.8447E+01  0.1107E+01  0.1320E+01
  0.7386E+01  0.8649E+01  0.8462E+01  0.1099E+01  0.1301E+01
  0.7398E+01  0.9403E+01  0.8478E+01  0.1091E+01  0.1281E+01
  0.7410E+01  0.9375E+01  0.8493E+01  0.1083E+01  0.1262E+01
  0.7422E+01  0.9244E+01  0.8508E+01  0.1075E+01  0.1242E+01
  0.7434E+01  0.9179E+01  0.8523E+01  0.1066E+01  0.1222E+01
  0.7446E+01  0.8794E+01  0.8537E+01  0.1057E+01  0.1202E+01
  0.7458E+01  0.9212E+01  0.8552E+01  0.1049E+01  0.1181E+01
  0.7470E+01  0.8688E+01  0.8566E+01  0.1040E+01  0.1161E+01
  0.7482E+01  0.9244E+01  0.8579E+01  0.1030E+01  0.1141E+01
  0.7494E+01  0.9258E+01  0.8593E+01  0.1021E+01  0.1120E+01
  0.7506E+01  0.9240E+01  0.8606E+01  0.1012E+01  0.1100E+01
  0.7518E+01  0.8748E+01  0.8619E+01  0.1002E+01  0.1080E+01
  0.7530E+01  0.8854E+01  0.8632E+01  0.9928E+00  0.1060E+01
  0.7542E+01  0.8716E+01  0.8645E+01  0.9830E+00  0.1040E+01
  0.7554E+01  0.8586E+01  0.8657E+01  0.9731E+00  0.1020E+01
  0.7566E+01  0.9357E+01  0.8669E+01  0.9632E+00  0.1000E+01
  0.7578E+01  0.8927E+01  0.8681E+01  0.9532E+00  0.9808E+00
  0.7590E+01  0.8992E+01  0.8693E+01  0.9430E+00  0.9615E+00
  0.7602E+01  0.8376E+01  0.8704E+01  0.9328E+00  0.9424E+00
  0.7614E+01  0.8890E+01  0.8715E+01  0.9225E+00  0.9235E+00
  0.7626E+01  0.7984E+01  0.8726E+01  0.9120E+00  0.9049E+00
  0.7637E+01  0.9351E+01  0.8737E+01  0.9015E+00  0.8865E+00
  0.7649E+01  0.8468E+01  0.8747E+01  0.8909E+00  0.8685E+00
  0.7661E+01  0.9024E+01  0.8758E+01  0.8803E+00  0.8506E+00
  0.7673E+01  0.8629E+01  0.8768E+01  0.8696E+00  0.8332E+00
  0.7685E+01  0.8251E+01  0.8778E+01  0.8588E+00  0.8160E+00
  0.7697E+01  0.9156E+01  0.8787E+01  0.8480E+00  0.7991E+00
  0.7709E+01  0.7859E+01  0.8797E+01  0.8371E+00  0.7826E+00
  0.7721E+01  0.9339E+01  0.8806E+01  0.8262E+00  0.7664E+00
  0.7733E+01  0.8708E+01  0.8815E+01  0.8152E+00  0.7505E+00
  0.7745E+01  0.8254E+01  0.8824E+01  0.8042E+00  0.7350E+00
  0.7757E+01  0.9021E+01  0.8833E+01  0.7931E+00  0.7197E+00
  0.7769E+01  0.8071E+01  0.8841E+01  0.7820E+00  0.7049E+00
  0.7781E+01  0.9464E+01  0.8849E+01  0.7709E+00  0.6903E+00
  0.7793E+01  0.8027E+01  0.8858E+01  0.7597E+00  0.6762E+00
  0.7805E+01  0.8618E+01  0.8866E+01  0.7485E+00  0.6623E+00
  0.7817E+01  0.8705E+01  0.8873E+01  0.7374E+00  0.6488E+00
  0.7829E+01  0.9273E+01  0.8881E+01  0.7261E+00  0.6356E+00
  0.7841E+01  0.8677E+01  0.8889E+01  0.7148E+00  0.6227E+00
  0.7853E+01  0.8838E+01  0.8896E+01  0.7036E+00  0.6102E+00
  0.7865E+01  0.8866E+01  0.8903E+01  0.6924E+00  0.5979E+00
  0.7877E+01  0.8652E+01  0.8910E+01  0.6811E+00  0.5860E+00
  0.7889E+01  0.8053E+01  0.8917E+01  0.6698E+00  0.5744E+00
  0.7901E+01  0.8975E+01  0.8924E+01  0.6586E+00  0.5630E+00
  0.7913E+01  0.8792E+01  0.8931E+01  0.6473E+00  0.5519E+00
  0.7925E+01  0.9456E+01  0.8937E+01  0.6360E+00  0.5410E+00
  0.7937E+01  0.8758E+01  0.8944E+01  0.6247E+00  0.5305E+00
  0.7949E+01  0.8775E+01  0.8950E+01  0.6135E+00  0.5201E+00
  0.7961E+01  0.9184E+01  0.8956E+01  0.6022E+00  0.5101E+00
  0.7973E+01  0.8929E+01  0.8962E+01  0.5909E+00  0.5002E+00
  0.7985E+01  0.8623E+01  0.8968E+01  0.5798E+00  0.4906E+00
  0.7997E+01  0.8885E+01  0.8974E+01  0.5685E+00  0.4811E+00
  0.8009E+01  0.9017E+01  0.8980E+01  0.5573E+00  0.4719E+00
  0.8021E+01  0.9480E+01  0.8985E+01  0.5461E+00  0.4628E+00
  0.8033E+01  0.8833E+01  0.8991E+01  0.5350E+00  0.4539E+00
  0.8044E+01  0.9152E+01  0.8996E+01  0.5238E+00  0.4451E+00
  0.8056E+01  0.9566E+01  0.9001E+01  0.5127E+00  0.4366E+00
  0.8068E+01  0.8388E+01  0.9007E+01  0.5016E+00  0.4281E+00
  0.8080E+01  0.8885E+01  0.9012E+01  0.4905E+00  0.4197E+00
  0.8092E+01  0.8753E+01  0.9017E+01  0.4794E+00  0.4115E+00
  0.8104E+01  0.9509E+01  0.9022E+01  0.4684E+00  0.4034E+00
  0.8116E+01  0.9533E+01  0.9026E+01  0.4574E+00  0.3953E+00
  0.8128E+01  0.8871E+01  0.9031E+01  0.4463E+00  0.3873E+00
  0.8140E+01  0.9671E+01  0.9036E+01  0.4353E+00  0.3795E+00
  0.8152E+01  0.9274E+01  0.9040E+01  0.4244E+00  0.3716E+00
  0.8164E+01  0.8783E+01  0.9045E+01  0.4134E+00  0.3638E+00
  0.8176E+01  0.9186E+01  0.9049E+01  0.4025E+00  0.3561E+00
  0.8188E+01  0.8898E+01  0.9053E+01  0.3916E+00  0.3484E+00
  0.8200E+01  0.9660E+01  0.9057E+01  0.3807E+00  0.3407E+00
  0.8212E+01  0.9586E+01  0.9061E+01  0.3698E+00  0.3330E+00
  0.8224E+01  0.9421E+01  0.9065E+01  0.3589E+00  0.3254E+00
  0.8236E+01  0.9703E+01  0.9069E+01  0.3481E+00  0.3177E+00
  0.8248E+01  0.9101E+01  0.9073E+01  0.3372E+00  0.3101E+00
  0.8260E+01  0.9499E+01  0.9076E+01  0.3264E+00  0.3024E+00
  0.8272E+01  0.8985E+01  0.9080E+01  0.3156E+00  0.2947E+00
  0.8284E+01  0.8788E+01  0.9083E+01  0.3048E+00  0.2870E+00
  0.8296E+01  0.1004E+02  0.9087E+01  0.2940E+00  0.2793E+00
  0.8308E+01  0.9166E+01  0.9090E+01  0.2832E+00  0.2715E+00
  0.8320E+01  0.9693E+01  0.9093E+01  0.2725E+00  0.2637E+00
  0.8332E+01  0.9699E+01  0.9096E+01  0.2617E+00  0.2559E+00
  0.8344E+01  0.9067E+01  0.9100E+01  0.2509E+00  0.2480E+00
  0.8356E+01  0.8705E+01  0.9102E+01  0.2402E+00  0.2401E+00
  0.8368E+01  0.8833E+01  0.9105E+01  0.2294E+00  0.2321E+00
  0.8380E+01  0.8927E+01  0.9108E+01  0.2186E+00  0.2241E+00
  0.8392E+01  0.1017E+02  0.9111E+01  0.2078E+00  0.2160E+00
  0.8404E+01  0.8506E+01  0.9113E+01  0.1970E+00  0.2078E+00
  0.8416E+01  0.1000E+02  0.9116E+01  0.1862E+00  0.1996E+00
  0.8428E+01  0.8700E+01  0.9118E+01  0.1754E+00  0.1914E+00
  0.8440E+01  0.8704E+01  0.9120E+01  0.1646E+00  0.1831E+00
  0.8451E+01  0.8167E+01  0.9122E+01  0.1538E+00  0.1747E+00
  0.8463E+01  0.8951E+01  0.9124E+01  0.1429E+00  0.1663E+00
  0.8475E+01  0.1022E+02  0.9126E+01  0.1321E+00  0.1577E+00
  0.8487E+01  0.7934E+01  0.9128E+01  0.1212E+00  0.1492E+00
  0.8499E+01  0.9970E+01  0.9130E+01  0.1103E+00  0.1405E+00
  0.8511E+01  0.8991E+01  0.9132E+01  0.9933E-01  0.1318E+00
  0.8523E+01  0.8898E+01  0.9133E+01  0.8844E-01  0.1231E+00
  0.8535E+01  0.8162E+01  0.9134E+01  0.7744E-01  0.1142E+00
  0.8547E+01  0.8805E+01  0.9136E+01  0.6640E-01  0.1054E+00
  0.8559E+01  0.1038E+02  0.9137E+01  0.5541E-01  0.9638E-01
  0.8571E+01  0.8092E+01  0.9138E+01  0.4431E-01  0.8737E-01
  0.8583E+01  0.1024E+02  0.9139E+01  0.3316E-01  0.7826E-01
  0.8595E+01  0.8994E+01  0.9140E+01  0.2197E-01  0.6912E-01
  0.8607E+01  0.9967E+01  0.9141E+01  0.1084E-01  0.5987E-01
  0.8619E+01  0.7464E+01  0.9141E+01 -0.4296E-03  0.5060E-01
  0.8631E+01  0.1093E+02  0.9142E+01 -0.1175E-01  0.4126E-01
  0.8643E+01  0.7872E+01  0.9142E+01 -0.2302E-01  0.3181E-01
  0.8655E+01  0.1021E+02  0.9143E+01 -0.3443E-01  0.2234E-01
  0.8667E+01  0.9219E+01  0.9143E+01 -0.4590E-01  0.1276E-01
  0.8679E+01  0.9453E+01  0.9143E+01 -0.5742E-01  0.3149E-02
  0.8691E+01  0.9901E+01  0.9143E+01 -0.6890E-01 -0.6569E-02
  0.8703E+01  0.8898E+01  0.9143E+01 -0.8054E-01 -0.1632E-01
  0.8715E+01  0.1055E+02  0.9143E+01 -0.9224E-01 -0.2613E-01
  0.8727E+01  0.9409E+01  0.9142E+01 -0.1039E+00 -0.3606E-01
  0.8739E+01  0.9153E+01  0.9142E+01 -0.1157E+00 -0.4602E-01
  0.8751E+01  0.9281E+01  0.9141E+01 -0.1276E+00 -0.5610E-01
  0.8763E+01  0.9813E+01  0.9140E+01 -0.1396E+00 -0.6621E-01
  0.8775E+01  0.9494E+01  0.9140E+01 -0.1515E+00 -0.7645E-01
  0.8787E+01  0.9851E+01  0.9139E+01 -0.1636E+00 -0.8672E-01
  0.8799E+01  0.9291E+01  0.9137E+01 -0.1758E+00 -0.9707E-01
  0.8811E+01  0.9082E+01  0.9136E+01 -0.1879E+00 -0.1075E+00
  0.8823E+01  0.9288E+01  0.9135E+01 -0.2002E+00 -0.1181E+00
  0.8835E+01  0.9743E+01  0.9133E+01 -0.2126E+00 -0.1287E+00
  0.8847E+01  0.9452E+01  0.9132E+01 -0.2250E+00 -0.1394E+00
  0.8858E+01  0.9039E+01  0.9130E+01 -0.2376E+00 -0.1502E+00
  0.8870E+01  0.9181E+01  0.9128E+01 -0.2502E+00 -0.1611E+00
  0.8883E+01  0.8997E+01  0.9126E+01 -0.2630E+00 -0.1721E+00
  0.8894E+01  0.9122E+01  0.9124E+01 -0.2757E+00 -0.1833E+00
  0.8906E+01  0.9356E+01  0.9122E+01 -0.2886E+00 -0.1945E+00
  0.8918E+01  0.9026E+01  0.9119E+01 -0.3016E+00 -0.2058E+00
  0.8930E+01  0.8936E+01  0.9117E+01 -0.3146E+00 -0.2173E+00
  0.8942E+01  0.8995E+01  0.9114E+01 -0.3277E+00 -0.2288E+00
  0.8954E+01  0.8934E+01  0.9111E+01 -0.3410E+00 -0.2405E+00
  0.8966E+01  0.8969E+01  0.9108E+01 -0.3544E+00 -0.2523E+00
  0.8978E+01  0.8571E+01  0.9105E+01 -0.3677E+00 -0.2642E+00
  0.8990E+01  0.9092E+01  0.9102E+01 -0.3813E+00 -0.2763E+00
  0.9002E+01  0.8633E+01  0.9099E+01 -0.3949E+00 -0.2885E+00
  0.9014E+01  0.8463E+01  0.9095E+01 -0.4086E+00 -0.3008E+00
  0.9026E+01  0.8885E+01  0.9092E+01 -0.4224E+00 -0.3133E+00
  0.9038E+01  0.8917E+01  0.9088E+01 -0.4363E+00 -0.3259E+00
  0.9050E+01  0.8811E+01  0.9084E+01 -0.4504E+00 -0.3387E+00
  0.9062E+01  0.9709E+01  0.9080E+01 -0.4644E+00 -0.3516E+00
  0.9074E+01  0.8151E+01  0.9075E+01 -0.4787E+00 -0.3647E+00
  0.9086E+01  0.9760E+01  0.9071E+01 -0.4930E+00 -0.3779E+00
  0.9098E+01  0.8696E+01  0.9066E+01 -0.5073E+00 -0.3913E+00
  0.9110E+01  0.8953E+01  0.9062E+01 -0.5219E+00 -0.4049E+00
  0.9122E+01  0.9701E+01  0.9057E+01 -0.5365E+00 -0.4187E+00
  0.9134E+01  0.9011E+01  0.9051E+01 -0.5513E+00 -0.4325E+00
  0.9146E+01  0.9815E+01  0.9046E+01 -0.5660E+00 -0.4467E+00
  0.9158E+01  0.9317E+01  0.9041E+01 -0.5809E+00 -0.4609E+00
  0.9170E+01  0.8728E+01  0.9035E+01 -0.5960E+00 -0.4753E+00
  0.9182E+01  0.8564E+01  0.9029E+01 -0.6110E+00 -0.4900E+00
  0.9194E+01  0.9671E+01  0.9023E+01 -0.6263E+00 -0.5048E+00
  0.9206E+01  0.9135E+01  0.9017E+01 -0.6416E+00 -0.5198E+00
  0.9218E+01  0.9959E+01  0.9011E+01 -0.6569E+00 -0.5350E+00
  0.9230E+01  0.8888E+01  0.9005E+01 -0.6725E+00 -0.5503E+00
  0.9242E+01  0.9036E+01  0.8998E+01 -0.6882E+00 -0.5660E+00
  0.9254E+01  0.9172E+01  0.8991E+01 -0.7039E+00 -0.5817E+00
  0.9265E+01  0.8870E+01  0.8984E+01 -0.7196E+00 -0.5977E+00
  0.9277E+01  0.9350E+01  0.8977E+01 -0.7356E+00 -0.6138E+00
  0.9290E+01  0.9712E+01  0.8969E+01 -0.7516E+00 -0.6302E+00
  0.9301E+01  0.9608E+01  0.8962E+01 -0.7676E+00 -0.6468E+00
  0.9313E+01  0.8587E+01  0.8954E+01 -0.7839E+00 -0.6635E+00
  0.9325E+01  0.9290E+01  0.8946E+01 -0.8002E+00 -0.6805E+00
  0.9337E+01  0.9329E+01  0.8937E+01 -0.8166E+00 -0.6976E+00
  0.9349E+01  0.9034E+01  0.8929E+01 -0.8330E+00 -0.7150E+00
  0.9361E+01  0.9194E+01  0.8920E+01 -0.8496E+00 -0.7325E+00
  0.9373E+01  0.9468E+01  0.8911E+01 -0.8663E+00 -0.7502E+00
  0.9385E+01  0.8771E+01  0.8902E+01 -0.8829E+00 -0.7682E+00
  0.9397E+01  0.9407E+01  0.8893E+01 -0.8997E+00 -0.7863E+00
  0.9409E+01  0.9500E+01  0.8884E+01 -0.9167E+00 -0.8046E+00
  0.9421E+01  0.8868E+01  0.8874E+01 -0.9337E+00 -0.8231E+00
  0.9433E+01  0.9235E+01  0.8864E+01 -0.9506E+00 -0.8418E+00
  0.9445E+01  0.9119E+01  0.8854E+01 -0.9678E+00 -0.8607E+00
  0.9457E+01  0.8566E+01  0.8843E+01 -0.9850E+00 -0.8797E+00
  0.9469E+01  0.9383E+01  0.8833E+01 -0.1002E+01 -0.8990E+00
  0.9481E+01  0.9213E+01  0.8822E+01 -0.1020E+01 -0.9184E+00
  0.9493E+01  0.9084E+01  0.8811E+01 -0.1037E+01 -0.9381E+00
  0.9505E+01  0.9403E+01  0.8799E+01 -0.1055E+01 -0.9578E+00
  0.9517E+01  0.8878E+01  0.8788E+01 -0.1072E+01 -0.9778E+00
  0.9529E+01  0.9064E+01  0.8776E+01 -0.1090E+01 -0.9979E+00
  0.9541E+01  0.8658E+01  0.8764E+01 -0.1107E+01 -0.1018E+01
  0.9553E+01  0.8737E+01  0.8751E+01 -0.1125E+01 -0.1039E+01
  0.9565E+01  0.9236E+01  0.8739E+01 -0.1143E+01 -0.1059E+01
  0.9577E+01  0.9296E+01  0.8726E+01 -0.1161E+01 -0.1080E+01
  0.9589E+01  0.8907E+01  0.8713E+01 -0.1178E+01 -0.1101E+01
  0.9601E+01  0.9363E+01  0.8700E+01 -0.1196E+01 -0.1122E+01
  0.9613E+01  0.9076E+01  0.8686E+01 -0.1214E+01 -0.1143E+01
  0.9625E+01  0.8746E+01  0.8672E+01 -0.1232E+01 -0.1164E+01
  0.9637E+01  0.8694E+01  0.8658E+01 -0.1250E+01 -0.1186E+01
  0.9649E+01  0.8324E+01  0.8644E+01 -0.1268E+01 -0.1208E+01
  0.9661E+01  0.9177E+01  0.8629E+01 -0.1286E+01 -0.1229E+01
  0.9672E+01  0.9270E+01  0.8615E+01 -0.1304E+01 -0.1251E+01
  0.9684E+01  0.8688E+01  0.8599E+01 -0.1322E+01 -0.1273E+01
  0.9697E+01  0.9288E+01  0.8584E+01 -0.1340E+01 -0.1295E+01
  0.9708E+01  0.8860E+01  0.8568E+01 -0.1359E+01 -0.1317E+01
  0.9720E+01  0.8448E+01  0.8553E+01 -0.1377E+01 -0.1340E+01
  0.9732E+01  0.8382E+01  0.8536E+01 -0.1395E+01 -0.1362E+01
  0.9744E+01  0.8364E+01  0.8520E+01 -0.1413E+01 -0.1384E+01
  0.9756E+01  0.9091E+01  0.8503E+01 -0.1431E+01 -0.1407E+01
  0.9768E+01  0.9266E+01  0.8486E+01 -0.1449E+01 -0.1429E+01
  0.9780E+01  0.8387E+01  0.8469E+01 -0.1467E+01 -0.1452E+01
  0.9792E+01  0.9169E+01  0.8451E+01 -0.1485E+01 -0.1475E+01
  0.9804E+01  0.8763E+01  0.8434E+01 -0.1503E+01 -0.1498E+01
  0.9816E+01  0.8154E+01  0.8416E+01 -0.1521E+01 -0.1521E+01
  0.9828E+01  0.8184E+01  0.8397E+01 -0.1539E+01 -0.1544E+01
  0.9840E+01  0.8341E+01  0.8379E+01 -0.1557E+01 -0.1567E+01
  0.9852E+01  0.9078E+01  0.8360E+01 -0.1575E+01 -0.1589E+01
  0.9864E+01  0.8978E+01  0.8341E+01 -0.1593E+01 -0.1613E+01
  0.9876E+01  0.8099E+01  0.8321E+01 -0.1611E+01 -0.1636E+01
  0.9888E+01  0.9172E+01  0.8301E+01 -0.1628E+01 -0.1659E+01
  0.9900E+01  0.8530E+01  0.8281E+01 -0.1646E+01 -0.1682E+01
  0.9912E+01  0.7090E+01  0.8261E+01 -0.1663E+01 -0.1705E+01
  0.9924E+01  0.8262E+01  0.8241E+01 -0.1681E+01 -0.1728E+01
  0.9936E+01  0.8628E+01  0.8220E+01 -0.1698E+01 -0.1751E+01
  0.9948E+01  0.8838E+01  0.8199E+01 -0.1716E+01 -0.1774E+01
  0.9960E+01  0.8838E+01  0.8177E+01 -0.1733E+01 -0.1797E+01
  0.9972E+01  0.8141E+01  0.8156E+01 -0.1750E+01 -0.1820E+01
  0.9984E+01  0.9105E+01  0.8134E+01 -0.1767E+01 -0.1843E+01
  0.9996E+01  0.8499E+01  0.8111E+01 -0.1784E+01 -0.1866E+01
  0.1001E+02  0.6762E+01  0.8089E+01 -0.1801E+01 -0.1889E+01
  0.1002E+02  0.8152E+01  0.8066E+01 -0.1818E+01 -0.1911E+01
  0.1003E+02  0.8835E+01  0.8043E+01 -0.1835E+01 -0.1934E+01
  0.1004E+02  0.8575E+01  0.8020E+01 -0.1851E+01 -0.1957E+01
  0.1006E+02  0.8402E+01  0.7997E+01 -0.1868E+01 -0.1979E+01
  0.1007E+02  0.8352E+01  0.7973E+01 -0.1884E+01 -0.2002E+01
  0.1008E+02  0.8731E+01  0.7948E+01 -0.1900E+01 -0.2024E+01
  0.1009E+02  0.8243E+01  0.7924E+01 -0.1916E+01 -0.2046E+01
  0.1010E+02  0.6825E+01  0.7900E+01 -0.1932E+01 -0.2068E+01
  0.1012E+02  0.7585E+01  0.7875E+01 -0.1948E+01 -0.2090E+01
  0.1013E+02  0.8972E+01  0.7850E+01 -0.1964E+01 -0.2112E+01
  0.1014E+02  0.8134E+01  0.7824E+01 -0.1979E+01 -0.2133E+01
  0.1015E+02  0.8154E+01  0.7798E+01 -0.1995E+01 -0.2155E+01
  0.1016E+02  0.8499E+01  0.7772E+01 -0.2010E+01 -0.2176E+01
  0.1018E+02  0.8538E+01  0.7746E+01 -0.2025E+01 -0.2197E+01
  0.1019E+02  0.7321E+01  0.7720E+01 -0.2040E+01 -0.2218E+01
  0.1020E+02  0.7296E+01  0.7693E+01 -0.2054E+01 -0.2238E+01
  0.1021E+02  0.7382E+01  0.7666E+01 -0.2069E+01 -0.2259E+01
  0.1022E+02  0.8705E+01  0.7639E+01 -0.2083E+01 -0.2279E+01
  0.1024E+02  0.7652E+01  0.7612E+01 -0.2097E+01 -0.2299E+01
  0.1025E+02  0.8360E+01  0.7584E+01 -0.2111E+01 -0.2319E+01
  0.1026E+02  0.8237E+01  0.7556E+01 -0.2125E+01 -0.2338E+01
  0.1027E+02  0.8116E+01  0.7528E+01 -0.2139E+01 -0.2357E+01
  0.1028E+02  0.6714E+01  0.7500E+01 -0.2152E+01 -0.2376E+01
  0.1029E+02  0.7211E+01  0.7471E+01 -0.2165E+01 -0.2394E+01
  0.1031E+02  0.7326E+01  0.7443E+01 -0.2178E+01 -0.2412E+01
  0.1032E+02  0.8364E+01  0.7413E+01 -0.2191E+01 -0.2430E+01
  0.1033E+02  0.7491E+01  0.7384E+01 -0.2203E+01 -0.2448E+01
  0.1034E+02  0.8166E+01  0.7355E+01 -0.2216E+01 -0.2465E+01
  0.1035E+02  0.8077E+01  0.7325E+01 -0.2228E+01 -0.2482E+01
  0.1037E+02  0.7780E+01  0.7295E+01 -0.2240E+01 -0.2498E+01
  0.1038E+02  0.6856E+01  0.7266E+01 -0.2252E+01 -0.2514E+01
  0.1039E+02  0.7129E+01  0.7235E+01 -0.2263E+01 -0.2530E+01
  0.1040E+02  0.7077E+01  0.7205E+01 -0.2274E+01 -0.2545E+01
  0.1041E+02  0.7752E+01  0.7174E+01 -0.2286E+01 -0.2560E+01
  0.1043E+02  0.7704E+01  0.7144E+01 -0.2296E+01 -0.2575E+01
  0.1044E+02  0.8053E+01  0.7113E+01 -0.2307E+01 -0.2589E+01
  0.1045E+02  0.7594E+01  0.7082E+01 -0.2317E+01 -0.2602E+01
  0.1046E+02  0.7305E+01  0.7050E+01 -0.2328E+01 -0.2615E+01
  0.1047E+02  0.7110E+01  0.7019E+01 -0.2338E+01 -0.2628E+01
  0.1049E+02  0.6654E+01  0.6987E+01 -0.2347E+01 -0.2640E+01
  0.1050E+02  0.6590E+01  0.6956E+01 -0.2357E+01 -0.2652E+01
  0.1051E+02  0.7267E+01  0.6924E+01 -0.2366E+01 -0.2664E+01
  0.1052E+02  0.7845E+01  0.6892E+01 -0.2375E+01 -0.2675E+01
  0.1053E+02  0.7659E+01  0.6860E+01 -0.2384E+01 -0.2685E+01
  0.1055E+02  0.7247E+01  0.6828E+01 -0.2393E+01 -0.2695E+01
  0.1056E+02  0.7139E+01  0.6795E+01 -0.2401E+01 -0.2704E+01
  0.1057E+02  0.7132E+01  0.6763E+01 -0.2409E+01 -0.2713E+01
  0.1058E+02  0.5991E+01  0.6731E+01 -0.2417E+01 -0.2722E+01
  0.1059E+02  0.6373E+01  0.6698E+01 -0.2425E+01 -0.2730E+01
  0.1061E+02  0.6974E+01  0.6665E+01 -0.2432E+01 -0.2737E+01
  0.1062E+02  0.7593E+01  0.6632E+01 -0.2439E+01 -0.2744E+01
  0.1063E+02  0.7243E+01  0.6599E+01 -0.2446E+01 -0.2751E+01
  0.1064E+02  0.6557E+01  0.6566E+01 -0.2453E+01 -0.2757E+01
  0.1065E+02  0.6667E+01  0.6533E+01 -0.2460E+01 -0.2762E+01
  0.1067E+02  0.7209E+01  0.6500E+01 -0.2466E+01 -0.2767E+01
  0.1068E+02  0.5075E+01  0.6467E+01 -0.2472E+01 -0.2772E+01
  0.1069E+02  0.5829E+01  0.6434E+01 -0.2478E+01 -0.2776E+01
  0.1070E+02  0.6999E+01  0.6401E+01 -0.2483E+01 -0.2779E+01
  0.1071E+02  0.7215E+01  0.6367E+01 -0.2489E+01 -0.2782E+01
  0.1073E+02  0.6601E+01  0.6334E+01 -0.2494E+01 -0.2785E+01
  0.1074E+02  0.6498E+01  0.6301E+01 -0.2499E+01 -0.2787E+01
  0.1075E+02  0.6601E+01  0.6267E+01 -0.2504E+01 -0.2788E+01
  0.1076E+02  0.6972E+01  0.6234E+01 -0.2509E+01 -0.2789E+01
  0.1077E+02  0.4718E+01  0.6201E+01 -0.2513E+01 -0.2790E+01
  0.1079E+02  0.5513E+01  0.6167E+01 -0.2517E+01 -0.2790E+01
  0.1080E+02  0.6599E+01  0.6134E+01 -0.2521E+01 -0.2790E+01
  0.1081E+02  0.6829E+01  0.6100E+01 -0.2525E+01 -0.2789E+01
  0.1082E+02  0.6238E+01  0.6067E+01 -0.2528E+01 -0.2788E+01
  0.1083E+02  0.6105E+01  0.6034E+01 -0.2532E+01 -0.2786E+01
  0.1085E+02  0.6356E+01  0.6000E+01 -0.2535E+01 -0.2784E+01
  0.1086E+02  0.6535E+01  0.5967E+01 -0.2538E+01 -0.2781E+01
  0.1087E+02  0.4277E+01  0.5934E+01 -0.2541E+01 -0.2778E+01
  0.1088E+02  0.3466E+01  0.5901E+01 -0.2543E+01 -0.2775E+01
  0.1089E+02  0.6704E+01  0.5867E+01 -0.2546E+01 -0.2771E+01
  0.1091E+02  0.6157E+01  0.5834E+01 -0.2548E+01 -0.2767E+01
  0.1092E+02  0.5124E+01  0.5801E+01 -0.2550E+01 -0.2763E+01
  0.1093E+02  0.6105E+01  0.5768E+01 -0.2552E+01 -0.2758E+01
  0.1094E+02  0.6238E+01  0.5735E+01 -0.2554E+01 -0.2753E+01
  0.1095E+02  0.5768E+01  0.5702E+01 -0.2555E+01 -0.2747E+01
  0.1097E+02  0.4220E+01  0.5669E+01 -0.2557E+01 -0.2741E+01
  0.1098E+02  0.3738E+01  0.5636E+01 -0.2558E+01 -0.2735E+01
  0.1099E+02  0.6390E+01  0.5604E+01 -0.2559E+01 -0.2728E+01
  0.1100E+02  0.4913E+01  0.5571E+01 -0.2560E+01 -0.2721E+01
  0.1101E+02  0.4868E+01  0.5539E+01 -0.2561E+01 -0.2714E+01
  0.1103E+02  0.6038E+01  0.5506E+01 -0.2562E+01 -0.2706E+01
  0.1104E+02  0.6031E+01  0.5474E+01 -0.2562E+01 -0.2699E+01
  0.1105E+02  0.4382E+01  0.5442E+01 -0.2562E+01 -0.2691E+01
  0.1106E+02  0.3466E+01  0.5409E+01 -0.2563E+01 -0.2682E+01
  0.1107E+02  0.4025E+01  0.5377E+01 -0.2563E+01 -0.2674E+01
  0.1109E+02  0.5930E+01  0.5345E+01 -0.2563E+01 -0.2665E+01
  0.1110E+02  0.3871E+01  0.5314E+01 -0.2562E+01 -0.2656E+01
  0.1111E+02  0.4718E+01  0.5282E+01 -0.2562E+01 -0.2647E+01
  0.1112E+02  0.5768E+01  0.5250E+01 -0.2561E+01 -0.2637E+01
  0.1113E+02  0.5635E+01  0.5219E+01 -0.2561E+01 -0.2627E+01
  0.1114E+02  0.3178E+01  0.5187E+01 -0.2560E+01 -0.2618E+01
  0.1116E+02  0.2773E+01  0.5156E+01 -0.2559E+01 -0.2608E+01
  0.1117E+02  0.4331E+01  0.5125E+01 -0.2558E+01 -0.2597E+01
  0.1118E+02  0.5106E+01  0.5094E+01 -0.2557E+01 -0.2587E+01
  0.1119E+02  0.6931E+00  0.5063E+01 -0.2556E+01 -0.2577E+01
  0.1120E+02  0.4852E+01  0.5032E+01 -0.2555E+01 -0.2566E+01
  0.1122E+02  0.5268E+01  0.5001E+01 -0.2554E+01 -0.2555E+01
  0.1123E+02  0.4913E+01  0.4971E+01 -0.2552E+01 -0.2539E+01
  0.1125E+02  0.3178E+01  0.4910E+01 -0.2549E+01 -0.2528E+01
  0.1126E+02  0.3689E+01  0.4880E+01 -0.2547E+01 -0.2511E+01
  0.1128E+02  0.4477E+01  0.4850E+01 -0.2545E+01 -0.2494E+01
  0.1130E+02  0.4970E+01  0.4791E+01 -0.2541E+01 -0.2483E+01
  0.1131E+02  0.4564E+01  0.4761E+01 -0.2539E+01 -0.2465E+01
  0.1132E+02  0.4382E+01  0.4732E+01 -0.2537E+01 -0.2454E+01
  0.1134E+02  0.2079E+01  0.4702E+01 -0.2535E+01 -0.2442E+01
  0.1135E+02  0.3466E+01  0.4673E+01 -0.2533E+01 -0.2430E+01
  0.1136E+02  0.3466E+01  0.4644E+01 -0.2530E+01 -0.2419E+01
  0.1137E+02  0.2996E+01  0.4615E+01 -0.2528E+01 -0.2401E+01
  0.1140E+02  0.4585E+01  0.4558E+01 -0.2523E+01 -0.2389E+01
  0.1141E+02  0.4174E+01  0.4529E+01 -0.2520E+01 -0.2366E+01
  0.1143E+02  0.2079E+01  0.4473E+01 -0.2515E+01 -0.2354E+01
  0.1144E+02  0.3466E+01  0.4445E+01 -0.2512E+01 -0.2336E+01
  0.1146E+02  0.3178E+01  0.4417E+01 -0.2509E+01 -0.2312E+01
  0.1149E+02  0.4382E+01  0.4334E+01 -0.2500E+01 -0.2289E+01
  0.1153E+02  0.2485E+01  0.4253E+01 -0.2491E+01 -0.2265E+01
  0.1154E+02  0.3332E+01  0.4226E+01 -0.2488E+01 -0.2242E+01
  0.1155E+02  0.2079E+01  0.4199E+01 -0.2484E+01 -0.2218E+01
  0.1159E+02  0.3526E+01  0.4119E+01 -0.2475E+01 -0.2195E+01
  0.1162E+02  0.2079E+01  0.4041E+01 -0.2465E+01 -0.2172E+01
  0.1164E+02  0.2773E+01  0.4015E+01 -0.2461E+01 -0.2137E+01
  0.1167E+02  0.2773E+01  0.3939E+01 -0.2451E+01 -0.2109E+01
  0.1172E+02  0.2079E+01  0.3839E+01 -0.2437E+01 -0.2086E+01
  0.1173E+02  0.2485E+01  0.3814E+01 -0.2433E+01 -0.2042E+01
  0.1178E+02  0.0000E+00  0.3717E+01 -0.2419E+01 -0.2020E+01
  0.1182E+02  0.2079E+01  0.3645E+01 -0.2409E+01 -0.1960E+01
  0.1190E+02  0.1386E+01  0.3482E+01 -0.2383E+01 -0.1917E+01
  0.1196E+02  0.0000E+00  0.3369E+01  0.0000E+00  0.0000E+00
