  0.0000E+00  0.1386E+01  0.8355E+00  0.0000E+00  0.0000E+00
  0.1070E-01  0.1386E+01  0.8351E+00  0.1085E+00 -0.3554E-01
  0.3210E-01  0.6931E+00  0.8344E+00  0.1100E+00 -0.3485E-01
  0.4280E-01  0.6931E+00  0.8340E+00  0.1107E+00 -0.3327E-01
  0.6420E-01  0.6931E+00  0.8333E+00  0.1122E+00 -0.3237E-01
  0.7480E-01  0.6931E+00  0.8330E+00  0.1129E+00 -0.2973E-01
  0.1069E+00  0.6931E+00  0.8320E+00  0.1152E+00 -0.2853E-01
  0.1176E+00  0.6931E+00  0.8318E+00  0.1159E+00 -0.2330E-01
  0.1604E+00  0.6931E+00  0.8308E+00  0.1189E+00 -0.1696E-01
  0.2138E+00  0.6931E+00  0.8301E+00  0.1226E+00  0.1293E+01
  0.2010E+01  0.6931E+00  0.3222E+01 -0.3123E+00  0.1322E+01
  0.2021E+01  0.1386E+01  0.3219E+01 -0.3125E+00 -0.2476E+00
  0.2031E+01  0.2079E+01  0.3216E+01 -0.3128E+00 -0.2537E+00
  0.2042E+01  0.3178E+01  0.3214E+01 -0.3130E+00 -0.2598E+00
  0.2053E+01  0.2996E+01  0.3211E+01 -0.3132E+00 -0.2688E+00
  0.2074E+01  0.3526E+01  0.3205E+01 -0.3135E+00 -0.2748E+00
  0.2085E+01  0.3829E+01  0.3202E+01 -0.3136E+00 -0.2839E+00
  0.2096E+01  0.2303E+01  0.3199E+01 -0.3137E+00 -0.2898E+00
  0.2106E+01  0.3466E+01  0.3196E+01 -0.3137E+00 -0.2958E+00
  0.2117E+01  0.3912E+01  0.3193E+01 -0.3137E+00 -0.3017E+00
  0.2128E+01  0.3871E+01  0.3189E+01 -0.3137E+00 -0.3076E+00
  0.2138E+01  0.2996E+01  0.3186E+01 -0.3136E+00 -0.3135E+00
  0.2149E+01  0.3738E+01  0.3183E+01 -0.3135E+00 -0.3193E+00
  0.2160E+01  0.4407E+01  0.3179E+01 -0.3133E+00 -0.3251E+00
  0.2170E+01  0.3401E+01  0.3176E+01 -0.3131E+00 -0.3308E+00
  0.2181E+01  0.4248E+01  0.3172E+01 -0.3129E+00 -0.3365E+00
  0.2192E+01  0.3951E+01  0.3168E+01 -0.3126E+00 -0.3422E+00
  0.2202E+01  0.3912E+01  0.3165E+01 -0.3122E+00 -0.3478E+00
  0.2213E+01  0.4304E+01  0.3161E+01 -0.3118E+00 -0.3533E+00
  0.2224E+01  0.3912E+01  0.3157E+01 -0.3114E+00 -0.3588E+00
  0.2235E+01  0.4060E+01  0.3153E+01 -0.3109E+00 -0.3641E+00
  0.2245E+01  0.4431E+01  0.3149E+01 -0.3103E+00 -0.3694E+00
  0.2256E+01  0.3584E+01  0.3145E+01 -0.3097E+00 -0.3746E+00
  0.2267E+01  0.4127E+01  0.3141E+01 -0.3090E+00 -0.3796E+00
  0.2277E+01  0.4060E+01  0.3137E+01 -0.3082E+00 -0.3846E+00
  0.2288E+01  0.4304E+01  0.3133E+01 -0.3074E+00 -0.3894E+00
  0.2299E+01  0.4220E+01  0.3129E+01 -0.3065E+00 -0.3941E+00
  0.2309E+01  0.4357E+01  0.3125E+01 -0.3055E+00 -0.3986E+00
  0.2320E+01  0.3401E+01  0.3120E+01 -0.3045E+00 -0.4029E+00
  0.2331E+01  0.4357E+01  0.3116E+01 -0.3033E+00 -0.4071E+00
  0.2341E+01  0.3784E+01  0.3112E+01 -0.3021E+00 -0.4110E+00
  0.2352E+01  0.3738E+01  0.3107E+01 -0.3007E+00 -0.4147E+00
  0.2363E+01  0.3829E+01  0.3103E+01 -0.2993E+00 -0.4182E+00
  0.2374E+01  0.3784E+01  0.3098E+01 -0.2978E+00 -0.4214E+00
  0.2384E+01  0.3912E+01  0.3094E+01 -0.2962E+00 -0.4244E+00
  0.2395E+01  0.3989E+01  0.3089E+01 -0.2944E+00 -0.4270E+00
  0.2406E+01  0.3526E+01  0.3085E+01 -0.2926E+00 -0.4293E+00
  0.2416E+01  0.3178E+01  0.3080E+01 -0.2906E+00 -0.4312E+00
  0.2427E+01  0.2890E+01  0.3076E+01 -0.2885E+00 -0.4328E+00
  0.2438E+01  0.3526E+01  0.3071E+01 -0.2863E+00 -0.4339E+00
  0.2448E+01  0.3332E+01  0.3066E+01 -0.2839E+00 -0.4346E+00
  0.2459E+01  0.2773E+01  0.3062E+01 -0.2814E+00 -0.4348E+00
  0.2470E+01  0.2996E+01  0.3057E+01 -0.2788E+00 -0.4345E+00
  0.2480E+01  0.2303E+01  0.3052E+01 -0.2760E+00 -0.4336E+00
  0.2491E+01  0.3466E+01  0.3048E+01 -0.2730E+00 -0.4321E+00
  0.2502E+01  0.2303E+01  0.3043E+01 -0.2699E+00 -0.4301E+00
  0.2513E+01  0.3258E+01  0.3038E+01 -0.2666E+00 -0.4274E+00
  0.2523E+01  0.2639E+01  0.3034E+01 -0.2632E+00 -0.4239E+00
  0.2534E+01  0.2079E+01  0.3029E+01 -0.2595E+00 -0.4197E+00
  0.2545E+01  0.2485E+01  0.3025E+01 -0.2557E+00 -0.4148E+00
  0.2555E+01  0.6931E+00  0.3021E+01 -0.2517E+00 -0.4090E+00
  0.2566E+01  0.2303E+01  0.3016E+01 -0.2475E+00 -0.4023E+00
  0.2577E+01  0.2303E+01  0.3012E+01 -0.2431E+00 -0.3947E+00
  0.2587E+01  0.2303E+01  0.3008E+01 -0.2385E+00 -0.3812E+00
  0.2609E+01  0.6931E+00  0.3000E+01 -0.2286E+00 -0.3711E+00
  0.2619E+01  0.6931E+00  0.2996E+01 -0.2233E+00 -0.3541E+00
  0.2630E+01  0.2079E+01  0.2992E+01 -0.2178E+00 -0.3264E+00
  0.2662E+01  0.6931E+00  0.2982E+01 -0.1998E+00 -0.3024E+00
  0.2684E+01  0.2079E+01  0.2976E+01 -0.1866E+00 -0.2466E+00
  0.2716E+01  0.1386E+01  0.2969E+01 -0.1648E+00 -0.1636E+00
  0.2769E+01  0.6931E+00  0.2962E+01 -0.1236E+00  0.7577E+00
  0.3464E+01  0.6931E+00  0.3536E+01  0.3890E+00  0.8280E+00
  0.3486E+01  0.1386E+01  0.3555E+01  0.3930E+00  0.8999E+00
  0.3496E+01  0.2079E+01  0.3565E+01  0.3949E+00  0.8667E+00
  0.3518E+01  0.6931E+00  0.3583E+01  0.3984E+00  0.8500E+00
  0.3528E+01  0.2303E+01  0.3592E+01  0.4000E+00  0.8251E+00
  0.3539E+01  0.2303E+01  0.3601E+01  0.4016E+00  0.8084E+00
  0.3550E+01  0.2303E+01  0.3609E+01  0.4031E+00  0.7918E+00
  0.3560E+01  0.2890E+01  0.3618E+01  0.4046E+00  0.7752E+00
  0.3571E+01  0.3401E+01  0.3626E+01  0.4061E+00  0.7586E+00
  0.3582E+01  0.3912E+01  0.3634E+01  0.4075E+00  0.7420E+00
  0.3592E+01  0.2079E+01  0.3642E+01  0.4089E+00  0.7174E+00
  0.3614E+01  0.2773E+01  0.3657E+01  0.4116E+00  0.7010E+00
  0.3624E+01  0.3332E+01  0.3664E+01  0.4130E+00  0.6767E+00
  0.3635E+01  0.4304E+01  0.3671E+01  0.4144E+00  0.6605E+00
  0.3646E+01  0.3689E+01  0.3678E+01  0.4157E+00  0.6445E+00
  0.3657E+01  0.2485E+01  0.3685E+01  0.4171E+00  0.6286E+00
  0.3667E+01  0.3258E+01  0.3692E+01  0.4185E+00  0.6129E+00
  0.3678E+01  0.4357E+01  0.3698E+01  0.4199E+00  0.5973E+00
  0.3689E+01  0.4220E+01  0.3704E+01  0.4214E+00  0.5818E+00
  0.3699E+01  0.4836E+01  0.3711E+01  0.4229E+00  0.5664E+00
  0.3710E+01  0.5366E+01  0.3717E+01  0.4244E+00  0.5511E+00
  0.3721E+01  0.4942E+01  0.3722E+01  0.4260E+00  0.5360E+00
  0.3731E+01  0.4625E+01  0.3728E+01  0.4276E+00  0.5211E+00
  0.3742E+01  0.5075E+01  0.3734E+01  0.4293E+00  0.5062E+00
  0.3753E+01  0.5318E+01  0.3739E+01  0.4310E+00  0.4916E+00
  0.3763E+01  0.5628E+01  0.3744E+01  0.4328E+00  0.4771E+00
  0.3774E+01  0.5787E+01  0.3749E+01  0.4347E+00  0.4627E+00
  0.3785E+01  0.5529E+01  0.3754E+01  0.4366E+00  0.4486E+00
  0.3796E+01  0.5749E+01  0.3759E+01  0.4386E+00  0.4347E+00
  0.3806E+01  0.5489E+01  0.3763E+01  0.4407E+00  0.4209E+00
  0.3817E+01  0.5677E+01  0.3768E+01  0.4428E+00  0.4074E+00
  0.3828E+01  0.5697E+01  0.3772E+01  0.4451E+00  0.3941E+00
  0.3838E+01  0.6250E+01  0.3776E+01  0.4474E+00  0.3809E+00
  0.3849E+01  0.5892E+01  0.3780E+01  0.4499E+00  0.3680E+00
  0.3860E+01  0.5945E+01  0.3784E+01  0.4524E+00  0.3554E+00
  0.3870E+01  0.6031E+01  0.3788E+01  0.4550E+00  0.3429E+00
  0.3881E+01  0.6127E+01  0.3791E+01  0.4578E+00  0.3308E+00
  0.3892E+01  0.6410E+01  0.3795E+01  0.4606E+00  0.3189E+00
  0.3902E+01  0.6234E+01  0.3798E+01  0.4636E+00  0.3073E+00
  0.3913E+01  0.6607E+01  0.3801E+01  0.4667E+00  0.2960E+00
  0.3924E+01  0.6211E+01  0.3804E+01  0.4699E+00  0.2850E+00
  0.3934E+01  0.6328E+01  0.3807E+01  0.4731E+00  0.2744E+00
  0.3945E+01  0.6317E+01  0.3810E+01  0.4766E+00  0.2641E+00
  0.3956E+01  0.6791E+01  0.3813E+01  0.4801E+00  0.2541E+00
  0.3967E+01  0.6522E+01  0.3816E+01  0.4838E+00  0.2445E+00
  0.3977E+01  0.6568E+01  0.3818E+01  0.4877E+00  0.2353E+00
  0.3988E+01  0.6631E+01  0.3821E+01  0.4917E+00  0.2265E+00
  0.3999E+01  0.6829E+01  0.3823E+01  0.4958E+00  0.2181E+00
  0.4009E+01  0.6677E+01  0.3825E+01  0.5000E+00  0.2101E+00
  0.4020E+01  0.6886E+01  0.3828E+01  0.5044E+00  0.2026E+00
  0.4031E+01  0.6489E+01  0.3830E+01  0.5090E+00  0.1956E+00
  0.4042E+01  0.6636E+01  0.3832E+01  0.5137E+00  0.1890E+00
  0.4052E+01  0.7028E+01  0.3834E+01  0.5185E+00  0.1830E+00
  0.4063E+01  0.6510E+01  0.3836E+01  0.5234E+00  0.1775E+00
  0.4074E+01  0.6724E+01  0.3838E+01  0.5286E+00  0.1726E+00
  0.4084E+01  0.6757E+01  0.3839E+01  0.5339E+00  0.1682E+00
  0.4095E+01  0.6695E+01  0.3841E+01  0.5394E+00  0.1644E+00
  0.4106E+01  0.6607E+01  0.3843E+01  0.5450E+00  0.1612E+00
  0.4116E+01  0.6888E+01  0.3845E+01  0.5508E+00  0.1586E+00
  0.4127E+01  0.6733E+01  0.3846E+01  0.5568E+00  0.1566E+00
  0.4138E+01  0.6585E+01  0.3848E+01  0.5629E+00  0.1553E+00
  0.4148E+01  0.6662E+01  0.3850E+01  0.5692E+00  0.1547E+00
  0.4159E+01  0.6657E+01  0.3851E+01  0.5756E+00  0.1548E+00
  0.4170E+01  0.6865E+01  0.3853E+01  0.5822E+00  0.1556E+00
  0.4181E+01  0.6366E+01  0.3855E+01  0.5890E+00  0.1572E+00
  0.4191E+01  0.6439E+01  0.3856E+01  0.5959E+00  0.1595E+00
  0.4202E+01  0.6791E+01  0.3858E+01  0.6031E+00  0.1625E+00
  0.4212E+01  0.6617E+01  0.3860E+01  0.6104E+00  0.1663E+00
  0.4223E+01  0.6335E+01  0.3862E+01  0.6178E+00  0.1709E+00
  0.4234E+01  0.6516E+01  0.3863E+01  0.6255E+00  0.1764E+00
  0.4245E+01  0.6363E+01  0.3865E+01  0.6333E+00  0.1826E+00
  0.4255E+01  0.6455E+01  0.3867E+01  0.6412E+00  0.1897E+00
  0.4266E+01  0.6314E+01  0.3869E+01  0.6494E+00  0.1977E+00
  0.4277E+01  0.6423E+01  0.3872E+01  0.6577E+00  0.2065E+00
  0.4287E+01  0.6238E+01  0.3874E+01  0.6662E+00  0.2162E+00
  0.4298E+01  0.6292E+01  0.3876E+01  0.6748E+00  0.2267E+00
  0.4309E+01  0.6050E+01  0.3879E+01  0.6836E+00  0.2381E+00
  0.4319E+01  0.6006E+01  0.3881E+01  0.6925E+00  0.2504E+00
  0.4330E+01  0.5986E+01  0.3884E+01  0.7016E+00  0.2636E+00
  0.4341E+01  0.6059E+01  0.3887E+01  0.7108E+00  0.2777E+00
  0.4351E+01  0.5817E+01  0.3890E+01  0.7203E+00  0.2927E+00
  0.4362E+01  0.5811E+01  0.3893E+01  0.7298E+00  0.3086E+00
  0.4373E+01  0.5924E+01  0.3897E+01  0.7395E+00  0.3254E+00
  0.4384E+01  0.5697E+01  0.3900E+01  0.7494E+00  0.3431E+00
  0.4394E+01  0.5576E+01  0.3904E+01  0.7594E+00  0.3617E+00
  0.4405E+01  0.5576E+01  0.3908E+01  0.7695E+00  0.3811E+00
  0.4416E+01  0.5455E+01  0.3912E+01  0.7798E+00  0.4015E+00
  0.4426E+01  0.5403E+01  0.3916E+01  0.7902E+00  0.4226E+00
  0.4437E+01  0.5497E+01  0.3921E+01  0.8007E+00  0.4446E+00
  0.4448E+01  0.5278E+01  0.3926E+01  0.8112E+00  0.4674E+00
  0.4458E+01  0.5124E+01  0.3931E+01  0.8220E+00  0.4910E+00
  0.4469E+01  0.5308E+01  0.3936E+01  0.8328E+00  0.5154E+00
  0.4480E+01  0.4913E+01  0.3942E+01  0.8438E+00  0.5407E+00
  0.4490E+01  0.5011E+01  0.3948E+01  0.8548E+00  0.5666E+00
  0.4501E+01  0.4820E+01  0.3954E+01  0.8660E+00  0.5933E+00
  0.4512E+01  0.4754E+01  0.3961E+01  0.8772E+00  0.6207E+00
  0.4523E+01  0.5124E+01  0.3968E+01  0.8885E+00  0.6488E+00
  0.4533E+01  0.3178E+01  0.3975E+01  0.8998E+00  0.6775E+00
  0.4544E+01  0.4836E+01  0.3982E+01  0.9112E+00  0.7069E+00
  0.4555E+01  0.4382E+01  0.3990E+01  0.9227E+00  0.7367E+00
  0.4565E+01  0.4407E+01  0.3998E+01  0.9342E+00  0.7670E+00
  0.4576E+01  0.4382E+01  0.4006E+01  0.9457E+00  0.7980E+00
  0.4587E+01  0.4522E+01  0.4015E+01  0.9573E+00  0.8292E+00
  0.4597E+01  0.4159E+01  0.4024E+01  0.9689E+00  0.8610E+00
  0.4608E+01  0.4407E+01  0.4033E+01  0.9806E+00  0.8932E+00
  0.4619E+01  0.3332E+01  0.4043E+01  0.9922E+00  0.9257E+00
  0.4630E+01  0.3951E+01  0.4053E+01  0.1004E+01  0.9585E+00
  0.4640E+01  0.3989E+01  0.4063E+01  0.1015E+01  0.9916E+00
  0.4651E+01  0.3871E+01  0.4074E+01  0.1027E+01  0.1025E+01
  0.4662E+01  0.3871E+01  0.4085E+01  0.1039E+01  0.1058E+01
  0.4672E+01  0.2890E+01  0.4097E+01  0.1050E+01  0.1092E+01
  0.4683E+01  0.2303E+01  0.4109E+01  0.1062E+01  0.1125E+01
  0.4694E+01  0.3178E+01  0.4121E+01  0.1073E+01  0.1159E+01
  0.4704E+01  0.3912E+01  0.4133E+01  0.1085E+01  0.1192E+01
  0.4715E+01  0.6931E+00  0.4146E+01  0.1096E+01  0.1225E+01
  0.4726E+01  0.3871E+01  0.4160E+01  0.1107E+01  0.1259E+01
  0.4736E+01  0.3584E+01  0.4173E+01  0.1118E+01  0.1292E+01
  0.4747E+01  0.5226E+01  0.4187E+01  0.1129E+01  0.1324E+01
  0.4758E+01  0.6078E+01  0.4202E+01  0.1140E+01  0.1357E+01
  0.4768E+01  0.6433E+01  0.4216E+01  0.1151E+01  0.1389E+01
  0.4779E+01  0.5357E+01  0.4231E+01  0.1162E+01  0.1421E+01
  0.4790E+01  0.2639E+01  0.4247E+01  0.1173E+01  0.1452E+01
  0.4801E+01  0.1792E+01  0.4262E+01  0.1183E+01  0.1483E+01
  0.4811E+01  0.3466E+01  0.4278E+01  0.1193E+01  0.1513E+01
  0.4822E+01  0.4820E+01  0.4295E+01  0.1204E+01  0.1543E+01
  0.4833E+01  0.5357E+01  0.4311E+01  0.1213E+01  0.1572E+01
  0.4843E+01  0.6299E+01  0.4328E+01  0.1223E+01  0.1600E+01
  0.4854E+01  0.6373E+01  0.4346E+01  0.1233E+01  0.1628E+01
  0.4865E+01  0.5576E+01  0.4363E+01  0.1242E+01  0.1654E+01
  0.4875E+01  0.2079E+01  0.4381E+01  0.1252E+01  0.1680E+01
  0.4886E+01  0.3178E+01  0.4399E+01  0.1261E+01  0.1706E+01
  0.4897E+01  0.4852E+01  0.4417E+01  0.1270E+01  0.1730E+01
  0.4907E+01  0.5394E+01  0.4436E+01  0.1278E+01  0.1754E+01
  0.4918E+01  0.6136E+01  0.4455E+01  0.1287E+01  0.1776E+01
  0.4929E+01  0.6802E+01  0.4474E+01  0.1295E+01  0.1798E+01
  0.4940E+01  0.6960E+01  0.4493E+01  0.1303E+01  0.1818E+01
  0.4950E+01  0.6669E+01  0.4513E+01  0.1311E+01  0.1838E+01
  0.4961E+01  0.2773E+01  0.4533E+01  0.1318E+01  0.1856E+01
  0.4972E+01  0.4454E+01  0.4553E+01  0.1325E+01  0.1873E+01
  0.4982E+01  0.4736E+01  0.4573E+01  0.1332E+01  0.1890E+01
  0.4993E+01  0.5971E+01  0.4593E+01  0.1339E+01  0.1905E+01
  0.5004E+01  0.6242E+01  0.4613E+01  0.1345E+01  0.1919E+01
  0.5014E+01  0.6916E+01  0.4634E+01  0.1352E+01  0.1932E+01
  0.5025E+01  0.7442E+01  0.4655E+01  0.1358E+01  0.1944E+01
  0.5036E+01  0.6707E+01  0.4676E+01  0.1363E+01  0.1955E+01
  0.5046E+01  0.5775E+01  0.4697E+01  0.1369E+01  0.1965E+01
  0.5057E+01  0.5226E+01  0.4718E+01  0.1374E+01  0.1973E+01
  0.5068E+01  0.5875E+01  0.4739E+01  0.1379E+01  0.1980E+01
  0.5079E+01  0.6449E+01  0.4760E+01  0.1383E+01  0.1987E+01
  0.5089E+01  0.6894E+01  0.4781E+01  0.1387E+01  0.1992E+01
  0.5100E+01  0.7476E+01  0.4803E+01  0.1391E+01  0.1996E+01
  0.5111E+01  0.7389E+01  0.4824E+01  0.1395E+01  0.1998E+01
  0.5121E+01  0.7267E+01  0.4845E+01  0.1398E+01  0.2000E+01
  0.5132E+01  0.6489E+01  0.4867E+01  0.1402E+01  0.2001E+01
  0.5143E+01  0.6190E+01  0.4888E+01  0.1404E+01  0.2000E+01
  0.5153E+01  0.6519E+01  0.4909E+01  0.1407E+01  0.1999E+01
  0.5164E+01  0.7371E+01  0.4931E+01  0.1409E+01  0.1996E+01
  0.5175E+01  0.7643E+01  0.4952E+01  0.1411E+01  0.1992E+01
  0.5186E+01  0.7654E+01  0.4974E+01  0.1413E+01  0.1988E+01
  0.5196E+01  0.7712E+01  0.4995E+01  0.1414E+01  0.1982E+01
  0.5207E+01  0.7623E+01  0.5016E+01  0.1415E+01  0.1975E+01
  0.5218E+01  0.7215E+01  0.5037E+01  0.1416E+01  0.1968E+01
  0.5228E+01  0.7479E+01  0.5058E+01  0.1417E+01  0.1959E+01
  0.5239E+01  0.7540E+01  0.5079E+01  0.1417E+01  0.1950E+01
  0.5250E+01  0.7900E+01  0.5100E+01  0.1417E+01  0.1940E+01
  0.5260E+01  0.8212E+01  0.5120E+01  0.1417E+01  0.1928E+01
  0.5271E+01  0.8188E+01  0.5141E+01  0.1416E+01  0.1917E+01
  0.5282E+01  0.7983E+01  0.5161E+01  0.1415E+01  0.1904E+01
  0.5292E+01  0.7818E+01  0.5182E+01  0.1414E+01  0.1890E+01
  0.5303E+01  0.7942E+01  0.5202E+01  0.1413E+01  0.1876E+01
  0.5314E+01  0.7948E+01  0.5222E+01  0.1411E+01  0.1861E+01
  0.5324E+01  0.7981E+01  0.5242E+01  0.1409E+01  0.1846E+01
  0.5335E+01  0.8230E+01  0.5261E+01  0.1407E+01  0.1830E+01
  0.5346E+01  0.8439E+01  0.5281E+01  0.1405E+01  0.1813E+01
  0.5356E+01  0.8205E+01  0.5300E+01  0.1402E+01  0.1796E+01
  0.5367E+01  0.8140E+01  0.5319E+01  0.1399E+01  0.1778E+01
  0.5378E+01  0.8182E+01  0.5338E+01  0.1396E+01  0.1760E+01
  0.5389E+01  0.7930E+01  0.5357E+01  0.1393E+01  0.1742E+01
  0.5399E+01  0.8243E+01  0.5375E+01  0.1390E+01  0.1723E+01
  0.5410E+01  0.8362E+01  0.5393E+01  0.1386E+01  0.1703E+01
  0.5421E+01  0.8441E+01  0.5412E+01  0.1382E+01  0.1683E+01
  0.5431E+01  0.8418E+01  0.5430E+01  0.1378E+01  0.1663E+01
  0.5442E+01  0.8356E+01  0.5447E+01  0.1373E+01  0.1643E+01
  0.5453E+01  0.8242E+01  0.5465E+01  0.1369E+01  0.1623E+01
  0.5463E+01  0.8060E+01  0.5482E+01  0.1364E+01  0.1602E+01
  0.5474E+01  0.8466E+01  0.5499E+01  0.1359E+01  0.1581E+01
  0.5485E+01  0.8257E+01  0.5516E+01  0.1354E+01  0.1560E+01
  0.5495E+01  0.8412E+01  0.5532E+01  0.1349E+01  0.1539E+01
  0.5506E+01  0.8314E+01  0.5549E+01  0.1343E+01  0.1518E+01
  0.5517E+01  0.8392E+01  0.5565E+01  0.1338E+01  0.1497E+01
  0.5528E+01  0.8338E+01  0.5581E+01  0.1332E+01  0.1476E+01
  0.5538E+01  0.8350E+01  0.5596E+01  0.1326E+01  0.1454E+01
  0.5549E+01  0.8304E+01  0.5612E+01  0.1320E+01  0.1433E+01
  0.5560E+01  0.8340E+01  0.5627E+01  0.1313E+01  0.1412E+01
  0.5570E+01  0.8442E+01  0.5642E+01  0.1307E+01  0.1391E+01
  0.5581E+01  0.8352E+01  0.5657E+01  0.1301E+01  0.1370E+01
  0.5592E+01  0.8513E+01  0.5671E+01  0.1294E+01  0.1350E+01
  0.5602E+01  0.8394E+01  0.5685E+01  0.1287E+01  0.1330E+01
  0.5613E+01  0.8304E+01  0.5700E+01  0.1280E+01  0.1309E+01
  0.5624E+01  0.8338E+01  0.5713E+01  0.1273E+01  0.1289E+01
  0.5635E+01  0.8277E+01  0.5727E+01  0.1266E+01  0.1270E+01
  0.5645E+01  0.8442E+01  0.5741E+01  0.1259E+01  0.1250E+01
  0.5656E+01  0.8296E+01  0.5754E+01  0.1252E+01  0.1231E+01
  0.5667E+01  0.8397E+01  0.5767E+01  0.1244E+01  0.1212E+01
  0.5677E+01  0.8308E+01  0.5780E+01  0.1237E+01  0.1194E+01
  0.5688E+01  0.8331E+01  0.5793E+01  0.1229E+01  0.1175E+01
  0.5699E+01  0.8359E+01  0.5805E+01  0.1221E+01  0.1158E+01
  0.5709E+01  0.8304E+01  0.5817E+01  0.1214E+01  0.1140E+01
  0.5720E+01  0.8044E+01  0.5829E+01  0.1206E+01  0.1123E+01
  0.5731E+01  0.8476E+01  0.5841E+01  0.1198E+01  0.1107E+01
  0.5741E+01  0.8149E+01  0.5853E+01  0.1190E+01  0.1090E+01
  0.5752E+01  0.8216E+01  0.5865E+01  0.1182E+01  0.1075E+01
  0.5763E+01  0.8192E+01  0.5876E+01  0.1174E+01  0.1059E+01
  0.5773E+01  0.8141E+01  0.5887E+01  0.1166E+01  0.1044E+01
  0.5784E+01  0.8008E+01  0.5898E+01  0.1158E+01  0.1030E+01
  0.5795E+01  0.8254E+01  0.5909E+01  0.1150E+01  0.1016E+01
  0.5806E+01  0.7811E+01  0.5920E+01  0.1142E+01  0.1002E+01
  0.5816E+01  0.8049E+01  0.5931E+01  0.1133E+01  0.9890E+00
  0.5827E+01  0.8043E+01  0.5941E+01  0.1125E+01  0.9763E+00
  0.5838E+01  0.7944E+01  0.5952E+01  0.1117E+01  0.9641E+00
  0.5848E+01  0.7842E+01  0.5962E+01  0.1109E+01  0.9524E+00
  0.5859E+01  0.7684E+01  0.5972E+01  0.1100E+01  0.9411E+00
  0.5870E+01  0.7902E+01  0.5982E+01  0.1092E+01  0.9303E+00
  0.5880E+01  0.7720E+01  0.5992E+01  0.1084E+01  0.9200E+00
  0.5891E+01  0.7764E+01  0.6002E+01  0.1075E+01  0.9100E+00
  0.5902E+01  0.7912E+01  0.6011E+01  0.1067E+01  0.9006E+00
  0.5912E+01  0.8058E+01  0.6021E+01  0.1059E+01  0.8915E+00
  0.5923E+01  0.7936E+01  0.6030E+01  0.1050E+01  0.8829E+00
  0.5934E+01  0.7771E+01  0.6040E+01  0.1042E+01  0.8747E+00
  0.5945E+01  0.8024E+01  0.6049E+01  0.1034E+01  0.8669E+00
  0.5955E+01  0.7650E+01  0.6058E+01  0.1026E+01  0.8596E+00
  0.5966E+01  0.7709E+01  0.6067E+01  0.1017E+01  0.8526E+00
  0.5977E+01  0.7681E+01  0.6077E+01  0.1009E+01  0.8461E+00
  0.5987E+01  0.7541E+01  0.6085E+01  0.1001E+01  0.8399E+00
  0.5998E+01  0.8053E+01  0.6094E+01  0.9925E+00  0.8341E+00
  0.6009E+01  0.8411E+01  0.6103E+01  0.9843E+00  0.8286E+00
  0.6019E+01  0.7580E+01  0.6112E+01  0.9761E+00  0.8234E+00
  0.6030E+01  0.8130E+01  0.6121E+01  0.9679E+00  0.8186E+00
  0.6041E+01  0.8202E+01  0.6130E+01  0.9597E+00  0.8141E+00
  0.6051E+01  0.7301E+01  0.6138E+01  0.9515E+00  0.8099E+00
  0.6062E+01  0.7787E+01  0.6147E+01  0.9434E+00  0.8059E+00
  0.6073E+01  0.7694E+01  0.6156E+01  0.9353E+00  0.8023E+00
  0.6084E+01  0.7605E+01  0.6164E+01  0.9272E+00  0.7988E+00
  0.6094E+01  0.8215E+01  0.6173E+01  0.9192E+00  0.7956E+00
  0.6105E+01  0.8751E+01  0.6181E+01  0.9112E+00  0.7927E+00
  0.6116E+01  0.8148E+01  0.6190E+01  0.9033E+00  0.7899E+00
  0.6126E+01  0.8426E+01  0.6198E+01  0.8953E+00  0.7873E+00
  0.6137E+01  0.8334E+01  0.6206E+01  0.8873E+00  0.7849E+00
  0.6148E+01  0.7663E+01  0.6215E+01  0.8794E+00  0.7826E+00
  0.6158E+01  0.7988E+01  0.6223E+01  0.8715E+00  0.7805E+00
  0.6169E+01  0.7821E+01  0.6232E+01  0.8637E+00  0.7785E+00
  0.6180E+01  0.7917E+01  0.6240E+01  0.8558E+00  0.7766E+00
  0.6191E+01  0.8485E+01  0.6248E+01  0.8480E+00  0.7748E+00
  0.6201E+01  0.8966E+01  0.6256E+01  0.8403E+00  0.7730E+00
  0.6212E+01  0.8631E+01  0.6265E+01  0.8325E+00  0.7713E+00
  0.6223E+01  0.8667E+01  0.6273E+01  0.8248E+00  0.7696E+00
  0.6233E+01  0.8174E+01  0.6281E+01  0.8171E+00  0.7680E+00
  0.6244E+01  0.8288E+01  0.6289E+01  0.8095E+00  0.7664E+00
  0.6255E+01  0.7907E+01  0.6297E+01  0.8018E+00  0.7647E+00
  0.6265E+01  0.8089E+01  0.6306E+01  0.7942E+00  0.7631E+00
  0.6276E+01  0.8366E+01  0.6314E+01  0.7866E+00  0.7614E+00
  0.6287E+01  0.9078E+01  0.6322E+01  0.7790E+00  0.7596E+00
  0.6297E+01  0.8896E+01  0.6330E+01  0.7714E+00  0.7578E+00
  0.6308E+01  0.8934E+01  0.6338E+01  0.7638E+00  0.7559E+00
  0.6319E+01  0.8771E+01  0.6346E+01  0.7563E+00  0.7539E+00
  0.6329E+01  0.8351E+01  0.6354E+01  0.7488E+00  0.7518E+00
  0.6340E+01  0.8292E+01  0.6362E+01  0.7413E+00  0.7496E+00
  0.6351E+01  0.8069E+01  0.6370E+01  0.7338E+00  0.7473E+00
  0.6362E+01  0.8367E+01  0.6378E+01  0.7263E+00  0.7449E+00
  0.6372E+01  0.8560E+01  0.6386E+01  0.7189E+00  0.7423E+00
  0.6383E+01  0.9135E+01  0.6394E+01  0.7115E+00  0.7395E+00
  0.6394E+01  0.9144E+01  0.6402E+01  0.7040E+00  0.7366E+00
  0.6404E+01  0.8904E+01  0.6410E+01  0.6966E+00  0.7335E+00
  0.6415E+01  0.8577E+01  0.6418E+01  0.6892E+00  0.7302E+00
  0.6426E+01  0.8102E+01  0.6426E+01  0.6818E+00  0.7268E+00
  0.6436E+01  0.8151E+01  0.6433E+01  0.6743E+00  0.7232E+00
  0.6447E+01  0.8305E+01  0.6441E+01  0.6669E+00  0.7193E+00
  0.6458E+01  0.8593E+01  0.6449E+01  0.6595E+00  0.7153E+00
  0.6468E+01  0.8931E+01  0.6456E+01  0.6521E+00  0.7111E+00
  0.6479E+01  0.9153E+01  0.6464E+01  0.6447E+00  0.7066E+00
  0.6490E+01  0.9189E+01  0.6471E+01  0.6373E+00  0.7020E+00
  0.6500E+01  0.8597E+01  0.6479E+01  0.6299E+00  0.6971E+00
  0.6511E+01  0.8301E+01  0.6486E+01  0.6225E+00  0.6920E+00
  0.6522E+01  0.8727E+01  0.6494E+01  0.6151E+00  0.6867E+00
  0.6533E+01  0.8161E+01  0.6501E+01  0.6076E+00  0.6812E+00
  0.6543E+01  0.8884E+01  0.6508E+01  0.6002E+00  0.6755E+00
  0.6554E+01  0.8868E+01  0.6515E+01  0.5927E+00  0.6695E+00
  0.6565E+01  0.9015E+01  0.6523E+01  0.5853E+00  0.6634E+00
  0.6575E+01  0.9210E+01  0.6530E+01  0.5778E+00  0.6570E+00
  0.6586E+01  0.8907E+01  0.6537E+01  0.5703E+00  0.6504E+00
  0.6597E+01  0.8990E+01  0.6544E+01  0.5628E+00  0.6436E+00
  0.6607E+01  0.8781E+01  0.6550E+01  0.5553E+00  0.6366E+00
  0.6618E+01  0.9038E+01  0.6557E+01  0.5477E+00  0.6294E+00
  0.6629E+01  0.9128E+01  0.6564E+01  0.5403E+00  0.6220E+00
  0.6639E+01  0.8970E+01  0.6570E+01  0.5327E+00  0.6144E+00
  0.6650E+01  0.9317E+01  0.6577E+01  0.5251E+00  0.6066E+00
  0.6661E+01  0.9268E+01  0.6583E+01  0.5175E+00  0.5987E+00
  0.6672E+01  0.9351E+01  0.6590E+01  0.5098E+00  0.5905E+00
  0.6682E+01  0.9462E+01  0.6596E+01  0.5022E+00  0.5822E+00
  0.6693E+01  0.9466E+01  0.6602E+01  0.4945E+00  0.5737E+00
  0.6704E+01  0.9410E+01  0.6608E+01  0.4868E+00  0.5650E+00
  0.6714E+01  0.9264E+01  0.6614E+01  0.4791E+00  0.5562E+00
  0.6725E+01  0.9352E+01  0.6620E+01  0.4713E+00  0.5473E+00
  0.6736E+01  0.9345E+01  0.6626E+01  0.4635E+00  0.5382E+00
  0.6746E+01  0.9358E+01  0.6632E+01  0.4557E+00  0.5290E+00
  0.6757E+01  0.9497E+01  0.6637E+01  0.4480E+00  0.5197E+00
  0.6768E+01  0.9577E+01  0.6643E+01  0.4401E+00  0.5103E+00
  0.6778E+01  0.9319E+01  0.6648E+01  0.4322E+00  0.5007E+00
  0.6789E+01  0.9457E+01  0.6654E+01  0.4243E+00  0.4910E+00
  0.6800E+01  0.9472E+01  0.6659E+01  0.4163E+00  0.4813E+00
  0.6811E+01  0.9255E+01  0.6664E+01  0.4084E+00  0.4714E+00
  0.6821E+01  0.9342E+01  0.6669E+01  0.4003E+00  0.4615E+00
  0.6832E+01  0.9264E+01  0.6674E+01  0.3923E+00  0.4515E+00
  0.6843E+01  0.9419E+01  0.6678E+01  0.3842E+00  0.4414E+00
  0.6853E+01  0.9277E+01  0.6683E+01  0.3761E+00  0.4313E+00
  0.6864E+01  0.9521E+01  0.6688E+01  0.3680E+00  0.4212E+00
  0.6875E+01  0.9305E+01  0.6692E+01  0.3598E+00  0.4110E+00
  0.6885E+01  0.9208E+01  0.6696E+01  0.3517E+00  0.4007E+00
  0.6896E+01  0.9351E+01  0.6701E+01  0.3434E+00  0.3905E+00
  0.6907E+01  0.9192E+01  0.6705E+01  0.3352E+00  0.3802E+00
  0.6917E+01  0.9078E+01  0.6709E+01  0.3269E+00  0.3699E+00
  0.6928E+01  0.9277E+01  0.6713E+01  0.3185E+00  0.3596E+00
  0.6939E+01  0.9177E+01  0.6717E+01  0.3102E+00  0.3493E+00
  0.6950E+01  0.9258E+01  0.6720E+01  0.3018E+00  0.3390E+00
  0.6960E+01  0.9265E+01  0.6724E+01  0.2933E+00  0.3286E+00
  0.6971E+01  0.9172E+01  0.6727E+01  0.2848E+00  0.3184E+00
  0.6982E+01  0.9146E+01  0.6731E+01  0.2763E+00  0.3081E+00
  0.6992E+01  0.8948E+01  0.6734E+01  0.2678E+00  0.2978E+00
  0.7003E+01  0.9006E+01  0.6737E+01  0.2592E+00  0.2876E+00
  0.7014E+01  0.8923E+01  0.6740E+01  0.2507E+00  0.2775E+00
  0.7024E+01  0.8901E+01  0.6743E+01  0.2421E+00  0.2673E+00
  0.7035E+01  0.9165E+01  0.6746E+01  0.2334E+00  0.2572E+00
  0.7046E+01  0.9189E+01  0.6748E+01  0.2247E+00  0.2472E+00
  0.7056E+01  0.8793E+01  0.6751E+01  0.2160E+00  0.2371E+00
  0.7067E+01  0.8959E+01  0.6753E+01  0.2072E+00  0.2271E+00
  0.7078E+01  0.8893E+01  0.6756E+01  0.1984E+00  0.2172E+00
  0.7089E+01  0.8576E+01  0.6758E+01  0.1896E+00  0.2073E+00
  0.7099E+01  0.8860E+01  0.6760E+01  0.1807E+00  0.1975E+00
  0.7110E+01  0.8834E+01  0.6762E+01  0.1718E+00  0.1877E+00
  0.7121E+01  0.8974E+01  0.6764E+01  0.1629E+00  0.1780E+00
  0.7131E+01  0.8820E+01  0.6766E+01  0.1539E+00  0.1683E+00
  0.7142E+01  0.8619E+01  0.6768E+01  0.1449E+00  0.1588E+00
  0.7153E+01  0.9011E+01  0.6770E+01  0.1360E+00  0.1492E+00
  0.7163E+01  0.9008E+01  0.6771E+01  0.1269E+00  0.1397E+00
  0.7174E+01  0.9051E+01  0.6773E+01  0.1178E+00  0.1303E+00
  0.7185E+01  0.9115E+01  0.6774E+01  0.1087E+00  0.1209E+00
  0.7196E+01  0.8641E+01  0.6775E+01  0.9955E-01  0.1115E+00
  0.7206E+01  0.9002E+01  0.6776E+01  0.9037E-01  0.1022E+00
  0.7217E+01  0.9038E+01  0.6777E+01  0.8116E-01  0.9300E-01
  0.7228E+01  0.9081E+01  0.6778E+01  0.7192E-01  0.8380E-01
  0.7238E+01  0.9024E+01  0.6779E+01  0.6266E-01  0.7464E-01
  0.7249E+01  0.9163E+01  0.6780E+01  0.5336E-01  0.6553E-01
  0.7260E+01  0.9034E+01  0.6780E+01  0.4403E-01  0.5645E-01
  0.7270E+01  0.9037E+01  0.6781E+01  0.3468E-01  0.4745E-01
  0.7281E+01  0.9077E+01  0.6781E+01  0.2538E-01  0.3845E-01
  0.7292E+01  0.9315E+01  0.6782E+01  0.1597E-01  0.2951E-01
  0.7302E+01  0.9103E+01  0.6782E+01  0.6529E-02  0.2056E-01
  0.7313E+01  0.9003E+01  0.6782E+01 -0.2938E-02  0.1164E-01
  0.7324E+01  0.9157E+01  0.6782E+01 -0.1243E-01  0.2733E-02
  0.7334E+01  0.9134E+01  0.6782E+01 -0.2195E-01 -0.6155E-02
  0.7345E+01  0.9333E+01  0.6782E+01 -0.3150E-01 -0.1503E-01
  0.7356E+01  0.8822E+01  0.6782E+01 -0.4108E-01 -0.2390E-01
  0.7367E+01  0.9247E+01  0.6782E+01 -0.5068E-01 -0.3276E-01
  0.7377E+01  0.9263E+01  0.6781E+01 -0.6031E-01 -0.4161E-01
  0.7388E+01  0.9397E+01  0.6781E+01 -0.6996E-01 -0.5047E-01
  0.7399E+01  0.9162E+01  0.6780E+01 -0.7964E-01 -0.5930E-01
  0.7409E+01  0.9135E+01  0.6780E+01 -0.8925E-01 -0.6817E-01
  0.7420E+01  0.9382E+01  0.6779E+01 -0.9898E-01 -0.7702E-01
  0.7431E+01  0.9209E+01  0.6778E+01 -0.1087E+00 -0.8592E-01
  0.7441E+01  0.8793E+01  0.6777E+01 -0.1185E+00 -0.9485E-01
  0.7452E+01  0.9269E+01  0.6776E+01 -0.1283E+00 -0.1038E+00
  0.7463E+01  0.9489E+01  0.6775E+01 -0.1381E+00 -0.1128E+00
  0.7473E+01  0.9261E+01  0.6773E+01 -0.1480E+00 -0.1218E+00
  0.7484E+01  0.9303E+01  0.6772E+01 -0.1578E+00 -0.1308E+00
  0.7495E+01  0.9350E+01  0.6771E+01 -0.1677E+00 -0.1399E+00
  0.7506E+01  0.9189E+01  0.6769E+01 -0.1777E+00 -0.1490E+00
  0.7516E+01  0.9314E+01  0.6767E+01 -0.1876E+00 -0.1582E+00
  0.7527E+01  0.9144E+01  0.6766E+01 -0.1975E+00 -0.1674E+00
  0.7538E+01  0.8948E+01  0.6764E+01 -0.2074E+00 -0.1766E+00
  0.7548E+01  0.9419E+01  0.6762E+01 -0.2174E+00 -0.1859E+00
  0.7559E+01  0.9384E+01  0.6760E+01 -0.2275E+00 -0.1953E+00
  0.7570E+01  0.9429E+01  0.6758E+01 -0.2375E+00 -0.2047E+00
  0.7580E+01  0.9295E+01  0.6756E+01 -0.2476E+00 -0.2142E+00
  0.7591E+01  0.9373E+01  0.6753E+01 -0.2576E+00 -0.2237E+00
  0.7602E+01  0.9208E+01  0.6751E+01 -0.2677E+00 -0.2333E+00
  0.7612E+01  0.9096E+01  0.6748E+01 -0.2779E+00 -0.2430E+00
  0.7623E+01  0.9283E+01  0.6746E+01 -0.2880E+00 -0.2527E+00
  0.7634E+01  0.9035E+01  0.6743E+01 -0.2981E+00 -0.2626E+00
  0.7645E+01  0.9442E+01  0.6740E+01 -0.3083E+00 -0.2724E+00
  0.7655E+01  0.9137E+01  0.6737E+01 -0.3185E+00 -0.2823E+00
  0.7666E+01  0.9480E+01  0.6734E+01 -0.3286E+00 -0.2924E+00
  0.7677E+01  0.9349E+01  0.6731E+01 -0.3388E+00 -0.3024E+00
  0.7687E+01  0.9201E+01  0.6727E+01 -0.3491E+00 -0.3126E+00
  0.7698E+01  0.9123E+01  0.6724E+01 -0.3593E+00 -0.3228E+00
  0.7709E+01  0.9246E+01  0.6721E+01 -0.3696E+00 -0.3331E+00
  0.7719E+01  0.9032E+01  0.6717E+01 -0.3798E+00 -0.3435E+00
  0.7730E+01  0.9115E+01  0.6713E+01 -0.3901E+00 -0.3540E+00
  0.7741E+01  0.9185E+01  0.6709E+01 -0.4004E+00 -0.3645E+00
  0.7752E+01  0.9458E+01  0.6705E+01 -0.4107E+00 -0.3752E+00
  0.7762E+01  0.9257E+01  0.6701E+01 -0.4211E+00 -0.3859E+00
  0.7773E+01  0.9317E+01  0.6697E+01 -0.4314E+00 -0.3966E+00
  0.7784E+01  0.9025E+01  0.6693E+01 -0.4417E+00 -0.4074E+00
  0.7794E+01  0.9197E+01  0.6688E+01 -0.4520E+00 -0.4183E+00
  0.7805E+01  0.9305E+01  0.6684E+01 -0.4624E+00 -0.4292E+00
  0.7816E+01  0.9009E+01  0.6679E+01 -0.4727E+00 -0.4403E+00
  0.7826E+01  0.9173E+01  0.6675E+01 -0.4831E+00 -0.4514E+00
  0.7837E+01  0.9168E+01  0.6670E+01 -0.4935E+00 -0.4626E+00
  0.7848E+01  0.9475E+01  0.6665E+01 -0.5039E+00 -0.4738E+00
  0.7858E+01  0.9053E+01  0.6660E+01 -0.5142E+00 -0.4851E+00
  0.7869E+01  0.9180E+01  0.6654E+01 -0.5246E+00 -0.4965E+00
  0.7880E+01  0.9363E+01  0.6649E+01 -0.5350E+00 -0.5080E+00
  0.7890E+01  0.9128E+01  0.6643E+01 -0.5454E+00 -0.5195E+00
  0.7901E+01  0.9331E+01  0.6638E+01 -0.5558E+00 -0.5310E+00
  0.7912E+01  0.9096E+01  0.6632E+01 -0.5662E+00 -0.5426E+00
  0.7922E+01  0.9033E+01  0.6626E+01 -0.5765E+00 -0.5542E+00
  0.7933E+01  0.9071E+01  0.6620E+01 -0.5869E+00 -0.5659E+00
  0.7944E+01  0.9461E+01  0.6614E+01 -0.5973E+00 -0.5777E+00
  0.7955E+01  0.9017E+01  0.6608E+01 -0.6077E+00 -0.5895E+00
  0.7965E+01  0.9076E+01  0.6601E+01 -0.6180E+00 -0.6014E+00
  0.7976E+01  0.9357E+01  0.6595E+01 -0.6284E+00 -0.6133E+00
  0.7987E+01  0.9267E+01  0.6588E+01 -0.6388E+00 -0.6253E+00
  0.7997E+01  0.8600E+01  0.6582E+01 -0.6491E+00 -0.6373E+00
  0.8008E+01  0.8866E+01  0.6575E+01 -0.6595E+00 -0.6493E+00
  0.8019E+01  0.8979E+01  0.6568E+01 -0.6698E+00 -0.6614E+00
  0.8030E+01  0.8859E+01  0.6561E+01 -0.6801E+00 -0.6735E+00
  0.8040E+01  0.9143E+01  0.6553E+01 -0.6904E+00 -0.6856E+00
  0.8051E+01  0.9197E+01  0.6546E+01 -0.7006E+00 -0.6977E+00
  0.8062E+01  0.8853E+01  0.6538E+01 -0.7109E+00 -0.7099E+00
  0.8072E+01  0.9151E+01  0.6531E+01 -0.7211E+00 -0.7221E+00
  0.8083E+01  0.8953E+01  0.6523E+01 -0.7314E+00 -0.7343E+00
  0.8094E+01  0.8157E+01  0.6515E+01 -0.7416E+00 -0.7466E+00
  0.8104E+01  0.8900E+01  0.6507E+01 -0.7518E+00 -0.7589E+00
  0.8115E+01  0.8900E+01  0.6499E+01 -0.7619E+00 -0.7712E+00
  0.8126E+01  0.8881E+01  0.6490E+01 -0.7721E+00 -0.7835E+00
  0.8136E+01  0.8909E+01  0.6482E+01 -0.7822E+00 -0.7958E+00
  0.8147E+01  0.9108E+01  0.6473E+01 -0.7923E+00 -0.8081E+00
  0.8158E+01  0.8692E+01  0.6465E+01 -0.8024E+00 -0.8204E+00
  0.8168E+01  0.8791E+01  0.6456E+01 -0.8124E+00 -0.8327E+00
  0.8179E+01  0.9080E+01  0.6447E+01 -0.8223E+00 -0.8450E+00
  0.8190E+01  0.8263E+01  0.6438E+01 -0.8323E+00 -0.8573E+00
  0.8200E+01  0.8758E+01  0.6429E+01 -0.8422E+00 -0.8696E+00
  0.8211E+01  0.8704E+01  0.6419E+01 -0.8521E+00 -0.8819E+00
  0.8222E+01  0.8903E+01  0.6410E+01 -0.8620E+00 -0.8942E+00
  0.8233E+01  0.8806E+01  0.6400E+01 -0.8718E+00 -0.9065E+00
  0.8243E+01  0.9216E+01  0.6390E+01 -0.8816E+00 -0.9188E+00
  0.8254E+01  0.8750E+01  0.6381E+01 -0.8913E+00 -0.9310E+00
  0.8265E+01  0.8774E+01  0.6370E+01 -0.9010E+00 -0.9432E+00
  0.8275E+01  0.9115E+01  0.6360E+01 -0.9107E+00 -0.9554E+00
  0.8286E+01  0.8223E+01  0.6350E+01 -0.9203E+00 -0.9676E+00
  0.8297E+01  0.8774E+01  0.6340E+01 -0.9299E+00 -0.9797E+00
  0.8307E+01  0.8944E+01  0.6329E+01 -0.9393E+00 -0.9918E+00
  0.8318E+01  0.8956E+01  0.6318E+01 -0.9487E+00 -0.1004E+01
  0.8329E+01  0.8868E+01  0.6308E+01 -0.9582E+00 -0.1016E+01
  0.8339E+01  0.9151E+01  0.6297E+01 -0.9675E+00 -0.1028E+01
  0.8350E+01  0.8982E+01  0.6286E+01 -0.9768E+00 -0.1040E+01
  0.8361E+01  0.8909E+01  0.6274E+01 -0.9861E+00 -0.1052E+01
  0.8372E+01  0.8741E+01  0.6263E+01 -0.9953E+00 -0.1063E+01
  0.8382E+01  0.8185E+01  0.6252E+01 -0.1004E+01 -0.1075E+01
  0.8393E+01  0.8608E+01  0.6240E+01 -0.1013E+01 -0.1087E+01
  0.8404E+01  0.8947E+01  0.6228E+01 -0.1022E+01 -0.1099E+01
  0.8414E+01  0.8817E+01  0.6217E+01 -0.1031E+01 -0.1110E+01
  0.8425E+01  0.8964E+01  0.6205E+01 -0.1040E+01 -0.1122E+01
  0.8436E+01  0.9035E+01  0.6193E+01 -0.1049E+01 -0.1133E+01
  0.8446E+01  0.8936E+01  0.6181E+01 -0.1058E+01 -0.1144E+01
  0.8457E+01  0.8635E+01  0.6168E+01 -0.1066E+01 -0.1156E+01
  0.8468E+01  0.8223E+01  0.6156E+01 -0.1075E+01 -0.1167E+01
  0.8479E+01  0.8264E+01  0.6143E+01 -0.1084E+01 -0.1178E+01
  0.8489E+01  0.8206E+01  0.6131E+01 -0.1092E+01 -0.1189E+01
  0.8500E+01  0.8998E+01  0.6118E+01 -0.1100E+01 -0.1200E+01
  0.8511E+01  0.8929E+01  0.6105E+01 -0.1109E+01 -0.1211E+01
  0.8521E+01  0.8777E+01  0.6092E+01 -0.1117E+01 -0.1221E+01
  0.8532E+01  0.8913E+01  0.6079E+01 -0.1125E+01 -0.1232E+01
  0.8543E+01  0.8803E+01  0.6066E+01 -0.1133E+01 -0.1243E+01
  0.8553E+01  0.8247E+01  0.6052E+01 -0.1141E+01 -0.1253E+01
  0.8564E+01  0.8094E+01  0.6039E+01 -0.1149E+01 -0.1263E+01
  0.8575E+01  0.8343E+01  0.6025E+01 -0.1157E+01 -0.1273E+01
  0.8585E+01  0.7977E+01  0.6012E+01 -0.1165E+01 -0.1283E+01
  0.8596E+01  0.9011E+01  0.5998E+01 -0.1173E+01 -0.1293E+01
  0.8607E+01  0.8604E+01  0.5984E+01 -0.1180E+01 -0.1303E+01
  0.8617E+01  0.8557E+01  0.5970E+01 -0.1188E+01 -0.1313E+01
  0.8628E+01  0.8725E+01  0.5956E+01 -0.1195E+01 -0.1322E+01
  0.8639E+01  0.8717E+01  0.5942E+01 -0.1202E+01 -0.1331E+01
  0.8650E+01  0.8200E+01  0.5927E+01 -0.1210E+01 -0.1341E+01
  0.8660E+01  0.7991E+01  0.5913E+01 -0.1217E+01 -0.1350E+01
  0.8671E+01  0.8140E+01  0.5899E+01 -0.1224E+01 -0.1358E+01
  0.8682E+01  0.7662E+01  0.5884E+01 -0.1231E+01 -0.1367E+01
  0.8692E+01  0.8846E+01  0.5869E+01 -0.1238E+01 -0.1376E+01
  0.8703E+01  0.8452E+01  0.5855E+01 -0.1245E+01 -0.1384E+01
  0.8714E+01  0.8574E+01  0.5840E+01 -0.1251E+01 -0.1392E+01
  0.8724E+01  0.8368E+01  0.5825E+01 -0.1258E+01 -0.1400E+01
  0.8735E+01  0.8697E+01  0.5810E+01 -0.1264E+01 -0.1408E+01
  0.8746E+01  0.7982E+01  0.5795E+01 -0.1271E+01 -0.1416E+01
  0.8757E+01  0.7786E+01  0.5779E+01 -0.1277E+01 -0.1424E+01
  0.8767E+01  0.7728E+01  0.5764E+01 -0.1284E+01 -0.1431E+01
  0.8778E+01  0.7698E+01  0.5749E+01 -0.1290E+01 -0.1438E+01
  0.8789E+01  0.8539E+01  0.5733E+01 -0.1296E+01 -0.1445E+01
  0.8799E+01  0.8465E+01  0.5718E+01 -0.1302E+01 -0.1452E+01
  0.8810E+01  0.8428E+01  0.5702E+01 -0.1308E+01 -0.1459E+01
  0.8821E+01  0.7883E+01  0.5687E+01 -0.1313E+01 -0.1465E+01
  0.8831E+01  0.8631E+01  0.5671E+01 -0.1319E+01 -0.1472E+01
  0.8842E+01  0.7865E+01  0.5655E+01 -0.1325E+01 -0.1478E+01
  0.8853E+01  0.7419E+01  0.5640E+01 -0.1330E+01 -0.1484E+01
  0.8863E+01  0.7653E+01  0.5624E+01 -0.1336E+01 -0.1490E+01
  0.8874E+01  0.7378E+01  0.5608E+01 -0.1341E+01 -0.1495E+01
  0.8885E+01  0.8581E+01  0.5592E+01 -0.1346E+01 -0.1500E+01
  0.8896E+01  0.8003E+01  0.5576E+01 -0.1351E+01 -0.1506E+01
  0.8906E+01  0.8276E+01  0.5559E+01 -0.1356E+01 -0.1511E+01
  0.8917E+01  0.7792E+01  0.5543E+01 -0.1361E+01 -0.1515E+01
  0.8928E+01  0.8345E+01  0.5527E+01 -0.1366E+01 -0.1520E+01
  0.8938E+01  0.7751E+01  0.5511E+01 -0.1371E+01 -0.1524E+01
  0.8949E+01  0.7042E+01  0.5495E+01 -0.1375E+01 -0.1529E+01
  0.8960E+01  0.7482E+01  0.5478E+01 -0.1380E+01 -0.1533E+01
  0.8970E+01  0.7209E+01  0.5462E+01 -0.1384E+01 -0.1537E+01
  0.8981E+01  0.8364E+01  0.5445E+01 -0.1389E+01 -0.1540E+01
  0.8992E+01  0.8088E+01  0.5429E+01 -0.1393E+01 -0.1544E+01
  0.9002E+01  0.7744E+01  0.5412E+01 -0.1397E+01 -0.1547E+01
  0.9013E+01  0.7511E+01  0.5396E+01 -0.1401E+01 -0.1550E+01
  0.9024E+01  0.8183E+01  0.5379E+01 -0.1405E+01 -0.1553E+01
  0.9034E+01  0.7681E+01  0.5362E+01 -0.1409E+01 -0.1556E+01
  0.9045E+01  0.6677E+01  0.5346E+01 -0.1413E+01 -0.1558E+01
  0.9056E+01  0.7164E+01  0.5329E+01 -0.1417E+01 -0.1561E+01
  0.9067E+01  0.6820E+01  0.5312E+01 -0.1420E+01 -0.1563E+01
  0.9077E+01  0.8188E+01  0.5296E+01 -0.1424E+01 -0.1565E+01
  0.9088E+01  0.7791E+01  0.5279E+01 -0.1427E+01 -0.1567E+01
  0.9099E+01  0.7669E+01  0.5262E+01 -0.1431E+01 -0.1569E+01
  0.9109E+01  0.7223E+01  0.5245E+01 -0.1434E+01 -0.1570E+01
  0.9120E+01  0.8005E+01  0.5229E+01 -0.1437E+01 -0.1572E+01
  0.9131E+01  0.7618E+01  0.5212E+01 -0.1440E+01 -0.1573E+01
  0.9141E+01  0.5930E+01  0.5195E+01 -0.1443E+01 -0.1574E+01
  0.9152E+01  0.6736E+01  0.5178E+01 -0.1446E+01 -0.1575E+01
  0.9163E+01  0.7056E+01  0.5161E+01 -0.1449E+01 -0.1576E+01
  0.9174E+01  0.7913E+01  0.5144E+01 -0.1452E+01 -0.1577E+01
  0.9184E+01  0.7544E+01  0.5127E+01 -0.1454E+01 -0.1577E+01
  0.9195E+01  0.7360E+01  0.5111E+01 -0.1457E+01 -0.1578E+01
  0.9206E+01  0.7264E+01  0.5094E+01 -0.1460E+01 -0.1578E+01
  0.9216E+01  0.7647E+01  0.5077E+01 -0.1462E+01 -0.1578E+01
  0.9227E+01  0.7380E+01  0.5060E+01 -0.1464E+01 -0.1578E+01
  0.9238E+01  0.5768E+01  0.5043E+01 -0.1467E+01 -0.1578E+01
  0.9248E+01  0.5649E+01  0.5026E+01 -0.1469E+01 -0.1578E+01
  0.9259E+01  0.7142E+01  0.5009E+01 -0.1471E+01 -0.1578E+01
  0.9270E+01  0.7753E+01  0.4993E+01 -0.1473E+01 -0.1577E+01
  0.9280E+01  0.6773E+01  0.4976E+01 -0.1475E+01 -0.1577E+01
  0.9291E+01  0.6926E+01  0.4959E+01 -0.1477E+01 -0.1576E+01
  0.9302E+01  0.7233E+01  0.4942E+01 -0.1479E+01 -0.1576E+01
  0.9312E+01  0.7527E+01  0.4925E+01 -0.1481E+01 -0.1575E+01
  0.9323E+01  0.6366E+01  0.4908E+01 -0.1482E+01 -0.1574E+01
  0.9334E+01  0.5656E+01  0.4892E+01 -0.1484E+01 -0.1573E+01
  0.9345E+01  0.5642E+01  0.4875E+01 -0.1485E+01 -0.1572E+01
  0.9355E+01  0.6979E+01  0.4858E+01 -0.1487E+01 -0.1571E+01
  0.9366E+01  0.7416E+01  0.4841E+01 -0.1488E+01 -0.1570E+01
  0.9377E+01  0.5886E+01  0.4824E+01 -0.1490E+01 -0.1568E+01
  0.9387E+01  0.6958E+01  0.4808E+01 -0.1491E+01 -0.1567E+01
  0.9398E+01  0.7065E+01  0.4791E+01 -0.1492E+01 -0.1566E+01
  0.9409E+01  0.7238E+01  0.4774E+01 -0.1494E+01 -0.1564E+01
  0.9419E+01  0.5357E+01  0.4757E+01 -0.1495E+01 -0.1563E+01
  0.9430E+01  0.5447E+01  0.4741E+01 -0.1496E+01 -0.1561E+01
  0.9441E+01  0.5690E+01  0.4724E+01 -0.1497E+01 -0.1560E+01
  0.9451E+01  0.6480E+01  0.4707E+01 -0.1498E+01 -0.1558E+01
  0.9462E+01  0.6888E+01  0.4691E+01 -0.1499E+01 -0.1556E+01
  0.9473E+01  0.5991E+01  0.4674E+01 -0.1499E+01 -0.1555E+01
  0.9483E+01  0.6898E+01  0.4657E+01 -0.1500E+01 -0.1553E+01
  0.9494E+01  0.6636E+01  0.4641E+01 -0.1501E+01 -0.1551E+01
  0.9505E+01  0.6743E+01  0.4624E+01 -0.1501E+01 -0.1549E+01
  0.9516E+01  0.5147E+01  0.4608E+01 -0.1502E+01 -0.1547E+01
  0.9526E+01  0.5545E+01  0.4591E+01 -0.1503E+01 -0.1545E+01
  0.9537E+01  0.5628E+01  0.4575E+01 -0.1503E+01 -0.1544E+01
  0.9548E+01  0.6492E+01  0.4558E+01 -0.1504E+01 -0.1542E+01
  0.9558E+01  0.5288E+01  0.4542E+01 -0.1504E+01 -0.1540E+01
  0.9569E+01  0.6186E+01  0.4525E+01 -0.1504E+01 -0.1538E+01
  0.9580E+01  0.6867E+01  0.4509E+01 -0.1505E+01 -0.1536E+01
  0.9590E+01  0.5935E+01  0.4492E+01 -0.1505E+01 -0.1534E+01
  0.9601E+01  0.6207E+01  0.4476E+01 -0.1505E+01 -0.1532E+01
  0.9612E+01  0.4852E+01  0.4460E+01 -0.1505E+01 -0.1530E+01
  0.9623E+01  0.5497E+01  0.4443E+01 -0.1506E+01 -0.1528E+01
  0.9633E+01  0.5063E+01  0.4427E+01 -0.1506E+01 -0.1526E+01
  0.9644E+01  0.5823E+01  0.4411E+01 -0.1506E+01 -0.1524E+01
  0.9655E+01  0.4477E+01  0.4394E+01 -0.1506E+01 -0.1522E+01
  0.9665E+01  0.6342E+01  0.4378E+01 -0.1506E+01 -0.1520E+01
  0.9676E+01  0.6423E+01  0.4362E+01 -0.1506E+01 -0.1518E+01
  0.9687E+01  0.5338E+01  0.4346E+01 -0.1505E+01 -0.1516E+01
  0.9697E+01  0.5193E+01  0.4329E+01 -0.1505E+01 -0.1514E+01
  0.9708E+01  0.5024E+01  0.4313E+01 -0.1505E+01 -0.1511E+01
  0.9719E+01  0.5561E+01  0.4297E+01 -0.1505E+01 -0.1509E+01
  0.9729E+01  0.4331E+01  0.4281E+01 -0.1505E+01 -0.1507E+01
  0.9740E+01  0.5136E+01  0.4265E+01 -0.1504E+01 -0.1505E+01
  0.9751E+01  0.4754E+01  0.4249E+01 -0.1504E+01 -0.1503E+01
  0.9761E+01  0.6194E+01  0.4233E+01 -0.1504E+01 -0.1501E+01
  0.9772E+01  0.5561E+01  0.4217E+01 -0.1503E+01 -0.1499E+01
  0.9783E+01  0.4852E+01  0.4201E+01 -0.1503E+01 -0.1497E+01
  0.9794E+01  0.4970E+01  0.4185E+01 -0.1502E+01 -0.1495E+01
  0.9804E+01  0.5063E+01  0.4169E+01 -0.1502E+01 -0.1493E+01
  0.9815E+01  0.5182E+01  0.4153E+01 -0.1501E+01 -0.1491E+01
  0.9826E+01  0.4159E+01  0.4137E+01 -0.1501E+01 -0.1489E+01
  0.9836E+01  0.2890E+01  0.4121E+01 -0.1500E+01 -0.1487E+01
  0.9847E+01  0.4927E+01  0.4105E+01 -0.1500E+01 -0.1485E+01
  0.9858E+01  0.5875E+01  0.4089E+01 -0.1499E+01 -0.1483E+01
  0.9868E+01  0.4913E+01  0.4073E+01 -0.1499E+01 -0.1481E+01
  0.9879E+01  0.3178E+01  0.4058E+01 -0.1498E+01 -0.1478E+01
  0.9890E+01  0.4159E+01  0.4042E+01 -0.1497E+01 -0.1476E+01
  0.9900E+01  0.5215E+01  0.4026E+01 -0.1496E+01 -0.1474E+01
  0.9911E+01  0.4787E+01  0.4010E+01 -0.1496E+01 -0.1471E+01
  0.9933E+01  0.2079E+01  0.3979E+01 -0.1494E+01 -0.1469E+01
  0.9943E+01  0.5147E+01  0.3963E+01 -0.1493E+01 -0.1466E+01
  0.9954E+01  0.5100E+01  0.3947E+01 -0.1492E+01 -0.1462E+01
  0.9975E+01  0.3466E+01  0.3916E+01 -0.1491E+01 -0.1460E+01
  0.9986E+01  0.4477E+01  0.3901E+01 -0.1490E+01 -0.1457E+01
  0.9997E+01  0.4913E+01  0.3885E+01 -0.1489E+01 -0.1455E+01
  0.1001E+02  0.3466E+01  0.3870E+01 -0.1488E+01 -0.1452E+01
  0.1002E+02  0.1386E+01  0.3854E+01 -0.1487E+01 -0.1449E+01
  0.1004E+02  0.4927E+01  0.3823E+01 -0.1485E+01 -0.1446E+01
  0.1005E+02  0.3638E+01  0.3808E+01 -0.1484E+01 -0.1443E+01
  0.1006E+02  0.2773E+01  0.3792E+01 -0.1483E+01 -0.1440E+01
  0.1007E+02  0.3178E+01  0.3777E+01 -0.1482E+01 -0.1438E+01
  0.1008E+02  0.4159E+01  0.3761E+01 -0.1481E+01 -0.1435E+01
  0.1009E+02  0.4564E+01  0.3746E+01 -0.1479E+01 -0.1432E+01
  0.1011E+02  0.1386E+01  0.3716E+01 -0.1477E+01 -0.1429E+01
  0.1012E+02  0.6931E+00  0.3700E+01 -0.1476E+01 -0.1425E+01
  0.1014E+02  0.4331E+01  0.3685E+01 -0.1475E+01 -0.1420E+01
  0.1017E+02  0.3466E+01  0.3640E+01 -0.1471E+01 -0.1417E+01
  0.1018E+02  0.3689E+01  0.3624E+01 -0.1470E+01 -0.1412E+01
  0.1019E+02  0.3871E+01  0.3609E+01 -0.1469E+01 -0.1407E+01
  0.1021E+02  0.1386E+01  0.3579E+01 -0.1466E+01 -0.1404E+01
  0.1022E+02  0.1386E+01  0.3564E+01 -0.1465E+01 -0.1400E+01
  0.1023E+02  0.3584E+01  0.3549E+01 -0.1463E+01 -0.1394E+01
  0.1026E+02  0.3689E+01  0.3505E+01 -0.1459E+01 -0.1391E+01
  0.1027E+02  0.3466E+01  0.3490E+01 -0.1458E+01 -0.1384E+01
  0.1029E+02  0.2079E+01  0.3475E+01 -0.1456E+01 -0.1378E+01
  0.1032E+02  0.1386E+01  0.3431E+01 -0.1452E+01 -0.1374E+01
  0.1033E+02  0.1792E+01  0.3416E+01 -0.1451E+01 -0.1364E+01
  0.1036E+02  0.3689E+01  0.3373E+01 -0.1446E+01 -0.1355E+01
  0.1040E+02  0.1386E+01  0.3315E+01 -0.1440E+01 -0.1347E+01
  0.1041E+02  0.1386E+01  0.3301E+01 -0.1438E+01 -0.1333E+01
  0.1045E+02  0.2773E+01  0.3258E+01 -0.1433E+01 -0.1319E+01
  0.1051E+02  0.1386E+01  0.3174E+01 -0.1423E+01 -0.1306E+01
  0.1054E+02  0.2079E+01  0.3132E+01 -0.1418E+01 -0.1282E+01
  0.1060E+02  0.1386E+01  0.3064E+01 -0.1409E+01 -0.1256E+01
  0.1068E+02  0.6931E+00  0.2958E+01 -0.1393E+01 -0.8122E-01
  0.3582E+01  0.0000E+00  0.3634E+01  0.4075E+00 -0.1013E+00
  0.3635E+01  0.0000E+00  0.3671E+01  0.4144E+00  0.6930E+00
  0.3646E+01  0.0000E+00  0.3678E+01  0.4157E+00  0.6288E+00
  0.3678E+01  0.0000E+00  0.3698E+01  0.4199E+00  0.6052E+00
  0.3699E+01  0.1099E+01  0.3711E+01  0.4229E+00  0.5741E+00
  0.3710E+01  0.1099E+01  0.3717E+01  0.4244E+00  0.5511E+00
  0.3721E+01  0.0000E+00  0.3722E+01  0.4260E+00  0.5360E+00
  0.3731E+01  0.0000E+00  0.3728E+01  0.4276E+00  0.5211E+00
  0.3742E+01  0.1099E+01  0.3734E+01  0.4293E+00  0.5062E+00
  0.3753E+01  0.1099E+01  0.3739E+01  0.4310E+00  0.4916E+00
  0.3763E+01  0.1386E+01  0.3744E+01  0.4328E+00  0.4771E+00
  0.3774E+01  0.1609E+01  0.3749E+01  0.4347E+00  0.4627E+00
  0.3785E+01  0.1099E+01  0.3754E+01  0.4366E+00  0.4486E+00
  0.3796E+01  0.1792E+01  0.3759E+01  0.4386E+00  0.4347E+00
  0.3806E+01  0.1386E+01  0.3763E+01  0.4407E+00  0.4209E+00
  0.3817E+01  0.1609E+01  0.3768E+01  0.4428E+00  0.4074E+00
  0.3828E+01  0.1792E+01  0.3772E+01  0.4451E+00  0.3941E+00
  0.3838E+01  0.2303E+01  0.3776E+01  0.4474E+00  0.3809E+00
  0.3849E+01  0.1609E+01  0.3780E+01  0.4499E+00  0.3680E+00
  0.3860E+01  0.1946E+01  0.3784E+01  0.4524E+00  0.3554E+00
  0.3870E+01  0.2303E+01  0.3788E+01  0.4550E+00  0.3429E+00
  0.3881E+01  0.2079E+01  0.3791E+01  0.4578E+00  0.3308E+00
  0.3892E+01  0.2485E+01  0.3795E+01  0.4606E+00  0.3189E+00
  0.3902E+01  0.2197E+01  0.3798E+01  0.4636E+00  0.3073E+00
  0.3913E+01  0.2708E+01  0.3801E+01  0.4667E+00  0.2960E+00
  0.3924E+01  0.2303E+01  0.3804E+01  0.4699E+00  0.2850E+00
  0.3934E+01  0.2398E+01  0.3807E+01  0.4731E+00  0.2744E+00
  0.3945E+01  0.2398E+01  0.3810E+01  0.4766E+00  0.2641E+00
  0.3956E+01  0.2944E+01  0.3813E+01  0.4801E+00  0.2541E+00
  0.3967E+01  0.2565E+01  0.3816E+01  0.4838E+00  0.2445E+00
  0.3977E+01  0.2708E+01  0.3818E+01  0.4877E+00  0.2353E+00
  0.3988E+01  0.2773E+01  0.3821E+01  0.4917E+00  0.2265E+00
  0.3999E+01  0.2890E+01  0.3823E+01  0.4958E+00  0.2181E+00
  0.4009E+01  0.2890E+01  0.3825E+01  0.5000E+00  0.2101E+00
  0.4020E+01  0.3045E+01  0.3828E+01  0.5044E+00  0.2026E+00
  0.4031E+01  0.2485E+01  0.3830E+01  0.5090E+00  0.1956E+00
  0.4042E+01  0.2833E+01  0.3832E+01  0.5137E+00  0.1890E+00
  0.4052E+01  0.3178E+01  0.3834E+01  0.5185E+00  0.1830E+00
  0.4063E+01  0.2565E+01  0.3836E+01  0.5234E+00  0.1775E+00
  0.4074E+01  0.2890E+01  0.3838E+01  0.5286E+00  0.1726E+00
  0.4084E+01  0.3045E+01  0.3839E+01  0.5339E+00  0.1682E+00
  0.4095E+01  0.2773E+01  0.3841E+01  0.5394E+00  0.1644E+00
  0.4106E+01  0.2833E+01  0.3843E+01  0.5450E+00  0.1612E+00
  0.4116E+01  0.3045E+01  0.3845E+01  0.5508E+00  0.1586E+00
  0.4127E+01  0.2833E+01  0.3846E+01  0.5568E+00  0.1566E+00
  0.4138E+01  0.2773E+01  0.3848E+01  0.5629E+00  0.1553E+00
  0.4148E+01  0.2890E+01  0.3850E+01  0.5692E+00  0.1547E+00
  0.4159E+01  0.2833E+01  0.3851E+01  0.5756E+00  0.1548E+00
  0.4170E+01  0.3045E+01  0.3853E+01  0.5822E+00  0.1556E+00
  0.4181E+01  0.2398E+01  0.3855E+01  0.5890E+00  0.1572E+00
  0.4191E+01  0.2639E+01  0.3856E+01  0.5959E+00  0.1595E+00
  0.4202E+01  0.2890E+01  0.3858E+01  0.6031E+00  0.1625E+00
  0.4212E+01  0.2833E+01  0.3860E+01  0.6104E+00  0.1663E+00
  0.4223E+01  0.2398E+01  0.3862E+01  0.6178E+00  0.1709E+00
  0.4234E+01  0.2639E+01  0.3863E+01  0.6255E+00  0.1764E+00
  0.4245E+01  0.2485E+01  0.3865E+01  0.6333E+00  0.1826E+00
  0.4255E+01  0.2565E+01  0.3867E+01  0.6412E+00  0.1897E+00
  0.4266E+01  0.2565E+01  0.3869E+01  0.6494E+00  0.1977E+00
  0.4277E+01  0.2485E+01  0.3872E+01  0.6577E+00  0.2065E+00
  0.4287E+01  0.2197E+01  0.3874E+01  0.6662E+00  0.2162E+00
  0.4298E+01  0.2485E+01  0.3876E+01  0.6748E+00  0.2267E+00
  0.4309E+01  0.2079E+01  0.3879E+01  0.6836E+00  0.2381E+00
  0.4319E+01  0.1946E+01  0.3881E+01  0.6925E+00  0.2504E+00
  0.4330E+01  0.2079E+01  0.3884E+01  0.7016E+00  0.2636E+00
  0.4341E+01  0.1946E+01  0.3887E+01  0.7108E+00  0.2777E+00
  0.4351E+01  0.1946E+01  0.3890E+01  0.7203E+00  0.2927E+00
  0.4362E+01  0.1946E+01  0.3893E+01  0.7298E+00  0.3086E+00
  0.4373E+01  0.1946E+01  0.3897E+01  0.7395E+00  0.3254E+00
  0.4384E+01  0.1609E+01  0.3900E+01  0.7494E+00  0.3431E+00
  0.4394E+01  0.1609E+01  0.3904E+01  0.7594E+00  0.3617E+00
  0.4405E+01  0.1386E+01  0.3908E+01  0.7695E+00  0.3811E+00
  0.4416E+01  0.1386E+01  0.3912E+01  0.7798E+00  0.4015E+00
  0.4426E+01  0.1609E+01  0.3916E+01  0.7902E+00  0.4226E+00
  0.4437E+01  0.1386E+01  0.3921E+01  0.8007E+00  0.4446E+00
  0.4448E+01  0.1099E+01  0.3926E+01  0.8112E+00  0.4674E+00
  0.4458E+01  0.1099E+01  0.3931E+01  0.8220E+00  0.4910E+00
  0.4469E+01  0.1099E+01  0.3936E+01  0.8328E+00  0.5154E+00
  0.4480E+01  0.6931E+00  0.3942E+01  0.8438E+00  0.5407E+00
  0.4490E+01  0.6931E+00  0.3948E+01  0.8548E+00  0.5666E+00
  0.4501E+01  0.6931E+00  0.3954E+01  0.8660E+00  0.5933E+00
  0.4512E+01  0.6931E+00  0.3961E+01  0.8772E+00  0.6207E+00
  0.4523E+01  0.1099E+01  0.3968E+01  0.8885E+00  0.6632E+00
  0.4544E+01  0.0000E+00  0.3982E+01  0.9112E+00  0.6922E+00
  0.4555E+01  0.0000E+00  0.3990E+01  0.9227E+00  0.7367E+00
  0.4565E+01  0.6931E+00  0.3998E+01  0.9342E+00  0.7670E+00
  0.4576E+01  0.0000E+00  0.4006E+01  0.9457E+00  0.7980E+00
  0.4587E+01  0.0000E+00  0.4015E+01  0.9573E+00  0.8292E+00
  0.4597E+01  0.0000E+00  0.4024E+01  0.9689E+00  0.8610E+00
  0.4608E+01  0.0000E+00  0.4033E+01  0.9806E+00  0.9095E+00
  0.4630E+01  0.0000E+00  0.4053E+01  0.1004E+01  0.9752E+00
  0.4662E+01  0.0000E+00  0.4085E+01  0.1039E+01  0.1108E+01
  0.4726E+01  0.0000E+00  0.4160E+01  0.1107E+01  0.1192E+01
  0.4747E+01  0.6931E+00  0.4187E+01  0.1129E+01  0.1308E+01
  0.4758E+01  0.1792E+01  0.4202E+01  0.1140E+01  0.1357E+01
  0.4768E+01  0.2197E+01  0.4216E+01  0.1151E+01  0.1389E+01
  0.4779E+01  0.1386E+01  0.4231E+01  0.1162E+01  0.1467E+01
  0.4822E+01  0.0000E+00  0.4295E+01  0.1204E+01  0.1497E+01
  0.4833E+01  0.1386E+01  0.4311E+01  0.1213E+01  0.1572E+01
  0.4843E+01  0.2303E+01  0.4328E+01  0.1223E+01  0.1600E+01
  0.4854E+01  0.2398E+01  0.4346E+01  0.1233E+01  0.1628E+01
  0.4865E+01  0.1386E+01  0.4363E+01  0.1242E+01  0.1680E+01
  0.4897E+01  0.6931E+00  0.4417E+01  0.1270E+01  0.1705E+01
  0.4907E+01  0.1099E+01  0.4436E+01  0.1278E+01  0.1754E+01
  0.4918E+01  0.2079E+01  0.4455E+01  0.1287E+01  0.1776E+01
  0.4929E+01  0.2996E+01  0.4474E+01  0.1295E+01  0.1798E+01
  0.4940E+01  0.2944E+01  0.4493E+01  0.1303E+01  0.1818E+01
  0.4950E+01  0.2303E+01  0.4513E+01  0.1311E+01  0.1847E+01
  0.4972E+01  0.6931E+00  0.4553E+01  0.1325E+01  0.1865E+01
  0.4982E+01  0.0000E+00  0.4573E+01  0.1332E+01  0.1890E+01
  0.4993E+01  0.2079E+01  0.4593E+01  0.1339E+01  0.1905E+01
  0.5004E+01  0.2398E+01  0.4613E+01  0.1345E+01  0.1919E+01
  0.5014E+01  0.2996E+01  0.4634E+01  0.1352E+01  0.1932E+01
  0.5025E+01  0.3258E+01  0.4655E+01  0.1358E+01  0.1944E+01
  0.5036E+01  0.2639E+01  0.4676E+01  0.1363E+01  0.1955E+01
  0.5046E+01  0.1386E+01  0.4697E+01  0.1369E+01  0.1965E+01
  0.5057E+01  0.1386E+01  0.4718E+01  0.1374E+01  0.1973E+01
  0.5068E+01  0.2079E+01  0.4739E+01  0.1379E+01  0.1980E+01
  0.5079E+01  0.2398E+01  0.4760E+01  0.1383E+01  0.1987E+01
  0.5089E+01  0.3045E+01  0.4781E+01  0.1387E+01  0.1992E+01
  0.5100E+01  0.3367E+01  0.4803E+01  0.1391E+01  0.1996E+01
  0.5111E+01  0.3296E+01  0.4824E+01  0.1395E+01  0.1998E+01
  0.5121E+01  0.2944E+01  0.4845E+01  0.1398E+01  0.2000E+01
  0.5132E+01  0.2197E+01  0.4867E+01  0.1402E+01  0.2001E+01
  0.5143E+01  0.1792E+01  0.4888E+01  0.1404E+01  0.2000E+01
  0.5153E+01  0.2639E+01  0.4909E+01  0.1407E+01  0.1999E+01
  0.5164E+01  0.3296E+01  0.4931E+01  0.1409E+01  0.1996E+01
  0.5175E+01  0.3611E+01  0.4952E+01  0.1411E+01  0.1992E+01
  0.5186E+01  0.3526E+01  0.4974E+01  0.1413E+01  0.1988E+01
  0.5196E+01  0.3664E+01  0.4995E+01  0.1414E+01  0.1982E+01
  0.5207E+01  0.3091E+01  0.5016E+01  0.1415E+01  0.1975E+01
  0.5218E+01  0.3178E+01  0.5037E+01  0.1416E+01  0.1968E+01
  0.5228E+01  0.3296E+01  0.5058E+01  0.1417E+01  0.1959E+01
  0.5239E+01  0.3689E+01  0.5079E+01  0.1417E+01  0.1950E+01
  0.5250E+01  0.3807E+01  0.5100E+01  0.1417E+01  0.1940E+01
  0.5260E+01  0.3912E+01  0.5120E+01  0.1417E+01  0.1928E+01
  0.5271E+01  0.4205E+01  0.5141E+01  0.1416E+01  0.1917E+01
  0.5282E+01  0.3829E+01  0.5161E+01  0.1415E+01  0.1904E+01
  0.5292E+01  0.3497E+01  0.5182E+01  0.1414E+01  0.1890E+01
  0.5303E+01  0.3932E+01  0.5202E+01  0.1413E+01  0.1876E+01
  0.5314E+01  0.3738E+01  0.5222E+01  0.1411E+01  0.1861E+01
  0.5324E+01  0.3807E+01  0.5242E+01  0.1409E+01  0.1846E+01
  0.5335E+01  0.4143E+01  0.5261E+01  0.1407E+01  0.1830E+01
  0.5346E+01  0.4205E+01  0.5281E+01  0.1405E+01  0.1813E+01
  0.5356E+01  0.4111E+01  0.5300E+01  0.1402E+01  0.1796E+01
  0.5367E+01  0.3951E+01  0.5319E+01  0.1399E+01  0.1778E+01
  0.5378E+01  0.4127E+01  0.5338E+01  0.1396E+01  0.1760E+01
  0.5389E+01  0.3367E+01  0.5357E+01  0.1393E+01  0.1742E+01
  0.5399E+01  0.4174E+01  0.5375E+01  0.1390E+01  0.1723E+01
  0.5410E+01  0.4159E+01  0.5393E+01  0.1386E+01  0.1703E+01
  0.5421E+01  0.4234E+01  0.5412E+01  0.1382E+01  0.1683E+01
  0.5431E+01  0.4277E+01  0.5430E+01  0.1378E+01  0.1663E+01
  0.5442E+01  0.4111E+01  0.5447E+01  0.1373E+01  0.1643E+01
  0.5453E+01  0.4094E+01  0.5465E+01  0.1369E+01  0.1623E+01
  0.5463E+01  0.3850E+01  0.5482E+01  0.1364E+01  0.1602E+01
  0.5474E+01  0.4159E+01  0.5499E+01  0.1359E+01  0.1581E+01
  0.5485E+01  0.4025E+01  0.5516E+01  0.1354E+01  0.1560E+01
  0.5495E+01  0.4127E+01  0.5532E+01  0.1349E+01  0.1539E+01
  0.5506E+01  0.4007E+01  0.5549E+01  0.1343E+01  0.1518E+01
  0.5517E+01  0.4344E+01  0.5565E+01  0.1338E+01  0.1497E+01
  0.5528E+01  0.4025E+01  0.5581E+01  0.1332E+01  0.1476E+01
  0.5538E+01  0.3989E+01  0.5596E+01  0.1326E+01  0.1454E+01
  0.5549E+01  0.4060E+01  0.5612E+01  0.1320E+01  0.1433E+01
  0.5560E+01  0.4143E+01  0.5627E+01  0.1313E+01  0.1412E+01
  0.5570E+01  0.4127E+01  0.5642E+01  0.1307E+01  0.1391E+01
  0.5581E+01  0.4174E+01  0.5657E+01  0.1301E+01  0.1370E+01
  0.5592E+01  0.4174E+01  0.5671E+01  0.1294E+01  0.1350E+01
  0.5602E+01  0.4317E+01  0.5685E+01  0.1287E+01  0.1330E+01
  0.5613E+01  0.4060E+01  0.5700E+01  0.1280E+01  0.1309E+01
  0.5624E+01  0.3970E+01  0.5713E+01  0.1273E+01  0.1289E+01
  0.5635E+01  0.4159E+01  0.5727E+01  0.1266E+01  0.1270E+01
  0.5645E+01  0.4220E+01  0.5741E+01  0.1259E+01  0.1250E+01
  0.5656E+01  0.4174E+01  0.5754E+01  0.1252E+01  0.1231E+01
  0.5667E+01  0.4127E+01  0.5767E+01  0.1244E+01  0.1212E+01
  0.5677E+01  0.4143E+01  0.5780E+01  0.1237E+01  0.1194E+01
  0.5688E+01  0.4205E+01  0.5793E+01  0.1229E+01  0.1175E+01
  0.5699E+01  0.4205E+01  0.5805E+01  0.1221E+01  0.1158E+01
  0.5709E+01  0.3912E+01  0.5817E+01  0.1214E+01  0.1140E+01
  0.5720E+01  0.4143E+01  0.5829E+01  0.1206E+01  0.1123E+01
  0.5731E+01  0.4290E+01  0.5841E+01  0.1198E+01  0.1107E+01
  0.5741E+01  0.3892E+01  0.5853E+01  0.1190E+01  0.1090E+01
  0.5752E+01  0.4111E+01  0.5865E+01  0.1182E+01  0.1075E+01
  0.5763E+01  0.4143E+01  0.5876E+01  0.1174E+01  0.1059E+01
  0.5773E+01  0.3970E+01  0.5887E+01  0.1166E+01  0.1044E+01
  0.5784E+01  0.3951E+01  0.5898E+01  0.1158E+01  0.1030E+01
  0.5795E+01  0.4007E+01  0.5909E+01  0.1150E+01  0.1016E+01
  0.5806E+01  0.3761E+01  0.5920E+01  0.1142E+01  0.1002E+01
  0.5816E+01  0.3850E+01  0.5931E+01  0.1133E+01  0.9890E+00
  0.5827E+01  0.3892E+01  0.5941E+01  0.1125E+01  0.9763E+00
  0.5838E+01  0.3761E+01  0.5952E+01  0.1117E+01  0.9641E+00
  0.5848E+01  0.3761E+01  0.5962E+01  0.1109E+01  0.9524E+00
  0.5859E+01  0.3689E+01  0.5972E+01  0.1100E+01  0.9411E+00
  0.5870E+01  0.3689E+01  0.5982E+01  0.1092E+01  0.9303E+00
  0.5880E+01  0.3555E+01  0.5992E+01  0.1084E+01  0.9200E+00
  0.5891E+01  0.3367E+01  0.6002E+01  0.1075E+01  0.9100E+00
  0.5902E+01  0.3761E+01  0.6011E+01  0.1067E+01  0.9006E+00
  0.5912E+01  0.3611E+01  0.6021E+01  0.1059E+01  0.8915E+00
  0.5923E+01  0.3871E+01  0.6030E+01  0.1050E+01  0.8829E+00
  0.5934E+01  0.3555E+01  0.6040E+01  0.1042E+01  0.8747E+00
  0.5945E+01  0.3850E+01  0.6049E+01  0.1034E+01  0.8669E+00
  0.5955E+01  0.3611E+01  0.6058E+01  0.1026E+01  0.8596E+00
  0.5966E+01  0.3638E+01  0.6067E+01  0.1017E+01  0.8526E+00
  0.5977E+01  0.3401E+01  0.6077E+01  0.1009E+01  0.8461E+00
  0.5987E+01  0.3526E+01  0.6085E+01  0.1001E+01  0.8399E+00
  0.5998E+01  0.3611E+01  0.6094E+01  0.9925E+00  0.8341E+00
  0.6009E+01  0.3807E+01  0.6103E+01  0.9843E+00  0.8286E+00
  0.6019E+01  0.3714E+01  0.6112E+01  0.9761E+00  0.8234E+00
  0.6030E+01  0.3807E+01  0.6121E+01  0.9679E+00  0.8186E+00
  0.6041E+01  0.4007E+01  0.6130E+01  0.9597E+00  0.8141E+00
  0.6051E+01  0.3219E+01  0.6138E+01  0.9515E+00  0.8099E+00
  0.6062E+01  0.3738E+01  0.6147E+01  0.9434E+00  0.8059E+00
  0.6073E+01  0.3526E+01  0.6156E+01  0.9353E+00  0.8023E+00
  0.6084E+01  0.3466E+01  0.6164E+01  0.9272E+00  0.7988E+00
  0.6094E+01  0.3497E+01  0.6173E+01  0.9192E+00  0.7956E+00
  0.6105E+01  0.4078E+01  0.6181E+01  0.9112E+00  0.7927E+00
  0.6116E+01  0.3892E+01  0.6190E+01  0.9033E+00  0.7899E+00
  0.6126E+01  0.4159E+01  0.6198E+01  0.8953E+00  0.7873E+00
  0.6137E+01  0.4190E+01  0.6206E+01  0.8873E+00  0.7849E+00
  0.6148E+01  0.3638E+01  0.6215E+01  0.8794E+00  0.7826E+00
  0.6158E+01  0.3807E+01  0.6223E+01  0.8715E+00  0.7805E+00
  0.6169E+01  0.3664E+01  0.6232E+01  0.8637E+00  0.7785E+00
  0.6180E+01  0.3689E+01  0.6240E+01  0.8558E+00  0.7766E+00
  0.6191E+01  0.3526E+01  0.6248E+01  0.8480E+00  0.7748E+00
  0.6201E+01  0.4277E+01  0.6256E+01  0.8403E+00  0.7730E+00
  0.6212E+01  0.4290E+01  0.6265E+01  0.8325E+00  0.7713E+00
  0.6223E+01  0.4419E+01  0.6273E+01  0.8248E+00  0.7696E+00
  0.6233E+01  0.4111E+01  0.6281E+01  0.8171E+00  0.7680E+00
  0.6244E+01  0.4043E+01  0.6289E+01  0.8095E+00  0.7664E+00
  0.6255E+01  0.3912E+01  0.6297E+01  0.8018E+00  0.7647E+00
  0.6265E+01  0.3912E+01  0.6306E+01  0.7942E+00  0.7631E+00
  0.6276E+01  0.4043E+01  0.6314E+01  0.7866E+00  0.7614E+00
  0.6287E+01  0.4043E+01  0.6322E+01  0.7790E+00  0.7596E+00
  0.6297E+01  0.4369E+01  0.6330E+01  0.7714E+00  0.7578E+00
  0.6308E+01  0.4511E+01  0.6338E+01  0.7638E+00  0.7559E+00
  0.6319E+01  0.4673E+01  0.6346E+01  0.7563E+00  0.7539E+00
  0.6329E+01  0.4078E+01  0.6354E+01  0.7488E+00  0.7518E+00
  0.6340E+01  0.4205E+01  0.6362E+01  0.7413E+00  0.7496E+00
  0.6351E+01  0.3989E+01  0.6370E+01  0.7338E+00  0.7473E+00
  0.6362E+01  0.4043E+01  0.6378E+01  0.7263E+00  0.7449E+00
  0.6372E+01  0.3989E+01  0.6386E+01  0.7189E+00  0.7423E+00
  0.6383E+01  0.4277E+01  0.6394E+01  0.7115E+00  0.7395E+00
  0.6394E+01  0.4205E+01  0.6402E+01  0.7040E+00  0.7366E+00
  0.6404E+01  0.4564E+01  0.6410E+01  0.6966E+00  0.7335E+00
  0.6415E+01  0.4533E+01  0.6418E+01  0.6892E+00  0.7302E+00
  0.6426E+01  0.3871E+01  0.6426E+01  0.6818E+00  0.7268E+00
  0.6436E+01  0.3970E+01  0.6433E+01  0.6743E+00  0.7232E+00
  0.6447E+01  0.3970E+01  0.6441E+01  0.6669E+00  0.7193E+00
  0.6458E+01  0.4094E+01  0.6449E+01  0.6595E+00  0.7153E+00
  0.6468E+01  0.3871E+01  0.6456E+01  0.6521E+00  0.7111E+00
  0.6479E+01  0.4127E+01  0.6464E+01  0.6447E+00  0.7066E+00
  0.6490E+01  0.4489E+01  0.6471E+01  0.6373E+00  0.7020E+00
  0.6500E+01  0.4344E+01  0.6479E+01  0.6299E+00  0.6971E+00
  0.6511E+01  0.4159E+01  0.6486E+01  0.6225E+00  0.6920E+00
  0.6522E+01  0.4369E+01  0.6494E+01  0.6151E+00  0.6867E+00
  0.6533E+01  0.3850E+01  0.6501E+01  0.6076E+00  0.6812E+00
  0.6543E+01  0.4234E+01  0.6508E+01  0.6002E+00  0.6755E+00
  0.6554E+01  0.3912E+01  0.6515E+01  0.5927E+00  0.6695E+00
  0.6565E+01  0.4007E+01  0.6523E+01  0.5853E+00  0.6634E+00
  0.6575E+01  0.4094E+01  0.6530E+01  0.5778E+00  0.6570E+00
  0.6586E+01  0.4394E+01  0.6537E+01  0.5703E+00  0.6504E+00
  0.6597E+01  0.4489E+01  0.6544E+01  0.5628E+00  0.6436E+00
  0.6607E+01  0.4234E+01  0.6550E+01  0.5553E+00  0.6366E+00
  0.6618E+01  0.4511E+01  0.6557E+01  0.5477E+00  0.6294E+00
  0.6629E+01  0.4234E+01  0.6564E+01  0.5403E+00  0.6220E+00
  0.6639E+01  0.4304E+01  0.6570E+01  0.5327E+00  0.6144E+00
  0.6650E+01  0.4234E+01  0.6577E+01  0.5251E+00  0.6066E+00
  0.6661E+01  0.4489E+01  0.6583E+01  0.5175E+00  0.5987E+00
  0.6672E+01  0.4394E+01  0.6590E+01  0.5098E+00  0.5905E+00
  0.6682E+01  0.4804E+01  0.6596E+01  0.5022E+00  0.5822E+00
  0.6693E+01  0.4812E+01  0.6602E+01  0.4945E+00  0.5737E+00
  0.6704E+01  0.4812E+01  0.6608E+01  0.4868E+00  0.5650E+00
  0.6714E+01  0.5004E+01  0.6614E+01  0.4791E+00  0.5562E+00
  0.6725E+01  0.4920E+01  0.6620E+01  0.4713E+00  0.5473E+00
  0.6736E+01  0.4605E+01  0.6626E+01  0.4635E+00  0.5382E+00
  0.6746E+01  0.4533E+01  0.6632E+01  0.4557E+00  0.5290E+00
  0.6757E+01  0.4898E+01  0.6637E+01  0.4480E+00  0.5197E+00
  0.6768E+01  0.5011E+01  0.6643E+01  0.4401E+00  0.5103E+00
  0.6778E+01  0.4875E+01  0.6648E+01  0.4322E+00  0.5007E+00
  0.6789E+01  0.4977E+01  0.6654E+01  0.4243E+00  0.4910E+00
  0.6800E+01  0.4956E+01  0.6659E+01  0.4163E+00  0.4813E+00
  0.6811E+01  0.4883E+01  0.6664E+01  0.4084E+00  0.4714E+00
  0.6821E+01  0.4836E+01  0.6669E+01  0.4003E+00  0.4615E+00
  0.6832E+01  0.4736E+01  0.6674E+01  0.3923E+00  0.4515E+00
  0.6843E+01  0.4736E+01  0.6678E+01  0.3842E+00  0.4414E+00
  0.6853E+01  0.4836E+01  0.6683E+01  0.3761E+00  0.4313E+00
  0.6864E+01  0.4977E+01  0.6688E+01  0.3680E+00  0.4212E+00
  0.6875E+01  0.4905E+01  0.6692E+01  0.3598E+00  0.4110E+00
  0.6885E+01  0.4718E+01  0.6696E+01  0.3517E+00  0.4007E+00
  0.6896E+01  0.4963E+01  0.6701E+01  0.3434E+00  0.3905E+00
  0.6907E+01  0.4718E+01  0.6705E+01  0.3352E+00  0.3802E+00
  0.6917E+01  0.4625E+01  0.6709E+01  0.3269E+00  0.3699E+00
  0.6928E+01  0.4727E+01  0.6713E+01  0.3185E+00  0.3596E+00
  0.6939E+01  0.4779E+01  0.6717E+01  0.3102E+00  0.3493E+00
  0.6950E+01  0.4635E+01  0.6720E+01  0.3018E+00  0.3390E+00
  0.6960E+01  0.4934E+01  0.6724E+01  0.2933E+00  0.3286E+00
  0.6971E+01  0.4635E+01  0.6727E+01  0.2848E+00  0.3184E+00
  0.6982E+01  0.4779E+01  0.6731E+01  0.2763E+00  0.3081E+00
  0.6992E+01  0.4615E+01  0.6734E+01  0.2678E+00  0.2978E+00
  0.7003E+01  0.4419E+01  0.6737E+01  0.2592E+00  0.2876E+00
  0.7014E+01  0.4700E+01  0.6740E+01  0.2507E+00  0.2775E+00
  0.7024E+01  0.4369E+01  0.6743E+01  0.2421E+00  0.2673E+00
  0.7035E+01  0.4771E+01  0.6746E+01  0.2334E+00  0.2572E+00
  0.7046E+01  0.4663E+01  0.6748E+01  0.2247E+00  0.2472E+00
  0.7056E+01  0.4554E+01  0.6751E+01  0.2160E+00  0.2371E+00
  0.7067E+01  0.4663E+01  0.6753E+01  0.2072E+00  0.2271E+00
  0.7078E+01  0.4615E+01  0.6756E+01  0.1984E+00  0.2172E+00
  0.7089E+01  0.4248E+01  0.6758E+01  0.1896E+00  0.2073E+00
  0.7099E+01  0.4554E+01  0.6760E+01  0.1807E+00  0.1975E+00
  0.7110E+01  0.4357E+01  0.6762E+01  0.1718E+00  0.1877E+00
  0.7121E+01  0.4673E+01  0.6764E+01  0.1629E+00  0.1780E+00
  0.7131E+01  0.4489E+01  0.6766E+01  0.1539E+00  0.1683E+00
  0.7142E+01  0.4344E+01  0.6768E+01  0.1449E+00  0.1588E+00
  0.7153E+01  0.4443E+01  0.6770E+01  0.1360E+00  0.1492E+00
  0.7163E+01  0.4111E+01  0.6771E+01  0.1269E+00  0.1397E+00
  0.7174E+01  0.4143E+01  0.6773E+01  0.1178E+00  0.1303E+00
  0.7185E+01  0.4477E+01  0.6774E+01  0.1087E+00  0.1209E+00
  0.7196E+01  0.4500E+01  0.6775E+01  0.9955E-01  0.1115E+00
  0.7206E+01  0.4511E+01  0.6776E+01  0.9037E-01  0.1022E+00
  0.7217E+01  0.4443E+01  0.6777E+01  0.8116E-01  0.9300E-01
  0.7228E+01  0.4043E+01  0.6778E+01  0.7192E-01  0.8380E-01
  0.7238E+01  0.4369E+01  0.6779E+01  0.6266E-01  0.7464E-01
  0.7249E+01  0.4820E+01  0.6780E+01  0.5336E-01  0.6553E-01
  0.7260E+01  0.4407E+01  0.6780E+01  0.4403E-01  0.5645E-01
  0.7270E+01  0.3584E+01  0.6781E+01  0.3468E-01  0.4745E-01
  0.7281E+01  0.4454E+01  0.6781E+01  0.2538E-01  0.3845E-01
  0.7292E+01  0.4554E+01  0.6782E+01  0.1597E-01  0.2951E-01
  0.7302E+01  0.4394E+01  0.6782E+01  0.6529E-02  0.2056E-01
  0.7313E+01  0.4369E+01  0.6782E+01 -0.2938E-02  0.1164E-01
  0.7324E+01  0.4357E+01  0.6782E+01 -0.1243E-01  0.2733E-02
  0.7334E+01  0.4317E+01  0.6782E+01 -0.2195E-01 -0.6155E-02
  0.7345E+01  0.4787E+01  0.6782E+01 -0.3150E-01 -0.1503E-01
  0.7356E+01  0.4263E+01  0.6782E+01 -0.4108E-01 -0.2390E-01
  0.7367E+01  0.4025E+01  0.6782E+01 -0.5068E-01 -0.3276E-01
  0.7377E+01  0.4111E+01  0.6781E+01 -0.6031E-01 -0.4161E-01
  0.7388E+01  0.4718E+01  0.6781E+01 -0.6996E-01 -0.5047E-01
  0.7399E+01  0.4344E+01  0.6780E+01 -0.7964E-01 -0.5930E-01
  0.7409E+01  0.4419E+01  0.6780E+01 -0.8925E-01 -0.6817E-01
  0.7420E+01  0.4804E+01  0.6779E+01 -0.9898E-01 -0.7702E-01
  0.7431E+01  0.4357E+01  0.6778E+01 -0.1087E+00 -0.8592E-01
  0.7441E+01  0.4466E+01  0.6777E+01 -0.1185E+00 -0.9485E-01
  0.7452E+01  0.4419E+01  0.6776E+01 -0.1283E+00 -0.1038E+00
  0.7463E+01  0.4454E+01  0.6775E+01 -0.1381E+00 -0.1128E+00
  0.7473E+01  0.4290E+01  0.6773E+01 -0.1480E+00 -0.1218E+00
  0.7484E+01  0.4595E+01  0.6772E+01 -0.1578E+00 -0.1308E+00
  0.7495E+01  0.4635E+01  0.6771E+01 -0.1677E+00 -0.1399E+00
  0.7506E+01  0.4554E+01  0.6769E+01 -0.1777E+00 -0.1490E+00
  0.7516E+01  0.4779E+01  0.6767E+01 -0.1876E+00 -0.1582E+00
  0.7527E+01  0.4344E+01  0.6766E+01 -0.1975E+00 -0.1674E+00
  0.7538E+01  0.4554E+01  0.6764E+01 -0.2074E+00 -0.1766E+00
  0.7548E+01  0.4344E+01  0.6762E+01 -0.2174E+00 -0.1859E+00
  0.7559E+01  0.4820E+01  0.6760E+01 -0.2275E+00 -0.1953E+00
  0.7570E+01  0.4673E+01  0.6758E+01 -0.2375E+00 -0.2047E+00
  0.7580E+01  0.4357E+01  0.6756E+01 -0.2476E+00 -0.2142E+00
  0.7591E+01  0.4836E+01  0.6753E+01 -0.2576E+00 -0.2237E+00
  0.7602E+01  0.4500E+01  0.6751E+01 -0.2677E+00 -0.2333E+00
  0.7612E+01  0.4727E+01  0.6748E+01 -0.2779E+00 -0.2430E+00
  0.7623E+01  0.4868E+01  0.6746E+01 -0.2880E+00 -0.2527E+00
  0.7634E+01  0.4511E+01  0.6743E+01 -0.2981E+00 -0.2626E+00
  0.7645E+01  0.4443E+01  0.6740E+01 -0.3083E+00 -0.2724E+00
  0.7655E+01  0.4635E+01  0.6737E+01 -0.3185E+00 -0.2823E+00
  0.7666E+01  0.4605E+01  0.6734E+01 -0.3286E+00 -0.2924E+00
  0.7677E+01  0.4615E+01  0.6731E+01 -0.3388E+00 -0.3024E+00
  0.7687E+01  0.4654E+01  0.6727E+01 -0.3491E+00 -0.3126E+00
  0.7698E+01  0.4644E+01  0.6724E+01 -0.3593E+00 -0.3228E+00
  0.7709E+01  0.4605E+01  0.6721E+01 -0.3696E+00 -0.3331E+00
  0.7719E+01  0.4419E+01  0.6717E+01 -0.3798E+00 -0.3435E+00
  0.7730E+01  0.4533E+01  0.6713E+01 -0.3901E+00 -0.3540E+00
  0.7741E+01  0.4477E+01  0.6709E+01 -0.4004E+00 -0.3645E+00
  0.7752E+01  0.4500E+01  0.6705E+01 -0.4107E+00 -0.3752E+00
  0.7762E+01  0.4511E+01  0.6701E+01 -0.4211E+00 -0.3859E+00
  0.7773E+01  0.4644E+01  0.6697E+01 -0.4314E+00 -0.3966E+00
  0.7784E+01  0.4304E+01  0.6693E+01 -0.4417E+00 -0.4074E+00
  0.7794E+01  0.4595E+01  0.6688E+01 -0.4520E+00 -0.4183E+00
  0.7805E+01  0.4382E+01  0.6684E+01 -0.4624E+00 -0.4292E+00
  0.7816E+01  0.4344E+01  0.6679E+01 -0.4727E+00 -0.4403E+00
  0.7826E+01  0.4700E+01  0.6675E+01 -0.4831E+00 -0.4514E+00
  0.7837E+01  0.4477E+01  0.6670E+01 -0.4935E+00 -0.4626E+00
  0.7848E+01  0.4431E+01  0.6665E+01 -0.5039E+00 -0.4738E+00
  0.7858E+01  0.4443E+01  0.6660E+01 -0.5142E+00 -0.4851E+00
  0.7869E+01  0.4554E+01  0.6654E+01 -0.5246E+00 -0.4965E+00
  0.7880E+01  0.4522E+01  0.6649E+01 -0.5350E+00 -0.5080E+00
  0.7890E+01  0.4522E+01  0.6643E+01 -0.5454E+00 -0.5195E+00
  0.7901E+01  0.4407E+01  0.6638E+01 -0.5558E+00 -0.5310E+00
  0.7912E+01  0.4466E+01  0.6632E+01 -0.5662E+00 -0.5426E+00
  0.7922E+01  0.4762E+01  0.6626E+01 -0.5765E+00 -0.5542E+00
  0.7933E+01  0.4787E+01  0.6620E+01 -0.5869E+00 -0.5659E+00
  0.7944E+01  0.4564E+01  0.6614E+01 -0.5973E+00 -0.5777E+00
  0.7955E+01  0.4407E+01  0.6608E+01 -0.6077E+00 -0.5895E+00
  0.7965E+01  0.4522E+01  0.6601E+01 -0.6180E+00 -0.6014E+00
  0.7976E+01  0.4673E+01  0.6595E+01 -0.6284E+00 -0.6133E+00
  0.7987E+01  0.4890E+01  0.6588E+01 -0.6388E+00 -0.6253E+00
  0.7997E+01  0.4304E+01  0.6582E+01 -0.6491E+00 -0.6373E+00
  0.8008E+01  0.4615E+01  0.6575E+01 -0.6595E+00 -0.6493E+00
  0.8019E+01  0.4369E+01  0.6568E+01 -0.6698E+00 -0.6614E+00
  0.8030E+01  0.4477E+01  0.6561E+01 -0.6801E+00 -0.6735E+00
  0.8040E+01  0.4489E+01  0.6553E+01 -0.6904E+00 -0.6856E+00
  0.8051E+01  0.4277E+01  0.6546E+01 -0.7006E+00 -0.6977E+00
  0.8062E+01  0.4489E+01  0.6538E+01 -0.7109E+00 -0.7099E+00
  0.8072E+01  0.4431E+01  0.6531E+01 -0.7211E+00 -0.7221E+00
  0.8083E+01  0.4635E+01  0.6523E+01 -0.7314E+00 -0.7343E+00
  0.8094E+01  0.4025E+01  0.6515E+01 -0.7416E+00 -0.7466E+00
  0.8104E+01  0.4431E+01  0.6507E+01 -0.7518E+00 -0.7589E+00
  0.8115E+01  0.4357E+01  0.6499E+01 -0.7619E+00 -0.7712E+00
  0.8126E+01  0.4025E+01  0.6490E+01 -0.7721E+00 -0.7835E+00
  0.8136E+01  0.4317E+01  0.6482E+01 -0.7822E+00 -0.7958E+00
  0.8147E+01  0.4025E+01  0.6473E+01 -0.7923E+00 -0.8081E+00
  0.8158E+01  0.4205E+01  0.6465E+01 -0.8024E+00 -0.8204E+00
  0.8168E+01  0.4357E+01  0.6456E+01 -0.8124E+00 -0.8327E+00
  0.8179E+01  0.4344E+01  0.6447E+01 -0.8223E+00 -0.8450E+00
  0.8190E+01  0.4382E+01  0.6438E+01 -0.8323E+00 -0.8573E+00
  0.8200E+01  0.3892E+01  0.6429E+01 -0.8422E+00 -0.8696E+00
  0.8211E+01  0.3664E+01  0.6419E+01 -0.8521E+00 -0.8819E+00
  0.8222E+01  0.3932E+01  0.6410E+01 -0.8620E+00 -0.8942E+00
  0.8233E+01  0.4143E+01  0.6400E+01 -0.8718E+00 -0.9065E+00
  0.8243E+01  0.4159E+01  0.6390E+01 -0.8816E+00 -0.9188E+00
  0.8254E+01  0.4127E+01  0.6381E+01 -0.8913E+00 -0.9310E+00
  0.8265E+01  0.4143E+01  0.6370E+01 -0.9010E+00 -0.9432E+00
  0.8275E+01  0.3951E+01  0.6360E+01 -0.9107E+00 -0.9554E+00
  0.8286E+01  0.4143E+01  0.6350E+01 -0.9203E+00 -0.9676E+00
  0.8297E+01  0.4234E+01  0.6340E+01 -0.9299E+00 -0.9797E+00
  0.8307E+01  0.3258E+01  0.6329E+01 -0.9393E+00 -0.9918E+00
  0.8318E+01  0.3807E+01  0.6318E+01 -0.9487E+00 -0.1004E+01
  0.8329E+01  0.4454E+01  0.6308E+01 -0.9582E+00 -0.1016E+01
  0.8339E+01  0.3784E+01  0.6297E+01 -0.9675E+00 -0.1028E+01
  0.8350E+01  0.4263E+01  0.6286E+01 -0.9768E+00 -0.1040E+01
  0.8361E+01  0.4190E+01  0.6274E+01 -0.9861E+00 -0.1052E+01
  0.8372E+01  0.3989E+01  0.6263E+01 -0.9953E+00 -0.1063E+01
  0.8382E+01  0.4394E+01  0.6252E+01 -0.1004E+01 -0.1075E+01
  0.8393E+01  0.4663E+01  0.6240E+01 -0.1013E+01 -0.1087E+01
  0.8404E+01  0.3401E+01  0.6228E+01 -0.1022E+01 -0.1099E+01
  0.8414E+01  0.3091E+01  0.6217E+01 -0.1031E+01 -0.1110E+01
  0.8425E+01  0.3951E+01  0.6205E+01 -0.1040E+01 -0.1122E+01
  0.8436E+01  0.4025E+01  0.6193E+01 -0.1049E+01 -0.1133E+01
  0.8446E+01  0.4290E+01  0.6181E+01 -0.1058E+01 -0.1144E+01
  0.8457E+01  0.4443E+01  0.6168E+01 -0.1066E+01 -0.1156E+01
  0.8468E+01  0.4317E+01  0.6156E+01 -0.1075E+01 -0.1167E+01
  0.8479E+01  0.4357E+01  0.6143E+01 -0.1084E+01 -0.1178E+01
  0.8489E+01  0.3611E+01  0.6131E+01 -0.1092E+01 -0.1189E+01
  0.8500E+01  0.3296E+01  0.6118E+01 -0.1100E+01 -0.1200E+01
  0.8511E+01  0.3714E+01  0.6105E+01 -0.1109E+01 -0.1211E+01
  0.8521E+01  0.4190E+01  0.6092E+01 -0.1117E+01 -0.1221E+01
  0.8532E+01  0.4234E+01  0.6079E+01 -0.1125E+01 -0.1232E+01
  0.8543E+01  0.4234E+01  0.6066E+01 -0.1133E+01 -0.1243E+01
  0.8553E+01  0.4205E+01  0.6052E+01 -0.1141E+01 -0.1253E+01
  0.8564E+01  0.4111E+01  0.6039E+01 -0.1149E+01 -0.1263E+01
  0.8575E+01  0.4174E+01  0.6025E+01 -0.1157E+01 -0.1273E+01
  0.8585E+01  0.3434E+01  0.6012E+01 -0.1165E+01 -0.1283E+01
  0.8596E+01  0.3296E+01  0.5998E+01 -0.1173E+01 -0.1293E+01
  0.8607E+01  0.4007E+01  0.5984E+01 -0.1180E+01 -0.1303E+01
  0.8617E+01  0.3989E+01  0.5970E+01 -0.1188E+01 -0.1313E+01
  0.8628E+01  0.3951E+01  0.5956E+01 -0.1195E+01 -0.1322E+01
  0.8639E+01  0.4190E+01  0.5942E+01 -0.1202E+01 -0.1331E+01
  0.8650E+01  0.4043E+01  0.5927E+01 -0.1210E+01 -0.1341E+01
  0.8660E+01  0.4060E+01  0.5913E+01 -0.1217E+01 -0.1350E+01
  0.8671E+01  0.4043E+01  0.5899E+01 -0.1224E+01 -0.1358E+01
  0.8682E+01  0.3434E+01  0.5884E+01 -0.1231E+01 -0.1367E+01
  0.8692E+01  0.3434E+01  0.5869E+01 -0.1238E+01 -0.1376E+01
  0.8703E+01  0.3932E+01  0.5855E+01 -0.1245E+01 -0.1384E+01
  0.8714E+01  0.3912E+01  0.5840E+01 -0.1251E+01 -0.1392E+01
  0.8724E+01  0.3784E+01  0.5825E+01 -0.1258E+01 -0.1400E+01
  0.8735E+01  0.3871E+01  0.5810E+01 -0.1264E+01 -0.1408E+01
  0.8746E+01  0.4127E+01  0.5795E+01 -0.1271E+01 -0.1416E+01
  0.8757E+01  0.3850E+01  0.5779E+01 -0.1277E+01 -0.1424E+01
  0.8767E+01  0.3932E+01  0.5764E+01 -0.1284E+01 -0.1431E+01
  0.8778E+01  0.3714E+01  0.5749E+01 -0.1290E+01 -0.1438E+01
  0.8789E+01  0.3296E+01  0.5733E+01 -0.1296E+01 -0.1445E+01
  0.8799E+01  0.3638E+01  0.5718E+01 -0.1302E+01 -0.1452E+01
  0.8810E+01  0.3219E+01  0.5702E+01 -0.1308E+01 -0.1459E+01
  0.8821E+01  0.3664E+01  0.5687E+01 -0.1313E+01 -0.1465E+01
  0.8831E+01  0.4007E+01  0.5671E+01 -0.1319E+01 -0.1472E+01
  0.8842E+01  0.4159E+01  0.5655E+01 -0.1325E+01 -0.1478E+01
  0.8853E+01  0.3664E+01  0.5640E+01 -0.1330E+01 -0.1484E+01
  0.8863E+01  0.4007E+01  0.5624E+01 -0.1336E+01 -0.1490E+01
  0.8874E+01  0.3367E+01  0.5608E+01 -0.1341E+01 -0.1495E+01
  0.8885E+01  0.3091E+01  0.5592E+01 -0.1346E+01 -0.1500E+01
  0.8896E+01  0.2079E+01  0.5576E+01 -0.1351E+01 -0.1506E+01
  0.8906E+01  0.3401E+01  0.5559E+01 -0.1356E+01 -0.1511E+01
  0.8917E+01  0.3664E+01  0.5543E+01 -0.1361E+01 -0.1515E+01
  0.8928E+01  0.3912E+01  0.5527E+01 -0.1366E+01 -0.1520E+01
  0.8938E+01  0.4190E+01  0.5511E+01 -0.1371E+01 -0.1524E+01
  0.8949E+01  0.3367E+01  0.5495E+01 -0.1375E+01 -0.1529E+01
  0.8960E+01  0.3738E+01  0.5478E+01 -0.1380E+01 -0.1533E+01
  0.8970E+01  0.2890E+01  0.5462E+01 -0.1384E+01 -0.1537E+01
  0.8981E+01  0.1099E+01  0.5445E+01 -0.1389E+01 -0.1540E+01
  0.8992E+01  0.2197E+01  0.5429E+01 -0.1393E+01 -0.1544E+01
  0.9002E+01  0.3296E+01  0.5412E+01 -0.1397E+01 -0.1547E+01
  0.9013E+01  0.3784E+01  0.5396E+01 -0.1401E+01 -0.1550E+01
  0.9024E+01  0.4060E+01  0.5379E+01 -0.1405E+01 -0.1553E+01
  0.9034E+01  0.4127E+01  0.5362E+01 -0.1409E+01 -0.1556E+01
  0.9045E+01  0.2565E+01  0.5346E+01 -0.1413E+01 -0.1558E+01
  0.9056E+01  0.3332E+01  0.5329E+01 -0.1417E+01 -0.1561E+01
  0.9067E+01  0.1946E+01  0.5312E+01 -0.1420E+01 -0.1563E+01
  0.9077E+01  0.0000E+00  0.5296E+01 -0.1424E+01 -0.1565E+01
  0.9088E+01  0.2565E+01  0.5279E+01 -0.1427E+01 -0.1567E+01
  0.9099E+01  0.3367E+01  0.5262E+01 -0.1431E+01 -0.1569E+01
  0.9109E+01  0.3689E+01  0.5245E+01 -0.1434E+01 -0.1570E+01
  0.9120E+01  0.4060E+01  0.5229E+01 -0.1437E+01 -0.1572E+01
  0.9131E+01  0.3989E+01  0.5212E+01 -0.1440E+01 -0.1573E+01
  0.9141E+01  0.1609E+01  0.5195E+01 -0.1443E+01 -0.1574E+01
  0.9152E+01  0.2833E+01  0.5178E+01 -0.1446E+01 -0.1575E+01
  0.9163E+01  0.1609E+01  0.5161E+01 -0.1449E+01 -0.1576E+01
  0.9174E+01  0.1099E+01  0.5144E+01 -0.1452E+01 -0.1577E+01
  0.9184E+01  0.2833E+01  0.5127E+01 -0.1454E+01 -0.1577E+01
  0.9195E+01  0.3219E+01  0.5111E+01 -0.1457E+01 -0.1578E+01
  0.9206E+01  0.3761E+01  0.5094E+01 -0.1460E+01 -0.1578E+01
  0.9216E+01  0.4127E+01  0.5077E+01 -0.1462E+01 -0.1578E+01
  0.9227E+01  0.3714E+01  0.5060E+01 -0.1464E+01 -0.1578E+01
  0.9238E+01  0.1099E+01  0.5043E+01 -0.1467E+01 -0.1578E+01
  0.9259E+01  0.0000E+00  0.5009E+01 -0.1471E+01 -0.1578E+01
  0.9270E+01  0.1792E+01  0.4993E+01 -0.1473E+01 -0.1577E+01
  0.9280E+01  0.2565E+01  0.4976E+01 -0.1475E+01 -0.1577E+01
  0.9291E+01  0.3434E+01  0.4959E+01 -0.1477E+01 -0.1576E+01
  0.9302E+01  0.3714E+01  0.4942E+01 -0.1479E+01 -0.1576E+01
  0.9312E+01  0.3989E+01  0.4925E+01 -0.1481E+01 -0.1575E+01
  0.9323E+01  0.2303E+01  0.4908E+01 -0.1482E+01 -0.1574E+01
  0.9334E+01  0.0000E+00  0.4892E+01 -0.1484E+01 -0.1572E+01
  0.9355E+01  0.0000E+00  0.4858E+01 -0.1487E+01 -0.1571E+01
  0.9366E+01  0.2303E+01  0.4841E+01 -0.1488E+01 -0.1570E+01
  0.9377E+01  0.2398E+01  0.4824E+01 -0.1490E+01 -0.1568E+01
  0.9387E+01  0.3434E+01  0.4808E+01 -0.1491E+01 -0.1567E+01
  0.9398E+01  0.3526E+01  0.4791E+01 -0.1492E+01 -0.1566E+01
  0.9409E+01  0.3611E+01  0.4774E+01 -0.1494E+01 -0.1564E+01
  0.9419E+01  0.6931E+00  0.4757E+01 -0.1495E+01 -0.1561E+01
  0.9451E+01  0.6931E+00  0.4707E+01 -0.1498E+01 -0.1560E+01
  0.9462E+01  0.1792E+01  0.4691E+01 -0.1499E+01 -0.1556E+01
  0.9473E+01  0.2485E+01  0.4674E+01 -0.1499E+01 -0.1555E+01
  0.9483E+01  0.3401E+01  0.4657E+01 -0.1500E+01 -0.1553E+01
  0.9494E+01  0.2996E+01  0.4641E+01 -0.1501E+01 -0.1551E+01
  0.9505E+01  0.3178E+01  0.4624E+01 -0.1501E+01 -0.1547E+01
  0.9537E+01  0.6931E+00  0.4575E+01 -0.1503E+01 -0.1545E+01
  0.9548E+01  0.0000E+00  0.4558E+01 -0.1504E+01 -0.1542E+01
  0.9558E+01  0.6931E+00  0.4542E+01 -0.1504E+01 -0.1540E+01
  0.9569E+01  0.2708E+01  0.4525E+01 -0.1504E+01 -0.1538E+01
  0.9580E+01  0.3296E+01  0.4509E+01 -0.1505E+01 -0.1536E+01
  0.9590E+01  0.2303E+01  0.4492E+01 -0.1505E+01 -0.1534E+01
  0.9601E+01  0.2565E+01  0.4476E+01 -0.1505E+01 -0.1528E+01
  0.9655E+01  0.6931E+00  0.4394E+01 -0.1506E+01 -0.1526E+01
  0.9665E+01  0.2833E+01  0.4378E+01 -0.1506E+01 -0.1520E+01
  0.9676E+01  0.2890E+01  0.4362E+01 -0.1506E+01 -0.1518E+01
  0.9687E+01  0.1792E+01  0.4346E+01 -0.1505E+01 -0.1516E+01
  0.9697E+01  0.1386E+01  0.4329E+01 -0.1505E+01 -0.1509E+01
  0.9751E+01  0.1099E+01  0.4249E+01 -0.1504E+01 -0.1507E+01
  0.9761E+01  0.2708E+01  0.4233E+01 -0.1504E+01 -0.1501E+01
  0.9772E+01  0.2079E+01  0.4217E+01 -0.1503E+01 -0.1499E+01
  0.9783E+01  0.1386E+01  0.4201E+01 -0.1503E+01 -0.1497E+01
  0.9794E+01  0.6931E+00  0.4185E+01 -0.1502E+01 -0.1491E+01
  0.9847E+01  0.1386E+01  0.4105E+01 -0.1500E+01 -0.1489E+01
  0.9858E+01  0.2398E+01  0.4089E+01 -0.1499E+01 -0.1483E+01
  0.9868E+01  0.1386E+01  0.4073E+01 -0.1499E+01 -0.1474E+01
  0.9943E+01  0.1609E+01  0.3963E+01 -0.1493E+01 -0.1472E+01
  0.9954E+01  0.1609E+01  0.3947E+01 -0.1492E+01 -0.1456E+01
  0.1004E+02  0.1386E+01  0.3823E+01 -0.1485E+01 -0.1453E+01
  0.1005E+02  0.0000E+00  0.3808E+01 -0.1484E+01 -0.1434E+01
  0.1014E+02  0.6931E+00  0.3685E+01 -0.1475E+01 -0.1421E+01
  0.1023E+02  0.0000E+00  0.3549E+01  0.0000E+00  0.0000E+00
