  0.00999999978  0.0208404028
  0.0199999996  0.0357270862
  0.0299999993  0.0491697091
  0.0399999991  0.0622144202
  0.0499999989  0.0753233035
  0.0599999987  0.088488475
  0.0699999984  0.10149269
  0.0799999982  0.114323236
  0.089999998  0.126992724
  0.0999999978  0.139520377
  0.109999998  0.151919924
  0.119999997  0.16420289
  0.129999997  0.176381382
  0.139999997  0.18846546
  0.149999997  0.20046216
  0.159999996  0.212377935
  0.169999996  0.22421943
  0.179999996  0.235993154
  0.189999996  0.247703085
  0.199999996  0.259352837
  0.209999995  0.270946295
  0.219999995  0.282487188
  0.229999995  0.293979202
  0.239999995  0.305425369
  0.249999994  0.316827948
  0.259999994  0.328189075
  0.269999994  0.33951086
  0.279999994  0.350795637
  0.289999994  0.362045765
  0.299999993  0.373263236
  0.309999993  0.384449267
  0.319999993  0.395605034
  0.329999993  0.406731965
  0.339999992  0.417831506
  0.349999992  0.428905082
  0.359999992  0.439954097
  0.369999992  0.450979913
  0.379999992  0.461983611
  0.389999991  0.472966069
  0.399999991  0.483928139
  0.409999991  0.494870657
  0.419999991  0.505794439
  0.42999999  0.51670028
  0.43999999  0.527589014
  0.44999999  0.538461581
  0.45999999  0.549318896
  0.469999989  0.560161598
  0.479999989  0.570990184
  0.489999989  0.581805131
  0.499999989  0.592606903
  0.509999989  0.603395982
  0.519999988  0.614172983
  0.529999988  0.624938555
  0.539999988  0.635693348
  0.549999988  0.646438008
  0.559999987  0.657173171
  0.569999987  0.667899281
  0.579999987  0.678616647
  0.589999987  0.689325582
  0.599999987  0.700026451
  0.609999986  0.710719632
  0.619999986  0.721405503
  0.629999986  0.732084436
  0.639999986  0.742756799
  0.649999985  0.753422958
  0.659999985  0.764083276
  0.669999985  0.77473811
  0.679999985  0.785387778
  0.689999985  0.796032555
  0.699999984  0.80667272
  0.709999984  0.817308548
  0.719999984  0.827940316
  0.729999984  0.838568297
  0.739999983  0.849192762
  0.749999983  0.85981398
  0.759999983  0.870432218
  0.769999983  0.881047744
  0.779999983  0.891660838
  0.789999982  0.902271824
  0.799999982  0.912881025
  0.809999982  0.923488684
  0.819999982  0.934094961
  0.829999981  0.944700013
  0.839999981  0.955303996
  0.849999981  0.965907059
  0.859999981  0.976509352
  0.869999981  0.98711102
  0.87999998  0.997712207
  0.88999998  1.0083131
  0.89999998  1.01891393
  0.90999998  1.02951491
  0.919999979  1.04011628
  0.929999979  1.05071826
  0.939999979  1.06132109
  0.949999979  1.07192492
  0.959999979  1.08252991
  0.969999978  1.09313618
  0.979999978  1.10374387
  0.989999978  1.1143531
  0.999999978  1.12496402
  1.00999998  1.13557676
  1.01999998  1.14619147
  1.02999998  1.15680829
  1.03999998  1.16742738
  1.04999998  1.17804887
  1.05999998  1.18867291
  1.06999998  1.19929964
  1.07999998  1.20992921
  1.08999998  1.22056174
  1.09999998  1.23119734
  1.10999998  1.24183604
  1.11999997  1.2524779
  1.12999997  1.26312304
  1.13999997  1.27377159
  1.14999997  1.28442367
  1.15999997  1.29507941
  1.16999997  1.30573895
  1.17999997  1.31640243
  1.18999997  1.32706996
  1.19999997  1.33774168
  1.20999997  1.34841773
  1.21999997  1.35909824
  1.22999997  1.36978335
  1.23999997  1.38047319
  1.24999997  1.39116789
  1.25999997  1.40186758
  1.26999997  1.41257237
  1.27999997  1.42328235
  1.28999997  1.43399762
  1.29999997  1.44471829
  1.30999997  1.45544447
  1.31999997  1.46617625
  1.32999997  1.47691373
  1.33999997  1.48765703
  1.34999997  1.49840624
  1.35999997  1.50916147
  1.36999997  1.51992281
  1.37999997  1.53069038
  1.38999997  1.54146428
  1.39999997  1.55224465
  1.40999997  1.56303159
  1.41999997  1.57382523
  1.42999997  1.58462565
  1.43999997  1.59543289
  1.44999997  1.60624699
  1.45999997  1.617068
  1.46999997  1.62789596
  1.47999997  1.63873093
  1.48999997  1.64957293
  1.49999997  1.66042201
  1.50999997  1.67127821
  1.51999997  1.68214157
  1.52999997  1.69301218
  1.53999997  1.70389013
  1.54999997  1.71477553
  1.55999997  1.72566848
  1.56999996  1.73656908
  1.57999996  1.74747743
  1.58999996  1.75839364
  1.59999996  1.76931781
  1.60999996  1.78025004
  1.61999996  1.79119043
  1.62999996  1.80213905
  1.63999996  1.81309602
  1.64999996  1.82406143
  1.65999996  1.83503536
  1.66999996  1.84601792
  1.67999996  1.85700918
  1.68999996  1.86800921
  1.69999996  1.8790181
  1.70999996  1.89003592
  1.71999996  1.90106275
  1.72999996  1.91209867
  1.73999996  1.92314376
  1.74999996  1.9341981
  1.75999996  1.94526176
  1.76999996  1.95633483
  1.77999996  1.96741739
  1.78999996  1.97850946
  1.79999996  1.98961109
  1.80999996  2.0007223
  1.81999996  2.01184316
  1.82999996  2.02297375
  1.83999996  2.03411413
  1.84999996  2.04526438
  1.85999996  2.05642457
  1.86999996  2.06759478
  1.87999996  2.07877508
  1.88999996  2.08996555
  1.89999996  2.10116625
  1.90999996  2.11237728
  1.91999996  2.1235987
  1.92999996  2.13483058
  1.93999996  2.14607301
  1.94999996  2.15732606
  1.95999996  2.16858982
  1.96999996  2.17986438
  1.97999996  2.19114983
  1.98999996  2.20244625
  1.99999996  2.21375373
  2.00999996  2.22507236
  2.01999995  2.23640222
  2.02999995  2.24774341
  2.03999995  2.25909599
  2.04999995  2.27046007
  2.05999995  2.28183574
  2.06999995  2.29322308
  2.07999995  2.30462219
  2.08999995  2.31603316
  2.09999995  2.32745607
  2.10999995  2.33889101
  2.11999995  2.35033805
  2.12999995  2.36179724
  2.13999995  2.37326867
  2.14999995  2.38475239
  2.15999995  2.39624846
  2.16999995  2.40775696
  2.17999995  2.41927794
  2.18999995  2.43081145
  2.19999995  2.44235757
  2.20999995  2.45391636
  2.21999995  2.46548787
  2.22999995  2.47707217
  2.23999995  2.48866931
  2.24999995  2.50027937
  2.25999995  2.51190243
  2.26999995  2.52353863
  2.27999995  2.53518808
  2.28999995  2.5468509
  2.29999995  2.55852721
  2.30999995  2.57021714
  2.31999995  2.58192083
  2.32999995  2.59363838
  2.33999995  2.60536994
  2.34999995  2.6171156
  2.35999995  2.62887546
  2.36999995  2.64064957
  2.37999995  2.65243803
  2.38999995  2.6642409
  2.39999995  2.67605827
  2.40999995  2.68789021
  2.41999995  2.6997368
  2.42999995  2.71159812
  2.43999995  2.72347426
  2.44999995  2.7353653
  2.45999995  2.74727131
  2.46999994  2.75919238
  2.47999994  2.77112859
  2.48999994  2.78308003
  2.49999994  2.79504678
  2.50999994  2.80702892
  2.51999994  2.81902654
  2.52999994  2.83103972
  2.53999994  2.84306856
  2.54999994  2.85511314
  2.55999994  2.86717354
  2.56999994  2.87924985
  2.57999994  2.89134215
  2.58999994  2.90345053
  2.59999994  2.91557507
  2.60999994  2.92771584
  2.61999994  2.93987295
  2.62999994  2.95204647
  2.63999994  2.96423648
  2.64999994  2.97644308
  2.65999994  2.98866635
  2.66999994  3.00090638
  2.67999994  3.01316325
  2.68999994  3.02543708
  2.69999994  3.03772799
  2.70999994  3.05003614
  2.71999994  3.06236164
  2.72999994  3.07470463
  2.73999994  3.08706523
  2.74999994  3.09944356
  2.75999994  3.11183972
  2.76999994  3.12425386
  2.77999994  3.13668608
  2.78999994  3.14913652
  2.79999994  3.1616053
  2.80999994  3.17409253
  2.81999994  3.18659836
  2.82999994  3.19912293
  2.83999994  3.21166641
  2.84999994  3.22422896
  2.85999994  3.23681074
  2.86999994  3.24941192
  2.87999994  3.26203268
  2.88999994  3.27467318
  2.89999994  3.2873336
  2.90999993  3.3000141
  2.91999993  3.31271483
  2.92999993  3.32543591
  2.93999993  3.33817748
  2.94999993  3.35093967
  2.95999993  3.36372256
  2.96999993  3.37652616
  2.97999993  3.38935044
  2.98999993  3.40219538
  2.99999993  3.41506098
  3.00999993  3.4279472
  3.01999993  3.44085403
  3.02999993  3.45378144
  3.03999993  3.46672941
  3.04999993  3.47969791
  3.05999993  3.49268691
  3.06999993  3.50569638
  3.07999993  3.51872629
  3.08999993  3.53177675
  3.09999993  3.54484812
  3.10999993  3.55794078
  3.11999993  3.57105512
  3.12999993  3.58419155
  3.13999993  3.59735047
  3.14999993  3.61053229
  3.15999993  3.62373743
  3.16999993  3.63696631
  3.17999993  3.65021937
  3.18999993  3.66349704
  3.19999993  3.67679977
  3.20999993  3.69012797
  3.21999993  3.70348176
  3.22999993  3.71686111
  3.23999993  3.73026599
  3.24999993  3.74369636
  3.25999993  3.75715219
  3.26999993  3.77063342
  3.27999993  3.78413998
  3.28999993  3.79767179
  3.29999993  3.81122877
  3.30999993  3.82481084
  3.31999993  3.83841791
  3.32999993  3.8520499
  3.33999993  3.86570706
  3.34999993  3.87938983
  3.35999992  3.89309867
  3.36999992  3.90683406
  3.37999992  3.92059648
  3.38999992  3.93438639
  3.39999992  3.94820431
  3.40999992  3.96205071
  3.41999992  3.97592612
  3.42999992  3.98983104
  3.43999992  4.00376598
  3.44999992  4.01773133
  3.45999992  4.031727
  3.46999992  4.04575281
  3.47999992  4.05980856
  3.48999992  4.07389404
  3.49999992  4.08800905
  3.50999992  4.10215335
  3.51999992  4.11632673
  3.52999992  4.13052897
  3.53999992  4.14475981
  3.54999992  4.15901903
  3.55999992  4.17330643
  3.56999992  4.18762229
  3.57999992  4.20196709
  3.58999992  4.21634134
  3.59999992  4.23074555
  3.60999992  4.24518026
  3.61999992  4.25964608
  3.62999992  4.27414361
  3.63999992  4.28867348
  3.64999992  4.30323632
  3.65999992  4.31783278
  3.66999992  4.33246341
  3.67999992  4.34712843
  3.68999992  4.36182799
  3.69999992  4.37656224
  3.70999992  4.39133132
  3.71999992  4.40613539
  3.72999992  4.42097459
  3.73999992  4.43584908
  3.74999992  4.450759
  3.75999992  4.46570451
  3.76999992  4.48068575
  3.77999992  4.49570308
  3.78999992  4.51075695
  3.79999992  4.52584783
  3.80999991  4.54097619
  3.81999991  4.55614253
  3.82999991  4.57134732
  3.83999991  4.58659106
  3.84999991  4.60187425
  3.85999991  4.6171974
  3.86999991  4.6325609
  3.87999991  4.64796454
  3.88999991  4.66340792
  3.89999991  4.67889063
  3.90999991  4.69441226
  3.91999991  4.70997239
  3.92999991  4.72557066
  3.93999991  4.74120678
  3.94999991  4.75688047
  3.95999991  4.77259147
  3.96999991  4.78834026
  3.97999991  4.80412805
  3.98999991  4.81995609
  3.99999991  4.83582563
  4.00999991  4.85173795
  4.01999991  4.86769437
  4.02999991  4.8836962
  4.03999991  4.89974479
  4.04999991  4.91584146
  4.05999991  4.93198692
  4.06999991  4.94818127
  4.07999991  4.96442449
  4.08999991  4.98071645
  4.09999991  4.99705702
  4.10999991  5.01344606
  4.11999991  5.02988343
  4.12999991  5.04636897
  4.13999991  5.06290273
  4.14999991  5.07948556
  4.15999991  5.09611854
  4.16999991  5.11280278
  4.17999991  5.1295394
  4.18999991  5.14632953
  4.19999991  5.16317434
  4.20999991  5.18007498
  4.21999991  5.19703251
  4.22999991  5.21404619
  4.23999991  5.23111435
  4.24999991  5.24823533
  4.2599999  5.26540739
  4.2699999  5.28262878
  4.2799999  5.29989769
  4.2899999  5.31721229
  4.2999999  5.33457168
  4.3099999  5.35197926
  4.3199999  5.36943968
  4.3299999  5.38695769
  4.3399999  5.40453813
  4.3499999  5.4221859
  4.3599999  5.43990569
  4.3699999  5.45770188
  4.3799999  5.47557425
  4.3899999  5.4935178
  4.3999999  5.51152718
  4.4099999  5.52959694
  4.4199999  5.54772152
  4.4299999  5.56589526
  4.4399999  5.58411245
  4.4499999  5.60237216
  4.4599999  5.62068074
  4.4699999  5.63904522
  4.4799999  5.65747281
  4.4899999  5.67597132
  4.4999999  5.69454906
  4.5099999  5.71321422
  4.5199999  5.73196838
  4.5299999  5.75080675
  4.5399999  5.76972424
  4.5499999  5.78871561
  4.5599999  5.80777553
  4.5699999  5.82689855
  4.5799999  5.84608105
  4.5899999  5.86532716
  4.5999999  5.88464303
  4.6099999  5.90403474
  4.6199999  5.92350784
  4.6299999  5.94306786
  4.6399999  5.96271984
  4.6499999  5.98246418
  4.6599999  6.00229884
  4.6699999  6.02222176
  4.6799999  6.04223079
  4.6899999  6.06232374
  4.69999989  6.08249865
  4.70999989  6.10275541
  4.71999989  6.12309485
  4.72999989  6.14351792
  4.73999989  6.16402595
  4.74999989  6.18462033
  4.75999989  6.20530217
  4.76999989  6.2260716
  4.77999989  6.24692854
  4.78999989  6.2678729
  4.79999989  6.28890459
  4.80999989  6.31002366
  4.81999989  6.33123255
  4.82999989  6.35253564
  4.83999989  6.37393733
  4.84999989  6.39544156
  4.85999989  6.41705201
  4.86999989  6.43876975
  4.87999989  6.46059186
  4.88999989  6.48251505
  4.89999989  6.50453593
  4.90999989  6.52665107
  4.91999989  6.54885914
  4.92999989  6.5711622
  4.93999989  6.59356266
  4.94999989  6.6160634
  4.95999989  6.63866915
  4.96999989  6.66138432
  4.97999989  6.6842125
  4.98999989  6.70715728
  4.99999989  6.73022234
  5.00999989  6.7534111
  5.01999989  6.77672519
  5.02999989  6.80016555
  5.03999989  6.82373313
  5.04999989  6.84742888
  5.05999989  6.87125827
  5.06999989  6.89523407
  5.07999989  6.91936982
  5.08999989  6.94367936
  5.09999989  6.96816526
  5.10999989  6.99279918
  5.11999989  7.01754701
  5.12999989  7.04237383
  5.13999989  7.06725654
  5.14999988  7.09221913
  5.15999988  7.11729928
  5.16999988  7.14253638
  5.17999988  7.16796177
  5.18999988  7.19357791
  5.19999988  7.21938116
  5.20999988  7.2453677
  5.21999988  7.27152484
  5.22999988  7.29782252
  5.23999988  7.32422805
  5.24999988  7.35071123
  5.25999988  7.37729072
  5.26999988  7.4040258
  5.27999988  7.43097834
  5.28999988  7.45818867
  5.29999988  7.48561563
  5.30999988  7.51319859
  5.31999988  7.54088119
  5.32999988  7.56868452
  5.33999988  7.5966847
  5.34999988  7.62495774
  5.35999988  7.65352481
  5.36999988  7.68231802
  5.37999988  7.7112599
  5.38999988  7.740302
  5.39999988  7.76947595
  5.40999988  7.79882737
  5.41999988  7.82838782
  5.42999988  7.85813949
  5.43999988  7.88805378
  5.44999988  7.91812587
  5.45999988  7.94842506
  5.46999988  7.97903599
  5.47999988  8.00997718
  5.48999988  8.04112302
  5.49999988  8.07232999
  5.50999988  8.10359527
  5.51999988  8.13508993
  5.52999988  8.16697956
  5.53999988  8.19925502
  5.54999988  8.23181248
  5.55999988  8.26456796
  5.56999988  8.2974989
  5.57999988  8.33059757
  5.58999988  8.36392824
  5.59999987  8.39761216
  5.60999987  8.4317091
  5.61999987  8.46610995
  5.62999987  8.50069338
  5.63999987  8.53548025
  5.64999987  8.57055912
  5.65999987  8.60592558
  5.66999987  8.64147113
  5.67999987  8.67718149
  5.68999987  8.71325847
  5.69999987  8.74983647
  5.70999987  8.78670056
  5.71999987  8.82363661
  5.72999987  8.86084567
  5.73999987  8.89858546
  5.74999987  8.93664646
  5.75999987  8.97474526
  5.76999987  9.01322109
  5.77999987  9.0524933
  5.78999987  9.09217309
  5.79999987  9.13182392
  5.80999987  9.17186366
  5.81999987  9.21261052
  5.82999987  9.25367917
  5.83999987  9.29480524
  5.84999987  9.33604144
  5.85999987  9.37761724
  5.86999987  9.41979045
  5.87999987  9.46245092
  5.88999987  9.50550828
  5.89999987  9.54909633
  5.90999987  9.59308267
  5.91999987  9.63732641
  5.92999987  9.68231833
  5.93999987  9.72780046
  5.94999987  9.77312132
  5.95999987  9.81922371
  5.96999987  9.86596196
  5.97999987  9.91264329
  5.98999987  9.96051957
  5.99999987  10.0088304
  6.00999987  10.0568519
  6.01999987  10.1058287
  6.02999987  10.1559449
  6.03999986  10.2063682
  6.04999986  10.2567814
  6.05999986  10.3078228
  6.06999986  10.3594418
  6.07999986  10.4116492
  6.08999986  10.4647127
  6.09999986  10.5181967
  6.10999986  10.5720858
  6.11999986  10.6269558
  6.12999986  10.6821141
  6.13999986  10.7378328
  6.14999986  10.7939714
  6.15999986  10.8516025
  6.16999986  10.9089548
  6.17999986  10.9679201
  6.18999986  11.0268111
  6.19999986  11.0874639
  6.20999986  11.148001
  6.21999986  11.2089188
  6.22999986  11.2718191
  6.23999986  11.3343976
  6.24999986  11.3979524
  6.25999986  11.4619848
  6.26999986  11.5273962
  6.27999986  11.5935263
  6.28999986  11.6603364
  6.29999986  11.7279648
  6.30999986  11.796814
  6.31999986  11.8671574
  6.32999986  11.9372254
  6.33999986  12.0092251
  6.34999986  12.0821732
  6.35999986  12.1554119
  6.36999986  12.2301065
  6.37999986  12.3054032
  6.38999986  12.3822756
  6.39999986  12.4599849
  6.40999986  12.53902
  6.41999986  12.6185425
  6.42999986  12.7005407
  6.43999986  12.7816055
  6.44999986  12.8654383
  6.45999986  12.9502849
  6.46999986  13.0362514
  6.47999986  13.1235043
  6.48999985  13.2121144
  6.49999985  13.3020464
  6.50999985  13.3935602
  6.51999985  13.4867354
  6.52999985  13.5804562
  6.53999985  13.6753929
  6.54999985  13.7735326
  6.55999985  13.8715557
  6.56999985  13.9724036
  6.57999985  14.0753296
  6.58999985  14.178683
  6.59999985  14.2846656
  6.60999985  14.392066
  6.61999985  14.5025628
  6.62999985  14.6132299
  6.63999985  14.7269928
  6.64999985  14.8418141
  6.65999985  14.9589343
  6.66999985  15.0778531
  6.67999985  15.1994724
  6.68999985  15.3225202
  6.69999985  15.4488626
  6.70999985  15.5774957
  6.71999985  15.708107
  6.72999985  15.8413574
  6.73999985  15.9773755
  6.74999985  16.1159027
  6.75999985  16.2587083
  6.76999985  16.4031228
  6.77999985  16.5510622
  6.78999985  16.7012094
  6.79999985  16.8528272
  6.80999985  17.0097973
  6.81999985  17.1695042
  6.82999985  17.3331159
  6.83999985  17.4983638
  6.84999985  17.6686826
  6.85999985  17.8427159
  6.86999985  18.0235043
  6.87999985  18.2046177
  6.88999985  18.3903107
  6.89999985  18.5817078
  6.90999985  18.7761561
  6.91999985  18.9779892
  6.92999985  19.182784
  6.93999984  19.3899437
  6.94999984  19.6059913
  6.95999984  19.8267162
  6.96999984  20.0544444
  6.97999984  20.2837987
  6.98999984  20.5217368
  6.99999984  20.7656611
