  0.00999999978  0.672735653
  0.0199999996  1.0119174
  0.0299999993  1.5688768
  0.0399999991  2.18680075
  0.0499999989  2.68584013
  0.0599999987  3.08477911
  0.0699999984  3.51204323
  0.0799999982  4.00565559
  0.089999998  4.55356782
  0.0999999978  5.11904365
  0.109999998  5.67169289
  0.119999997  6.20352675
  0.129999997  6.72408377
  0.139999997  7.25072181
  0.149999997  7.79218151
  0.159999996  8.34813978
  0.169999996  8.91624904
  0.179999996  9.49290557
  0.189999996  10.0739863
  0.199999996  10.6562098
  0.209999995  11.2377605
  0.219999995  11.8200257
  0.229999995  12.4056607
  0.239999995  12.997042
  0.249999994  13.593595
  0.259999994  14.1942517
  0.269999994  14.7987623
  0.279999994  15.4073416
  0.289999994  16.0203324
  0.299999993  16.6373095
  0.309999993  17.2572144
  0.319999993  17.8791796
  0.329999993  18.5035353
  0.339999992  19.1311329
  0.349999992  19.7629504
  0.359999992  20.3989434
  0.369999992  21.0384831
  0.379999992  21.6809781
  0.389999991  22.326521
  0.399999991  22.9756449
  0.409999991  23.6290083
  0.419999991  24.2867358
  0.42999999  24.94836
  0.43999999  25.6133579
  0.44999999  26.2814993
  0.45999999  26.9531708
  0.469999989  27.6289287
  0.479999989  28.3092546
  0.489999989  28.9939723
  0.499999989  29.6827216
  0.509999989  30.3751446
  0.519999988  31.0713062
  0.529999988  31.7716734
  0.539999988  32.4768102
  0.549999988  33.1870479
  0.559999987  33.9022058
  0.569999987  34.6220366
  0.579999987  35.3463214
  0.589999987  36.0752127
  0.599999987  36.8090926
  0.609999986  37.5483959
  0.619999986  38.2932953
  0.629999986  39.0436099
  0.639999986  39.7991232
  0.649999985  40.5596718
  0.659999985  41.3254906
  0.669999985  42.0969992
  0.679999985  42.8746576
  0.689999985  43.6586404
  0.699999984  44.4488187
  0.709999984  45.2450388
  0.719999984  46.0472051
  0.729999984  46.855513
  0.739999983  47.670261
  0.749999983  48.4917682
  0.759999983  49.3201523
  0.769999983  50.1553537
  0.779999983  50.997302
  0.789999982  51.8460418
  0.799999982  52.7019481
  0.809999982  53.5654888
  0.819999982  54.437144
  0.829999981  55.3170594
  0.839999981  56.2051584
  0.849999981  57.1013509
  0.859999981  58.0056466
  0.869999981  58.9182142
  0.87999998  59.8392481
  0.88999998  60.768928
  0.89999998  61.7072634
  0.90999998  62.6541916
  0.919999979  63.6096772
  0.929999979  64.5740727
  0.939999979  65.5479953
  0.949999979  66.532121
  0.959999979  67.5270844
  0.969999978  68.5333133
  0.979999978  69.5512235
  0.989999978  70.5810831
  0.999999978  71.6227375
  1.00999998  72.675937
  1.01999998  73.7403701
  1.02999998  74.8152693
  1.03999998  75.8994285
  1.04999998  76.991689
  1.05999998  78.0922099
  1.06999998  79.2018492
  1.07999998  80.3215539
  1.08999998  81.4526803
  1.09999998  82.5975935
  1.10999998  83.7589611
  1.11999997  84.9385785
  1.12999997  86.1374291
  1.13999997  87.3565293
  1.14999997  88.5965825
  1.15999997  89.855968
  1.16999997  91.132018
  1.17999997  92.4230324
  1.18999997  93.7283653
  1.19999997  95.0473453
  1.20999997  96.379494
  1.21999997  97.726572
  1.22999997  99.0915711
  1.23999997  100.476551
  1.24999997  101.882894
  1.25999997  103.312068
  1.26999997  104.765252
  1.27999997  106.241101
  1.28999997  107.737381
  1.29999997  109.253151
  1.30999997  110.78781
  1.31999997  112.340672
  1.32999997  113.91166
  1.33999997  115.502674
  1.34999997  117.115306
  1.35999997  118.750291
  1.36999997  120.408349
  1.37999997  122.09018
  1.38999997  123.795405
  1.39999997  125.523698
  1.40999997  127.277707
  1.41999997  129.06085
  1.42999997  130.876851
  1.43999997  132.730176
  1.44999997  134.625728
  1.45999997  136.565047
  1.46999997  138.54869
  1.47999997  140.577178
  1.48999997  142.649699
  1.49999997  144.760509
  1.50999997  146.903171
  1.51999997  149.070789
  1.52999997  151.255682
  1.53999997  153.452348
  1.54999997  155.669038
  1.55999997  157.923097
  1.56999996  160.234359
  1.57999996  162.624691
  1.58999996  165.109797
  1.59999996  167.67847
  1.60999996  170.307633
  1.61999996  172.97111
  1.62999996  175.640364
  1.63999996  178.307144
  1.64999996  180.996546
  1.65999996  183.740202
  1.66999996  186.5733
  1.67999996  189.526318
  1.68999996  192.590557
  1.69999996  195.741947
  1.70999996  198.953115
  1.71999996  202.197286
  1.72999996  205.489171
  1.73999996  208.872571
  1.74999996  212.397007
  1.75999996  216.111919
  1.76999996  219.99967
  1.77999996  223.98941
  1.78999996  227.998766
  1.79999996  231.948833
  1.80999996  235.874335
  1.81999996  239.887917
  1.82999996  244.118947
  1.83999996  248.673034
  1.84999996  253.505273
  1.85999996  258.497585
  1.86999996  263.515543
  1.87999996  268.495115
  1.88999996  273.494555
  1.89999996  278.605547
  1.90999996  283.912239
  1.91999996  289.44645
  1.92999996  295.243646
  1.93999996  301.345328
  1.94999996  307.78508
  1.95999996  314.508921
  1.96999996  321.404393
  1.97999996  328.403185
  1.98999996  335.577421
  1.99999996  343.139085
  2.00999996  351.214366
  2.01999995  359.704815
  2.02999995  368.316347
  2.03999995  376.907083
  2.04999995  385.712044
  2.05999995  395.223981
  2.06999995  405.697665
  2.07999995  416.90919
  2.08999995  428.269115
  2.09999995  439.545801
  2.10999995  451.03173
  2.11999995  463.509428
  2.12999995  477.255478
  2.13999995  492.059273
  2.14999995  507.391878
  2.15999995  523.348724
  2.16999995  540.346794
  2.17999995  558.489697
  2.18999995  577.488855
  2.19999995  597.388662
  2.20999995  618.740694
  2.21999995  641.958544
  2.22999995  666.906487
  2.23999995  693.416268
  2.24999995  722.001088
  2.25999995  753.736234
  2.26999995  789.052561
  2.27999995  826.629503
  2.28999995  865.166347
  2.29999995  906.146517
  2.30999995  952.536537
  2.31999995  1006.69258
  2.32999995  1069.15251
  2.33999995  1137.1086
  2.34999995  1209.74141
  2.35999995  1295.85726
  2.36999995  1402.88675
  2.37999995  1523.34726
  2.38999995  1654.10613
  2.39999995  1810.77259
  2.40999995  2006.50831
  2.41999995  2252.53419
  2.42999995  2556.17811
  2.43999995  2921.39044
  2.44999995  3467.41203
  2.45999995  4374.44222
  2.46999994  5600.06413
  2.47999994  7533.03834
  2.48999994  12864.3814
  2.49999994  40355.7627
  2.50999994  43331.6593
  2.51999994  13415.6492
  2.52999994  7678.05644
  2.53999994  5414.55129
  2.54999994  4308.88377
  2.55999994  3522.37065
  2.56999994  2950.17463
  2.57999994  2563.84184
  2.58999994  2268.80738
  2.59999994  2042.06318
  2.60999994  1856.03629
  2.61999994  1703.89416
  2.62999994  1571.85853
  2.63999994  1446.15144
  2.64999994  1347.9252
  2.65999994  1258.18475
  2.66999994  1189.26759
  2.67999994  1121.28496
  2.68999994  1066.05686
  2.69999994  1011.20073
  2.70999994  957.444493
  2.71999994  918.9192
  2.72999994  879.512086
  2.73999994  841.954153
  2.74999994  808.534658
  2.75999994  778.728412
  2.76999994  746.673813
  2.77999994  721.803793
  2.78999994  697.151538
  2.79999994  673.903948
  2.80999994  650.726999
  2.81999994  631.28778
  2.82999994  611.34424
  2.83999994  594.246979
  2.84999994  579.876319
  2.85999994  563.475165
  2.86999994  547.221265
  2.87999994  533.151376
  2.88999994  520.640036
  2.89999994  507.687188
  2.90999993  496.395764
  2.91999993  483.72154
  2.92999993  473.618982
  2.93999993  461.91714
  2.94999993  452.350469
  2.95999993  442.276167
  2.96999993  432.890897
  2.97999993  425.801849
  2.98999993  415.614644
  2.99999993  407.73679
  3.00999993  400.001777
  3.01999993  392.724428
  3.02999993  385.685902
  3.03999993  378.465033
  3.04999993  371.920431
  3.05999993  365.198287
  3.06999993  359.177439
  3.07999993  353.044408
  3.08999993  347.075273
  3.09999993  341.721756
  3.10999993  336.128499
  3.11999993  330.487885
  3.12999993  325.642026
  3.13999993  320.013899
  3.14999993  315.641681
  3.15999993  310.88984
  3.16999993  306.406708
  3.17999993  302.362875
  3.18999993  297.459756
  3.19999993  293.518856
  3.20999993  289.019088
  3.21999993  285.288073
  3.22999993  281.1473
  3.23999993  277.553821
  3.24999993  274.081293
  3.25999993  270.411146
  3.26999993  266.989869
  3.27999993  263.800329
  3.28999993  260.547289
  3.29999993  256.921832
  3.30999993  253.909737
  3.31999993  250.974245
  3.32999993  247.933355
  3.33999993  244.832005
  3.34999993  242.08553
  3.35999992  239.35065
  3.36999992  236.323888
  3.37999992  233.651212
  3.38999992  231.225941
  3.39999992  228.407842
  3.40999992  226.143711
  3.41999992  223.715077
  3.42999992  221.137778
  3.43999992  218.864975
  3.44999992  216.389765
  3.45999992  214.271089
  3.46999992  211.881726
  3.47999992  209.511383
  3.48999992  207.515514
  3.49999992  16.5937175
