  0.00999999978  1.0038665
  0.0199999996  1.0069838
  0.0299999993  1.01001974
  0.0399999991  1.01304856
  0.0499999989  1.0160121
  0.0599999987  1.01892295
  0.0699999984  1.02178996
  0.0799999982  1.02461954
  0.089999998  1.02741649
  0.0999999978  1.03018464
  0.109999998  1.03292668
  0.119999997  1.03564507
  0.129999997  1.03834247
  0.139999997  1.04101959
  0.149999997  1.04367868
  0.159999996  1.04632082
  0.169999996  1.04894681
  0.179999996  1.05155776
  0.189999996  1.05415472
  0.199999996  1.05673881
  0.209999995  1.05931
  0.219999995  1.06186898
  0.229999995  1.06441697
  0.239999995  1.06695413
  0.249999994  1.06948082
  0.259999994  1.07199732
  0.269999994  1.07450436
  0.279999994  1.07700261
  0.289999994  1.0794921
  0.299999993  1.08197298
  0.309999993  1.08444558
  0.319999993  1.08691029
  0.329999993  1.0893675
  0.339999992  1.0918175
  0.349999992  1.09426043
  0.359999992  1.09669644
  0.369999992  1.09912572
  0.379999992  1.10154843
  0.389999991  1.10396479
  0.399999991  1.106375
  0.409999991  1.10877932
  0.419999991  1.11117804
  0.42999999  1.11357127
  0.43999999  1.11595897
  0.44999999  1.11834121
  0.45999999  1.12071821
  0.469999989  1.12309021
  0.479999989  1.12545732
  0.489999989  1.12781954
  0.499999989  1.13017697
  0.509999989  1.13252979
  0.519999988  1.13487821
  0.529999988  1.13722224
  0.539999988  1.13956188
  0.549999988  1.14189718
  0.559999987  1.14422831
  0.569999987  1.14655544
  0.579999987  1.14887867
  0.589999987  1.15119802
  0.599999987  1.15351355
  0.609999986  1.15582534
  0.619999986  1.1581335
  0.629999986  1.16043812
  0.639999986  1.16273929
  0.649999985  1.16503702
  0.659999985  1.16733135
  0.669999985  1.16962228
  0.679999985  1.17190986
  0.689999985  1.17419415
  0.699999984  1.17647523
  0.709999984  1.17875322
  0.719999984  1.1810282
  0.729999984  1.18330026
  0.739999983  1.18556942
  0.749999983  1.1878357
  0.759999983  1.1900991
  0.769999983  1.19235967
  0.779999983  1.19461747
  0.789999982  1.19687256
  0.799999982  1.199125
  0.809999982  1.20137482
  0.819999982  1.20362207
  0.829999981  1.20586679
  0.839999981  1.208109
  0.849999981  1.2103487
  0.859999981  1.21258589
  0.869999981  1.21482055
  0.87999998  1.21705275
  0.88999998  1.21928258
  0.89999998  1.22151015
  0.90999998  1.22373558
  0.919999979  1.22595888
  0.929999979  1.22818
  0.939999979  1.23039891
  0.949999979  1.23261556
  0.959999979  1.23482997
  0.969999978  1.23704226
  0.979999978  1.23925253
  0.989999978  1.24146088
  0.999999978  1.24366737
  1.00999998  1.24587196
  1.01999998  1.24807465
  1.02999998  1.2502754
  1.03999998  1.25247419
  1.04999998  1.25467104
  1.05999998  1.25686599
  1.06999998  1.25905905
  1.07999998  1.26125025
  1.08999998  1.26343963
  1.09999998  1.26562723
  1.10999998  1.2678131
  1.11999997  1.26999729
  1.12999997  1.27217984
  1.13999997  1.27436075
  1.14999997  1.27654001
  1.15999997  1.27871758
  1.16999997  1.28089345
  1.17999997  1.28306762
  1.18999997  1.28524012
  1.19999997  1.28741098
  1.20999997  1.28958024
  1.21999997  1.29174794
  1.22999997  1.29391412
  1.23999997  1.29607884
  1.24999997  1.29824213
  1.25999997  1.30040404
  1.26999997  1.30256461
  1.27999997  1.30472386
  1.28999997  1.30688178
  1.29999997  1.30903835
  1.30999997  1.31119356
  1.31999997  1.3133474
  1.32999997  1.31549986
  1.33999997  1.31765096
  1.34999997  1.31980073
  1.35999997  1.32194918
  1.36999997  1.32409633
  1.37999997  1.32624218
  1.38999997  1.32838675
  1.39999997  1.33053003
  1.40999997  1.33267207
  1.41999997  1.33481286
  1.42999997  1.33695243
  1.43999997  1.3390908
  1.44999997  1.34122797
  1.45999997  1.34336393
  1.46999997  1.34549865
  1.47999997  1.34763214
  1.48999997  1.34976436
  1.49999997  1.35189532
  1.50999997  1.35402507
  1.51999997  1.35615366
  1.52999997  1.35828116
  1.53999997  1.36040761
  1.54999997  1.36253309
  1.55999997  1.36465764
  1.56999996  1.3667813
  1.57999996  1.36890407
  1.58999996  1.37102593
  1.59999996  1.37314683
  1.60999996  1.37526675
  1.61999996  1.37738564
  1.62999996  1.37950349
  1.63999996  1.38162026
  1.64999996  1.38373594
  1.65999996  1.38585054
  1.66999996  1.38796412
  1.67999996  1.39007673
  1.68999996  1.39218839
  1.69999996  1.39429915
  1.70999996  1.39640903
  1.71999996  1.39851806
  1.72999996  1.40062628
  1.73999996  1.40273367
  1.74999996  1.40484021
  1.75999996  1.40694589
  1.76999996  1.4090507
  1.77999996  1.41115461
  1.78999996  1.41325762
  1.79999996  1.41535971
  1.80999996  1.41746088
  1.81999996  1.41956112
  1.82999996  1.42166046
  1.83999996  1.42375893
  1.84999996  1.42585655
  1.85999996  1.42795336
  1.86999996  1.43004939
  1.87999996  1.43214465
  1.88999996  1.43423919
  1.89999996  1.43633302
  1.90999996  1.43842616
  1.91999996  1.44051859
  1.92999996  1.44261032
  1.93999996  1.44470133
  1.94999996  1.44679163
  1.95999996  1.44888121
  1.96999996  1.45097004
  1.97999996  1.45305813
  1.98999996  1.45514549
  1.99999996  1.45723212
  2.00999996  1.45931806
  2.01999995  1.46140332
  2.02999995  1.46348791
  2.03999995  1.46557186
  2.04999995  1.46765518
  2.05999995  1.46973788
  2.06999995  1.47181997
  2.07999995  1.47390145
  2.08999995  1.47598228
  2.09999995  1.47806248
  2.10999995  1.48014204
  2.11999995  1.48222098
  2.12999995  1.4842993
  2.13999995  1.486377
  2.14999995  1.4884541
  2.15999995  1.49053061
  2.16999995  1.49260652
  2.17999995  1.49468185
  2.18999995  1.49675659
  2.19999995  1.49883076
  2.20999995  1.50090435
  2.21999995  1.50297737
  2.22999995  1.50504983
  2.23999995  1.50712172
  2.24999995  1.50919308
  2.25999995  1.51126394
  2.26999995  1.51333426
  2.27999995  1.51540404
  2.28999995  1.51747327
  2.29999995  1.51954192
  2.30999995  1.52160997
  2.31999995  1.52367742
  2.32999995  1.52574423
  2.33999995  1.52781039
  2.34999995  1.52987588
  2.35999995  1.53194072
  2.36999995  1.53400495
  2.37999995  1.53606863
  2.38999995  1.53813179
  2.39999995  1.54019447
  2.40999995  1.54225671
  2.41999995  1.54431853
  2.42999995  1.54637995
  2.43999995  1.54844102
  2.44999995  1.55050174
  2.45999995  1.5525621
  2.46999994  1.55462207
  2.47999994  1.55668162
  2.48999994  1.55874074
  2.49999994  1.56079944
  2.50999994  1.5628577
  2.51999994  1.56491551
  2.52999994  1.56697288
  2.53999994  1.56902979
  2.54999994  1.57108625
  2.55999994  1.57314227
  2.56999994  1.57519785
  2.57999994  1.577253
  2.58999994  1.57930773
  2.59999994  1.58136204
  2.60999994  1.58341593
  2.61999994  1.58546942
  2.62999994  1.5875225
  2.63999994  1.58957519
  2.64999994  1.59162748
  2.65999994  1.59367938
  2.66999994  1.59573091
  2.67999994  1.59778206
  2.68999994  1.59983285
  2.69999994  1.60188329
  2.70999994  1.60393338
  2.71999994  1.60598313
  2.72999994  1.60803255
  2.73999994  1.61008165
  2.74999994  1.61213046
  2.75999994  1.61417898
  2.76999994  1.61622722
  2.77999994  1.61827519
  2.78999994  1.62032286
  2.79999994  1.62237024
  2.80999994  1.62441732
  2.81999994  1.6264641
  2.82999994  1.62851055
  2.83999994  1.63055667
  2.84999994  1.63260243
  2.85999994  1.63464781
  2.86999994  1.6366928
  2.87999994  1.63873739
  2.88999994  1.64078159
  2.89999994  1.64282541
  2.90999993  1.64486885
  2.91999993  1.64691193
  2.92999993  1.64895467
  2.93999993  1.65099709
  2.94999993  1.65303923
  2.95999993  1.6550811
  2.96999993  1.65712274
  2.97999993  1.65916416
  2.98999993  1.66120538
  2.99999993  1.6632464
  3.00999993  1.66528722
  3.01999993  1.66732781
  3.02999993  1.66936814
  3.03999993  1.67140821
  3.04999993  1.67344798
  3.05999993  1.67548742
  3.06999993  1.67752652
  3.07999993  1.67956525
  3.08999993  1.68160358
  3.09999993  1.6836415
  3.10999993  1.68567902
  3.11999993  1.68771619
  3.12999993  1.68975302
  3.13999993  1.69178956
  3.14999993  1.69382584
  3.15999993  1.6958619
  3.16999993  1.69789777
  3.17999993  1.69993349
  3.18999993  1.70196909
  3.19999993  1.7040046
  3.20999993  1.70604006
  3.21999993  1.70807546
  3.22999993  1.71011077
  3.23999993  1.71214599
  3.24999993  1.71418109
  3.25999993  1.71621604
  3.26999993  1.71825082
  3.27999993  1.7202854
  3.28999993  1.72231977
  3.29999993  1.7243539
  3.30999993  1.72638779
  3.31999993  1.72842141
  3.32999993  1.73045477
  3.33999993  1.73248786
  3.34999993  1.73452069
  3.35999992  1.73655328
  3.36999992  1.73858564
  3.37999992  1.74061779
  3.38999992  1.74264975
  3.39999992  1.74468152
  3.40999992  1.74671311
  3.41999992  1.74874453
  3.42999992  1.75077576
  3.43999992  1.75280682
  3.44999992  1.75483769
  3.45999992  1.75686838
  3.46999992  1.75889888
  3.47999992  1.76092919
  3.48999992  1.76295929
  3.49999992  1.76498918
  3.50999992  1.76701887
  3.51999992  1.76904836
  3.52999992  1.77107765
  3.53999992  1.77310676
  3.54999992  1.7751357
  3.55999992  1.77716446
  3.56999992  1.77919306
  3.57999992  1.78122151
  3.58999992  1.78324981
  3.59999992  1.78527797
  3.60999992  1.787306
  3.61999992  1.7893339
  3.62999992  1.79136168
  3.63999992  1.79338935
  3.64999992  1.79541691
  3.65999992  1.79744437
  3.66999992  1.79947174
  3.67999992  1.80149901
  3.68999992  1.80352621
  3.69999992  1.80555333
  3.70999992  1.80758038
  3.71999992  1.80960735
  3.72999992  1.81163425
  3.73999992  1.81366106
  3.74999992  1.81568778
  3.75999992  1.8177144
  3.76999992  1.8197409
  3.77999992  1.82176729
  3.78999992  1.82379356
  3.79999992  1.82581969
  3.80999991  1.82784568
  3.81999991  1.82987152
  3.82999991  1.83189723
  3.83999991  1.83392283
  3.84999991  1.83594832
  3.85999991  1.83797372
  3.86999991  1.83999903
  3.87999991  1.84202425
  3.88999991  1.8440494
  3.89999991  1.84607448
  3.90999991  1.84809949
  3.91999991  1.85012445
  3.92999991  1.85214936
  3.93999991  1.85417421
  3.94999991  1.85619898
  3.95999991  1.85822366
  3.96999991  1.86024824
  3.97999991  1.8622727
  3.98999991  1.86429705
  3.99999991  1.86632131
  4.00999991  1.86834547
  4.01999991  1.87036955
  4.02999991  1.87239354
  4.03999991  1.87441746
  4.04999991  1.87644132
  4.05999991  1.87846514
  4.06999991  1.88048891
  4.07999991  1.88251267
  4.08999991  1.88453642
  4.09999991  1.88656018
  4.10999991  1.88858395
  4.11999991  1.89060774
  4.12999991  1.89263154
  4.13999991  1.89465532
  4.14999991  1.89667907
  4.15999991  1.89870279
  4.16999991  1.90072646
  4.17999991  1.90275007
  4.18999991  1.90477361
  4.19999991  1.90679706
  4.20999991  1.90882042
  4.21999991  1.91084368
  4.22999991  1.91286682
  4.23999991  1.91488983
  4.24999991  1.91691271
  4.2599999  1.91893546
  4.2699999  1.9209581
  4.2799999  1.92298064
  4.2899999  1.92500309
  4.2999999  1.92702548
  4.3099999  1.9290478
  4.3199999  1.93107009
  4.3299999  1.93309235
  4.3399999  1.9351146
  4.3499999  1.93713685
  4.3599999  1.93915912
  4.3699999  1.94118142
  4.3799999  1.94320377
  4.3899999  1.94522617
  4.3999999  1.94724864
  4.4099999  1.94927115
  4.4199999  1.9512937
  4.4299999  1.95331628
  4.4399999  1.95533889
  4.4499999  1.9573615
  4.4599999  1.95938411
  4.4699999  1.96140672
  4.4799999  1.96342931
  4.4899999  1.96545187
  4.4999999  1.96747439
  4.5099999  1.96949686
  4.5199999  1.97151929
  4.5299999  1.97354168
  4.5399999  1.97556402
  4.5499999  1.97758633
  4.5599999  1.97960863
  4.5699999  1.98163092
  4.5799999  1.98365322
  4.5899999  1.98567554
  4.5999999  1.9876979
  4.6099999  1.9897203
  4.6199999  1.99174276
  4.6299999  1.99376529
  4.6399999  1.9957879
  4.6499999  1.99781059
  4.6599999  1.99983336
  4.6699999  2.00185621
  4.6799999  2.00387916
  4.6899999  2.00590218
  4.69999989  2.00792526
  4.70999989  2.0099484
  4.71999989  2.01197157
  4.72999989  2.01399476
  4.73999989  2.01601795
  4.74999989  2.01804114
  4.75999989  2.0200643
  4.76999989  2.02208744
  4.77999989  2.02411054
  4.78999989  2.0261336
  4.79999989  2.02815661
  4.80999989  2.03017956
  4.81999989  2.03220244
  4.82999989  2.03422524
  4.83999989  2.03624799
  4.84999989  2.03827069
  4.85999989  2.04029337
  4.86999989  2.04231602
  4.87999989  2.04433868
  4.88999989  2.04636136
  4.89999989  2.04838407
  4.90999989  2.05040682
  4.91999989  2.05242963
  4.92999989  2.05445253
  4.93999989  2.05647551
  4.94999989  2.0584986
  4.95999989  2.06052182
  4.96999989  2.06254518
  4.97999989  2.06456868
  4.98999989  2.06659234
  4.99999989  2.06861615
  5.00999989  2.07064009
  5.01999989  2.07266416
  5.02999989  2.07468836
  5.03999989  2.07671266
  5.04999989  2.07873708
  5.05999989  2.08076158
  5.06999989  2.08278617
  5.07999989  2.08481083
  5.08999989  2.08683556
  5.09999989  2.08886035
  5.10999989  2.09088518
  5.11999989  2.09291005
  5.12999989  2.09493495
  5.13999989  2.09695987
  5.14999988  2.09898482
  5.15999988  2.10100979
  5.16999988  2.10303479
  5.17999988  2.10505981
  5.18999988  2.10708484
  5.19999988  2.1091099
  5.20999988  2.11113498
  5.21999988  2.11316007
  5.22999988  2.11518518
  5.23999988  2.11721031
  5.24999988  2.11923546
  5.25999988  2.12126062
  5.26999988  2.12328579
  5.27999988  2.12531099
  5.28999988  2.12733621
  5.29999988  2.12936147
  5.30999988  2.13138678
  5.31999988  2.13341215
  5.32999988  2.13543759
  5.33999988  2.13746311
  5.34999988  2.13948874
  5.35999988  2.14151446
  5.36999988  2.14354031
  5.37999988  2.14556629
  5.38999988  2.14759242
  5.39999988  2.1496187
  5.40999988  2.15164513
  5.41999988  2.15367173
  5.42999988  2.15569849
  5.43999988  2.15772542
  5.44999988  2.15975252
  5.45999988  2.16177978
  5.46999988  2.1638072
  5.47999988  2.16583476
  5.48999988  2.16786246
  5.49999988  2.16989029
  5.50999988  2.17191824
  5.51999988  2.1739463
  5.52999988  2.17597447
  5.53999988  2.17800274
  5.54999988  2.18003112
  5.55999988  2.18205959
  5.56999988  2.18408817
  5.57999988  2.18611684
  5.58999988  2.1881456
  5.59999987  2.19017446
  5.60999987  2.19220341
  5.61999987  2.19423246
  5.62999987  2.1962616
  5.63999987  2.19829086
  5.64999987  2.20032022
  5.65999987  2.2023497
  5.66999987  2.20437929
  5.67999987  2.20640899
  5.68999987  2.2084388
  5.69999987  2.21046872
  5.70999987  2.21249874
  5.71999987  2.21452887
  5.72999987  2.21655909
  5.73999987  2.21858942
  5.74999987  2.22061984
  5.75999987  2.22265036
  5.76999987  2.22468097
  5.77999987  2.22671166
  5.78999987  2.22874244
  5.79999987  2.23077329
  5.80999987  2.23280423
  5.81999987  2.23483526
  5.82999987  2.23686638
  5.83999987  2.2388976
  5.84999987  2.24092892
  5.85999987  2.24296035
  5.86999987  2.24499189
  5.87999987  2.24702355
  5.88999987  2.24905533
  5.89999987  2.25108724
  5.90999987  2.25311929
  5.91999987  2.25515147
  5.92999987  2.25718379
  5.93999987  2.25921626
  5.94999987  2.26124888
  5.95999987  2.26328165
  5.96999987  2.26531458
  5.97999987  2.26734766
  5.98999987  2.26938089
  5.99999987  2.27141429
  6.00999987  2.27344785
  6.01999987  2.27548157
  6.02999987  2.27751545
  6.03999986  2.27954951
  6.04999986  2.28158373
  6.05999986  2.28361813
  6.06999986  2.28565269
  6.07999986  2.28768744
  6.08999986  2.28972237
  6.09999986  2.29175748
  6.10999986  2.29379277
  6.11999986  2.29582824
  6.12999986  2.29786389
  6.13999986  2.2998997
  6.14999986  2.30193569
  6.15999986  2.30397185
  6.16999986  2.30600817
  6.17999986  2.30804465
  6.18999986  2.31008128
  6.19999986  2.31211808
  6.20999986  2.31415502
  6.21999986  2.31619212
  6.22999986  2.31822936
  6.23999986  2.32026676
  6.24999986  2.3223043
  6.25999986  2.324342
  6.26999986  2.32637984
  6.27999986  2.32841783
  6.28999986  2.33045596
  6.29999986  2.33249424
  6.30999986  2.33453267
  6.31999986  2.33657123
  6.32999986  2.33860994
  6.33999986  2.34064878
  6.34999986  2.34268777
  6.35999986  2.34472689
  6.36999986  2.34676614
  6.37999986  2.34880552
  6.38999986  2.35084503
  6.39999986  2.35288466
  6.40999986  2.3549244
  6.41999986  2.35696426
  6.42999986  2.35900423
  6.43999986  2.3610443
  6.44999986  2.3630845
  6.45999986  2.36512481
  6.46999986  2.36716525
  6.47999986  2.36920583
  6.48999985  2.37124654
  6.49999985  2.3732874
  6.50999985  2.37532841
  6.51999985  2.37736959
  6.52999985  2.37941094
  6.53999985  2.38145248
  6.54999985  2.38349421
  6.55999985  2.38553614
  6.56999985  2.38757829
  6.57999985  2.38962065
  6.58999985  2.39166325
  6.59999985  2.39370609
  6.60999985  2.39574918
  6.61999985  2.39779251
  6.62999985  2.3998361
  6.63999985  2.40187994
  6.64999985  2.40392402
  6.65999985  2.40596834
  6.66999985  2.40801291
  6.67999985  2.4100577
  6.68999985  2.41210272
  6.69999985  2.41414795
  6.70999985  2.41619341
  6.71999985  2.41823907
  6.72999985  2.42028494
  6.73999985  2.42233101
  6.74999985  2.42437727
  6.75999985  2.42642373
  6.76999985  2.42847036
  6.77999985  2.43051717
  6.78999985  2.43256416
  6.79999985  2.43461131
  6.80999985  2.43665864
  6.81999985  2.43870614
  6.82999985  2.44075381
  6.83999985  2.44280166
  6.84999985  2.44484967
  6.85999985  2.44689786
  6.86999985  2.44894622
  6.87999985  2.45099475
  6.88999985  2.45304345
  6.89999985  2.45509232
  6.90999985  2.45714137
  6.91999985  2.45919059
  6.92999985  2.46123998
  6.93999984  2.46328954
  6.94999984  2.46533926
  6.95999984  2.46738913
  6.96999984  2.46943917
  6.97999984  2.47148938
  6.98999984  2.47353977
  6.99999984  2.47559035
  7.00999984  2.47764112
  7.01999984  2.47969211
  7.02999984  2.4817433
  7.03999984  2.48379472
  7.04999984  2.48584638
  7.05999984  2.48789827
  7.06999984  2.48995041
  7.07999984  2.49200281
  7.08999984  2.49405549
  7.09999984  2.49610844
  7.10999984  2.49816168
  7.11999984  2.50021523
  7.12999984  2.50226908
  7.13999984  2.50432326
  7.14999984  2.50637773
  7.15999984  2.50843249
  7.16999984  2.51048752
  7.17999984  2.51254281
  7.18999984  2.51459835
  7.19999984  2.51665412
  7.20999984  2.51871011
  7.21999984  2.52076631
  7.22999984  2.5228227
  7.23999984  2.52487928
  7.24999984  2.52693602
  7.25999984  2.52899292
  7.26999984  2.53104996
  7.27999984  2.53310714
  7.28999984  2.53516443
  7.29999984  2.53722184
  7.30999984  2.53927935
  7.31999984  2.54133695
  7.32999984  2.54339466
  7.33999984  2.54545249
  7.34999984  2.54751045
  7.35999984  2.54956856
  7.36999984  2.55162681
  7.37999984  2.55368523
  7.38999983  2.55574382
  7.39999983  2.55780261
  7.40999983  2.5598616
  7.41999983  2.56192081
  7.42999983  2.56398025
  7.43999983  2.56603994
  7.44999983  2.5680999
  7.45999983  2.57016014
  7.46999983  2.57222067
  7.47999983  2.57428151
  7.48999983  2.57634268
  7.49999983  2.57840418
  7.50999983  2.580466
  7.51999983  2.58252816
  7.52999983  2.58459065
  7.53999983  2.58665346
  7.54999983  2.58871659
  7.55999983  2.59078002
  7.56999983  2.59284374
  7.57999983  2.59490774
  7.58999983  2.59697201
  7.59999983  2.59903655
  7.60999983  2.60110134
  7.61999983  2.60316637
  7.62999983  2.60523162
  7.63999983  2.6072971
  7.64999983  2.60936278
  7.65999983  2.61142866
  7.66999983  2.61349473
  7.67999983  2.61556097
  7.68999983  2.61762739
  7.69999983  2.619694
  7.70999983  2.62176079
  7.71999983  2.62382777
  7.72999983  2.62589495
  7.73999983  2.62796234
  7.74999983  2.63002993
  7.75999983  2.63209774
  7.76999983  2.63416578
  7.77999983  2.63623403
  7.78999983  2.63830253
  7.79999983  2.64037126
  7.80999983  2.64244023
  7.81999983  2.64450945
  7.82999982  2.64657893
  7.83999982  2.64864867
  7.84999982  2.65071868
  7.85999982  2.65278895
  7.86999982  2.65485949
  7.87999982  2.6569303
  7.88999982  2.65900138
  7.89999982  2.66107274
  7.90999982  2.66314436
  7.91999982  2.66521626
  7.92999982  2.66728843
  7.93999982  2.66936088
  7.94999982  2.6714336
  7.95999982  2.6735066
  7.96999982  2.67557988
  7.97999982  2.67765343
  7.98999982  2.67972726
  7.99999982  2.68180137
  8.00999982  2.68387576
  8.01999982  2.68595042
  8.02999982  2.68802535
  8.03999982  2.69010056
  8.04999982  2.69217602
  8.05999982  2.69425176
  8.06999982  2.69632775
  8.07999982  2.69840401
  8.08999982  2.70048052
  8.09999982  2.70255729
  8.10999982  2.70463431
  8.11999982  2.70671159
  8.12999982  2.70878911
  8.13999982  2.71086687
  8.14999982  2.71294488
  8.15999982  2.71502314
  8.16999982  2.71710165
  8.17999982  2.71918041
  8.18999982  2.72125943
  8.19999982  2.72333871
  8.20999982  2.72541825
  8.21999982  2.72749806
  8.22999982  2.72957815
  8.23999982  2.73165851
  8.24999982  2.73373915
  8.25999982  2.73582008
  8.26999982  2.7379013
  8.27999981  2.73998281
  8.28999981  2.74206463
  8.29999981  2.74414675
  8.30999981  2.74622917
  8.31999981  2.74831191
  8.32999981  2.75039495
  8.33999981  2.75247831
  8.34999981  2.75456198
  8.35999981  2.75664596
  8.36999981  2.75873025
  8.37999981  2.76081485
  8.38999981  2.76289978
  8.39999981  2.76498501
  8.40999981  2.76707057
  8.41999981  2.76915644
  8.42999981  2.77124263
  8.43999981  2.77332913
  8.44999981  2.77541594
  8.45999981  2.77750306
  8.46999981  2.77959048
  8.47999981  2.78167819
  8.48999981  2.7837662
  8.49999981  2.78585449
  8.50999981  2.78794306
  8.51999981  2.7900319
  8.52999981  2.79212101
  8.53999981  2.79421038
  8.54999981  2.79630001
  8.55999981  2.79838989
  8.56999981  2.80048001
  8.57999981  2.80257037
  8.58999981  2.80466096
  8.59999981  2.80675178
  8.60999981  2.80884281
  8.61999981  2.81093407
  8.62999981  2.81302555
  8.63999981  2.81511725
  8.64999981  2.81720919
  8.65999981  2.81930137
  8.66999981  2.8213938
  8.67999981  2.82348648
  8.68999981  2.82557942
  8.69999981  2.82767262
  8.70999981  2.8297661
  8.71999981  2.83185986
  8.7299998  2.83395391
  8.7399998  2.83604824
  8.7499998  2.83814287
  8.7599998  2.84023781
  8.7699998  2.84233306
  8.7799998  2.84442863
  8.7899998  2.84652452
  8.7999998  2.84862073
  8.8099998  2.85071726
  8.8199998  2.85281411
  8.8299998  2.85491129
  8.8399998  2.85700879
  8.8499998  2.85910661
  8.8599998  2.86120477
  8.8699998  2.86330325
  8.8799998  2.86540206
  8.8899998  2.8675012
  8.8999998  2.86960067
  8.9099998  2.87170047
  8.9199998  2.8738006
  8.9299998  2.87590106
  8.9399998  2.87800186
  8.9499998  2.88010299
  8.9599998  2.88220446
  8.9699998  2.88430626
  8.9799998  2.88640838
  8.9899998  2.88851084
  8.9999998  2.89061363
  9.0099998  2.89271675
  9.0199998  2.89482018
  9.0299998  2.89692394
  9.0399998  2.899028
  9.0499998  2.90113238
  9.0599998  2.90323705
  9.0699998  2.90534203
  9.0799998  2.9074473
  9.0899998  2.90955286
  9.0999998  2.91165872
  9.1099998  2.91376486
  9.1199998  2.91587129
  9.1299998  2.91797803
  9.1399998  2.92008506
  9.1499998  2.92219239
  9.1599998  2.92430002
  9.1699998  2.92640797
  9.17999979  2.92851622
  9.18999979  2.93062479
  9.19999979  2.93273368
  9.20999979  2.93484291
  9.21999979  2.93695247
  9.22999979  2.93906238
  9.23999979  2.94117265
  9.24999979  2.94328329
  9.25999979  2.94539431
  9.26999979  2.9475057
  9.27999979  2.94961746
  9.28999979  2.95172958
  9.29999979  2.95384207
  9.30999979  2.95595492
  9.31999979  2.95806813
  9.32999979  2.9601817
  9.33999979  2.96229561
  9.34999979  2.96440988
  9.35999979  2.9665245
  9.36999979  2.96863946
  9.37999979  2.97075477
  9.38999979  2.9728704
  9.39999979  2.97498636
  9.40999979  2.97710262
  9.41999979  2.97921919
  9.42999979  2.98133606
  9.43999979  2.98345323
  9.44999979  2.9855707
  9.45999979  2.98768848
  9.46999979  2.98980657
  9.47999979  2.99192498
  9.48999979  2.99404369
  9.49999979  2.99616272
  9.50999979  2.99828207
  9.51999979  3.00040174
  9.52999979  3.00252173
  9.53999979  3.00464205
  9.54999979  3.00676269
  9.55999979  3.00888366
  9.56999979  3.01100497
  9.57999979  3.0131266
  9.58999979  3.01524857
  9.59999979  3.01737087
  9.60999979  3.0194935
  9.61999978  3.02161646
  9.62999978  3.02373976
  9.63999978  3.02586338
  9.64999978  3.02798732
  9.65999978  3.0301116
  9.66999978  3.0322362
  9.67999978  3.03436113
  9.68999978  3.03648638
  9.69999978  3.03861196
  9.70999978  3.04073786
  9.71999978  3.04286408
  9.72999978  3.04499063
  9.73999978  3.04711749
  9.74999978  3.04924468
  9.75999978  3.0513722
  9.76999978  3.05350004
  9.77999978  3.05562822
  9.78999978  3.05775675
  9.79999978  3.05988563
  9.80999978  3.06201488
  9.81999978  3.06414449
  9.82999978  3.06627449
  9.83999978  3.06840487
  9.84999978  3.07053565
  9.85999978  3.07266684
  9.86999978  3.07479845
  9.87999978  3.07693047
  9.88999978  3.07906294
  9.89999978  3.08119584
  9.90999978  3.08332919
  9.91999978  3.085463
  9.92999978  3.08759727
  9.93999978  3.089732
  9.94999978  3.09186721
  9.95999978  3.0940029
  9.96999978  3.09613908
  9.97999978  3.09827572
  9.98999978  3.10041279
  9.99999978  3.10255027
  10.0099998  3.10468813
  10.0199998  3.10682633
  10.0299998  3.10896485
  10.0399998  3.11110366
  10.0499998  3.11324272
  10.0599998  3.115382
  10.0699998  3.11752149
  10.0799998  3.11966117
  10.0899998  3.12180103
  10.0999998  3.12394105
  10.1099998  3.12608123
  10.1199998  3.12822154
  10.1299998  3.13036198
  10.1399998  3.13250253
  10.1499998  3.13464318
  10.1599998  3.13678391
  10.1699998  3.13892473
  10.1799998  3.14106566
  10.1899998  3.14320675
  10.1999998  3.14534804
  10.2099998  3.14748959
  10.2199998  3.14963144
  10.2299998  3.15177362
  10.2399998  3.15391616
  10.2499998  3.15605906
  10.2599998  3.15820236
  10.2699998  3.16034607
  10.2799998  3.16249021
  10.2899998  3.1646348
  10.2999998  3.16677985
  10.3099998  3.16892539
  10.3199998  3.17107143
  10.3299998  3.17321799
  10.3399998  3.17536509
  10.3499998  3.17751276
  10.3599998  3.179661
  10.3699998  3.18180984
  10.3799998  3.18395924
  10.3899998  3.18610919
  10.3999998  3.18825967
  10.4099998  3.19041069
  10.4199998  3.19256223
  10.4299998  3.1947143
  10.4399998  3.19686688
  10.4499998  3.19901997
  10.4599998  3.20117356
  10.4699998  3.20332764
  10.4799998  3.20548222
  10.4899998  3.20763728
  10.4999998  3.20979282
  10.5099998  3.21194883
  10.5199998  3.2141053
  10.5299998  3.21626224
  10.5399998  3.21841963
  10.5499998  3.22057746
  10.5599998  3.22273573
  10.5699998  3.22489441
  10.5799998  3.22705349
  10.5899998  3.22921298
  10.5999998  3.23137286
  10.6099998  3.23353314
  10.6199998  3.2356938
  10.6299998  3.23785484
  10.6399998  3.24001625
  10.6499998  3.24217803
  10.6599998  3.24434018
  10.6699998  3.24650268
  10.6799998  3.24866554
  10.6899998  3.25082874
  10.6999998  3.25299229
  10.7099998  3.25515617
  10.7199998  3.25732038
  10.7299998  3.25948491
  10.7399998  3.26164977
  10.7499998  3.26381496
  10.7599998  3.26598045
  10.7699998  3.26814626
  10.7799998  3.27031239
  10.7899998  3.27247883
  10.7999998  3.27464558
  10.8099998  3.27681265
  10.8199998  3.27898004
  10.8299998  3.28114775
  10.8399998  3.28331577
  10.8499998  3.28548411
  10.8599998  3.28765278
  10.8699998  3.28982176
  10.8799998  3.29199106
  10.8899998  3.29416068
  10.8999998  3.2963306
  10.9099998  3.29850082
  10.9199998  3.30067133
  10.9299998  3.30284213
  10.9399998  3.30501321
  10.9499998  3.30718457
  10.9599998  3.30935619
  10.9699998  3.31152807
  10.9799998  3.31370021
  10.9899998  3.3158726
  10.9999998  3.31804523
  11.0099998  3.32021811
  11.0199998  3.32239121
  11.0299998  3.32456455
  11.0399998  3.32673813
  11.0499998  3.32891198
  11.0599998  3.33108618
  11.0699998  3.33326075
  11.0799998  3.33543574
  11.0899998  3.33761121
  11.0999998  3.33978721
  11.1099998  3.34196378
  11.1199998  3.34414097
  11.1299998  3.34631882
  11.1399998  3.3484974
  11.1499998  3.35067675
  11.1599998  3.35285691
  11.1699998  3.35503795
  11.1799998  3.3572199
  11.1899997  3.35940281
  11.1999997  3.36158673
  11.2099997  3.3637716
  11.2199997  3.36595737
  11.2299997  3.36814398
  11.2399997  3.37033138
  11.2499997  3.37251951
  11.2599997  3.37470831
  11.2699997  3.37689773
  11.2799997  3.37908771
  11.2899997  3.38127818
  11.2999997  3.3834691
  11.3099997  3.3856604
  11.3199997  3.38785203
  11.3299997  3.39004392
  11.3399997  3.39223601
  11.3499997  3.39442825
  11.3599997  3.39662059
  11.3699997  3.39881303
  11.3799997  3.40100561
  11.3899997  3.40319834
  11.3999997  3.40539126
  11.4099997  3.40758438
  11.4199997  3.40977774
  11.4299997  3.41197134
  11.4399997  3.41416523
  11.4499997  3.41635942
  11.4599997  3.41855394
  11.4699997  3.42074882
  11.4799997  3.42294407
  11.4899997  3.42513972
  11.4999997  3.4273358
  11.5099997  3.42953234
  11.5199997  3.43172936
  11.5299997  3.43392686
  11.5399997  3.43612483
  11.5499997  3.43832329
  11.5599997  3.44052221
  11.5699997  3.44272159
  11.5799997  3.44492143
  11.5899997  3.44712174
  11.5999997  3.44932251
  11.6099997  3.45152376
  11.6199997  3.45372549
  11.6299997  3.45592769
  11.6399997  3.45813038
  11.6499997  3.46033356
  11.6599997  3.46253723
  11.6699997  3.4647414
  11.6799997  3.46694606
  11.6899997  3.46915121
  11.6999997  3.4713568
  11.7099997  3.4735628
  11.7199997  3.47576916
  11.7299997  3.47797585
  11.7399997  3.48018282
  11.7499997  3.48239004
  11.7599997  3.48459745
  11.7699997  3.48680503
  11.7799997  3.48901275
  11.7899997  3.4912206
  11.7999997  3.49342857
  11.8099997  3.49563667
  11.8199997  3.49784488
  11.8299997  3.5000532
  11.8399997  3.50226162
  11.8499997  3.50447018
  11.8599997  3.50667892
  11.8699997  3.50888792
  11.8799997  3.51109724
  11.8899997  3.51330696
  11.8999997  3.51551714
  11.9099997  3.51772785
  11.9199997  3.51993915
  11.9299997  3.52215113
  11.9399997  3.52436384
  11.9499997  3.52657736
  11.9599997  3.52879176
  11.9699997  3.5310071
  11.9799997  3.53322345
  11.9899997  3.53544079
  11.9999997  3.53765914
  12.0099997  3.53987847
  12.0199997  3.54209872
  12.0299997  3.54431985
  12.0399997  3.5465418
  12.0499997  3.5487645
  12.0599997  3.55098791
  12.0699997  3.55321196
  12.0799997  3.55543661
  12.0899997  3.55766178
  12.0999997  3.55988743
  12.1099997  3.56211349
  12.1199997  3.56433991
  12.1299997  3.56656663
  12.1399997  3.56879359
  12.1499997  3.57102073
  12.1599997  3.573248
  12.1699997  3.57547533
  12.1799997  3.5777027
  12.1899997  3.57993014
  12.1999997  3.58215768
  12.2099997  3.58438537
  12.2199997  3.58661324
  12.2299997  3.58884136
  12.2399997  3.59106975
  12.2499997  3.59329847
  12.2599997  3.59552755
  12.2699997  3.59775704
  12.2799997  3.59998698
  12.2899997  3.60221742
  12.2999997  3.60444841
  12.3099997  3.60667998
  12.3199997  3.60891218
  12.3299997  3.61114506
  12.3399997  3.61337865
  12.3499997  3.61561299
  12.3599997  3.61784812
  12.3699997  3.62008408
  12.3799997  3.62232091
  12.3899997  3.62455859
  12.3999997  3.62679711
  12.4099997  3.62903642
  12.4199997  3.63127649
  12.4299997  3.63351729
  12.4399997  3.63575879
  12.4499997  3.63800095
  12.4599997  3.64024375
  12.4699997  3.64248714
  12.4799997  3.64473109
  12.4899997  3.64697556
  12.4999997  3.64922051
  12.5099997  3.65146586
  12.5199997  3.65371158
  12.5299997  3.65595759
  12.5399997  3.65820384
  12.5499997  3.66045028
  12.5599997  3.66269683
  12.5699997  3.66494346
  12.5799997  3.66719009
  12.5899997  3.66943669
  12.5999997  3.67168326
  12.6099997  3.6739298
  12.6199997  3.6761763
  12.6299997  3.67842276
  12.6399997  3.68066918
  12.6499997  3.68291559
  12.6599997  3.68516205
  12.6699997  3.68740866
  12.6799997  3.6896555
  12.6899997  3.69190265
  12.6999997  3.6941502
  12.7099997  3.69639823
  12.7199997  3.69864684
  12.7299997  3.70089612
  12.7399997  3.70314614
  12.7499997  3.705397
  12.7599997  3.70764878
  12.7699997  3.70990158
  12.7799997  3.71215548
  12.7899997  3.71441057
  12.7999997  3.71666691
  12.8099997  3.7189245
  12.8199997  3.72118329
  12.8299997  3.72344318
  12.8399997  3.72570409
  12.8499997  3.72796593
  12.8599997  3.73022864
  12.8699997  3.73249211
  12.8799997  3.73475626
  12.8899997  3.73702102
  12.8999997  3.73928629
  12.9099997  3.74155199
  12.9199997  3.74381803
  12.9299997  3.74608433
  12.9399997  3.7483508
  12.9499997  3.75061735
  12.9599997  3.7528839
  12.9699997  3.75515042
  12.9799997  3.75741697
  12.9899997  3.75968363
  12.9999997  3.76195045
  13.0099997  3.76421753
  13.0199997  3.76648493
  13.0299997  3.76875272
  13.0399997  3.77102099
  13.0499997  3.7732898
  13.0599997  3.77555924
  13.0699997  3.77782938
  13.0799997  3.7801003
  13.0899997  3.78237207
  13.0999997  3.78464478
  13.1099997  3.78691849
  13.1199997  3.78919328
  13.1299997  3.79146914
  13.1399997  3.79374598
  13.1499997  3.79602372
  13.1599997  3.79830229
  13.1699997  3.80058158
  13.1799997  3.80286153
  13.1899997  3.80514204
  13.1999997  3.80742303
  13.2099997  3.80970442
  13.2199997  3.81198611
  13.2299997  3.81426802
  13.2399997  3.81655006
  13.2499997  3.81883214
  13.2599997  3.82111418
  13.2699997  3.82339608
  13.2799997  3.82567778
  13.2899997  3.8279593
  13.2999997  3.83024073
  13.3099997  3.83252212
  13.3199997  3.83480355
  13.3299997  3.83708509
  13.3399997  3.83936682
  13.3499997  3.84164881
  13.3599997  3.84393112
  13.3699997  3.84621384
  13.3799997  3.84849704
  13.3899997  3.85078078
  13.3999997  3.85306516
  13.4099997  3.85535026
  13.4199997  3.85763619
  13.4299997  3.85992305
  13.4399997  3.86221089
  13.4499997  3.86449971
  13.4599997  3.86678948
  13.4699997  3.86908018
  13.4799997  3.87137177
  13.4899997  3.87366425
  13.4999997  3.87595758
  13.5099997  3.87825173
  13.5199997  3.88054669
  13.5299997  3.88284243
  13.5399997  3.88513892
  13.5499997  3.88743613
  13.5599997  3.88973405
  13.5699997  3.89203265
  13.5799997  3.8943319
  13.5899997  3.89663178
  13.5999997  3.89893228
  13.6099997  3.90123341
  13.6199997  3.90353514
  13.6299997  3.90583747
  13.6399997  3.90814038
  13.6499997  3.91044387
  13.6599997  3.9127479
  13.6699997  3.91505248
  13.6799997  3.91735759
  13.6899997  3.91966321
  13.6999997  3.92196933
  13.7099997  3.92427594
  13.7199997  3.92658303
  13.7299997  3.92889058
  13.7399997  3.93119857
  13.7499997  3.933507
  13.7599997  3.93581588
  13.7699997  3.93812521
  13.7799997  3.940435
  13.7899997  3.94274525
  13.7999997  3.94505599
  13.8099997  3.94736724
  13.8199997  3.94967905
  13.8299997  3.95199146
  13.8399997  3.95430452
  13.8499997  3.95661827
  13.8599997  3.95893276
  13.8699997  3.96124804
  13.8799997  3.96356414
  13.8899997  3.96588111
  13.8999997  3.968199
  13.9099997  3.9705178
  13.9199997  3.97283744
  13.9299997  3.9751579
  13.9399997  3.97747911
  13.9499997  3.97980102
  13.9599997  3.9821236
  13.9699997  3.98444678
  13.9799997  3.98677052
  13.9899997  3.98909477
  13.9999997  3.99141947
  14.0099997  3.99374457
  14.0199997  3.99607
  14.0299997  3.99839569
  14.0399997  4.00072157
  14.0499997  4.00304757
  14.0599997  4.00537367
  14.0699997  4.00769996
  14.0799997  4.01002651
  14.0899997  4.01235342
  14.0999997  4.01468076
  14.1099997  4.01700863
  14.1199997  4.01933711
  14.1299997  4.02166629
  14.1399997  4.02399626
  14.1499997  4.0263271
  14.1599997  4.0286589
  14.1699997  4.03099175
  14.1799997  4.03332574
  14.1899997  4.03566096
  14.1999997  4.03799749
  14.2099997  4.0403354
  14.2199997  4.04267459
  14.2299997  4.04501497
  14.2399997  4.04735644
  14.2499997  4.04969887
  14.2599997  4.05204218
  14.2699997  4.05438625
  14.2799997  4.05673098
  14.2899997  4.05907625
  14.2999997  4.06142197
  14.3099997  4.06376802
  14.3199997  4.06611429
  14.3299997  4.06846068
  14.3399997  4.07080707
  14.3499997  4.07315336
  14.3599997  4.07549944
  14.3699997  4.0778453
  14.3799997  4.08019095
  14.3899997  4.0825364
  14.3999997  4.08488167
  14.4099997  4.08722678
  14.4199997  4.08957182
  14.4299997  4.09191685
  14.4399997  4.09426195
  14.4499997  4.09660718
  14.4599997  4.09895263
  14.4699997  4.10129836
  14.4799997  4.10364444
  14.4899997  4.10599096
  14.4999997  4.10833799
  14.5099997  4.1106856
  14.5199997  4.11303388
  14.5299997  4.11538293
  14.5399997  4.11773286
  14.5499997  4.12008377
  14.5599997  4.12243575
  14.5699997  4.12478892
  14.5799997  4.12714337
  14.5899997  4.12949921
  14.5999997  4.13185653
  14.6099997  4.13421542
  14.6199997  4.13657591
  14.6299997  4.13893803
  14.6399997  4.14130179
  14.6499997  4.14366723
  14.6599997  4.14603437
  14.6699997  4.1484031
  14.6799997  4.15077328
  14.6899997  4.15314473
  14.6999997  4.15551729
  14.7099997  4.15789079
  14.7199997  4.16026507
  14.7299997  4.16263997
  14.7399997  4.16501531
  14.7499997  4.16739092
  14.7599997  4.16976665
  14.7699997  4.17214231
  14.7799997  4.17451774
  14.7899997  4.17689277
  14.7999997  4.17926723
  14.8099997  4.18164098
  14.8199997  4.18401408
  14.8299997  4.18638671
  14.8399997  4.188759
  14.8499997  4.19113113
  14.8599997  4.19350325
  14.8699997  4.19587554
  14.8799997  4.19824813
  14.8899997  4.20062121
  14.8999997  4.20299493
  14.9099997  4.20536946
  14.9199997  4.20774496
  14.9299997  4.2101216
  14.9399997  4.21249954
  14.9499997  4.21487894
  14.9599997  4.21725995
  14.9699997  4.21964253
  14.9799997  4.22202658
  14.9899997  4.22441201
  14.9999997  4.22679872
  15.0099997  4.22918661
  15.0199997  4.23157558
  15.0299997  4.23396553
  15.0399997  4.23635636
  15.0499997  4.23874796
  15.0599997  4.24114024
  15.0699997  4.24353309
  15.0799997  4.24592641
  15.0899997  4.2483201
  15.0999997  4.25071404
  15.1099997  4.25310818
  15.1199997  4.25550259
  15.1299997  4.25789736
  15.1399997  4.26029255
  15.1499997  4.26268827
  15.1599997  4.26508459
  15.1699997  4.26748161
  15.1799997  4.2698794
  15.1899997  4.27227805
  15.1999997  4.27467766
  15.2099997  4.27707829
  15.2199997  4.27948
  15.2299997  4.28188285
  15.2399997  4.28428691
  15.2499997  4.28669223
  15.2599997  4.28909878
  15.2699997  4.29150647
  15.2799997  4.29391518
  15.2899997  4.29632481
  15.2999997  4.29873524
  15.3099997  4.30114636
  15.3199997  4.30355807
  15.3299997  4.30597024
  15.3399997  4.30838278
  15.3499997  4.31079556
  15.3599997  4.31320848
  15.3699997  4.31562142
  15.3799997  4.31803427
  15.3899997  4.32044692
  15.3999997  4.32285928
  15.4099997  4.32527145
  15.4199997  4.32768358
  15.4299997  4.33009582
  15.4399997  4.33250833
  15.4499997  4.33492126
  15.4599997  4.33733476
  15.4699997  4.339749
  15.4799997  4.34216412
  15.4899997  4.34458028
  15.4999997  4.34699764
  15.5099997  4.34941636
  15.5199997  4.35183659
  15.5299997  4.35425849
  15.5399997  4.35668222
  15.5499997  4.3591078
  15.5599997  4.36153512
  15.5699997  4.36396407
  15.5799997  4.36639453
  15.5899997  4.36882637
  15.5999997  4.37125949
  15.6099997  4.37369374
  15.6199997  4.37612899
  15.6299997  4.37856511
  15.6399997  4.38100196
  15.6499997  4.38343939
  15.6599996  4.38587728
  15.6699996  4.38831549
  15.6799996  4.39075386
  15.6899996  4.39319232
  15.6999996  4.39563085
  15.7099996  4.39806949
  15.7199996  4.40050827
  15.7299996  4.4029472
  15.7399996  4.40538633
  15.7499996  4.40782567
  15.7599996  4.41026525
  15.7699996  4.4127051
  15.7799996  4.41514524
  15.7899996  4.41758571
  15.7999996  4.42002654
  15.8099996  4.42246781
  15.8199996  4.42490959
  15.8299996  4.42735195
  15.8399996  4.42979494
  15.8499996  4.43223859
  15.8599996  4.43468292
  15.8699996  4.43712796
  15.8799996  4.43957375
  15.8899996  4.44202032
  15.8999996  4.44446769
  15.9099996  4.44691589
  15.9199996  4.44936496
  15.9299996  4.45181492
  15.9399996  4.45426581
  15.9499996  4.45671765
  15.9599996  4.45917048
  15.9699996  4.46162433
  15.9799996  4.4640792
  15.9899996  4.46653511
  15.9999996  4.46899202
  16.0099996  4.4714499
  16.0199996  4.47390871
  16.0299996  4.4763684
  16.0399996  4.47882894
  16.0499996  4.48129028
  16.0599996  4.48375238
  16.0699996  4.4862152
  16.0799996  4.48867869
  16.0899996  4.49114283
  16.0999996  4.49360755
  16.1099996  4.49607283
  16.1199996  4.49853868
  16.1299996  4.50100516
  16.1399996  4.50347231
  16.1499996  4.50594018
  16.1599996  4.50840884
  16.1699996  4.51087832
  16.1799996  4.51334869
  16.1899996  4.51581998
  16.1999996  4.51829222
  16.2099996  4.52076545
  16.2199996  4.52323969
  16.2299996  4.52571496
  16.2399996  4.52819129
  16.2499996  4.53066869
  16.2599996  4.53314718
  16.2699996  4.53562672
  16.2799996  4.53810732
  16.2899996  4.54058894
  16.2999996  4.54307157
  16.3099996  4.54555521
  16.3199996  4.54803982
  16.3299996  4.5505254
  16.3399996  4.55301192
  16.3499996  4.55549938
  16.3599996  4.55798776
  16.3699996  4.56047703
  16.3799996  4.56296719
  16.3899996  4.56545825
  16.3999996  4.56795018
  16.4099996  4.57044291
  16.4199996  4.57293636
  16.4299996  4.57543046
  16.4399996  4.57792516
  16.4499996  4.58042037
  16.4599996  4.58291603
  16.4699996  4.58541207
  16.4799996  4.58790841
  16.4899996  4.59040499
  16.4999996  4.59290174
  16.5099996  4.59539858
  16.5199996  4.59789544
  16.5299996  4.60039233
  16.5399996  4.60288943
  16.5499996  4.60538691
  16.5599996  4.60788499
  16.5699996  4.61038383
  16.5799996  4.61288362
  16.5899996  4.61538444
  16.5999996  4.6178864
  16.6099996  4.6203896
  16.6199996  4.62289413
  16.6299996  4.62540011
  16.6399996  4.62790762
  16.6499996  4.63041677
  16.6599996  4.63292765
  16.6699996  4.63544026
  16.6799996  4.63795452
  16.6899996  4.64047035
  16.6999996  4.64298768
  16.7099996  4.64550643
  16.7199996  4.64802652
  16.7299996  4.65054788
  16.7399996  4.65307042
  16.7499996  4.65559406
  16.7599996  4.65811873
  16.7699996  4.66064436
  16.7799996  4.66317092
  16.7899996  4.66569837
  16.7999996  4.66822668
  16.8099996  4.67075577
  16.8199996  4.67328556
  16.8299996  4.67581595
  16.8399996  4.67834688
  16.8499996  4.68087824
  16.8599996  4.68340996
  16.8699996  4.68594195
  16.8799996  4.68847413
  16.8899996  4.6910064
  16.8999996  4.69353868
  16.9099996  4.69607089
  16.9199996  4.69860293
  16.9299996  4.70113474
  16.9399996  4.70366645
  16.9499996  4.70619825
  16.9599996  4.70873036
  16.9699996  4.71126299
  16.9799996  4.71379634
  16.9899996  4.71633063
  16.9999996  4.71886607
  17.0099996  4.72140287
  17.0199996  4.72394125
  17.0299996  4.72648141
  17.0399996  4.72902358
  17.0499996  4.73156797
  17.0599996  4.73411478
  17.0699996  4.736664
  17.0799996  4.73921539
  17.0899996  4.74176871
  17.0999996  4.74432372
  17.1099996  4.74688017
  17.1199996  4.74943781
  17.1299996  4.75199641
  17.1399996  4.7545557
  17.1499996  4.75711545
  17.1599996  4.75967537
  17.1699996  4.76223517
  17.1799996  4.76479457
  17.1899996  4.76735327
  17.1999996  4.76991121
  17.2099996  4.77246862
  17.2199996  4.77502577
  17.2299996  4.77758291
  17.2399996  4.78014033
  17.2499996  4.78269826
  17.2599996  4.785257
  17.2699996  4.78781679
  17.2799996  4.79037792
  17.2899996  4.79294064
  17.2999996  4.79550523
  17.3099996  4.79807196
  17.3199996  4.80064109
  17.3299996  4.80321269
  17.3399996  4.80578647
  17.3499996  4.80836217
  17.3599996  4.81093953
  17.3699996  4.81351829
  17.3799996  4.81609819
  17.3899996  4.81867898
  17.3999996  4.82126039
  17.4099996  4.82384215
  17.4199996  4.82642402
  17.4299996  4.82900572
  17.4399996  4.83158698
  17.4499996  4.83416756
  17.4599996  4.83674741
  17.4699996  4.8393268
  17.4799996  4.84190599
  17.4899996  4.84448526
  17.4999996  4.84706488
  17.5099996  4.84964513
  17.5199996  4.85222628
  17.5299996  4.8548086
  17.5399996  4.85739232
  17.5499996  4.85997766
  17.5599996  4.86256486
  17.5699996  4.86515413
  17.5799996  4.86774568
  17.5899996  4.87033947
  17.5999996  4.87293527
  17.6099996  4.87553283
  17.6199996  4.87813193
  17.6299996  4.88073232
  17.6399996  4.88333376
  17.6499996  4.88593602
  17.6599996  4.88853885
  17.6699996  4.89114201
  17.6799996  4.89374526
  17.6899996  4.89634836
  17.6999996  4.89895106
  17.7099996  4.90155318
  17.7199996  4.9041549
  17.7299996  4.90675656
  17.7399996  4.90935848
  17.7499996  4.91196099
  17.7599996  4.91456443
  17.7699996  4.91716913
  17.7799996  4.91977542
  17.7899996  4.92238365
  17.7999996  4.92499414
  17.8099996  4.92760724
  17.8199996  4.93022329
  17.8299996  4.93284262
  17.8399996  4.93546529
  17.8499996  4.93809098
  17.8599996  4.94071932
  17.8699996  4.94334997
  17.8799996  4.94598255
  17.8899996  4.9486167
  17.8999996  4.95125207
  17.9099996  4.95388822
  17.9199996  4.95652468
  17.9299996  4.959161
  17.9399996  4.96179671
  17.9499996  4.96443133
  17.9599996  4.96706451
  17.9699996  4.96969645
  17.9799996  4.97232757
  17.9899996  4.97495825
  17.9999996  4.97758891
  18.0099996  4.98021996
  18.0199996  4.9828518
  18.0299996  4.98548483
  18.0399996  4.98811948
  18.0499996  4.99075614
  18.0599996  4.99339525
  18.0699996  4.9960372
  18.0799996  4.99868239
  18.0899996  5.00133074
  18.0999996  5.00398184
  18.1099996  5.00663529
  18.1199996  5.00929068
  18.1299996  5.0119476
  18.1399996  5.01460565
  18.1499996  5.01726441
  18.1599996  5.01992347
  18.1699996  5.02258241
  18.1799996  5.02524083
  18.1899996  5.02789831
  18.1999996  5.03055442
  18.2099996  5.03320906
  18.2199996  5.03586254
  18.2299996  5.03851521
  18.2399996  5.04116741
  18.2499996  5.04381951
  18.2599996  5.04647184
  18.2699996  5.04912476
  18.2799996  5.05177853
  18.2899996  5.05443337
  18.2999996  5.05708949
  18.3099996  5.05974713
  18.3199996  5.06240649
  18.3299996  5.06506777
  18.3399996  5.06773107
  18.3499996  5.07039647
  18.3599996  5.07306407
  18.3699996  5.07573396
  18.3799996  5.07840625
  18.3899996  5.08108101
  18.3999996  5.08375835
  18.4099996  5.08643836
  18.4199996  5.08912114
  18.4299996  5.09180678
  18.4399996  5.09449538
  18.4499996  5.09718681
  18.4599996  5.09988064
  18.4699996  5.10257644
  18.4799996  5.10527377
  18.4899996  5.10797221
  18.4999996  5.11067134
  18.5099996  5.11337071
  18.5199996  5.1160699
  18.5299996  5.11876847
  18.5399996  5.12146598
  18.5499996  5.12416201
  18.5599996  5.12685611
  18.5699996  5.12954827
  18.5799996  5.132239
  18.5899996  5.13492885
  18.5999996  5.13761835
  18.6099996  5.14030807
  18.6199996  5.14299856
  18.6299996  5.14569037
  18.6399996  5.14838403
  18.6499996  5.15108005
  18.6599996  5.15377892
  18.6699996  5.15648114
  18.6799996  5.15918718
  18.6899996  5.16189703
  18.6999996  5.16461037
  18.7099996  5.16732685
  18.7199996  5.17004614
  18.7299996  5.1727679
  18.7399996  5.17549179
  18.7499996  5.17821748
  18.7599996  5.18094461
  18.7699996  5.18367284
  18.7799996  5.18640184
  18.7899996  5.18913124
  18.7999996  5.1918608
  18.8099996  5.19459058
  18.8199996  5.19732071
  18.8299996  5.20005133
  18.8399996  5.20278256
  18.8499996  5.2055145
  18.8599996  5.20824729
  18.8699996  5.21098104
  18.8799996  5.21371588
  18.8899996  5.21645193
  18.8999996  5.2191893
  18.9099996  5.22192813
  18.9199996  5.22466842
  18.9299996  5.22741013
  18.9399996  5.23015316
  18.9499996  5.23289745
  18.9599996  5.23564292
  18.9699996  5.23838949
  18.9799996  5.24113708
  18.9899996  5.24388563
  18.9999996  5.2466351
  19.0099996  5.24938552
  19.0199996  5.25213694
  19.0299996  5.25488934
  19.0399996  5.25764257
  19.0499996  5.26039644
  19.0599996  5.26315075
  19.0699996  5.2659053
  19.0799996  5.26865992
  19.0899996  5.27141439
  19.0999996  5.27416853
  19.1099996  5.27692215
  19.1199996  5.27967503
  19.1299996  5.282427
  19.1399996  5.28517791
  19.1499996  5.28792816
  19.1599996  5.29067842
  19.1699996  5.29342932
  19.1799996  5.29618144
  19.1899996  5.29893526
  19.1999996  5.30169129
  19.2099996  5.30445003
  19.2199996  5.30721197
  19.2299996  5.30997762
  19.2399996  5.31274748
  19.2499996  5.31552202
  19.2599996  5.31830119
  19.2699996  5.32108456
  19.2799996  5.32387167
  19.2899996  5.32666205
  19.2999996  5.32945526
  19.3099996  5.33225083
  19.3199996  5.33504829
  19.3299996  5.3378472
  19.3399996  5.34064707
  19.3499996  5.34344747
  19.3599996  5.34624808
  19.3699996  5.34904868
  19.3799996  5.35184913
  19.3899996  5.35464927
  19.3999996  5.35744896
  19.4099996  5.36024805
  19.4199996  5.36304638
  19.4299996  5.36584381
  19.4399996  5.36864019
  19.4499996  5.37143536
  19.4599996  5.37422918
  19.4699996  5.37702151
  19.4799996  5.37981276
  19.4899996  5.3826037
  19.4999996  5.38539516
  19.5099996  5.38818794
  19.5199996  5.39098287
  19.5299996  5.39378071
  19.5399996  5.39658218
  19.5499996  5.39938799
  19.5599996  5.40219887
  19.5699996  5.40501554
  19.5799996  5.40783863
  19.5899996  5.41066783
  19.5999996  5.41350239
  19.6099996  5.41634153
  19.6199996  5.41918446
  19.6299996  5.42203041
  19.6399996  5.42487858
  19.6499996  5.42772819
  19.6599996  5.43057844
  19.6699996  5.43342855
  19.6799996  5.43627771
  19.6899996  5.43912527
  19.6999996  5.44197113
  19.7099996  5.44481532
  19.7199996  5.44765786
  19.7299996  5.4504988
  19.7399996  5.45333814
  19.7499996  5.45617592
  19.7599996  5.45901216
  19.7699996  5.4618469
  19.7799996  5.46468016
  19.7899996  5.46751197
  19.7999996  5.47034271
  19.8099996  5.47317315
  19.8199996  5.47600412
  19.8299996  5.47883645
  19.8399996  5.48167096
  19.8499996  5.48450848
  19.8599996  5.48734984
  19.8699996  5.49019589
  19.8799996  5.49304753
  19.8899996  5.49590569
  19.8999996  5.49877108
  19.9099996  5.50164318
  19.9199996  5.50452105
  19.9299996  5.50740373
  19.9399996  5.51029028
  19.9499996  5.51317975
  19.9599996  5.51607118
  19.9699996  5.51896361
  19.9799996  5.52185608
  19.9899996  5.52474763
  19.9999996  5.5276373
  20.0099996  5.53052478
  20.0199996  5.53341036
  20.0299996  5.53629435
  20.0399996  5.53917707
  20.0499996  5.54205879
  20.0599996  5.54493973
  20.0699996  5.54782013
  20.0799996  5.55070021
  20.0899996  5.55358022
  20.0999996  5.55646039
  20.1099996  5.55934096
  20.1199996  5.56222223
  20.1299996  5.56510447
  20.1399995  5.56798798
  20.1499995  5.57087304
  20.1599995  5.57375995
  20.1699995  5.576649
  20.1799995  5.57954048
  20.1899995  5.58243468
  20.1999995  5.5853319
  20.2099995  5.58823238
  20.2199995  5.59113625
  20.2299995  5.59404363
  20.2399995  5.59695461
  20.2499995  5.59986933
  20.2599995  5.60278788
  20.2699995  5.60571039
  20.2799995  5.60863697
  20.2899995  5.61156774
  20.2999995  5.61450281
  20.3099995  5.61744215
  20.3199995  5.62038512
  20.3299995  5.62333092
  20.3399995  5.62627873
  20.3499995  5.62922774
  20.3599995  5.63217713
  20.3699995  5.63512609
  20.3799995  5.63807376
  20.3899995  5.64101915
  20.3999995  5.64396121
  20.4099995  5.6468992
  20.4199995  5.64983356
  20.4299995  5.65276498
  20.4399995  5.65569417
  20.4499995  5.65862186
  20.4599995  5.66154875
  20.4699995  5.66447556
  20.4799995  5.66740302
  20.4899995  5.67033184
  20.4999995  5.67326274
  20.5099995  5.67619627
  20.5199995  5.67913251
  20.5299995  5.68207145
  20.5399995  5.68501312
  20.5499995  5.68795765
  20.5599995  5.69090549
  20.5699995  5.69385713
  20.5799995  5.69681304
  20.5899995  5.69977371
  20.5999995  5.70273961
  20.6099995  5.70571069
  20.6199995  5.70868627
  20.6299995  5.71166564
  20.6399995  5.71464808
  20.6499995  5.71763287
  20.6599995  5.72061928
  20.6699995  5.72360659
  20.6799995  5.72659407
  20.6899995  5.72958098
  20.6999995  5.73256677
  20.7099995  5.73555218
  20.7199995  5.73853818
  20.7299995  5.74152552
  20.7399995  5.74451495
  20.7499995  5.7475072
  20.7599995  5.75050303
  20.7699995  5.75350319
  20.7799995  5.75650843
  20.7899995  5.7595195
  20.7999995  5.7625366
  20.8099995  5.76555888
  20.8199995  5.76858534
  20.8299995  5.77161501
  20.8399995  5.77464687
  20.8499995  5.77767994
  20.8599995  5.78071321
  20.8699995  5.78374568
  20.8799995  5.78677651
  20.8899995  5.78980525
  20.8999995  5.79283221
  20.9099995  5.79585798
  20.9199995  5.79888316
  20.9299995  5.80190834
  20.9399995  5.80493415
  20.9499995  5.80796117
  20.9599995  5.81099002
  20.9699995  5.81402131
  20.9799995  5.81705561
  20.9899995  5.82009278
  20.9999995  5.82313187
  21.0099995  5.82617193
  21.0199995  5.82921197
  21.0299995  5.83225104
  21.0399995  5.83528812
  21.0499995  5.8383221
  21.0599995  5.84135186
  21.0699995  5.84437626
  21.0799995  5.84739511
  21.0899995  5.85040997
  21.0999995  5.85342264
  21.1099995  5.85643489
  21.1199995  5.85944852
  21.1299995  5.86246532
  21.1399995  5.8654871
  21.1499995  5.86851568
  21.1599995  5.87155286
  21.1699995  5.87459974
  21.1799995  5.87765547
  21.1899995  5.88071889
  21.1999995  5.88378885
  21.2099995  5.88686421
  21.2199995  5.88994386
  21.2299995  5.89302668
  21.2399995  5.89611155
  21.2499995  5.89919734
  21.2599995  5.90228332
  21.2699995  5.90536988
  21.2799995  5.90845763
  21.2899995  5.91154716
  21.2999995  5.91463909
  21.3099995  5.91773402
  21.3199995  5.92083256
  21.3299995  5.92393533
  21.3399995  5.92704293
  21.3499995  5.9301556
  21.3599995  5.93327263
  21.3699995  5.93639304
  21.3799995  5.9395158
  21.3899995  5.94263991
  21.3999995  5.94576432
  21.4099995  5.948888
  21.4199995  5.95200992
  21.4299995  5.95512905
  21.4399995  5.9582451
  21.4499995  5.96135884
  21.4599995  5.96447116
  21.4699995  5.96758293
  21.4799995  5.97069504
  21.4899995  5.97380837
  21.4999995  5.97692381
  21.5099995  5.98004226
  21.5199995  5.98316459
  21.5299995  5.98629102
  21.5399995  5.98942129
  21.5499995  5.9925551
  21.5599995  5.99569216
  21.5699995  5.99883217
  21.5799995  6.00197484
  21.5899995  6.00511988
  21.5999995  6.00826697
  21.6099995  6.01141582
  21.6199995  6.014566
  21.6299995  6.01771709
  21.6399995  6.02086867
  21.6499995  6.02402029
  21.6599995  6.02717152
  21.6699995  6.03032194
  21.6799995  6.03347118
  21.6899995  6.03661903
  21.6999995  6.03976569
  21.7099995  6.04291182
  21.7199995  6.04605813
  21.7299995  6.04920531
  21.7399995  6.05235408
  21.7499995  6.05550513
  21.7599995  6.05865919
  21.7699995  6.06181696
  21.7799995  6.06497913
  21.7899995  6.06814621
  21.7999995  6.0713187
  21.8099995  6.07449709
  21.8199995  6.07768188
  21.8299995  6.08087351
  21.8399995  6.08407199
  21.8499995  6.08727721
  21.8599995  6.09048899
  21.8699995  6.09370663
  21.8799995  6.09692906
  21.8899995  6.10015518
  21.8999995  6.1033839
  21.9099995  6.10661412
  21.9199995  6.10984475
  21.9299995  6.11307469
  21.9399995  6.11630282
  21.9499995  6.11952829
  21.9599995  6.12275058
  21.9699995  6.12596918
  21.9799995  6.12918361
  21.9899995  6.1323938
  21.9999995  6.13560019
  22.0099995  6.13880321
  22.0199995  6.14200333
  22.0299995  6.14520134
  22.0399995  6.14839877
  22.0499995  6.15159724
  22.0599995  6.15479838
  22.0699995  6.15800383
  22.0799995  6.16121525
  22.0899995  6.16443427
  22.0999995  6.16766254
  22.1099995  6.17090117
  22.1199995  6.17414964
  22.1299995  6.17740719
  22.1399995  6.18067273
  22.1499995  6.18394442
  22.1599995  6.18722034
  22.1699995  6.19049854
  22.1799995  6.19377707
  22.1899995  6.19705464
  22.1999995  6.2003317
  22.2099995  6.20360901
  22.2199995  6.20688731
  22.2299995  6.21016736
  22.2399995  6.21344991
  22.2499995  6.21673573
  22.2599995  6.22002557
  22.2699995  6.22331949
  22.2799995  6.22661616
  22.2899995  6.22991434
  22.2999995  6.23321359
  22.3099995  6.23651363
  22.3199995  6.23981417
  22.3299995  6.24311492
  22.3399995  6.2464156
  22.3499995  6.24971634
  22.3599995  6.25301773
  22.3699995  6.25632042
  22.3799995  6.25962504
  22.3899995  6.26293223
  22.3999995  6.26624264
  22.4099995  6.26955691
  22.4199995  6.27287567
  22.4299995  6.27619949
  22.4399995  6.27952861
  22.4499995  6.28286248
  22.4599995  6.28620043
  22.4699995  6.2895418
  22.4799995  6.29288589
  22.4899995  6.29623204
  22.4999995  6.29957967
  22.5099995  6.30292861
  22.5199995  6.30627871
  22.5299995  6.30962988
  22.5399995  6.312982
  22.5499995  6.31633493
  22.5599995  6.31968858
  22.5699995  6.3230428
  22.5799995  6.32639694
  22.5899995  6.32975016
  22.5999995  6.33310209
  22.6099995  6.33645241
  22.6199995  6.3398008
  22.6299995  6.34314694
  22.6399995  6.34649049
  22.6499995  6.34983164
  22.6599995  6.35317231
  22.6699995  6.35651485
  22.6799995  6.35986161
  22.6899995  6.36321494
  22.6999995  6.36657723
  22.7099995  6.36995083
  22.7199995  6.37333788
  22.7299995  6.37673731
  22.7399995  6.38014587
  22.7499995  6.38356022
  22.7599995  6.38697701
  22.7699995  6.39039288
  22.7799995  6.39380447
  22.7899995  6.39720842
  22.7999995  6.40060381
  22.8099995  6.40399343
  22.8199995  6.40738037
  22.8299995  6.41076776
  22.8399995  6.41415871
  22.8499995  6.41755636
  22.8599995  6.42096386
  22.8699995  6.42438344
  22.8799995  6.42781452
  22.8899995  6.43125553
  22.8999995  6.43470478
  22.9099995  6.43816061
  22.9199995  6.44162131
  22.9299995  6.44508521
  22.9399995  6.44855079
  22.9499995  6.4520174
  22.9599995  6.45548463
  22.9699995  6.45895204
  22.9799995  6.46241921
  22.9899995  6.46588573
  22.9999995  6.46935115
  23.0099995  6.47281509
  23.0199995  6.4762774
  23.0299995  6.47973879
  23.0399995  6.48320037
  23.0499995  6.48666324
  23.0599995  6.49012851
  23.0699995  6.49359731
  23.0799995  6.49707047
  23.0899995  6.50054729
  23.0999995  6.50402655
  23.1099995  6.50750706
  23.1199995  6.5109876
  23.1299995  6.51446694
  23.1399995  6.51794386
  23.1499995  6.52141781
  23.1599995  6.52489086
  23.1699995  6.52836519
  23.1799995  6.53184244
  23.1899995  6.53532423
  23.1999995  6.5388122
  23.2099995  6.54230798
  23.2199995  6.54581273
  23.2299995  6.54932641
  23.2399995  6.55284882
  23.2499995  6.55637975
  23.2599995  6.55991898
  23.2699995  6.56346632
  23.2799995  6.5670215
  23.2899995  6.57058283
  23.2999995  6.57414674
  23.3099995  6.57770996
  23.3199995  6.58126961
  23.3299995  6.58482285
  23.3399995  6.58836681
  23.3499995  6.59189914
  23.3599995  6.59542263
  23.3699995  6.5989429
  23.3799995  6.60246567
  23.3899995  6.60599666
  23.3999995  6.6095416
  23.4099995  6.61310626
  23.4199995  6.61669378
  23.4299995  6.62029968
  23.4399995  6.62391808
  23.4499995  6.62754281
  23.4599995  6.63116742
  23.4699995  6.6347854
  23.4799995  6.6383906
  23.4899995  6.64198266
  23.4999995  6.64556597
  23.5099995  6.64914506
  23.5199995  6.65272449
  23.5299995  6.65630881
  23.5399995  6.65990263
  23.5499995  6.66350908
  23.5599995  6.66712713
  23.5699995  6.67075498
  23.5799995  6.67439083
  23.5899995  6.67803292
  23.5999995  6.6816795
  23.6099995  6.68532894
  23.6199995  6.68898053
  23.6299995  6.69263413
  23.6399995  6.6962896
  23.6499995  6.69994682
  23.6599995  6.70360563
  23.6699995  6.70726588
  23.6799995  6.71092695
  23.6899995  6.71458756
  23.6999995  6.71824637
  23.7099995  6.72190206
  23.7199995  6.72555338
  23.7299995  6.72919942
  23.7399995  6.73284029
  23.7499995  6.7364788
  23.7599995  6.74011821
  23.7699995  6.74376182
  23.7799995  6.74741291
  23.7899995  6.75107479
  23.7999995  6.75474999
  23.8099995  6.75843717
  23.8199995  6.76213386
  23.8299995  6.76583758
  23.8399995  6.76954582
  23.8499995  6.77325606
  23.8599995  6.77696581
  23.8699995  6.78067468
  23.8799995  6.78438329
  23.8899995  6.78809228
  23.8999995  6.79180227
  23.9099995  6.79551391
  23.9199995  6.79922789
  23.9299995  6.80294553
  23.9399995  6.80666839
  23.9499995  6.81039809
  23.9599995  6.81413621
  23.9699995  6.81788436
  23.9799995  6.82164388
  23.9899995  6.82541379
  23.9999995  6.82919215
  24.0099995  6.83297697
  24.0199995  6.8367663
  24.0299995  6.84055814
  24.0399995  6.84435067
  24.0499995  6.84814303
  24.0599995  6.85193473
  24.0699995  6.85572527
  24.0799995  6.85951416
  24.0899995  6.86330089
  24.0999995  6.86708522
  24.1099995  6.87086796
  24.1199995  6.8746502
  24.1299995  6.87843327
  24.1399995  6.88221856
  24.1499995  6.88600744
  24.1599995  6.88980053
  24.1699995  6.89359673
  24.1799995  6.89739475
  24.1899995  6.90119326
  24.1999995  6.90499093
  24.2099995  6.90878657
  24.2199995  6.91258213
  24.2299995  6.91638293
  24.2399995  6.92019447
  24.2499995  6.9240222
  24.2599995  6.92787127
  24.2699995  6.93174548
  24.2799995  6.93563952
  24.2899995  6.93954413
  24.2999995  6.94344995
  24.3099995  6.94734761
  24.3199995  6.95122773
  24.3299995  6.95508631
  24.3399995  6.95893151
  24.3499995  6.96277314
  24.3599995  6.96662108
  24.3699995  6.97048523
  24.3799995  6.97437474
  24.3899995  6.97828829
  24.3999995  6.98221728
  24.4099995  6.98615293
  24.4199995  6.99008643
  24.4299995  6.99400893
  24.4399995  6.99791498
  24.4499995  7.00180763
  24.4599995  7.00569128
  24.4699995  7.00957033
  24.4799995  7.01344921
  24.4899995  7.01733246
  24.4999995  7.02122551
  24.5099995  7.02513397
  24.5199995  7.02906265
  24.5299995  7.03301623
  24.5399995  7.03699931
  24.5499995  7.04101043
  24.5599995  7.04503945
  24.5699995  7.04907546
  24.5799995  7.05310753
  24.5899995  7.05712468
  24.5999995  7.06111892
  24.6099994  7.06509297
  24.6199994  7.06905196
  24.6299994  7.07300108
  24.6399994  7.07694643
  24.6499994  7.08089456
  24.6599994  7.08484788
  24.6699994  7.08880687
  24.6799994  7.09277196
  24.6899994  7.09674359
  24.6999994  7.10072224
  24.7099994  7.10470888
  24.7199994  7.1087049
  24.7299994  7.1127117
  24.7399994  7.11673068
  24.7499994  7.12076319
  24.7599994  7.12480836
  24.7699994  7.12886171
  24.7799994  7.13291826
  24.7899994  7.136973
  24.7999994  7.14102096
  24.8099994  7.14506092
  24.8199994  7.14909735
  24.8299994  7.15313526
  24.8399994  7.15717965
  24.8499994  7.16123552
  24.8599994  7.16530467
  24.8699994  7.16938353
  24.8799994  7.17346799
  24.8899994  7.17755455
  24.8999994  7.18164023
  24.9099994  7.18572458
  24.9199994  7.18981129
  24.9299994  7.19390445
  24.9399994  7.19800818
  24.9499994  7.20212651
  24.9599994  7.20625927
  24.9699994  7.21040049
  24.9799994  7.21454378
  24.9899994  7.21868271
  24.9999994  7.22281109
  25.0099994  7.22692878
  25.0199994  7.23104149
  25.0299994  7.23515522
  25.0399994  7.23927597
  25.0499994  7.24340943
  25.0599994  7.24755722
  25.0699994  7.25171841
  25.0799994  7.255892
  25.0899994  7.26007699
  25.0999994  7.26427202
  25.1099994  7.26847373
  25.1199994  7.27267806
  25.1299994  7.27688124
  25.1399994  7.28108017
  25.1499994  7.28527315
  25.1599994  7.28946172
  25.1699994  7.29364789
  25.1799994  7.2978337
  25.1899994  7.3020213
  25.1999994  7.30621608
  25.2099994  7.31042691
  25.2199994  7.31466289
  25.2299994  7.31893315
  25.2399994  7.32324366
  25.2499994  7.32757933
  25.2599994  7.33191581
  25.2699994  7.33622849
  25.2799994  7.34049281
  25.2899994  7.34470225
  25.2999994  7.34888557
  25.3099994  7.3530757
  25.3199994  7.3573057
  25.3299994  7.36160506
  25.3399994  7.36596736
  25.3499994  7.37036599
  25.3599994  7.37477403
  25.3699994  7.37916475
  25.3799994  7.3835219
  25.3899994  7.38785073
  25.3999994  7.39215923
  25.4099994  7.39645544
  25.4199994  7.40074733
  25.4299994  7.4050421
  25.4399994  7.40934657
  25.4499994  7.41366763
  25.4599994  7.41801199
  25.4699994  7.42237943
  25.4799994  7.42676011
  25.4899994  7.43114379
  25.4999994  7.43552041
  25.5099994  7.43988243
  25.5199994  7.44423187
  25.5299994  7.44857302
  25.5399994  7.4529102
  25.5499994  7.45724767
  25.5599994  7.46158899
  25.5699994  7.46593728
  25.5799994  7.47029572
  25.5899994  7.47466751
  25.5999994  7.47905759
  25.6099994  7.4834722
  25.6199994  7.48791754
  25.6299994  7.49239976
  25.6399994  7.49691622
  25.6499994  7.50144559
  25.6599994  7.5059641
  25.6699994  7.51044785
  25.6799994  7.51488201
  25.6899994  7.51928427
  25.6999994  7.52367959
  25.7099994  7.52809313
  25.7199994  7.53254569
  25.7299994  7.537029
  25.7399994  7.54152466
  25.7499994  7.54601419
  25.7599994  7.55048253
  25.7699994  7.55494064
  25.7799994  7.5594112
  25.7899994  7.56391707
  25.7999994  7.56847744
  25.8099994  7.57307801
  25.8199994  7.57768656
  25.8299994  7.58226988
  25.8399994  7.58679757
  25.8499994  7.5912815
  25.8599994  7.59575735
  25.8699994  7.60026126
  25.8799994  7.604825
  25.8899994  7.60944126
  25.8999994  7.61408253
  25.9099994  7.61872095
  25.9199994  7.62333317
  25.9299994  7.62792859
  25.9399994  7.63253123
  25.9499994  7.63716601
  25.9599994  7.64185059
  25.9699994  7.64656292
  25.9799994  7.65126781
  25.9899994  7.65592991
  25.9999994  7.660528
  26.0099994  7.66508993
  26.0199994  7.66965426
  26.0299994  7.6742596
  26.0399994  7.67892447
  26.0499994  7.68362593
  26.0599994  7.68833638
  26.0699994  7.69302882
  26.0799994  7.69769455
  26.0899994  7.70234635
  26.0999994  7.70699829
  26.1099994  7.7116636
  26.1199994  7.71634611
  26.1299994  7.72104413
  26.1399994  7.72575585
  26.1499994  7.73047954
  26.1599994  7.73521344
  26.1699994  7.73995509
  26.1799994  7.74470186
  26.1899994  7.74945246
  26.1999994  7.75420783
  26.2099994  7.75896915
  26.2199994  7.76373737
  26.2299994  7.76851078
  26.2399994  7.77328599
  26.2499994  7.77805957
  26.2599994  7.78283359
  26.2699994  7.7876278
  26.2799994  7.79246495
  26.2899994  7.79736643
  26.2999994  7.80232242
  26.3099994  7.80729166
  26.3199994  7.81223137
  26.3299994  7.81710822
  26.3399994  7.8219326
  26.3499994  7.82672728
  26.3599994  7.83151495
  26.3699994  7.83631282
  26.3799994  7.84113355
  26.3899994  7.8459913
  26.3999994  7.85089366
  26.4099994  7.85582045
  26.4199994  7.86074425
  26.4299994  7.86563892
  26.4399994  7.87050322
  26.4499994  7.87535734
  26.4599994  7.88022225
  26.4699994  7.88511054
  26.4799994  7.89001275
  26.4899994  7.89491357
  26.4999994  7.89980119
  26.5099994  7.90469842
  26.5199994  7.90964463
  26.5299994  7.91467809
  26.5399994  7.91979536
  26.5499994  7.92494524
  26.5599994  7.93007371
  26.5699994  7.93514498
  26.5799994  7.94017213
  26.5899994  7.94517697
  26.5999994  7.95018138
  26.6099994  7.95520202
  26.6199994  7.96025359
  26.6299994  7.96534837
  26.6399994  7.97046458
  26.6499994  7.97555534
  26.6599994  7.98057424
  26.6699994  7.98552339
  26.6799994  7.99046835
  26.6899994  7.99547898
  26.6999994  8.0005913
  26.7099994  8.0057698
  26.7199994  8.0109697
  26.7299994  8.01615415
  26.7399994  8.0213134
  26.7499994  8.02644338
  26.7599994  8.03154306
  26.7699994  8.03662615
  26.7799994  8.04171083
  26.7899994  8.04681301
  26.7999994  8.05193331
  26.8099994  8.05706614
  26.8199994  8.0622071
  26.8299994  8.06736167
  26.8399994  8.07254018
  26.8499994  8.0777519
  26.8599994  8.08299531
  26.8699994  8.088263
  26.8799994  8.09354701
  26.8899994  8.09883477
  26.8999994  8.10410937
  26.9099994  8.10935544
  26.9199994  8.11458114
  26.9299994  8.11980755
  26.9399994  8.12505411
  26.9499994  8.13032503
  26.9599994  8.1356171
  26.9699994  8.14092791
  26.9799994  8.1462609
  26.9899994  8.15162211
  26.9999994  8.15701192
  27.0099994  8.16239284
  27.0199994  8.16771517
  27.0299994  8.17295697
  27.0399994  8.17819273
  27.0499994  8.18351787
  27.0599994  8.18897955
  27.0699994  8.19451625
  27.0799994  8.20005201
  27.0899994  8.2055397
  27.0999994  8.21097116
  27.1099994  8.21634173
  27.1199994  8.22166965
  27.1299994  8.2269929
  27.1399994  8.23235047
  27.1499994  8.23778329
  27.1599994  8.24333326
  27.1699994  8.24900758
  27.1799994  8.25468562
  27.1899994  8.26021908
  27.1999994  8.2655727
  27.2099994  8.27090054
  27.2199994  8.27636555
  27.2299994  8.28197843
  27.2399994  8.2876319
  27.2499994  8.29323075
  27.2599994  8.29875895
  27.2699994  8.30422591
  27.2799994  8.30966513
  27.2899994  8.31515429
  27.2999994  8.32076823
  27.3099994  8.32648931
  27.3199994  8.33223205
  27.3299994  8.33792356
  27.3399994  8.34354742
  27.3499994  8.34910207
  27.3599994  8.35462483
  27.3699994  8.36020121
  27.3799994  8.36590279
  27.3899994  8.37169179
  27.3999994  8.37748769
  27.4099994  8.3832347
  27.4199994  8.38891853
  27.4299994  8.39453387
  27.4399994  8.40011636
  27.4499994  8.40572103
  27.4599994  8.4113858
  27.4699994  8.41711729
  27.4799994  8.42291334
  27.4899994  8.42873114
  27.4999994  8.43451031
  27.5099994  8.44023863
  27.5199994  8.44597785
  27.5299994  8.45178044
  27.5399994  8.45761349
  27.5499994  8.46341775
  27.5599994  8.46919953
  27.5699994  8.47503214
  27.5799994  8.48095498
  27.5899994  8.48689797
  27.5999994  8.49277991
  27.6099994  8.49861983
  27.6199994  8.50449411
  27.6299994  8.51044184
  27.6399994  8.51644538
  27.6499994  8.52247857
  27.6599994  8.52850041
  27.6699994  8.53447367
  27.6799994  8.54042748
  27.6899994  8.54642893
  27.6999994  8.55249444
  27.7099994  8.55857344
  27.7199994  8.56461617
  27.7299994  8.57058818
  27.7399994  8.5764687
  27.7499994  8.58230732
  27.7599994  8.58818077
  27.7699994  8.59413741
  27.7799994  8.60020235
  27.7899994  8.60634407
  27.7999994  8.61245597
  27.8099994  8.61848962
  27.8199994  8.62454756
  27.8299994  8.63071762
  27.8399994  8.63693444
  27.8499994  8.64310267
  27.8599994  8.64921311
  27.8699994  8.65529455
  27.8799994  8.66138591
  27.8899994  8.66753164
  27.8999994  8.67375742
  27.9099994  8.68007033
  27.9199994  8.68643907
  27.9299994  8.69278509
  27.9399994  8.69905912
  27.9499994  8.70526388
  27.9599994  8.71144093
  27.9699994  8.71770162
  27.9799994  8.72409367
  27.9899994  8.73048275
  27.9999994  8.73675638
  28.0099994  8.74295234
  28.0199994  8.74913258
  28.0299994  8.75534654
  28.0399994  8.76163803
  28.0499994  8.76803991
  28.0599994  8.77456125
  28.0699994  8.7811368
  28.0799994  8.78768835
  28.0899994  8.79414861
  28.0999994  8.80050585
  28.1099994  8.80691561
  28.1199994  8.81348686
  28.1299994  8.82011445
  28.1399994  8.82668533
  28.1499994  8.83315298
  28.1599994  8.8395538
  28.1699994  8.84606113
  28.1799994  8.85269993
  28.1899994  8.85925817
  28.1999994  8.86571865
  28.2099994  8.87229493
  28.2199994  8.87900371
  28.2299994  8.88569417
  28.2399994  8.89229885
  28.2499994  8.89881859
  28.2599994  8.90535744
  28.2699994  8.91202512
  28.2799994  8.91878581
  28.2899994  8.92554601
  28.2999994  8.93217189
  28.3099994  8.93870787
  28.3199994  8.94544506
  28.3299994  8.95233351
  28.3399994  8.95907746
  28.3499994  8.96582696
  28.3599994  8.97280679
  28.3699994  8.97969068
  28.3799994  8.98628194
  28.3899994  8.99289275
  28.3999994  8.99970082
  28.4099994  9.00667995
  28.4199994  9.01372326
  28.4299994  9.02071827
  28.4399994  9.02765523
  28.4499994  9.03453078
  28.4599994  9.0413299
  28.4699994  9.04817515
  28.4799994  9.05521976
  28.4899994  9.0623384
  28.4999994  9.06937367
  28.5099994  9.07626385
  28.5199994  9.08319413
  28.5299994  9.09039474
  28.5399994  9.09761561
  28.5499994  9.10469132
  28.5599994  9.11173775
  28.5699994  9.11872067
  28.5799994  9.12562434
  28.5899994  9.13271525
  28.5999994  9.13990982
  28.6099994  9.14690373
  28.6199994  9.15408771
  28.6299994  9.16149449
  28.6399994  9.16848807
  28.6499994  9.17541718
  28.6599994  9.18266398
  28.6699994  9.18982834
  28.6799994  9.19712691
  28.6899994  9.20477806
  28.6999994  9.21210816
  28.7099994  9.21922254
  28.7199994  9.22664249
  28.7299994  9.23433142
  28.7399994  9.24191121
  28.7499994  9.24914837
  28.7599994  9.25654837
  28.7699994  9.26407346
  28.7799994  9.27145268
  28.7899994  9.27877703
  28.7999994  9.28600936
  28.8099994  9.29321655
  28.8199994  9.30070746
  28.8299994  9.30825416
  28.8399994  9.31566134
  28.8499994  9.32308659
  28.8599994  9.33086515
  28.8699994  9.33862261
  28.8799994  9.34597812
  28.8899994  9.35362285
  28.8999994  9.36136359
  28.9099994  9.3691139
  28.9199994  9.37712211
  28.9299994  9.38471968
  28.9399994  9.39222241
  28.9499994  9.40006608
  28.9599994  9.4078785
  28.9699994  9.41554862
  28.9799994  9.42339072
  28.9899994  9.43136271
  28.9999994  9.43891035
  29.0099994  9.44670017
  29.0199994  9.45466171
  29.0299994  9.46247101
  29.0399994  9.47031228
  29.0499994  9.47847786
  29.0599994  9.48635632
  29.0699994  9.49411376
  29.0799994  9.50224511
  29.0899993  9.51027283
  29.0999993  9.51814369
  29.1099993  9.52635523
  29.1199993  9.53454975
  29.1299993  9.5423999
  29.1399993  9.55066813
  29.1499993  9.558882
  29.1599993  9.56700427
  29.1699993  9.57504841
  29.1799993  9.5832631
  29.1899993  9.59163499
  29.1999993  9.59951021
  29.2099993  9.60783626
  29.2199993  9.61613469
  29.2299993  9.62420583
  29.2399993  9.6326189
  29.2499993  9.64107604
  29.2599993  9.6490583
  29.2699993  9.65760145
  29.2799993  9.66606074
  29.2899993  9.67443554
  29.2999993  9.68283718
  29.3099993  9.69122615
  29.3199993  9.69946931
  29.3299993  9.70789306
  29.3399993  9.71667573
  29.3499993  9.7253792
  29.3599993  9.7340227
  29.3699993  9.7426759
  29.3799993  9.75123105
  29.3899993  9.7596605
  29.3999993  9.7685837
  29.4099993  9.77693745
  29.4199993  9.78572713
  29.4299993  9.79444291
  29.4399993  9.80317888
  29.4499993  9.81167476
  29.4599993  9.82068375
  29.4699993  9.82927012
  29.4799993  9.83812007
  29.4899993  9.84670498
  29.4999993  9.85533287
  29.5099993  9.86431862
  29.5199993  9.87318878
  29.5299993  9.88252785
  29.5399993  9.89151339
  29.5499993  9.9007625
  29.5599993  9.90953027
  29.5699993  9.91869865
  29.5799993  9.92791366
  29.5899993  9.93696409
  29.5999993  9.94600784
  29.6099993  9.95503691
  29.6199993  9.9639691
  29.6299993  9.97351211
  29.6399993  9.98246045
  29.6499993  9.99204722
  29.6599993  10.0014963
  29.6699993  10.0109398
  29.6799993  10.0202893
  29.6899993  10.0296288
  29.6999993  10.0388212
  29.7099993  10.0486188
  29.7199993  10.0577156
  29.7299993  10.0674655
  29.7399993  10.0770207
  29.7499993  10.08651
  29.7599993  10.0959701
  29.7699993  10.1053291
  29.7799993  10.114663
  29.7899993  10.124441
  29.7999993  10.1340071
  29.8099993  10.1438534
  29.8199993  10.1537282
  29.8299993  10.1629911
  29.8399993  10.1728944
  29.8499993  10.1825641
  29.8599993  10.1930157
  29.8699993  10.202472
  29.8799993  10.212593
  29.8899993  10.2222057
  29.8999993  10.2323743
  29.9099993  10.2419519
  29.9199993  10.2522288
  29.9299993  10.2623537
  29.9399993  10.2723857
  29.9499993  10.2823571
  29.9599993  10.293134
  29.9699993  10.3027865
  29.9799993  10.3133337
  29.9899993  10.3232616
  29.9999993  10.3339246
