  0.00999999978  1.0208404
  0.0199999996  1.03572709
  0.0299999993  1.04916971
  0.0399999991  1.06221442
  0.0499999989  1.0753233
  0.0599999987  1.08848848
  0.0699999984  1.10149269
  0.0799999982  1.11432324
  0.089999998  1.12699272
  0.0999999978  1.13952038
  0.109999998  1.15191992
  0.119999997  1.16420289
  0.129999997  1.17638138
  0.139999997  1.18846546
  0.149999997  1.20046216
  0.159999996  1.21237793
  0.169999996  1.22421943
  0.179999996  1.23599315
  0.189999996  1.24770308
  0.199999996  1.25935284
  0.209999995  1.27094629
  0.219999995  1.28248719
  0.229999995  1.2939792
  0.239999995  1.30542537
  0.249999994  1.31682795
  0.259999994  1.32818907
  0.269999994  1.33951086
  0.279999994  1.35079564
  0.289999994  1.36204576
  0.299999993  1.37326324
  0.309999993  1.38444927
  0.319999993  1.39560503
  0.329999993  1.40673197
  0.339999992  1.41783151
  0.349999992  1.42890508
  0.359999992  1.4399541
  0.369999992  1.45097991
  0.379999992  1.46198361
  0.389999991  1.47296607
  0.399999991  1.48392814
  0.409999991  1.49487066
  0.419999991  1.50579444
  0.42999999  1.51670028
  0.43999999  1.52758901
  0.44999999  1.53846158
  0.45999999  1.5493189
  0.469999989  1.5601616
  0.479999989  1.57099018
  0.489999989  1.58180513
  0.499999989  1.5926069
  0.509999989  1.60339598
  0.519999988  1.61417298
  0.529999988  1.62493856
  0.539999988  1.63569335
  0.549999988  1.64643801
  0.559999987  1.65717317
  0.569999987  1.66789928
  0.579999987  1.67861665
  0.589999987  1.68932558
  0.599999987  1.70002645
  0.609999986  1.71071963
  0.619999986  1.7214055
  0.629999986  1.73208444
  0.639999986  1.7427568
  0.649999985  1.75342296
  0.659999985  1.76408328
  0.669999985  1.77473811
  0.679999985  1.78538778
  0.689999985  1.79603256
  0.699999984  1.80667272
  0.709999984  1.81730855
  0.719999984  1.82794032
  0.729999984  1.8385683
  0.739999983  1.84919276
  0.749999983  1.85981398
  0.759999983  1.87043222
  0.769999983  1.88104774
  0.779999983  1.89166084
  0.789999982  1.90227182
  0.799999982  1.91288103
  0.809999982  1.92348868
  0.819999982  1.93409496
  0.829999981  1.94470001
  0.839999981  1.955304
  0.849999981  1.96590706
  0.859999981  1.97650935
  0.869999981  1.98711102
  0.87999998  1.99771221
  0.88999998  2.0083131
  0.89999998  2.01891393
  0.90999998  2.02951491
  0.919999979  2.04011628
  0.929999979  2.05071826
  0.939999979  2.06132109
  0.949999979  2.07192492
  0.959999979  2.08252991
  0.969999978  2.09313618
  0.979999978  2.10374387
  0.989999978  2.1143531
  0.999999978  2.12496402
  1.00999998  2.13557676
  1.01999998  2.14619147
  1.02999998  2.15680829
  1.03999998  2.16742738
  1.04999998  2.17804887
  1.05999998  2.18867291
  1.06999998  2.19929964
  1.07999998  2.20992921
  1.08999998  2.22056174
  1.09999998  2.23119734
  1.10999998  2.24183604
  1.11999997  2.2524779
  1.12999997  2.26312304
  1.13999997  2.27377159
  1.14999997  2.28442367
  1.15999997  2.29507941
  1.16999997  2.30573895
  1.17999997  2.31640243
  1.18999997  2.32706996
  1.19999997  2.33774168
  1.20999997  2.34841773
  1.21999997  2.35909824
  1.22999997  2.36978335
  1.23999997  2.38047319
  1.24999997  2.39116789
  1.25999997  2.40186758
  1.26999997  2.41257237
  1.27999997  2.42328235
  1.28999997  2.43399762
  1.29999997  2.44471829
  1.30999997  2.45544447
  1.31999997  2.46617625
  1.32999997  2.47691373
  1.33999997  2.48765703
  1.34999997  2.49840624
  1.35999997  2.50916147
  1.36999997  2.51992281
  1.37999997  2.53069038
  1.38999997  2.54146428
  1.39999997  2.55224465
  1.40999997  2.56303159
  1.41999997  2.57382523
  1.42999997  2.58462565
  1.43999997  2.59543289
  1.44999997  2.60624699
  1.45999997  2.617068
  1.46999997  2.62789596
  1.47999997  2.63873093
  1.48999997  2.64957293
  1.49999997  2.66042201
  1.50999997  2.67127821
  1.51999997  2.68214157
  1.52999997  2.69301218
  1.53999997  2.70389013
  1.54999997  2.71477553
  1.55999997  2.72566848
  1.56999996  2.73656908
  1.57999996  2.74747743
  1.58999996  2.75839364
  1.59999996  2.76931781
  1.60999996  2.78025004
  1.61999996  2.79119043
  1.62999996  2.80213905
  1.63999996  2.81309602
  1.64999996  2.82406143
  1.65999996  2.83503536
  1.66999996  2.84601792
  1.67999996  2.85700918
  1.68999996  2.86800921
  1.69999996  2.8790181
  1.70999996  2.89003592
  1.71999996  2.90106275
  1.72999996  2.91209867
  1.73999996  2.92314376
  1.74999996  2.9341981
  1.75999996  2.94526176
  1.76999996  2.95633483
  1.77999996  2.96741739
  1.78999996  2.97850946
  1.79999996  2.98961109
  1.80999996  3.0007223
  1.81999996  3.01184316
  1.82999996  3.02297375
  1.83999996  3.03411413
  1.84999996  3.04526438
  1.85999996  3.05642457
  1.86999996  3.06759478
  1.87999996  3.07877508
  1.88999996  3.08996555
  1.89999996  3.10116625
  1.90999996  3.11237728
  1.91999996  3.1235987
  1.92999996  3.13483058
  1.93999996  3.14607301
  1.94999996  3.15732606
  1.95999996  3.16858982
  1.96999996  3.17986438
  1.97999996  3.19114983
  1.98999996  3.20244625
  1.99999996  3.21375373
  2.00999996  3.22507236
  2.01999995  3.23640222
  2.02999995  3.24774341
  2.03999995  3.25909599
  2.04999995  3.27046007
  2.05999995  3.28183574
  2.06999995  3.29322308
  2.07999995  3.30462219
  2.08999995  3.31603316
  2.09999995  3.32745607
  2.10999995  3.33889101
  2.11999995  3.35033805
  2.12999995  3.36179724
  2.13999995  3.37326867
  2.14999995  3.38475239
  2.15999995  3.39624846
  2.16999995  3.40775696
  2.17999995  3.41927794
  2.18999995  3.43081145
  2.19999995  3.44235757
  2.20999995  3.45391636
  2.21999995  3.46548787
  2.22999995  3.47707217
  2.23999995  3.48866931
  2.24999995  3.50027937
  2.25999995  3.51190243
  2.26999995  3.52353863
  2.27999995  3.53518808
  2.28999995  3.5468509
  2.29999995  3.55852721
  2.30999995  3.57021714
  2.31999995  3.58192083
  2.32999995  3.59363838
  2.33999995  3.60536994
  2.34999995  3.6171156
  2.35999995  3.62887546
  2.36999995  3.64064957
  2.37999995  3.65243803
  2.38999995  3.6642409
  2.39999995  3.67605827
  2.40999995  3.68789021
  2.41999995  3.6997368
  2.42999995  3.71159812
  2.43999995  3.72347426
  2.44999995  3.7353653
  2.45999995  3.74727131
  2.46999994  3.75919238
  2.47999994  3.77112859
  2.48999994  3.78308003
  2.49999994  3.79504678
  2.50999994  3.80702892
  2.51999994  3.81902654
  2.52999994  3.83103972
  2.53999994  3.84306856
  2.54999994  3.85511314
  2.55999994  3.86717354
  2.56999994  3.87924985
  2.57999994  3.89134215
  2.58999994  3.90345053
  2.59999994  3.91557507
  2.60999994  3.92771584
  2.61999994  3.93987295
  2.62999994  3.95204647
  2.63999994  3.96423648
  2.64999994  3.97644308
  2.65999994  3.98866635
  2.66999994  4.00090638
  2.67999994  4.01316325
  2.68999994  4.02543708
  2.69999994  4.03772799
  2.70999994  4.05003614
  2.71999994  4.06236164
  2.72999994  4.07470463
  2.73999994  4.08706523
  2.74999994  4.09944356
  2.75999994  4.11183972
  2.76999994  4.12425386
  2.77999994  4.13668608
  2.78999994  4.14913652
  2.79999994  4.1616053
  2.80999994  4.17409253
  2.81999994  4.18659836
  2.82999994  4.19912293
  2.83999994  4.21166641
  2.84999994  4.22422896
  2.85999994  4.23681074
  2.86999994  4.24941192
  2.87999994  4.26203268
  2.88999994  4.27467318
  2.89999994  4.2873336
  2.90999993  4.3000141
  2.91999993  4.31271483
  2.92999993  4.32543591
  2.93999993  4.33817748
  2.94999993  4.35093967
  2.95999993  4.36372256
  2.96999993  4.37652616
  2.97999993  4.38935044
  2.98999993  4.40219538
  2.99999993  4.41506098
  3.00999993  4.4279472
  3.01999993  4.44085403
  3.02999993  4.45378144
  3.03999993  4.46672941
  3.04999993  4.47969791
  3.05999993  4.49268691
  3.06999993  4.50569638
  3.07999993  4.51872629
  3.08999993  4.53177675
  3.09999993  4.54484812
  3.10999993  4.55794078
  3.11999993  4.57105512
  3.12999993  4.58419155
  3.13999993  4.59735047
  3.14999993  4.61053229
  3.15999993  4.62373743
  3.16999993  4.63696631
  3.17999993  4.65021937
  3.18999993  4.66349704
  3.19999993  4.67679977
  3.20999993  4.69012797
  3.21999993  4.70348176
  3.22999993  4.71686111
  3.23999993  4.73026599
  3.24999993  4.74369636
  3.25999993  4.75715219
  3.26999993  4.77063342
  3.27999993  4.78413998
  3.28999993  4.79767179
  3.29999993  4.81122877
  3.30999993  4.82481084
  3.31999993  4.83841791
  3.32999993  4.8520499
  3.33999993  4.86570706
  3.34999993  4.87938983
  3.35999992  4.89309867
  3.36999992  4.90683406
  3.37999992  4.92059648
  3.38999992  4.93438639
  3.39999992  4.94820431
  3.40999992  4.96205071
  3.41999992  4.97592612
  3.42999992  4.98983104
  3.43999992  5.00376598
  3.44999992  5.01773133
  3.45999992  5.031727
  3.46999992  5.04575281
  3.47999992  5.05980856
  3.48999992  5.07389404
  3.49999992  5.08800905
  3.50999992  5.10215335
  3.51999992  5.11632673
  3.52999992  5.13052897
  3.53999992  5.14475981
  3.54999992  5.15901903
  3.55999992  5.17330643
  3.56999992  5.18762229
  3.57999992  5.20196709
  3.58999992  5.21634134
  3.59999992  5.23074555
  3.60999992  5.24518026
  3.61999992  5.25964608
  3.62999992  5.27414361
  3.63999992  5.28867348
  3.64999992  5.30323632
  3.65999992  5.31783278
  3.66999992  5.33246341
  3.67999992  5.34712843
  3.68999992  5.36182799
  3.69999992  5.37656224
  3.70999992  5.39133132
  3.71999992  5.40613539
  3.72999992  5.42097459
  3.73999992  5.43584908
  3.74999992  5.450759
  3.75999992  5.46570451
  3.76999992  5.48068575
  3.77999992  5.49570308
  3.78999992  5.51075695
  3.79999992  5.52584783
  3.80999991  5.54097619
  3.81999991  5.55614253
  3.82999991  5.57134732
  3.83999991  5.58659106
  3.84999991  5.60187425
  3.85999991  5.6171974
  3.86999991  5.6325609
  3.87999991  5.64796454
  3.88999991  5.66340792
  3.89999991  5.67889063
  3.90999991  5.69441226
  3.91999991  5.70997239
  3.92999991  5.72557066
  3.93999991  5.74120678
  3.94999991  5.75688047
  3.95999991  5.77259147
  3.96999991  5.78834026
  3.97999991  5.80412805
  3.98999991  5.81995609
  3.99999991  5.83582563
  4.00999991  5.85173795
  4.01999991  5.86769437
  4.02999991  5.8836962
  4.03999991  5.89974479
  4.04999991  5.91584146
  4.05999991  5.93198692
  4.06999991  5.94818127
  4.07999991  5.96442449
  4.08999991  5.98071645
  4.09999991  5.99705702
  4.10999991  6.01344606
  4.11999991  6.02988343
  4.12999991  6.04636897
  4.13999991  6.06290273
  4.14999991  6.07948556
  4.15999991  6.09611854
  4.16999991  6.11280278
  4.17999991  6.1295394
  4.18999991  6.14632953
  4.19999991  6.16317434
  4.20999991  6.18007498
  4.21999991  6.19703251
  4.22999991  6.21404619
  4.23999991  6.23111435
  4.24999991  6.24823533
  4.2599999  6.26540739
  4.2699999  6.28262878
  4.2799999  6.29989769
  4.2899999  6.31721229
  4.2999999  6.33457168
  4.3099999  6.35197926
  4.3199999  6.36943968
  4.3299999  6.38695769
  4.3399999  6.40453813
  4.3499999  6.4221859
  4.3599999  6.43990569
  4.3699999  6.45770188
  4.3799999  6.47557425
  4.3899999  6.4935178
  4.3999999  6.51152718
  4.4099999  6.52959694
  4.4199999  6.54772152
  4.4299999  6.56589526
  4.4399999  6.58411245
  4.4499999  6.60237216
  4.4599999  6.62068074
  4.4699999  6.63904522
  4.4799999  6.65747281
  4.4899999  6.67597132
  4.4999999  6.69454906
  4.5099999  6.71321422
  4.5199999  6.73196838
  4.5299999  6.75080675
  4.5399999  6.76972424
  4.5499999  6.78871561
  4.5599999  6.80777553
  4.5699999  6.82689855
  4.5799999  6.84608105
  4.5899999  6.86532716
  4.5999999  6.88464303
  4.6099999  6.90403474
  4.6199999  6.92350784
  4.6299999  6.94306786
  4.6399999  6.96271984
  4.6499999  6.98246418
  4.6599999  7.00229884
  4.6699999  7.02222176
  4.6799999  7.04223079
  4.6899999  7.06232374
  4.69999989  7.08249865
  4.70999989  7.10275541
  4.71999989  7.12309485
  4.72999989  7.14351792
  4.73999989  7.16402595
  4.74999989  7.18462033
  4.75999989  7.20530217
  4.76999989  7.2260716
  4.77999989  7.24692854
  4.78999989  7.2678729
  4.79999989  7.28890459
  4.80999989  7.31002366
  4.81999989  7.33123255
  4.82999989  7.35253564
  4.83999989  7.37393733
  4.84999989  7.39544156
  4.85999989  7.41705201
  4.86999989  7.43876975
  4.87999989  7.46059186
  4.88999989  7.48251505
  4.89999989  7.50453593
  4.90999989  7.52665107
  4.91999989  7.54885914
  4.92999989  7.5711622
  4.93999989  7.59356266
  4.94999989  7.6160634
  4.95999989  7.63866915
  4.96999989  7.66138432
  4.97999989  7.6842125
  4.98999989  7.70715728
  4.99999989  7.73022234
  5.00999989  7.7534111
  5.01999989  7.77672519
  5.02999989  7.80016555
  5.03999989  7.82373313
  5.04999989  7.84742888
  5.05999989  7.87125827
  5.06999989  7.89523407
  5.07999989  7.91936982
  5.08999989  7.94367936
  5.09999989  7.96816526
  5.10999989  7.99279918
  5.11999989  8.01754701
  5.12999989  8.04237383
  5.13999989  8.06725654
  5.14999988  8.09221913
  5.15999988  8.11729928
  5.16999988  8.14253638
  5.17999988  8.16796177
  5.18999988  8.19357791
  5.19999988  8.21938116
  5.20999988  8.2453677
  5.21999988  8.27152484
  5.22999988  8.29782252
  5.23999988  8.32422805
  5.24999988  8.35071123
  5.25999988  8.37729072
  5.26999988  8.4040258
  5.27999988  8.43097834
  5.28999988  8.45818867
  5.29999988  8.48561563
  5.30999988  8.51319859
  5.31999988  8.54088119
  5.32999988  8.56868452
  5.33999988  8.5966847
  5.34999988  8.62495774
  5.35999988  8.65352481
  5.36999988  8.68231802
  5.37999988  8.7112599
  5.38999988  8.740302
  5.39999988  8.76947595
  5.40999988  8.79882737
  5.41999988  8.82838782
  5.42999988  8.85813949
  5.43999988  8.88805378
  5.44999988  8.91812587
  5.45999988  8.94842506
  5.46999988  8.97903599
  5.47999988  9.00997718
  5.48999988  9.04112302
  5.49999988  9.07232999
  5.50999988  9.10359527
  5.51999988  9.13508993
  5.52999988  9.16697956
  5.53999988  9.19925502
  5.54999988  9.23181248
  5.55999988  9.26456796
  5.56999988  9.2974989
  5.57999988  9.33059757
  5.58999988  9.36392824
  5.59999987  9.39761216
  5.60999987  9.4317091
  5.61999987  9.46610995
  5.62999987  9.50069338
  5.63999987  9.53548025
  5.64999987  9.57055912
  5.65999987  9.60592558
  5.66999987  9.64147113
  5.67999987  9.67718149
  5.68999987  9.71325847
  5.69999987  9.74983647
  5.70999987  9.78670056
  5.71999987  9.82363661
  5.72999987  9.86084567
  5.73999987  9.89858546
  5.74999987  9.93664646
  5.75999987  9.97474526
  5.76999987  10.0132211
  5.77999987  10.0524933
  5.78999987  10.0921731
  5.79999987  10.1318239
  5.80999987  10.1718637
  5.81999987  10.2126105
  5.82999987  10.2536792
  5.83999987  10.2948052
  5.84999987  10.3360414
  5.85999987  10.3776172
  5.86999987  10.4197905
  5.87999987  10.4624509
  5.88999987  10.5055083
  5.89999987  10.5490963
  5.90999987  10.5930827
  5.91999987  10.6373264
  5.92999987  10.6823183
  5.93999987  10.7278005
  5.94999987  10.7731213
  5.95999987  10.8192237
  5.96999987  10.865962
  5.97999987  10.9126433
  5.98999987  10.9605196
  5.99999987  11.0088304
  6.00999987  11.0568519
  6.01999987  11.1058287
  6.02999987  11.1559449
  6.03999986  11.2063682
  6.04999986  11.2567814
  6.05999986  11.3078228
  6.06999986  11.3594418
  6.07999986  11.4116492
  6.08999986  11.4647127
  6.09999986  11.5181967
  6.10999986  11.5720858
  6.11999986  11.6269558
  6.12999986  11.6821141
  6.13999986  11.7378328
  6.14999986  11.7939714
  6.15999986  11.8516025
  6.16999986  11.9089548
  6.17999986  11.9679201
  6.18999986  12.0268111
  6.19999986  12.0874639
  6.20999986  12.148001
  6.21999986  12.2089188
  6.22999986  12.2718191
  6.23999986  12.3343976
  6.24999986  12.3979524
  6.25999986  12.4619848
  6.26999986  12.5273962
  6.27999986  12.5935263
  6.28999986  12.6603364
  6.29999986  12.7279648
  6.30999986  12.796814
  6.31999986  12.8671574
  6.32999986  12.9372254
  6.33999986  13.0092251
  6.34999986  13.0821732
  6.35999986  13.1554119
  6.36999986  13.2301065
  6.37999986  13.3054032
  6.38999986  13.3822756
  6.39999986  13.4599849
  6.40999986  13.53902
  6.41999986  13.6185425
  6.42999986  13.7005407
  6.43999986  13.7816055
  6.44999986  13.8654383
  6.45999986  13.9502849
  6.46999986  14.0362514
  6.47999986  14.1235043
  6.48999985  14.2121144
  6.49999985  14.3020464
  6.50999985  14.3935602
  6.51999985  14.4867354
  6.52999985  14.5804562
  6.53999985  14.6753929
  6.54999985  14.7735326
  6.55999985  14.8715557
  6.56999985  14.9724036
  6.57999985  15.0753296
  6.58999985  15.178683
  6.59999985  15.2846656
  6.60999985  15.392066
  6.61999985  15.5025628
  6.62999985  15.6132299
  6.63999985  15.7269928
  6.64999985  15.8418141
  6.65999985  15.9589343
  6.66999985  16.0778531
  6.67999985  16.1994724
  6.68999985  16.3225202
  6.69999985  16.4488626
  6.70999985  16.5774957
  6.71999985  16.708107
  6.72999985  16.8413574
  6.73999985  16.9773755
  6.74999985  17.1159027
  6.75999985  17.2587083
  6.76999985  17.4031228
  6.77999985  17.5510622
  6.78999985  17.7012094
  6.79999985  17.8528272
  6.80999985  18.0097973
  6.81999985  18.1695042
  6.82999985  18.3331159
  6.83999985  18.4983638
  6.84999985  18.6686826
  6.85999985  18.8427159
  6.86999985  19.0235043
  6.87999985  19.2046177
  6.88999985  19.3903107
  6.89999985  19.5817078
  6.90999985  19.7761561
  6.91999985  19.9779892
  6.92999985  20.182784
  6.93999984  20.3899437
  6.94999984  20.6059913
  6.95999984  20.8267162
  6.96999984  21.0544444
  6.97999984  21.2837987
  6.98999984  21.5217368
  6.99999984  21.7656611
