  0.00999999978  1.67273565
  0.0199999996  2.0119174
  0.0299999993  2.5688768
  0.0399999991  3.18680075
  0.0499999989  3.68584013
  0.0599999987  4.08477911
  0.0699999984  4.51204323
  0.0799999982  5.00565559
  0.089999998  5.55356782
  0.0999999978  6.11904365
  0.109999998  6.67169289
  0.119999997  7.20352675
  0.129999997  7.72408377
  0.139999997  8.25072181
  0.149999997  8.79218151
  0.159999996  9.34813978
  0.169999996  9.91624904
  0.179999996  10.4929056
  0.189999996  11.0739863
  0.199999996  11.6562098
  0.209999995  12.2377605
  0.219999995  12.8200257
  0.229999995  13.4056607
  0.239999995  13.997042
  0.249999994  14.593595
  0.259999994  15.1942517
  0.269999994  15.7987623
  0.279999994  16.4073416
  0.289999994  17.0203324
  0.299999993  17.6373095
  0.309999993  18.2572144
  0.319999993  18.8791796
  0.329999993  19.5035353
  0.339999992  20.1311329
  0.349999992  20.7629504
  0.359999992  21.3989434
  0.369999992  22.0384831
  0.379999992  22.6809781
  0.389999991  23.326521
  0.399999991  23.9756449
  0.409999991  24.6290083
  0.419999991  25.2867358
  0.42999999  25.94836
  0.43999999  26.6133579
  0.44999999  27.2814993
  0.45999999  27.9531708
  0.469999989  28.6289287
  0.479999989  29.3092546
  0.489999989  29.9939723
  0.499999989  30.6827216
  0.509999989  31.3751446
  0.519999988  32.0713062
  0.529999988  32.7716734
  0.539999988  33.4768102
  0.549999988  34.1870479
  0.559999987  34.9022058
  0.569999987  35.6220366
  0.579999987  36.3463214
  0.589999987  37.0752127
  0.599999987  37.8090926
  0.609999986  38.5483959
  0.619999986  39.2932953
  0.629999986  40.0436099
  0.639999986  40.7991232
  0.649999985  41.5596718
  0.659999985  42.3254906
  0.669999985  43.0969992
  0.679999985  43.8746576
  0.689999985  44.6586404
  0.699999984  45.4488187
  0.709999984  46.2450388
  0.719999984  47.0472051
  0.729999984  47.855513
  0.739999983  48.670261
  0.749999983  49.4917682
  0.759999983  50.3201523
  0.769999983  51.1553537
  0.779999983  51.997302
  0.789999982  52.8460418
  0.799999982  53.7019481
  0.809999982  54.5654888
  0.819999982  55.437144
  0.829999981  56.3170594
  0.839999981  57.2051584
  0.849999981  58.1013509
  0.859999981  59.0056466
  0.869999981  59.9182142
  0.87999998  60.8392481
  0.88999998  61.768928
  0.89999998  62.7072634
  0.90999998  63.6541916
  0.919999979  64.6096772
  0.929999979  65.5740727
  0.939999979  66.5479953
  0.949999979  67.532121
  0.959999979  68.5270844
  0.969999978  69.5333133
  0.979999978  70.5512235
  0.989999978  71.5810831
  0.999999978  72.6227375
  1.00999998  73.675937
  1.01999998  74.7403701
  1.02999998  75.8152693
  1.03999998  76.8994285
  1.04999998  77.991689
  1.05999998  79.0922099
  1.06999998  80.2018492
  1.07999998  81.3215539
  1.08999998  82.4526803
  1.09999998  83.5975935
  1.10999998  84.7589611
  1.11999997  85.9385785
  1.12999997  87.1374291
  1.13999997  88.3565293
  1.14999997  89.5965825
  1.15999997  90.855968
  1.16999997  92.132018
  1.17999997  93.4230324
  1.18999997  94.7283653
  1.19999997  96.0473453
  1.20999997  97.379494
  1.21999997  98.726572
  1.22999997  100.091571
  1.23999997  101.476551
  1.24999997  102.882894
  1.25999997  104.312068
  1.26999997  105.765252
  1.27999997  107.241101
  1.28999997  108.737381
  1.29999997  110.253151
  1.30999997  111.78781
  1.31999997  113.340672
  1.32999997  114.91166
  1.33999997  116.502674
  1.34999997  118.115306
  1.35999997  119.750291
  1.36999997  121.408349
  1.37999997  123.09018
  1.38999997  124.795405
  1.39999997  126.523698
  1.40999997  128.277707
  1.41999997  130.06085
  1.42999997  131.876851
  1.43999997  133.730176
  1.44999997  135.625728
  1.45999997  137.565047
  1.46999997  139.54869
  1.47999997  141.577178
  1.48999997  143.649699
  1.49999997  145.760509
  1.50999997  147.903171
  1.51999997  150.070789
  1.52999997  152.255682
  1.53999997  154.452348
  1.54999997  156.669038
  1.55999997  158.923097
  1.56999996  161.234359
  1.57999996  163.624691
  1.58999996  166.109797
  1.59999996  168.67847
  1.60999996  171.307633
  1.61999996  173.97111
  1.62999996  176.640364
  1.63999996  179.307144
  1.64999996  181.996546
  1.65999996  184.740202
  1.66999996  187.5733
  1.67999996  190.526318
  1.68999996  193.590557
  1.69999996  196.741947
  1.70999996  199.953115
  1.71999996  203.197286
  1.72999996  206.489171
  1.73999996  209.872571
  1.74999996  213.397007
  1.75999996  217.111919
  1.76999996  220.99967
  1.77999996  224.98941
  1.78999996  228.998766
  1.79999996  232.948833
  1.80999996  236.874335
  1.81999996  240.887917
  1.82999996  245.118947
  1.83999996  249.673034
  1.84999996  254.505273
  1.85999996  259.497585
  1.86999996  264.515543
  1.87999996  269.495115
  1.88999996  274.494555
  1.89999996  279.605547
  1.90999996  284.912239
  1.91999996  290.44645
  1.92999996  296.243646
  1.93999996  302.345328
  1.94999996  308.78508
  1.95999996  315.508921
  1.96999996  322.404393
  1.97999996  329.403185
  1.98999996  336.577421
  1.99999996  344.139085
  2.00999996  352.214366
  2.01999995  360.704815
  2.02999995  369.316347
  2.03999995  377.907083
  2.04999995  386.712044
  2.05999995  396.223981
  2.06999995  406.697665
  2.07999995  417.90919
  2.08999995  429.269115
  2.09999995  440.545801
  2.10999995  452.03173
  2.11999995  464.509428
  2.12999995  478.255478
  2.13999995  493.059273
  2.14999995  508.391878
  2.15999995  524.348724
  2.16999995  541.346794
  2.17999995  559.489697
  2.18999995  578.488855
  2.19999995  598.388662
  2.20999995  619.740694
  2.21999995  642.958544
  2.22999995  667.906487
  2.23999995  694.416268
  2.24999995  723.001088
  2.25999995  754.736234
  2.26999995  790.052561
  2.27999995  827.629503
  2.28999995  866.166347
  2.29999995  907.146517
  2.30999995  953.536537
  2.31999995  1007.69258
  2.32999995  1070.15251
  2.33999995  1138.1086
  2.34999995  1210.74141
  2.35999995  1296.85726
  2.36999995  1403.88675
  2.37999995  1524.34726
  2.38999995  1655.10613
  2.39999995  1811.77259
  2.40999995  2007.50831
  2.41999995  2253.53419
  2.42999995  2557.17811
  2.43999995  2922.39044
  2.44999995  3468.41203
  2.45999995  4375.44222
  2.46999994  5601.06413
  2.47999994  7534.03834
  2.48999994  12865.3814
  2.49999994  40356.7627
  2.50999994  43330.6593
  2.51999994  13414.6492
  2.52999994  7677.05644
  2.53999994  5413.55129
  2.54999994  4307.88377
  2.55999994  3521.37065
  2.56999994  2949.17463
  2.57999994  2562.84184
  2.58999994  2267.80738
  2.59999994  2041.06318
  2.60999994  1855.03629
  2.61999994  1702.89416
  2.62999994  1570.85853
  2.63999994  1445.15144
  2.64999994  1346.9252
  2.65999994  1257.18475
  2.66999994  1188.26759
  2.67999994  1120.28496
  2.68999994  1065.05686
  2.69999994  1010.20073
  2.70999994  956.444493
  2.71999994  917.9192
  2.72999994  878.512086
  2.73999994  840.954153
  2.74999994  807.534658
  2.75999994  777.728412
  2.76999994  745.673813
  2.77999994  720.803793
  2.78999994  696.151538
  2.79999994  672.903948
  2.80999994  649.726999
  2.81999994  630.28778
  2.82999994  610.34424
  2.83999994  593.246979
  2.84999994  578.876319
  2.85999994  562.475165
  2.86999994  546.221265
  2.87999994  532.151376
  2.88999994  519.640036
  2.89999994  506.687188
  2.90999993  495.395764
  2.91999993  482.72154
  2.92999993  472.618982
  2.93999993  460.91714
  2.94999993  451.350469
  2.95999993  441.276167
  2.96999993  431.890897
  2.97999993  424.801849
  2.98999993  414.614644
  2.99999993  406.73679
  3.00999993  399.001777
  3.01999993  391.724428
  3.02999993  384.685902
  3.03999993  377.465033
  3.04999993  370.920431
  3.05999993  364.198287
  3.06999993  358.177439
  3.07999993  352.044408
  3.08999993  346.075273
  3.09999993  340.721756
  3.10999993  335.128499
  3.11999993  329.487885
  3.12999993  324.642026
  3.13999993  319.013899
  3.14999993  314.641681
  3.15999993  309.88984
  3.16999993  305.406708
  3.17999993  301.362875
  3.18999993  296.459756
  3.19999993  292.518856
  3.20999993  288.019088
  3.21999993  284.288073
  3.22999993  280.1473
  3.23999993  276.553821
  3.24999993  273.081293
  3.25999993  269.411146
  3.26999993  265.989869
  3.27999993  262.800329
  3.28999993  259.547289
  3.29999993  255.921832
  3.30999993  252.909737
  3.31999993  249.974245
  3.32999993  246.933355
  3.33999993  243.832005
  3.34999993  241.08553
  3.35999992  238.35065
  3.36999992  235.323888
  3.37999992  232.651212
  3.38999992  230.225941
  3.39999992  227.407842
  3.40999992  225.143711
  3.41999992  222.715077
  3.42999992  220.137778
  3.43999992  217.864975
  3.44999992  215.389765
  3.45999992  213.271089
  3.46999992  210.881726
  3.47999992  208.511383
  3.48999992  206.515514
  3.49999992  15.5937175
