   9.9999997764825821E-03   2.4284770118938690   2.0840402783907155E-02   1.0208404027839071
   1.9999999552965164E-02   2.6699302606991284   3.5727086217248495E-02   1.0357270862172485
   2.9999999329447746E-02   2.8060599401393191   4.9169709075024388E-02   1.0491697090750245
   3.9999999105930328E-02   2.8792946724181991   6.2214420152831636E-02   1.0622144201528316
   4.9999998882412910E-02   2.9105379746391975   7.5323303526825036E-02   1.0753233035268250
   5.9999998658895493E-02   2.9211270982848889   8.8488475002919897E-02   1.0884884750029200
   6.9999998435378075E-02   2.9266757384648989   0.1014926899097821   1.1014926899097821
   7.9999998211860657E-02   2.9301830335942221   0.1143232361871038   1.1143232361871038
   8.9999997988343239E-02   2.9325302998276839   0.1269927238358633   1.1269927238358632
   9.9999997764825821E-02   2.9340954948710269   0.1395203769466903   1.1395203769466904
   0.1099999975413084   2.9351116029205286   0.1519199235974033   1.1519199235974034
   0.1199999973177910   2.9357091282295795   0.1642028903097536   1.1642028903097537
   0.1299999970942736   2.9359694071771569   0.1763813817027732   1.1763813817027731
   0.1399999968707561   2.9359574642414823   0.1884654603000833   1.1884654603000833
   0.1499999966472387   2.9357187866269121   0.2004621600729762   1.2004621600729763
   0.1599999964237213   2.9352908445567465   0.2123779348076352   1.2123779348076351
   0.1699999962002039   2.9347002311243386   0.2242194301577667   1.2242194301577667
   0.1799999959766865   2.9339650048775847   0.2359931538973078   1.2359931538973077
   0.1899999957531691   2.9331076880677101   0.2477030849477416   1.2477030849477417
   0.1999999955296516   2.9321442803585742   0.2593528368425235   1.2593528368425235
   0.2099999953061342   2.9310849898785780   0.2709462946730868   1.2709462946730867
   0.2199999950826168   2.9299398991375645   0.2824871879638328   1.2824871879638329
   0.2299999948590994   2.9287173348941842   0.2939792017646388   1.2939792017646388
   0.2399999946355820   2.9274228849061172   0.3054253694851361   1.3054253694851361
   0.2499999944120646   2.9260630306525792   0.3168279484565348   1.3168279484565348
   0.2599999941885471   2.9246442933219168   0.3281890749422593   1.3281890749422594
   0.2699999939650297   2.9231725278908076   0.3395108600590613   1.3395108600590613
   0.2799999937415123   2.9216509853327635   0.3507956365514660   1.3507956365514660
   0.2899999935179949   2.9200822842751135   0.3620457649231821   1.3620457649231821
   0.2999999932944775   2.9184697471327592   0.3732632357121468   1.3732632357121468
   0.3099999930709600   2.9168182170105670   0.3844492667614108   1.3844492667614108
   0.3199999928474426   2.9151317934603735   0.3956050342417197   1.3956050342417197
   0.3299999926239252   2.9134123330600761   0.4067319650992658   1.4067319650992658
   0.3399999924004078   2.9116613660231270   0.4178315060713172   1.4178315060713171
   0.3499999921768904   2.9098804225629795   0.4289050821887154   1.4289050821887155
   0.3599999919533730   2.9080710328930861   0.4399540970016015   1.4399540970016016
   0.3699999917298555   2.9062347273259519   0.4509799131127518   1.4509799131127519
   0.3799999915063381   2.9043729584817735   0.4619836114757757   1.4619836114757756
   0.3899999912828207   2.9024870800700553   0.4729660689830978   1.4729660689830977
   0.3999999910593033   2.9005784410908926   0.4839281394266157   1.4839281394266157
   0.4099999908357859   2.8986483905443805   0.4948706574467788   1.4948706574467789
   0.4199999906122684   2.8966982774306151   0.5057944386261758   1.5057944386261759
   0.4299999903887510   2.8947294490275430   0.5167002798810870   1.5167002798810869
   0.4399999901652336   2.8927429508269298   0.5275890142967199   1.5275890142967199
   0.4499999899417162   2.8907391837112923   0.5384615809173424   1.5384615809173425
   0.4599999897181988   2.8887185298487839   0.5493188960882064   1.5493188960882063
   0.4699999894946814   2.8866818782534800   0.5601615984859016   1.5601615984859016
   0.4799999892711639   2.8846303583535398   0.5709901837903290   1.5709901837903288
   0.4899999890476465   2.8825651010257323   0.5818051308729576   1.5818051308729575
   0.4999999888241291   2.8804872371468262   0.5926069025889632   1.5926069025889631
   0.5099999886006117   2.8783977262683944   0.6033959817084026   1.6033959817084025
   0.5199999883770943   2.8762968473512243   0.6141729830117579   1.6141729830117579
   0.5299999881535769   2.8741847103778220   0.6249385553403166   1.6249385553403166
   0.5399999879300594   2.8720614253306902   0.6356933475201841   1.6356933475201842
   0.5499999877065420   2.8699271021923369   0.6464380083918094   1.6464380083918093
   0.5599999874830246   2.8677818776028499   0.6571731714348258   1.6571731714348257
   0.5699999872595072   2.8656262131477170   0.6678992806255519   1.6678992806255519
   0.5799999870359898   2.8634607874300189   0.6786166469367916   1.6786166469367916
   0.5899999868124723   2.8612862315861705   0.6893255819804127   1.6893255819804127
   0.5999999865889549   2.8591029238056578   0.7000264506249191   1.7000264506249192
   0.6099999863654375   2.8569111646432481   0.7107196323485911   1.7107196323485911
   0.6199999861419201   2.8547112546330666   0.7214055031565688   1.7214055031565687
   0.6299999859184027   2.8525034943092353   0.7320844355814454   1.7320844355814453
   0.6399999856948853   2.8502881842058749   0.7427567986878362   1.7427567986878361
   0.6499999854713678   2.8480656248571092   0.7534229580760415   1.7534229580760416
   0.6599999852478504   2.8458361167970612   0.7640832758848187   1.7640832758848186
   0.6699999850243330   2.8435999611960749   0.7747381103961818   1.7747381103961819
   0.6799999848008156   2.8413574814337221   0.7853877784765763   1.7853877784765764
   0.6899999845772982   2.8391089053330689   0.7960325553236852   1.7960325553236851
   0.6999999843537807   2.8368544116248127   0.8066727196680392   1.8066727196680392
   0.7099999841302633   2.8345941790396227   0.8173085483837811   1.8173085483837810
   0.7199999839067459   2.8323283863081676   0.8279403164897918   1.8279403164897918
   0.7299999836832285   2.8300572121611163   0.8385682971504235   1.8385682971504236
   0.7399999834597111   2.8277808353291376   0.8491927616758349   1.8491927616758350
   0.7499999832361937   2.8254994345429023   0.8598139795219317   1.8598139795219317
   0.7599999830126762   2.8232131885330771   0.8704322182899134   1.8704322182899134
   0.7699999827891588   2.8209222757875332   0.8810477438012579   1.8810477438012581
   0.7799999825656414   2.8186268178923650   0.8916608380251981   1.8916608380251982
   0.7899999823421240   2.8163268067028921   0.9022718235548972   1.9022718235548972
   0.7999999821186066   2.8140222228451139   0.9128810253792469   1.9128810253792470
   0.8099999818950891   2.8117131730315821   0.9234886835709867   1.9234886835709868
   0.8199999816715717   2.8093998755915104   0.9340949605237581   1.9340949605237581
   0.8299999814480543   2.8070825527091139   0.9447000131828226   1.9447000131828225
   0.8399999812245369   2.8047614265686032   0.9553039956405178   1.9553039956405178
   0.8499999810010195   2.8024367193541919   0.9659070591275210   1.9659070591275210
   0.8599999807775021   2.8001086532500925   0.9765093520037758   1.9765093520037758
   0.8699999805539846   2.7977774504405168   0.9871110197490766   1.9871110197490764
   0.8799999803304672   2.7954433263331975   0.9977122073718911   1.9977122073718911
   0.8899999801069498   2.7931063736677353   1.0083131013749571   2.0083131013749571
   0.8999999798834324   2.7907665785344640   1.0189139264122475   2.0189139264122473
   0.9099999796599150   2.7884239234706847   1.0295149094142355   2.0295149094142353
   0.9199999794363976   2.7860783910136981   1.0401162783409350   2.0401162783409350
   0.9299999792128801   2.7837299637008077   1.0507182621885987   2.0507182621885987
   0.9399999789893627   2.7813786298745633   1.0613210866941392   2.0613210866941394
   0.9499999787658453   2.7790244501223564   1.0719249246784122   2.0719249246784122
   0.9599999785423279   2.7766675340050888   1.0825299118981273   2.0825299118981273
   0.9699999783188105   2.7743079920129814   1.0931361822015757   2.0931361822015755
   0.9799999780952930   2.7719459346362552   1.1037438682088467   2.1037438682088467
   0.9899999778717756   2.7695814723539582   1.1143531013117853   2.1143531013117851
   0.9999999776482582   2.7672147059686272   1.1249640155988190   2.1249640155988190
   1.0099999774247408   2.7648457089209653   1.1355767553164080   2.1355767553164080
   1.0199999772012234   2.7624745498493888   1.1461914660784918   2.1461914660784918
   1.0299999769777060   2.7601012973923127   1.1568082929526444   2.1568082929526442
   1.0399999767541885   2.7577260201881550   1.1674273804583357   2.1674273804583359
   1.0499999765306711   2.7553487868753299   1.1780488725651090   2.1780488725651090
   1.0599999763071537   2.7529696660922531   1.1886729126906641   2.1886729126906639
   1.0699999760836363   2.7505887264773428   1.1992996436988581   2.1992996436988581
   1.0799999758601189   2.7482060366690124   1.2099292078976192   2.2099292078976194
   1.0899999756366014   2.7458216698972673   1.2205617433235250   2.2205617433235250
   1.0999999754130840   2.7434357614903226   1.2311973368650688   2.2311973368650690
   1.1099999751895666   2.7410484914116577   1.2418360371173420   2.2418360371173418
   1.1199999749660492   2.7386600146868796   1.2524779011054767   2.2524779011054767
   1.1299999747425318   2.7362703621807243   1.2631230409661003   2.2631230409661001
   1.1399999745190144   2.7338795276205503   1.2737715860586933   2.2737715860586931
   1.1499999742954969   2.7314875047269807   1.2844236663053406   2.2844236663053406
   1.1599999740719795   2.7290942872206334   1.2950794121907740   2.2950794121907743
   1.1699999738484621   2.7266998688221280   1.3057389547654932   2.3057389547654932
   1.1799999736249447   2.7243042432520861   1.3164024256489100   2.3164024256489100
   1.1899999734014273   2.7219074042311258   1.3270699570325268   2.3270699570325268
   1.1999999731779099   2.7195093454798682   1.3377416816831325   2.3377416816831325
   1.2099999729543924   2.7171100607189338   1.3484177329460318   2.3484177329460318
   1.2199999727308750   2.7147095436689401   1.3590982447483013   2.3590982447483015
   1.2299999725073576   2.7123077880505098   1.3697833516020668   2.3697833516020670
   1.2399999722838402   2.7099047875804003   1.3804731886097834   2.3804731886097836
   1.2499999720603228   2.7075005322538930   1.3911678926949109   2.3911678926949107
   1.2599999718368053   2.7050950238172815   1.4018675848326345   2.4018675848326345
   1.2699999716132879   2.7026882832085115   1.4125723681305984   2.4125723681305984
   1.2799999713897705   2.7002803319633650   1.4232823452094376   2.4232823452094374
   1.2899999711662531   2.6978711916176219   1.4339976187281622   2.4339976187281622
   1.2999999709427357   2.6954608837070628   1.4447182913843650   2.4447182913843650
   1.3099999707192183   2.6930494297674672   1.4554444659144186   2.4554444659144186
   1.3199999704957008   2.6906368513346171   1.4661762450936497   2.4661762450936497
   1.3299999702721834   2.6882231699442927   1.4769137317365071   2.4769137317365071
   1.3399999700486660   2.6858084071322743   1.4876570286967092   2.4876570286967095
   1.3499999698251486   2.6833925844343414   1.4984062388673773   2.4984062388673771
   1.3599999696016312   2.6809757233862754   1.5091614651811505   2.5091614651811502
   1.3699999693781137   2.6785578455238577   1.5199228106102909   2.5199228106102907
   1.3799999691545963   2.6761389708215804   1.5306903790597892   2.5306903790597892
   1.3899999689310789   2.6737191015784392   1.5414642846931668   2.5414642846931668
   1.3999999687075615   2.6712982289112022   1.5522446485624075   2.5522446485624073
   1.4099999684840441   2.6688763437599645   1.5630315924201401   2.5630315924201401
   1.4199999682605267   2.6664534412313632   1.5738252346009916   2.5738252346009918
   1.4299999680370092   2.6640295619439565   1.5846256498092262   2.5846256498092264
   1.4399999678134918   2.6616047745474480   1.5954328850427559   2.5954328850427562
   1.4499999675899744   2.6591791481023961   1.6062469859665263   2.6062469859665263
   1.4599999673664570   2.6567527516693623   1.6170679973011619   2.6170679973011617
   1.4699999671429396   2.6543256543089040   1.6278959628170024   2.6278959628170022
   1.4799999669194221   2.6518979250815802   1.6387309253280673   2.6387309253280673
   1.4899999666959047   2.6494696330479499   1.6495729266859640   2.6495729266859640
   1.4999999664723873   2.6470408472685723   1.6604220077737406   2.6604220077737408
   1.5099999662488699   2.6446116368040071   1.6712782084996758   2.6712782084996758
   1.5199999660253525   2.6421820634199564   1.6821415724352744   2.6821415724352744
   1.5299999658018351   2.6397521290629520   1.6930121806671303   2.6930121806671306
   1.5399999655783176   2.6373218063695223   1.7038901334907874   2.7038901334907872
   1.5499999653548002   2.6348910677750892   1.7147755321608911   2.7147755321608908
   1.5599999651312828   2.6324598857150754   1.7256684787688674   2.7256684787688674
   1.5699999649077654   2.6300282326249045   1.7365690762477410   2.7365690762477413
   1.5799999646842480   2.6275960809399965   1.7474774283770100   2.7474774283770103
   1.5899999644607306   2.6251634030960034   1.7583936397873192   2.7583936397873190
   1.5999999642372131   2.6227301739001199   1.7693178134615817   2.7693178134615817
   1.6099999640136957   2.6202963763764995   1.7802500444766562   2.7802500444766562
   1.6199999637901783   2.6178619953277185   1.7911904266607135   2.7911904266607137
   1.6299999635666609   2.6154270155563530   1.8021390544563187   2.8021390544563185
   1.6399999633431435   2.6129914218649768   1.8130960229239836   2.8130960229239839
   1.6499999631196260   2.6105551990561677   1.8240614277457488   2.8240614277457485
   1.6599999628961086   2.6081183324440431   1.8350353648688931   2.8350353648688933
   1.6699999626725912   2.6056808200419646   1.8460179218626329   2.8460179218626331
   1.6799999624490738   2.6032426731039600   1.8570091772253035   2.8570091772253035
   1.6899999622255564   2.6008039035039570   1.8680092091268823   2.8680092091268823
   1.6999999620020390   2.5983645231158796   1.8790180958424172   2.8790180958424174
   1.7099999617785215   2.5959245438136556   1.8900359157522928   2.8900359157522928
   1.7199999615550041   2.5934839774712088   1.9010627473425106   2.9010627473425106
   1.7299999613314867   2.5910428359624662   1.9120986692049469   2.9120986692049469
   1.7399999611079693   2.5886011311613526   1.9231437600376198   2.9231437600376200
   1.7499999608844519   2.5861588749417930   1.9341980986449401   2.9341980986449401
   1.7599999606609344   2.5837160791777158   1.9452617639379590   2.9452617639379590
   1.7699999604374170   2.5812727557430453   1.9563348349346188   2.9563348349346188
   1.7799999602138996   2.5788289207230974   1.9674173859140056   2.9674173859140054
   1.7899999599903822   2.5763846175352567   1.9785094595735631   2.9785094595735631
   1.7999999597668648   2.5739399005060264   1.9896110853643552   2.9896110853643552
   1.8099999595433474   2.5714948163733444   2.0007222978140353   3.0007222978140353
   1.8199999593198299   2.5690493741505325   2.0118431603241391   3.0118431603241391
   1.8299999590963125   2.5666035711932658   2.0229737455781982   3.0229737455781982
   1.8399999588727951   2.5641574048538178   2.0341141265938414   3.0341141265938414
   1.8499999586492777   2.5617108724844639   2.0452643767219425   3.0452643767219425
   1.8599999584257603   2.5592639714374767   2.0564245696484322   3.0564245696484322
   1.8699999582022429   2.5568166990651306   2.0675947793960980   3.0675947793960980
   1.8799999579787254   2.5543690527196983   2.0787750803264160   3.0787750803264160
   1.8899999577552080   2.5519210297534576   2.0899655471413783   3.0899655471413783
   1.8999999575316906   2.5494726275186794   2.1011662548853569   3.1011662548853569
   1.9099999573081732   2.5470238433676364   2.1123772789469575   3.1123772789469575
   1.9199999570846558   2.5445746746526057   2.1235986950608905   3.1235986950608905
   1.9299999568611383   2.5421251187258616   2.1348305793098694   3.1348305793098694
   1.9399999566376209   2.5396751729396740   2.1460730081265154   3.1460730081265154
   1.9499999564141035   2.5372248345935242   2.1573260583401495   3.1573260583401495
   1.9599999561905861   2.5347740913661516   2.1685898153523873   3.1685898153523873
   1.9699999559670687   2.5323229155949827   2.1798643761631409   3.1798643761631409
   1.9799999557435513   2.5298712883923091   2.1911498265118454   3.1911498265118454
   1.9899999555200338   2.5274191923131273   2.2024462509914127   3.2024462509914127
   1.9999999552965164   2.5249666099124308   2.2137537348475966   3.2137537348475966
   2.0099999550729990   2.5225135237452205   2.2250723639830809   3.2250723639830809
   2.0199999548494816   2.5200599163664910   2.2364022249616244   3.2364022249616244
   2.0299999546259642   2.5176057703312376   2.2477434050122285   3.2477434050122285
   2.0399999544024467   2.5151510681944549   2.2590959920333473   3.2590959920333473
   2.0499999541789293   2.5126957925111419   2.2704600745971337   3.2704600745971337
   2.0599999539554119   2.5102399258362924   2.2818357419537376   3.2818357419537376
   2.0699999537318945   2.5077834507249079   2.2932230840356214   3.2932230840356214
   2.0799999535083771   2.5053263497319778   2.3046221914619500   3.3046221914619500
   2.0899999532848597   2.5028686054125036   2.3160331555429763   3.3160331555429763
   2.0999999530613422   2.5004102007220608   2.3274560679116392   3.3274560679116392
   2.1099999528378248   2.4979511313261025   2.3388910089915589   3.3388910089915589
   2.1199999526143074   2.4954914079125192   2.3503380454733032   3.3503380454733032
   2.1299999523907900   2.4930310420363506   2.3617972433119441   3.3617972433119441
   2.1399999521672726   2.4905700452526434   2.3732686685294087   3.3732686685294087
   2.1499999519437551   2.4881084291419739   2.3847523871796836   3.3847523871796836
   2.1599999517202377   2.4856462066483020   2.3962484635200205   3.3962484635200205
   2.1699999514967203   2.4831833927370282   2.4077569590669383   3.4077569590669383
   2.1799999512732029   2.4807200025371445   2.4192779350959390   3.4192779350959390
   2.1899999510496855   2.4782560511776373   2.4308114528623714   3.4308114528623714
   2.1999999508261681   2.4757915537874977   2.4423575736006935   3.4423575736006935
   2.2099999506026506   2.4733265254957173   2.4539163585237431   3.4539163585237431
   2.2199999503791332   2.4708609814312856   2.4654878688219939   3.4654878688219939
   2.2299999501556158   2.4683949367231879   2.4770721656627934   3.4770721656627934
   2.2399999499320984   2.4659284065004208   2.4886693101895787   3.4886693101895787
   2.2499999497085810   2.4634614027036159   2.5002793667571188   3.5002793667571188
   2.2599999494850636   2.4609939041262114   2.5119024336007945   3.5119024336007945
   2.2699999492615461   2.4585258699005399   2.5235386299478582   3.5235386299478582
   2.2799999490380287   2.4560572589006764   2.5351880765625538   3.5351880765625538
   2.2899999488145113   2.4535880300006934   2.5468508954943885   3.5468508954943885
   2.2999999485909939   2.4511181420746668   2.5585272100871235   3.5585272100871235
   2.3099999483674765   2.4486475539966737   2.5702171449878839   3.5702171449878839
   2.3199999481439590   2.4461762246407828   2.5819208261563742   3.5819208261563742
   2.3299999479204416   2.4437041128810737   2.5936383808741659   3.5936383808741659
   2.3399999476969242   2.4412311779060873   2.6053699372897059   3.6053699372897059
   2.3499999474734068   2.4387573936105129   2.6171156030724512   3.6171156030724512
   2.3599999472498894   2.4362827545668733   2.6288754560618282   3.6288754560618282
   2.3699999470263720   2.4338072569001286   2.6406495722262804   3.6406495722262804
   2.3799999468028545   2.4313308967352505   2.6524380279488162   3.6524380279488162
   2.3899999465793371   2.4288536701970180   2.6642409000298466   3.6642409000298466
   2.3999999463558197   2.4263755730708114   2.6760582660639343   3.6760582660639343
   2.4099999461323023   2.4238966001004485   2.6878902052312807   3.6878902052312807
   2.4199999459087849   2.4214167458306175   2.6997367973925988   3.6997367973925988
   2.4299999456852674   2.4189360048060013   2.7115981228748685   3.7115981228748685
   2.4399999454617500   2.4164543715712847   2.7234742624743498   3.7234742624743498
   2.4499999452382326   2.4139718406711523   2.7353652974596279   3.7353652974596279
   2.4599999450147152   2.4114884066502906   2.7472713095746775   3.7472713095746775
   2.4699999447911978   2.4090040640533825   2.7591923810419638   3.7591923810419638
   2.4799999445676804   2.4065188074251136   2.7711285945655533   3.7711285945655533
   2.4899999443441629   2.4040326313101685   2.7830800333342629   3.7830800333342629
   2.4999999441206455   2.4015455302532320   2.7950467810248290   3.7950467810248290
   2.5099999438971281   2.3990574987989914   2.8070289218051019   3.8070289218051019
   2.5199999436736107   2.3965685314921288   2.8190265403372798   3.8190265403372798
   2.5299999434500933   2.3940786227644155   2.8310397219618322   3.8310397219618322
   2.5399999432265759   2.3915877640238161   2.8430685577354002   3.8430685577354002
   2.5499999430030584   2.3890959510987280   2.8551131360073660   3.8551131360073660
   2.5599999427795410   2.3866031851413370   2.8671735393437188   3.8671735393437188
   2.5699999425560236   2.3841094673848700   2.8792498505724815   3.8792498505724815
   2.5799999423325062   2.3816147990625494   2.8913421528816738   3.8913421528816738
   2.5899999421089888   2.3791191814075932   2.9034505298214452   3.9034505298214452
   2.5999999418854713   2.3766226156532291   2.9155750653062111   3.9155750653062111
   2.6099999416619539   2.3741251030326778   2.9277158436168382   3.9277158436168382
   2.6199999414384365   2.3716266447791643   2.9398729494028131   3.9398729494028131
   2.6299999412149191   2.3691272421259093   2.9520464676844487   3.9520464676844487
   2.6399999409914017   2.3666268963061343   2.9642364838550894   3.9642364838550894
   2.6499999407678843   2.3641256085530671   2.9764430836833302   3.9764430836833302
   2.6599999405443668   2.3616233800999256   2.9886663533152817   3.9886663533152817
   2.6699999403208494   2.3591202121799348   3.0009063792768047   4.0009063792768051
   2.6799999400973320   2.3566161049990271   3.0131632497892880   4.0131632497892884
   2.6899999398738146   2.3541110404333168   3.0254370770424237   4.0254370770424233
   2.6999999396502972   2.3516049845636759   3.0377279945271827   4.0377279945271827
   2.7099999394267797   2.3490979029541119   3.0500361377278224   4.0500361377278224
   2.7199999392032623   2.3465897616683291   3.0623616426095817   4.0623616426095817
   2.7299999389797449   2.3440805334768280   3.0747046348214675   4.0747046348214671
   2.7399999387562275   2.3415701959454607   3.0870652328033978   4.0870652328033978
   2.7499999385327101   2.3390587267439473   3.0994435558455602   4.0994435558455606
   2.7599999383091927   2.3365461035420108   3.1118397242752738   4.1118397242752733
   2.7699999380856752   2.3340323040093773   3.1242538594648601   4.1242538594648597
   2.7799999378621578   2.3315173058157619   3.1366860838396167   4.1366860838396171
   2.7899999376386404   2.3290010866308952   3.1491365208858144   4.1491365208858140
   2.7999999374151230   2.3264836241244957   3.1616052951588545   4.1616052951588545
   2.8099999371916056   2.3239648959662844   3.1740925322914544   4.1740925322914544
   2.8199999369680882   2.3214448780740558   3.1865983614067712   4.1865983614067712
   2.8299999367445707   2.3189235316152619   3.1991229331194222   4.1991229331194226
   2.8399999365210533   2.3164008103685276   3.2116664098478802   4.2116664098478802
   2.8499999362975359   2.3138766680572918   3.2242289558645405   4.2242289558645405
   2.8599999360740185   2.3113510584049992   3.2368107372348387   4.2368107372348387
   2.8699999358505011   2.3088239351350959   3.2494119218319408   4.2494119218319408
   2.8799999356269836   2.3062952519710231   3.2620326793516061   4.2620326793516066
   2.8899999354034662   2.3037649626362269   3.2746731813272207   4.2746731813272207
   2.8999999351799488   2.3012330208577731   3.2873336011382865   4.2873336011382870
   2.9099999349564314   2.2986993855921485   3.3000141042501721   4.3000141042501721
   2.9199999347329140   2.2961640314717302   3.3127148284102517   4.3127148284102521
   2.9299999345093966   2.2936269360538404   3.3254359071111121   4.3254359071111121
   2.9399999342858791   2.2910880768957904   3.3381774750273272   4.3381774750273276
   2.9499999340623617   2.2885474322157524   3.3509396670573808   4.3509396670573803
   2.9599999338388443   2.2860050183139329   3.3637225632464345   4.3637225632464345
   2.9699999336153269   2.2834609096327370   3.3765261577533905   4.3765261577533909
   2.9799999333918095   2.2809151855140195   3.3893504358528523   4.3893504358528519
   2.9899999331682920   2.2783679252996372   3.4021953810566883   4.4021953810566883
   2.9999999329447746   2.2758192083314510   3.4150609750968521   4.4150609750968526
   3.0099999327212572   2.2732691139513150   3.4279471979080971   4.4279471979080967
   3.0199999324977398   2.2707177215010894   3.4408540276105311   4.4408540276105306
   3.0299999322742224   2.2681651103226308   3.4537814404920910   4.4537814404920910
   3.0399999320507050   2.2656113597577985   3.4667294109908746   4.4667294109908742
   3.0499999318271875   2.2630565491484491   3.4796979116773672   4.4796979116773672
   3.0599999316036701   2.2605007578364402   3.4926869132365477   4.4926869132365477
   3.0699999313801527   2.2579440651636293   3.5056963844498781   4.5056963844498776
   3.0799999311566353   2.2553865490347338   3.5187262944193289   4.5187262944193289
   3.0899999309331179   2.2528281961031604   3.5317767544115499   4.5317767544115499
   3.0999999307096004   2.2502688420240009   3.5448481195152088   4.5448481195152084
   3.1099999304860830   2.2477083066432826   3.5579407769448763   4.5579407769448759
   3.1199999302625656   2.2451464098056686   3.5710551199500946   4.5710551199500946
   3.1299999300390482   2.2425829713558159   3.5841915478665833   4.5841915478665838
   3.1399999298155308   2.2400178111383866   3.5973504661712168   4.5973504661712168
   3.1499999295920134   2.2374507489980413   3.6105322865381182   4.6105322865381178
   3.1599999293684959   2.2348816047794369   3.6237374268958669   4.6237374268958673
   3.1699999291449785   2.2323101983272373   3.6369663114858235   4.6369663114858239
   3.1799999289214611   2.2297363494860978   3.6502193709216737   4.6502193709216737
   3.1899999286979437   2.2271598781006858   3.6634970422501105   4.6634970422501105
   3.1999999284744263   2.2245806040156531   3.6767997690128320   4.6767997690128320
   3.2099999282509089   2.2219983680926330   3.6901279664062940   4.6901279664062940
   3.2199999280273914   2.2194131905068648   3.7034817563648108   4.7034817563648108
   3.2299999278038740   2.2168251822520926   3.7168611088375343   4.7168611088375343
   3.2399999275803566   2.2142344550287412   3.7302659899586206   4.7302659899586210
   3.2499999273568392   2.2116411205372284   3.7436963631864444   4.7436963631864444
   3.2599999271333218   2.2090452904910443   3.7571521892463995   4.7571521892463995
   3.2699999269098043   2.2064470803378615   3.7706334180555516   4.7706334180555521
   3.2799999266862869   2.2038466143895992   3.7841399773947093   4.7841399773947089
   3.2899999264627695   2.2012440182447435   3.7976717890070186   4.7976717890070191
   3.2999999262392521   2.1986394175017683   3.8112287713229076   4.8112287713229076
   3.3099999260157347   2.1960329377591581   3.8248108394252189   4.8248108394252194
   3.3199999257922173   2.1934247046153938   3.8384179050142260   4.8384179050142260
   3.3299999255686998   2.1908148304660884   3.8520498995866581   4.8520498995866586
   3.3399999253451824   2.1882032551413229   3.8657070564828642   4.8657070564828642
   3.3499999251216650   2.1855897973520904   3.8793898267627824   4.8793898267627824
   3.3599999248981476   2.1829742733017259   3.8930986727913357   4.8930986727913357
   3.3699999246746302   2.1803564991935769   3.9068340639175156   4.9068340639175156
   3.3799999244511127   2.1777362912309783   3.9205964765432340   4.9205964765432340
   3.3899999242275953   2.1751134656172724   3.9343863941934889   4.9343863941934885
   3.3999999240040779   2.1724878385558029   3.9482043075880204   4.9482043075880204
   3.4099999237805605   2.1698592262499083   3.9620507147144441   4.9620507147144446
   3.4199999235570431   2.1672274449029292   3.9759261209028707   4.9759261209028711
   3.4299999233335257   2.1645923107182039   3.9898310389020857   4.9898310389020857
   3.4399999231100082   2.1619536432972701   4.0037659810923012   5.0037659810923012
   3.4499999228864908   2.1593113342636325   4.0177313255008862   5.0177313255008862
   3.4599999226629734   2.1566655169896976   4.0317270007753239   5.0317270007753239
   3.4699999224394560   2.1540163882096497   4.0457528130374545   5.0457528130374545
   3.4799999222159386   2.1513641446584089   4.0598085626068290   5.0598085626068290
   3.4899999219924212   2.1487089830708879   4.0738940439358400   5.0738940439358400
   3.4999999217689037   2.1460511001820031   4.0880090455432132   5.0880090455432132
   3.5099999215453863   2.1433906927266708   4.1021533499472858   5.1021533499472858
   3.5199999213218689   2.1407279574398022   4.1163267335990765   5.1163267335990765
   3.5299999210983515   2.1380630910563170   4.1305289668151177   5.1305289668151177
   3.5399999208748341   2.1353962903111263   4.1447598137101620   5.1447598137101620
   3.5499999206513166   2.1327277519391483   4.1590190321296534   5.1590190321296534
   3.5599999204277992   2.1300576424028641   4.1733064328932423   5.1733064328932423
   3.5699999202042818   2.1273858917977524   4.1876222868017905   5.1876222868017905
   3.5799999199807644   2.1247123191246615   4.2019670877396811   5.2019670877396811
   3.5899999197572470   2.1220367427399474   4.2163413383984478   5.2163413383984478
   3.5999999195337296   2.1193589809416409   4.2307455492411004   5.2307455492411004
   3.6099999193102121   2.1166788425287884   4.2451802619779393   5.2451802619779393
   3.6199999190866947   2.1139961163683676   4.2596460760789281   5.2596460760789281
   3.6299999188631773   2.1113105888156731   4.2741436063427027   5.2741436063427027
   3.6399999186396599   2.1086220462259941   4.2886734768203452   5.2886734768203452
   3.6499999184161425   2.1059302749546251   4.3032363209154605   5.3032363209154605
   3.6599999181926250   2.1032350613626605   4.3178327814746496   5.3178327814746496
   3.6699999179691076   2.1005362398482621   4.3324634118249286   5.3324634118249286
   3.6799999177455902   2.0978338092810755   4.3471284322881996   5.3471284322881996
   3.6899999175220728   2.0951278037018053   4.3618279914870799   5.3618279914870799
   3.6999999172985554   2.0924182571511576   4.3765622382111209   5.3765622382111209
   3.7099999170750380   2.0897052036698298   4.3913313214148042   5.3913313214148042
   3.7199999168515205   2.0869886772985300   4.4061353902154128   5.4061353902154128
   3.7299999166280031   2.0842687120779644   4.4209745938909144   5.4209745938909144
   3.7399999164044857   2.0815453420488268   4.4358490818777829   5.4358490818777829
   3.7499999161809683   2.0788186012518324   4.4507590037686464   5.4507590037686464
   3.7599999159574509   2.0760885237338478   4.4657045092938059   5.4657045092938059
   3.7699999157339334   2.0733551386086120   4.4806857537184008   5.4806857537184008
   3.7799999155104160   2.0706183816599086   4.4957030790958230   5.4957030790958230
   3.7899999152868986   2.0678781342804182   4.5107569470650501   5.5107569470650501
   3.7999999150633812   2.0651342774809400   4.5258478263754274   5.5258478263754274
   3.8099999148398638   2.0623866922722716   4.5409761921363101   5.5409761921363101
   3.8199999146163464   2.0596352596652068   4.5561425258894124   5.5561425258894124
   3.8299999143928289   2.0568798606705467   4.5713473156824440   5.5713473156824440
   3.8399999141693115   2.0541203762990925   4.5865910561441137   5.5865910561441137
   3.8499999139457941   2.0513566875616380   4.6018742485605086   5.6018742485605086
   3.8599999137222767   2.0485886754689826   4.6171974009528141   5.6171974009528141
   3.8699999134987593   2.0458162771911486   4.6325609009891533   5.6325609009891533
   3.8799999132752419   2.0430396949167129   4.6479645379237526   5.6479645379237526
   3.8899999130517244   2.0402592089357512   4.6634079157442487   5.6634079157442487
   3.8999999128282070   2.0374750995494004   4.6788906282225611   5.6788906282225611
   3.9099999126046896   2.0346876470588082   4.6944122588081925   5.6944122588081925
   3.9199999123811722   2.0318971301214681   4.7099723851153650   5.7099723851153650
   3.9299999121576548   2.0291037981910200   4.7255706566532574   5.7255706566532574
   3.9399999119341373   2.0263078756209936   4.7412067847627428   5.7412067847627428
   3.9499999117106199   2.0235095859479149   4.7568804748791482   5.7568804748791482
   3.9599999114871025   2.0207091353091737   4.7725914652377179   5.7725914652377179
   3.9699999112635851   2.0179064044433321   4.7883402585955643   5.7883402585955643
   3.9799999110400677   2.0151009855005828   4.8041280524990730   5.8041280524990730
   3.9899999108165503   2.0122924606273305   4.8199560882279551   5.8199560882279551
   3.9999999105930328   2.0094804119699905   4.8358256275196672   5.8358256275196672
   4.0099999103695154   2.0066644216749712   4.8517379528185929   5.8517379528185929
   4.0199999101459980   2.0038440718886914   4.8676943675330842   5.8676943675330842
   4.0299999099224806   2.0010189447575559   4.8836961963008036   5.8836961963008036
   4.0399999096989632   1.9981886224279801   4.8997447852623655   5.8997447852623655
   4.0499999094754457   1.9953527026177458   4.9158414639814412   5.9158414639814412
   4.0599999092519283   1.9925110516904567   4.9319869184059559   5.9319869184059559
   4.0699999090284109   1.9896637660780172   4.9481812697149801   5.9481812697149801
   4.0799999088048935   1.9868109929611126   4.9644244887031590   5.9644244887031590
   4.0899999085813761   1.9839529099894921   4.9807164501451346   5.9807164501451346
   4.0999999083578587   1.9810896954355517   4.9970570211575724   5.9970570211575724
   4.1099999081343412   1.9782215275716766   5.0134460629636068   6.0134460629636068
   4.1199999079108238   1.9753485846702628   5.0298834308027152   6.0298834308027152
   4.1299999076873064   1.9724710450037026   5.0463689738399440   6.0463689738399440
   4.1399999074637890   1.9695890106854144   5.0629027308438506   6.0629027308438506
   4.1499999072402716   1.9667022661153997   5.0794855586141914   6.0794855586141914
   4.1599999070167542   1.9638105128567886   5.0961185419253354   6.0961185419253354
   4.1699999067932367   1.9609134524725036   5.1128027828249065   6.1128027828249065
   4.1799999065697193   1.9580107865254508   5.1295394008671842   6.1295394008671842
   4.1899999063462019   1.9551022165785490   5.1463295333530814   6.1463295333530814
   4.1999999061226845   1.9521874441947116   5.1631743355766098   6.1631743355766098
   4.2099999058991671   1.9492661704021259   5.1800749827731423   6.1800749827731423
   4.2199999056756496   1.9463381605121004   5.1970325135912319   6.1970325135912319
   4.2299999054521322   1.9434038589979519   5.2140461858130154   6.2140461858130154
   4.2399999052286148   1.9404640392766765   5.2311143537122735   6.2311143537122735
   4.2499999050050974   1.9375194764810182   5.2482353306593854   6.2482353306593854
   4.2599999047815800   1.9345709457437099   5.2654073931451002   6.2654073931451002
   4.2699999045580626   1.9316192221974884   5.2826287802521543   6.2826287802521543
   4.2799999043345451   1.9286650809750920   5.2998976931349411   6.2998976931349411
   4.2899999041110277   1.9257092972092575   5.3172122945077875   6.3172122945077875
   4.2999999038875103   1.9227522949617484   5.3345716821695870   6.3345716821695870
   4.3099999036639929   1.9197929477301869   5.3519792558580344   6.3519792558580344
   4.3199999034404755   1.9168297010703093   5.3694396762738803   6.3694396762738803
   4.3299999032169580   1.9138610005238856   5.3869576902964091   6.3869576902964091
   4.3399999029934406   1.9108852916326935   5.4045381321784811   6.4045381321784811
   4.3499999027699232   1.9079010269081813   5.4221859014128775   6.4221859014128775
   4.3599999025464058   1.9049067469336620   5.4399056894659816   6.4399056894659816
   4.3699999023228884   1.9019011200416571   5.4577018755351219   6.4577018755351219
   4.3799999020993710   1.8988844333528423   5.4755742505309186   6.4755742505309186
   4.3899999018758535   1.8958586300696396   5.4935177971640456   6.4935177971640456
   4.3999999016523361   1.8928257284818173   5.5115271760011915   6.5115271760011915
   4.4099999014288187   1.8897877468791453   5.5295969380720775   6.5295969380720775
   4.4199999012053013   1.8867467035513830   5.5477215231387591   6.5477215231387591
   4.4299999009817839   1.8837046167883038   5.5658952580615457   6.5658952580615457
   4.4399999007582664   1.8806634742160995   5.5841124463140872   6.5841124463140872
   4.4499999005347490   1.8776236263803234   5.6023721619395275   6.6023721619395275
   4.4599999003112316   1.8745829965273906   5.6206807370704652   6.6206807370704652
   4.4699999000877142   1.8715393114702632   5.6390452181413346   6.6390452181413346
   4.4799998998641968   1.8684902909081611   5.6574728126210099   6.6574728126210099
   4.4899998996406794   1.8654335286775439   5.6759713165436407   6.6759713165436407
   4.4999998994171619   1.8623665107207437   5.6945490621085062   6.6945490621085062
   4.5099998991936445   1.8592868261597086   5.7132142241409642   6.7132142241409642
   4.5199998989701271   1.8561942520053911   5.7319683756954030   6.7319683756954030
   4.5299998987466097   1.8530906150524356   5.7508067518020116   6.7508067518020116
   4.5399998985230923   1.8499778211104871   5.7697242379278642   6.7697242379278642
   4.5499998982995749   1.8468577759891911   5.7887156095514403   6.7887156095514403
   4.5599998980760574   1.8437323854981944   5.8077755302114911   6.8077755302114911
   4.5699998978525400   1.8406035554471387   5.8268985496388872   6.8268985496388872
   4.5799998976290226   1.8374725787047002   5.8460810521013737   6.8460810521013737
   4.5899998974055052   1.8343383036450387   5.8653271599164558   6.8653271599164558
   4.5999998971819878   1.8311989693440989   5.8846430306373287   6.8846430306373287
   4.6099998969584703   1.8280528670507277   5.9040347425007962   6.9040347425007962
   4.6199998967349529   1.8248984583603463   5.9235078435205093   6.9235078435205093
   4.6299998965114355   1.8217342395783422   5.9430678556744763   6.9430678556744763
   4.6399998962879181   1.8185588797943701   5.9627198401573773   6.9627198401573773
   4.6499998960644007   1.8153724980679478   5.9824641760994064   6.9824641760994064
   4.6599998958408833   1.8121759377946898   6.0022988443352832   7.0022988443352832
   4.6699998956173658   1.8089700477234736   6.0222217597747161   7.0222217597747161
   4.6799998953938484   1.8057556766031748   6.0422307879053028   7.0422307879053028
   4.6899998951703310   1.8025336731826691   6.0623237438371849   7.0623237438371849
   4.6999998949468136   1.7993048109313676   6.0824986458343764   7.0824986458343764
   4.7099998947232962   1.7960692905733460   6.1027554112186149   7.1027554112186149
   4.7199998944997787   1.7928270494921037   6.1230948489257022   7.1230948489257022
   4.7299998942762613   1.7895779895479578   6.1435179194744265   7.1435179194744265
   4.7399998940527439   1.7863219255974681   6.1640259456866300   7.1640259456866300
   4.7499998938292265   1.7830586588672031   6.1846203254763195   7.1846203254763195
   4.7599998936057091   1.7797880796199834   6.2053021678481954   7.2053021678481954
   4.7699998933821917   1.7765103628688923   6.2260715992700906   7.2260715992700906
   4.7799998931586742   1.7732257404317568   6.2469285409584945   7.2469285409584945
   4.7899998929351568   1.7699344441264007   6.2678729046902806   7.2678729046902806
   4.7999998927116394   1.7666367057706509   6.2889045925967624   7.2889045925967624
   4.8099998924881220   1.7633327122603362   6.3100236577069673   7.3100236577069673
   4.8199998922646046   1.7600219809514659   6.3312325548577659   7.3312325548577659
   4.8299998920410872   1.7567035151269739   6.3525356416745868   7.3525356416745868
   4.8399998918175697   1.7533763227624259   6.3739373323308754   7.3739373323308754
   4.8499998915940523   1.7500395462510898   6.3954415578634549   7.3954415578634549
   4.8599998913705349   1.7466924034592086   6.4170520124646835   7.4170520124646835
   4.8699998911470175   1.7433348456583335   6.4387697522208667   7.4387697522208667
   4.8799998909235001   1.7399678967327041   6.4605918649677418   7.4605918649677418
   4.8899998906999826   1.7365926657727950   6.4825150499703854   7.4825150499703854
   4.8999998904764652   1.7332102618690914   6.5045359277304726   7.5045359277304726
   4.9099998902529478   1.7298217851685127   6.5266510721742375   7.5266510721742375
   4.9199998900294304   1.7264277654963163   6.5488591394986795   7.5488591394986795
   4.9299998898059130   1.7230278287323681   6.5711621972587828   7.5711621972587828
   4.9399998895823956   1.7196215206188104   6.5935626579492759   7.5935626579492759
   4.9499998893588781   1.7162082924319240   6.6160633982495485   7.6160633982495485
   4.9599998891353607   1.7127871933174266   6.6386691482688693   7.6386691482688693
   4.9699998889118433   1.7093573936505262   6.6613843223650964   7.6613843223650964
   4.9799998886883259   1.7059182980729712   6.6842124998724941   7.6842124998724941
   4.9899998884648085   1.7024693214605460   6.7071572842474421   7.7071572842474421
   4.9999998882412910   1.6990098786890382   6.7302223437633870   7.7302223437633870
   5.0099998880177736   1.6955394621102151   6.7534111042086744   7.7534111042086744
   5.0199998877942562   1.6920580292711982   6.7767251888851145   7.7767251888851145
   5.0299998875707388   1.6885657105438128   6.8001655457078964   7.8001655457078964
   5.0399998873472214   1.6850626365869843   6.8237331269352506   7.8237331269352506
   5.0499998871237040   1.6815489346728345   6.8474288772877276   7.8474288772877276
   5.0599998869001865   1.6780235486101560   6.8712582741195751   7.8712582741195751
   5.0699998866766691   1.6744836319027598   6.8952340691120444   7.8952340691120444
   5.0799998864531517   1.6709262099351161   6.9193698192471205   7.9193698192471205
   5.0899998862296343   1.6673483130506899   6.9436793580602867   7.9436793580602867
   5.0999998860061169   1.6637497332534110   6.9681652570804236   7.9681652570804236
   5.1099998857825994   1.6601376114114004   6.9927991806008984   7.9927991806008984
   5.1199998855590820   1.6565202973299904   7.0175470087989869   8.0175470087989869
   5.1299998853355646   1.6529061407765973   7.0423738271275695   8.0423738271275695
   5.1399998851120472   1.6493005441857331   7.0672565416679509   8.0672565416679500
   5.1499998848885298   1.6456978732503202   7.0922191307996378   8.0922191307996378
   5.1599998846650124   1.6420895175779755   7.1172992820690197   8.1172992820690197
   5.1699998844414949   1.6384666985701113   7.1425363797639223   8.1425363797639232
   5.1799998842179775   1.6348226753351778   7.1679617715457375   8.1679617715457375
   5.1899998839944601   1.6311574210240476   7.1935779083032134   8.1935779083032134
   5.1999998837709427   1.6274722893154436   7.2193811556003533   8.2193811556003524
   5.2099998835474253   1.6237686505397892   7.2453676998118990   8.2453676998118990
   5.2199998833239079   1.6200498314304994   7.2715248362401512   8.2715248362401503
   5.2299998831003904   1.6163229273067987   7.2978225230270759   8.2978225230270759
   5.2399998828768730   1.6125954597632166   7.3242280491901521   8.3242280491901521
   5.2499998826533556   1.6088742311943260   7.3507112306044977   8.3507112306044977
   5.2599998824298382   1.6051552683078576   7.3772907153458762   8.3772907153458771
   5.2699998822063208   1.6014259009356575   7.4040257979460176   8.4040257979460176
   5.2799998819828033   1.5976732082195415   7.4309783444181878   8.4309783444181878
   5.2899998817592859   1.5938891887587427   7.4581886727510796   8.4581886727510796
   5.2999998815357685   1.5900833503051839   7.4856156305956087   8.4856156305956087
   5.3099998813122511   1.5862690943183164   7.5131985930125849   8.5131985930125840
   5.3199998810887337   1.5824586125689581   7.5408811899956589   8.5408811899956589
   5.3299998808652163   1.5786476434940866   7.5686845150810944   8.5686845150810953
   5.3399998806416988   1.5748205491940119   7.5966847028626683   8.5966847028626692
   5.3499998804181814   1.5709620486317384   7.6249577434415698   8.6249577434415698
   5.3599998801946640   1.5670684665648267   7.6535248132156966   8.6535248132156966
   5.3699998799711466   1.5631543558258763   7.6823180203971662   8.6823180203971670
   5.3799998797476292   1.5592358551246672   7.7112598986607610   8.7112598986607601
   5.3899998795241117   1.5553228765204441   7.7403019951582239   8.7403019951582248
   5.3999998793005943   1.5514090929562716   7.7694759502716719   8.7694759502716710
   5.4099998790770769   1.5474855640663154   7.7988273714799394   8.7988273714799394
   5.4199998788535595   1.5435463837594856   7.8283878190340763   8.8283878190340754
   5.4299998786300421   1.5395955874294600   7.8581394882185238   8.8581394882185247
   5.4399998784065247   1.5356392392813198   7.8880537790805674   8.8880537790805665
   5.4499998781830072   1.5316786557371351   7.9181258716250200   8.9181258716250191
   5.4599998779594898   1.5277008790706397   7.9484250609605374   8.9484250609605382
   5.4699998777359724   1.5236903586625488   7.9790359856661697   8.9790359856661706
   5.4799998775124550   1.5196444978375983   8.0099771825717916   9.0099771825717916
   5.4899998772889376   1.5155879576211984   8.0411230213649603   9.0411230213649603
   5.4999998770654202   1.5115481015047862   8.0723299924196734   9.0723299924196734
   5.5099998768419027   1.5075253481914288   8.1035952728325888   9.1035952728325888
   5.5199998766183853   1.5034879500377745   8.1350899265868630   9.1350899265868630
   5.5299998763948679   1.4994059901950205   8.1669795631777369   9.1669795631777369
   5.5399998761713505   1.4952822280593772   8.1992550229135563   9.1992550229135563
   5.5499998759478331   1.4911365205924731   8.2318124846237808   9.2318124846237808
   5.5599998757243156   1.4869846418452966   8.2645679611051239   9.2645679611051239
   5.5699998755007982   1.4828309717406203   8.2974989000149133   9.2974989000149133
   5.5799998752772808   1.4786771430270473   8.3305975705147635   9.3305975705147635
   5.5899998750537634   1.4745120505806906   8.3639282360746137   9.3639282360746137
   5.5999998748302460   1.4703149135956011   8.3976121615827815   9.3976121615827815
   5.6099998746067286   1.4660762258883580   8.4317091016561889   9.4317091016561889
   5.6199998743832111   1.4618159208657904   8.4661099504967083   9.4661099504967083
   5.6299998741596937   1.4575554940965567   8.5006933756174980   9.5006933756174980
   5.6399998739361763   1.4532916386588379   8.5354802524610136   9.5354802524610136
   5.6499998737126589   1.4490096960645129   8.5705591225537603   9.5705591225537603
   5.6599998734891415   1.4447109950322101   8.6059255831250780   9.6059255831250780
   5.6699998732656240   1.4404141789089806   8.6414711313212820   9.6414711313212820
   5.6799998730421066   1.4361217759139500   8.6771814937763612   9.6771814937763612
   5.6899998728185892   1.4318007370435826   8.7132584719273591   9.7132584719273591
   5.6999998725950718   1.4274299564966633   8.7498364704659615   9.7498364704659615
   5.7099998723715544   1.4230455345433466   8.7867005629748434   9.7867005629748434
   5.7199998721480370   1.4186824559771534   8.8236366146919618   9.8236366146919618
   5.7299998719245195   1.4143086095254649   8.8608456725714788   9.8608456725714788
   5.7399998717010021   1.4098838955292798   8.8985854608673680   9.8985854608673680
   5.7499998714774847   1.4054428937168844   8.9366464566690844   9.9366464566690844
   5.7599998712539673   1.4010307239907451   8.9747452573457682   9.9747452573457682
   5.7699998710304499   1.3965947059970958   9.0132210910125128  10.0132210910125128
   5.7799998708069324   1.3920714036359936   9.0524932960190903  10.0524932960190903
   5.7899998705834150   1.3875225120696051   9.0921730881894725  10.0921730881894725
   5.7999998703598976   1.3830148191203460   9.1318239212343695  10.1318239212343695
   5.8099998701363802   1.3784846354782019   9.1718636604622557  10.1718636604622557
   5.8199998699128628   1.3738850658335480   9.2126105206005047  10.2126105206005047
   5.8299998696893454   1.3692747929372224   9.2536791701763157  10.2536791701763157
   5.8399998694658279   1.3646929501688305   9.2948052361496760  10.2948052361496760
   5.8499998692423105   1.3601313148399417   9.3360414447072273  10.3360414447072273
   5.8599998690187931   1.3555567316384920   9.3776172389164341  10.3776172389164341
   5.8699998687952757   1.3509331666011555   9.4197904519963487  10.4197904519963487
   5.8799998685717583   1.3462781012416709   9.4624509190491306  10.4624509190491306
   5.8899998683482409   1.3416057045471526   9.5055082818356187  10.5055082818356187
   5.8999998681247234   1.3368983368917977   9.5490963319326649  10.5490963319326649
   5.9099998679012060   1.3321758888187709   9.5930826718884532  10.5930826718884532
   5.9199998676776886   1.3274585209169576   9.6373264068993567  10.6373264068993567
   5.9299998674541712   1.3226792791910107   9.6823183323743791  10.6823183323743791
   5.9399998672306538   1.3178748629140866   9.7278004584759046  10.7278004584759046
   5.9499998670071363   1.3131336613421496   9.7731213202129474  10.7731213202129474
   5.9599998667836189   1.3083287243821182   9.8192237071106447  10.8192237071106447
   5.9699998665601015   1.3034811604654593   9.8659619613874323  10.8659619613874323
   5.9799998663365841   1.2986833483470104   9.9126432930075445  10.9126432930075445
   5.9899998661130667   1.2937720686256551   9.9605195713098684  10.9605195713098684
   5.9999998658895493   1.2888488018735096  10.0088304294158004  11.0088304294158004
   6.0099998656660318   1.2840069701396128  10.0568519104380112  11.0568519104380112
   6.0199998654425144   1.2790876179085320  10.1058287391084853  11.1058287391084853
   6.0299998652189970   1.2740702098728427  10.1559449411332317  11.1559449411332317
   6.0399998649954796   1.2690611092534763  10.2063681539691160  11.2063681539691160
   6.0499998647719622   1.2640994235373348  10.2567814122784906  11.2567814122784906
   6.0599998645484447   1.2591062150303536  10.3078227900751180  11.3078227900751180
   6.0699998643249273   1.2540886916058067  10.3594417827513894  11.3594417827513894
   6.0799998641014099   1.2490465325012607  10.4116491709024377  11.4116491709024377
   6.0899998638778925   1.2439492363120372  10.4647126682302680  11.4647126682302680
   6.0999998636543751   1.2388504098354094  10.5181966703535110  11.5181966703535110
   6.1099998634308577   1.2337527036857523  10.5720857852266974  11.5720857852266974
   6.1199998632073402   1.2285903393034481  10.6269557597611950  11.6269557597611950
   6.1299998629838228   1.2234452396193145  10.6821141235497397  11.6821141235497397
   6.1399998627603054   1.2182866983964367  10.7378328476058016  11.7378328476058016
   6.1499998625367880   1.2131314202295016  10.7939713736181186  11.7939713736181186
   6.1599998623132706   1.2078604309164103  10.8516024586866155  11.8516024586866155
   6.1699998620897532   1.2026728701147231  10.9089548097636992  11.9089548097636992
   6.1799998618662357   1.1973603951719838  10.9679200640251224  11.9679200640251224
   6.1899998616427183   1.1921096921808125  11.0268110575262472  12.0268110575262472
   6.1999998614192009   1.1867231228386004  11.0874639466526421  12.0874639466526421
   6.2099998611956835   1.1814044272828230  11.1480010218143555  12.1480010218143555
   6.2199998609721661   1.1761002529204507  11.2089188166806437  12.2089188166806437
   6.2299998607486486   1.1706445087310069  11.2718191480809988  12.2718191480809988
   6.2399998605251312   1.1652793575444562  11.3343975718735788  12.3343975718735788
   6.2499998603016138   1.1598706140921902  11.3979523732235464  12.3979523732235464
   6.2599998600780964   1.1544705106082027  11.4619848055414000  12.4619848055414000
   6.2699998598545790   1.1489896316747377  11.5273961866650847  12.5273961866650847
   6.2799998596310616   1.1434965178216618  11.5935262960200411  12.5935262960200411
   6.2899998594075441   1.1379964594437624  11.6603364144097181  12.6603364144097181
   6.2999998591840267   1.1324774762958789  11.7279647808445961  12.7279647808445961
   6.3099998589605093   1.1269028762330251  11.7968139632538360  12.7968139632538360
   6.3199998587369919   1.1212496058441399  11.8671574491923142  12.8671574491923142
   6.3299998585134745   1.1156861980061343  11.9372253603778695  12.9372253603778695
   6.3399998582899570   1.1100061846495599  12.0092251205548823  13.0092251205548823
   6.3499998580664396   1.1043038189910419  12.0821732197643108  13.0821732197643108
   6.3599998578429222   1.0986399746299202  12.1554119339400071  13.1554119339400071
   6.3699998576194048   1.0929104944593320  12.2301065135062412  13.2301065135062412
   6.3799998573958874   1.0871944551956307  12.3054032492378944  13.3054032492378944
   6.3899998571723700   1.0814078426515508  12.3822756436581756  13.3822756436581756
   6.3999998569488525   1.0756182288705567  12.4599848601158811  13.4599848601158811
   6.4099998567253351   1.0697847641780616  12.5390200194739965  13.5390200194739965
   6.4199998565018177   1.0639802936075107  12.6185425413267502  13.6185425413267502
   6.4299998562783003   1.0580387620704723  12.7005406825727043  13.7005406825727043
   6.4399998560547829   1.0522465154774441  12.7816055491023732  13.7816055491023732
   6.4499998558312654   1.0462987946832012  12.8654383454926169  13.8654383454926169
   6.4599998556077480   1.0403438992870573  12.9502849100456583  13.9502849100456583
   6.4699998553842306   1.0343754958813385  13.0362513840465919  14.0362513840465919
   6.4799998551607132   1.0283824954817913  13.1235042525608137  14.1235042525608137
   6.4899998549371958   1.0223611652156617  13.2121144379630486  14.2121144379630486
   6.4999998547136784   1.0163160934987925  13.3020463546019574  14.3020463546019574
   6.5099998544901609   1.0102294431731966  13.3935601799952533  14.3935601799952533
   6.5199998542666435   1.0040983734516296  13.4867353850927287  14.4867353850927287
   6.5299998540431261   0.9980084543456336  13.5804561883679931  14.5804561883679931
   6.5399998538196087   0.9919113611332566  13.6753929161598275  14.6753929161598275
   6.5499998535960913   0.9856668455449267  13.7735326082483081  14.7735326082483081
   6.5599998533725739   0.9795164884282084  13.8715557352368695  14.8715557352368695
   6.5699998531490564   0.9732529604853255  13.9724036433810106  14.9724036433810106
   6.5799998529255390   0.9669335549782332  14.0753295845951722  15.0753295845951722
   6.5899998527020216   0.9606742331831644  14.1786830299185045  15.1786830299185045
   6.5999998524785042   0.9543274221445053  14.2846655522086881  15.2846655522086881
   6.6099998522549868   0.9479785312125060  14.3920660449007567  15.3920660449007567
   6.6199998520314693   0.9415202138890795  14.5025627540483537  15.5025627540483537
   6.6299998518079519   0.9351456011191850  14.6132298904204774  15.6132298904204774
   6.6399998515844345   0.9286679036045520  14.7269927695918117  15.7269927695918117
   6.6499998513609171   0.9222201837448196  14.8418140854424383  15.8418140854424383
   6.6599998511373997   0.9157279018070366  14.9589342948896533  15.9589342948896533
   6.6699998509138823   0.9092259530682991  15.0778530899263963  16.0778530899263963
   6.6799998506903648   0.9026633649179896  15.1994724017905600  16.1994724017905583
   6.6899998504668474   0.8961188229645831  15.3225202092034145  16.3225202092034145
   6.6999998502433300   0.8894856510607205  15.4488626464065923  16.4488626464065923
   6.7099998500198126   0.8828271592277552  15.5774957170469044  16.5774957170469044
   6.7199998497962952   0.8761648983467651  15.7081070489753412  16.7081070489753429
   6.7299998495727777   0.8694657429215678  15.8413573910375884  16.8413573910375867
   6.7399998493492603   0.8627270556921367  15.9773754954702021  16.9773754954702021
   6.7499998491257429   0.8559668697285225  16.1159026516277102  17.1159026516277102
   6.7599998489022255   0.8490962033030538  16.2587082663676306  17.2587082663676306
   6.7699998486787081   0.8422598672647474  16.4031228279444505  17.4031228279444505
   6.7799998484551907   0.8353616942862594  16.5510622280186332  17.5510622280186332
   6.7899998482316732   0.8284728497591232  16.7012093958266696  17.7012093958266696
   6.7999998480081558   0.8216321063979315  16.8528272252292304  17.8528272252292304
   6.8099998477846384   0.8146543889593918  17.0097973024391713  18.0097973024391713
   6.8199998475611210   0.8076730515379751  17.1695042222243153  18.1695042222243153
   6.8299998473376036   0.8006374664205396  17.3331158589978891  18.3331158589978891
   6.8399998471140862   0.7936569310829142  17.4983638241320776  18.4983638241320776
   6.8499998468905687   0.7865795933259516  17.6686825747111911  18.6686825747111911
   6.8599998466670513   0.7794739602111562  17.8427158555429202  18.8427158555429202
   6.8699998464435339   0.7722138713569695  18.0235043394158261  19.0235043394158261
   6.8799998462200165   0.7650806298602095  18.2046177359352974  19.2046177359352974
   6.8899998459964991   0.7578957082847211  18.3903107342264818  19.3903107342264818
   6.8999998457729816   0.7506223397986300  18.5817078298871579  19.5817078298871579
   6.9099998455494642   0.7433754643720167  18.7761561035021387  19.7761561035021387
   6.9199998453259468   0.7359878920463014  18.9779891522794486  19.9779891522794486
   6.9299998451024294   0.7286393565126090  19.1827840174021809  20.1827840174021809
   6.9399998448789120   0.7213557992657496  19.3899437296789365  20.3899437296789365
   6.9499998446553946   0.7139018700771746  19.6059912965466516  20.6059912965466516
   6.9599998444318771   0.7064420825691098  19.8267162374419108  20.8267162374419108
   6.9699998442083597   0.6988991174476293  20.0544443604487128  21.0544443604487128
   6.9799998439848423   0.6914671779104093  20.2837987277544620  21.2837987277544620
   6.9899998437613249   0.6839133753369673  20.5217368060764223  21.5217368060764223
   6.9999998435378075   0.6763355656238872  20.7656611418650634  21.7656611418650634
