   9.9999997764825821E-03   0.6464376943858681   0.6727356533863934   1.6727356533863933
   1.9999999552965164E-02   0.6834061803957494   1.0119174049534891   2.0119174049534889
   2.9999999329447746E-02   0.6350276511289704   1.5688768013189616   2.5688768013189613
   3.9999999105930328E-02   0.5749611504509580   2.1868007529538094   3.1868007529538094
   4.9999998882412910E-02   0.5479302428502903   2.6858401284547302   3.6858401284547302
   5.9999998658895493E-02   0.5392623484115149   3.0847791120571850   4.0847791120571850
   6.9999998435378075E-02   0.5270458861390861   3.5120432270852229   4.5120432270852229
   7.9999998211860657E-02   0.5079504229050085   4.0056555939693341   5.0056555939693341
   8.9999997988343239E-02   0.4857446119714588   4.5535678224069827   5.5535678224069827
   9.9999997764825821E-02   0.4649625122618013   5.1190436503747927   6.1190436503747927
   0.1099999975413084   0.4477465604202102   5.6716928901764412   6.6716928901764412
   0.1199999973177910   0.4338338450813177   6.2035267486863477   7.2035267486863477
   0.1299999970942736   0.4219344912631064   6.7240837717340609   7.7240837717340609
   0.1399999968707561   0.4107707342537115   7.2507218148260533   8.2507218148260524
   0.1499999966472387   0.3998533776941664   7.7921815087147150   8.7921815087147159
   0.1599999964237213   0.3892245618713641   8.3481397826027433   9.3481397826027433
   0.1699999962002039   0.3789967940951180   8.9162490356626787   9.9162490356626787
   0.1799999959766865   0.3692914669601346   9.4929055733585752  10.4929055733585752
   0.1899999957531691   0.3602064580064233  10.0739862826159179  11.0739862826159179
   0.1999999955296516   0.3517800981503423  10.6562098129459493  11.6562098129459493
   0.2099999953061342   0.3439881093572916  11.2377605236571760  12.2377605236571760
   0.2199999950826168   0.3367149560646707  11.8200256662202445  12.8200256662202445
   0.2299999948590994   0.3298362712656902  12.4056606894707340  13.4056606894707340
   0.2399999946355820   0.3232597336406497  12.9970419673355302  13.9970419673355302
   0.2499999944120646   0.3169756881176466  13.5935950369900240  14.5935950369900240
   0.2599999941885471   0.3109843049218570  14.1942517079558979  15.1942517079558979
   0.2699999939650297   0.3052665829587440  14.7987622811633752  15.7987622811633752
   0.2799999937415123   0.2997966639175784  15.4073415800701063  16.4073415800701063
   0.2899999935179949   0.2945500877705518  16.0203324117765256  17.0203324117765256
   0.2999999932944775   0.2895184723114070  16.6373095144616592  17.6373095144616592
   0.3099999930709600   0.2847036777313559  17.2572144248774002  18.2572144248774002
   0.3199999928474426   0.2801029274364266  17.8791796287428930  18.8791796287428930
   0.3299999926239252   0.2756949446711587  18.5035353325091485  19.5035353325091485
   0.3399999924004078   0.2714539978729489  19.1311328518674877  20.1311328518674877
   0.3499999921768904   0.2673563790784721  19.7629504287579820  20.7629504287579820
   0.3599999919533730   0.2633943559740182  20.3989433884004328  21.3989433884004328
   0.3699999917298555   0.2595677761354329  21.0384831419454699  22.0384831419454699
   0.3799999915063381   0.2558754820453659  21.6809780728245265  22.6809780728245265
   0.3899999912828207   0.2523082095259923  22.3265209534246623  23.3265209534246623
   0.3999999910593033   0.2488529233351366  22.9756448504756321  23.9756448504756321
   0.4099999908357859   0.2454969139606487  23.6290083068719419  24.6290083068719419
   0.4199999906122684   0.2422341522714682  24.2867358442722576  25.2867358442722576
   0.4299999903887510   0.2390646414606641  24.9483600323429151  25.9483600323429151
   0.4399999901652336   0.2359885675441840  25.6133579242640579  26.6133579242640579
   0.4499999899417162   0.2330031823532916  26.2814992600973092  27.2814992600973092
   0.4599999897181988   0.2301005749537293  26.9531707881885261  27.9531707881885261
   0.4699999894946814   0.2272723097791438  27.6289286589265473  28.6289286589265473
   0.4799999892711639   0.2245114522710638  28.3092546400198763  29.3092546400198763
   0.4899999890476465   0.2218166802460750  28.9939723476575573  29.9939723476575573
   0.4999999888241291   0.2191879830095038  29.6827215511759910  30.6827215511759910
   0.5099999886006117   0.2166251535242996  30.3751446034632941  31.3751446034632941
   0.5199999883770943   0.2141249260655886  31.0713062393194619  32.0713062393194619
   0.5299999881535769   0.2116816169577342  31.7716734132510972  32.7716734132511007
   0.5399999879300594   0.2092895029961364  32.4768101608389728  33.4768101608389728
   0.5499999877065420   0.2069448564549488  33.1870479149485718  34.1870479149485718
   0.5599999874830246   0.2046473039367092  33.9022058446514194  34.9022058446514194
   0.5699999872595072   0.2023967934535547  34.6220366450697981  35.6220366450697981
   0.5799999870359898   0.2001930154936327  35.3463214001898223  36.3463214001898223
   0.5899999868124723   0.1980335571253242  36.0752127231665227  37.0752127231665227
   0.5999999865889549   0.1959149782121576  36.8090925644732465  37.8090925644732465
   0.6099999863654375   0.1938338861480116  37.5483958691814266  38.5483958691814266
   0.6199999861419201   0.1917884849334452  38.2932952926635863  39.2932952926635863
   0.6299999859184027   0.1897787930487977  39.0436099178767719  40.0436099178767719
   0.6399999856948853   0.1878049272599229  39.7991231911516437  40.7991231911516437
   0.6499999854713678   0.1858666816859582  40.5596717799127404  41.5596717799127404
   0.6599999852478504   0.1839620356329128  41.3254906261758777  42.3254906261758777
   0.6699999850243330   0.1820883343843995  42.0969992151379486  43.0969992151379486
   0.6799999848008156   0.1802429909920304  42.8746575557319503  43.8746575557319503
   0.6899999845772982   0.1784247910599621  43.6586403608452400  44.6586403608452400
   0.6999999843537807   0.1766337894026542  44.4488186583239298  45.4488186583239298
   0.7099999841302633   0.1748700885575589  45.2450387632371758  46.2450387632371758
   0.7199999839067459   0.1731335204461439  46.0472050586071120  47.0472050586071120
   0.7299999836832285   0.1714228286596242  46.8555129846269338  47.8555129846269338
   0.7399999834597111   0.1697364832321338  47.6702609750081265  48.6702609750081265
   0.7499999832361937   0.1680730060376963  48.4917682195310675  49.4917682195310675
   0.7599999830126762   0.1664317061151728  49.3201522561241816  50.3201522561241816
   0.7699999827891588   0.1648125043935078  50.1553536970895593  51.1553536970895593
   0.7799999825656414   0.1632153370641234  50.9973019882561687  51.9973019882561687
   0.7899999823421240   0.1616397591424672  51.8460418355399213  52.8460418355399213
   0.7999999821186066   0.1600843400867795  52.7019480776247988  53.7019480776247988
   0.8099999818950891   0.1585474921882675  53.5654887578276515  54.5654887578276515
   0.8199999816715717   0.1570277288501192  54.4371440194789855  55.4371440194789855
   0.8299999814480543   0.1555246165032163  55.3170593974276557  56.3170593974276557
   0.8399999812245369   0.1540383470138700  56.2051583736408560  57.2051583736408560
   0.8499999810010195   0.1525691139953693  57.1013508564819290  58.1013508564819290
   0.8599999807775021   0.1511168156435065  58.0056465785615032  59.0056465785615032
   0.8699999805539846   0.1496809396968217  58.9182141668288963  59.9182141668288963
   0.8799999803304672   0.1482609436017643  59.8392481028538441  60.8392481028538441
   0.8899999801069498   0.1468563573189474  60.7689279890730063  61.7689279890730063
   0.8999999798834324   0.1454671363623543  61.7072634227542096  62.7072634227542096
   0.9099999796599150   0.1440933909941382  62.6541916277910502  63.6541916277910502
   0.9199999794363976   0.1427351454285262  63.6096772408020854  64.6096772408020854
   0.9299999792128801   0.1413915580445479  64.5740726795933995  65.5740726795933995
   0.9399999789893627   0.1400612874781313  65.5479953172723384  66.5479953172723384
   0.9499999787658453   0.1387429868172134  66.5321209844210699  67.5321209844210699
   0.9599999785423279   0.1374355101320166  67.5270844080899622  68.5270844080899622
   0.9699999783188105   0.1361382199625005  68.5333132538315652  69.5333132538315652
   0.9799999780952930   0.1348505591175986  69.5512235396320335  70.5512235396320335
   0.9899999778717756   0.1335723037396832  70.5810830859098957  71.5810830859098957
   0.9999999776482582   0.1323040325182863  71.6227374739021343  72.6227374739021343
   1.0099999774247408   0.1310464424787376  72.6759369708758669  73.6759369708758669
   1.0199999772012234   0.1298002719969720  73.7403701183471156  74.7403701183471156
   1.0299999769777060   0.1285669610427895  74.8152692913310204  75.8152692913310204
   1.0399999767541885   0.1273485354649750  75.8994284844127662  76.8994284844127662
   1.0499999765306711   0.1261467422230336  76.9916890224388197  77.9916890224388197
   1.0599999763071537   0.1249610403210006  78.0922098516282830  79.0922098516282830
   1.0699999760836363   0.1237898253347769  79.2018491592433946  80.2018491592433946
   1.0799999758601189   0.1226314861864317  80.3215538764457477  81.3215538764457477
   1.0899999756366014   0.1214839398767360  81.4526803019166863  82.4526803019166863
   1.0999999754130840   0.1203438294062433  82.5975935104418539  83.5975935104418539
   1.1099999751895666   0.1192076742057857  83.7589611239921936  84.7589611239921936
   1.1199999749660492   0.1180735338820789  84.9385784704877409  85.9385784704877409
   1.1299999747425318   0.1169407677387344  86.1374290946548626  87.1374290946548626
   1.1399999745190144   0.1158087758234316  87.3565292708710217  88.3565292708710217
   1.1499999742954969   0.1146774411965392  88.5965825289790700  89.5965825289790700
   1.1599999740719795   0.1135495922890168  89.8559680044731266  90.8559680044731266
   1.1699999738484621   0.1124290969208399  91.1320180345443447  92.1320180345443447
   1.1799999736249447   0.1113183078668953  92.4230324349193637  93.4230324349193637
   1.1899999734014273   0.1102181190357570  93.7283653442062956  94.7283653442062956
   1.1999999731779099   0.1091293652832537  95.0473452939898351  96.0473452939898351
   1.2099999729543924   0.1080525823243761  96.3794939945747444  97.3794939945747444
   1.2199999727308750   0.1069858203510723  97.7265719975224130  98.7265719975224130
   1.2299999725073576   0.1059259984674163  99.0915710544255575   1.0009157105442556E+02
   1.2399999722838402   0.1048712943219030   1.0047655092980924E+02   1.0147655092980924E+02
   1.2499999720603228   0.1038207540958851   1.0188289366673014E+02   1.0288289366673014E+02
   1.2599999718368053   0.1027734409139320   1.0331206754051985E+02   1.0431206754051985E+02
   1.2699999716132879   0.1017288001642243   1.0476525186090403E+02   1.0576525186090403E+02
   1.2799999713897705   0.1006887196324158   1.0624110148453626E+02   1.0724110148453626E+02
   1.2899999711662531   9.9655741448078317E-02   1.0773738079010680E+02   1.0873738079010680E+02
   1.2999999709427357   9.8631005845019715E-02   1.0925315109084124E+02   1.1025315109084124E+02
   1.3099999707192183   9.7615251382105583E-02   1.1078780978245825E+02   1.1178780978245825E+02
   1.3199999704957008   9.6609215979704288E-02   1.1234067238785828E+02   1.1334067238785828E+02
   1.3299999702721834   9.5613060504598835E-02   1.1391166025584835E+02   1.1491166025584835E+02
   1.3399999700486660   9.4625317882321980E-02   1.1550267395947080E+02   1.1650267395947080E+02
   1.3499999698251486   9.3644904767103299E-02   1.1711530616703874E+02   1.1811530616703874E+02
   1.3599999696016312   9.2671511280753904E-02   1.1875029074053603E+02   1.1975029074053603E+02
   1.3699999693781137   9.1704869802622824E-02   1.2040834901526195E+02   1.2140834901526195E+02
   1.3799999691545963   9.0744758961818661E-02   1.2209017956084679E+02   1.2309017956084679E+02
   1.3899999689310789   8.9791757553403073E-02   1.2379540490707167E+02   1.2479540490707167E+02
   1.3999999687075615   8.8846352531149364E-02   1.2552369809474683E+02   1.2652369809474683E+02
   1.4099999684840441   8.7906931684635481E-02   1.2727770704710743E+02   1.2827770704710741E+02
   1.4199999682605267   8.6971520790873669E-02   1.2906085024697052E+02   1.3006085024697052E+02
   1.4299999680370092   8.6038144393409510E-02   1.3087685138614879E+02   1.3187685138614879E+02
   1.4399999678134918   8.5104562169508569E-02   1.3273017643764047E+02   1.3373017643764047E+02
   1.4499999675899744   8.4168511513704303E-02   1.3462572829630659E+02   1.3562572829630659E+02
   1.4599999673664570   8.3230042926052406E-02   1.3656504723200621E+02   1.3756504723200621E+02
   1.4699999671429396   8.2289834713860088E-02   1.3854868966911951E+02   1.3954868966911951E+02
   1.4799999669194221   8.1348565189706790E-02   1.4057717797949121E+02   1.4157717797949121E+02
   1.4899999666959047   8.0407637870241189E-02   1.4264969922963675E+02   1.4364969922963675E+02
   1.4999999664723873   7.9471042970990169E-02   1.4476050926174489E+02   1.4576050926174489E+02
   1.5099999662488699   7.8542756070644870E-02   1.4690317114316144E+02   1.4790317114316144E+02
   1.5199999660253525   7.7626593707448066E-02   1.4907078860801153E+02   1.5007078860801153E+02
   1.5299999658018351   7.6726372417205368E-02   1.5125568205147630E+02   1.5225568205147630E+02
   1.5399999655783176   7.5844434078986112E-02   1.5345234787706806E+02   1.5445234787706806E+02
   1.5499999653548002   7.4976264947462568E-02   1.5566903843664196E+02   1.5666903843664196E+02
   1.5599999651312828   7.4113518627312303E-02   1.5792309674126059E+02   1.5892309674126059E+02
   1.5699999649077654   7.3247543805830873E-02   1.6023435870470897E+02   1.6123435870470897E+02
   1.5799999646842480   7.2369701783356888E-02   1.6262469093975471E+02   1.6362469093975471E+02
   1.5899999644607306   7.1474991568278412E-02   1.6510979708059219E+02   1.6610979708059219E+02
   1.5999999642372131   7.0570370012690731E-02   1.6767847049064437E+02   1.6867847049064437E+02
   1.6099999640136957   6.9667023678348983E-02   1.7030763313922412E+02   1.7130763313922412E+02
   1.6199999637901783   6.8776216252418365E-02   1.7297110959193972E+02   1.7397110959193972E+02
   1.6299999635666609   6.7908900827859497E-02   1.7564036407864498E+02   1.7664036407864498E+02
   1.6399999633431435   6.7067216791643958E-02   1.7830714359188340E+02   1.7930714359188340E+02
   1.6499999631196260   6.6240848559445453E-02   1.8099654574771458E+02   1.8199654574771458E+02
   1.6599999628961086   6.5418204221913356E-02   1.8374020157507175E+02   1.8474020157507175E+02
   1.6699999626725912   6.4587691915191314E-02   1.8657329992540852E+02   1.8757329992540852E+02
   1.6799999624490738   6.3740617966905333E-02   1.8952631840542810E+02   1.9052631840542810E+02
   1.6899999622255564   6.2882163944589564E-02   1.9259055695573065E+02   1.9359055695573065E+02
   1.6999999620020390   6.2021942504166816E-02   1.9574194744579856E+02   1.9674194744579856E+02
   1.7099999617785215   6.1169573352538364E-02   1.9895311546189390E+02   1.9995311546189390E+02
   1.7199999615550041   6.0333418404111328E-02   2.0219728568416559E+02   2.0319728568416559E+02
   1.7299999613314867   5.9508857989500896E-02   2.0548917067629557E+02   2.0648917067629557E+02
   1.7399999611079693   5.8683615397979949E-02   2.0887257086751828E+02   2.0987257086751828E+02
   1.7499999608844519   5.7845314998385078E-02   2.1239700726724334E+02   2.1339700726724334E+02
   1.7599999606609344   5.6983212156850982E-02   2.1611191941333649E+02   2.1711191941333649E+02
   1.7699999604374170   5.6105245280235749E-02   2.1999967045149037E+02   2.2099967045149037E+02
   1.7799999602138996   5.5231716984696533E-02   2.2398940975602537E+02   2.2498940975602537E+02
   1.7899999599903822   5.4383186338137435E-02   2.2799876632948070E+02   2.2899876632948070E+02
   1.7999999597668648   5.3576774421015827E-02   2.3194883279528676E+02   2.3294883279528676E+02
   1.8099999595433474   5.2801995309389227E-02   2.3587433500695346E+02   2.3687433500695346E+02
   1.8199999593198299   5.2032658249471453E-02   2.3988791672956916E+02   2.4088791672956916E+02
   1.8299999590963125   5.1242204171925820E-02   2.4411894663232621E+02   2.4511894663232621E+02
   1.8399999588727951   5.0412409406987990E-02   2.4867303360478141E+02   2.4967303360478141E+02
   1.8499999586492777   4.9557339776928444E-02   2.5350527260379928E+02   2.5450527260379928E+02
   1.8599999584257603   4.8703371794784900E-02   2.5849758534489592E+02   2.5949758534489592E+02
   1.8699999582022429   4.7876372964122282E-02   2.6351554328189212E+02   2.6451554328189212E+02
   1.8799999579787254   4.7086264571717606E-02   2.6849511459803063E+02   2.6949511459803063E+02
   1.8899999577552080   4.6320831768358772E-02   2.7349455526527055E+02   2.7449455526527055E+02
   1.8999999575316906   4.5563925130963412E-02   2.7860554699206614E+02   2.7960554699206614E+02
   1.9099999573081732   4.4802707615726689E-02   2.8391223882195652E+02   2.8491223882195652E+02
   1.9199999570846558   4.4034136816671676E-02   2.8944644961019657E+02   2.9044644961019657E+02
   1.9299999568611383   4.3255230960530966E-02   2.9524364603101168E+02   2.9624364603101168E+02
   1.9399999566376209   4.2462802368188335E-02   3.0134532766996000E+02   3.0234532766996000E+02
   1.9499999564141035   4.1655481586397869E-02   3.0778508031308428E+02   3.0878508031308428E+02
   1.9599999561905861   4.0843778393684360E-02   3.1450892117466600E+02   3.1550892117466600E+02
   1.9699999559670687   4.0044089646903203E-02   3.2140439258478574E+02   3.2240439258478574E+02
   1.9799999557435513   3.9265043021014634E-02   3.2840318514708787E+02   3.2940318514708787E+02
   1.9899999555200338   3.8497785764000980E-02   3.3557742095682920E+02   3.3657742095682920E+02
   1.9999999552965164   3.7719474588218560E-02   3.4313908505871541E+02   3.4413908505871541E+02
   2.0099999550729990   3.6920168512491358E-02   3.5121436583649046E+02   3.5221436583649046E+02
   2.0199999548494816   3.6114607887720140E-02   3.5970481453720407E+02   3.6070481453720407E+02
   2.0299999546259642   3.5334116182720976E-02   3.6831634748149298E+02   3.6931634748149298E+02
   2.0399999544024467   3.4590716137987698E-02   3.7690708345482716E+02   3.7790708345482716E+02
   2.0499999541789293   3.3861145133155190E-02   3.8571204421254419E+02   3.8671204421254419E+02
   2.0599999539554119   3.3104365109176470E-02   3.9522398134745924E+02   3.9622398134745924E+02
   2.0699999537318945   3.2305984672630572E-02   4.0569766492584569E+02   4.0669766492584569E+02
   2.0799999535083771   3.1491586228781898E-02   4.1690919031634093E+02   4.1790919031634093E+02
   2.0899999532848597   3.0708804861779626E-02   4.2826911524412958E+02   4.2926911524412958E+02
   2.0999999530613422   2.9971721729152634E-02   4.3954580084335987E+02   4.4054580084335987E+02
   2.1099999528378248   2.9257485856017951E-02   4.5103172955346179E+02   4.5203172955346179E+02
   2.1199999526143074   2.8517187189672555E-02   4.6350942828123851E+02   4.6450942828123851E+02
   2.1299999523907900   2.7741468339721465E-02   4.7725547810424365E+02   4.7825547810424365E+02
   2.1399999521672726   2.6950856630948650E-02   4.9205927293538258E+02   4.9305927293538258E+02
   2.1499999519437551   2.6178815408682610E-02   5.0739187841686908E+02   5.0839187841686908E+02
   2.1599999517202377   2.5421367383184901E-02   5.2334872405891804E+02   5.2434872405891804E+02
   2.1699999514967203   2.4660777035160564E-02   5.4034679388167808E+02   5.4134679388167808E+02
   2.1799999512732029   2.3897158869747415E-02   5.5848969666042967E+02   5.5948969666042967E+02
   2.1899999510496855   2.3146908592700299E-02   5.7748885512736422E+02   5.7848885512736422E+02
   2.1999999508261681   2.2410336846121481E-02   5.9738866241310006E+02   5.9838866241310006E+02
   2.2099999506026506   2.1670039042282596E-02   6.1874069356037535E+02   6.1974069356037535E+02
   2.2199999503791332   2.0917940696818960E-02   6.4195854352881213E+02   6.4295854352881213E+02
   2.2299999501556158   2.0165657162142026E-02   6.6690648669907148E+02   6.6790648669907148E+02
   2.2399999499320984   1.9423517640460020E-02   6.9341626844857524E+02   6.9441626844857524E+02
   2.2499999497085810   1.8681939626228328E-02   7.2200108777661990E+02   7.2300108777661990E+02
   2.2599999494850636   1.7921413438040545E-02   7.5373623402691021E+02   7.5473623402691021E+02
   2.2699999492615461   1.7143980781490598E-02   7.8905256080853439E+02   7.9005256080853439E+02
   2.2799999490380287   1.6388009541250526E-02   8.2662950256231034E+02   8.2762950256231034E+02
   2.2899999488145113   1.5680148482008605E-02   8.6516634717352952E+02   8.6616634717352952E+02
   2.2999999485909939   1.4991946073534379E-02   9.0614651679059057E+02   9.0714651679059057E+02
   2.3099999483674765   1.4281585092382088E-02   9.5253653663696878E+02   9.5353653663696878E+02
   2.3199999481439590   1.3531862153470797E-02   1.0066925844197789E+03   1.0076925844197789E+03
   2.3299999479204416   1.2758659048811793E-02   1.0691525106233125E+03   1.0701525106233125E+03
   2.3399999476969242   1.2012318389768240E-02   1.1371085982298548E+03   1.1381085982298548E+03
   2.3499999474734068   1.1306154248639899E-02   1.2097414114557064E+03   1.2107414114557064E+03
   2.3599999472498894   1.0568750236169322E-02   1.2958572639855518E+03   1.2968572639855518E+03
   2.3699999470263720   9.7751929485117017E-03   1.4028867514794463E+03   1.4038867514794463E+03
   2.3799999468028545   9.0138382607740652E-03   1.5233472562209527E+03   1.5243472562209527E+03
   2.3899999465793371   8.3119036663621415E-03   1.6541061321709942E+03   1.6551061321709942E+03
   2.3999999463558197   7.6023867697934122E-03   1.8107725923881228E+03   1.8117725923881228E+03
   2.4099999461323023   6.8693710347105252E-03   2.0065083074080555E+03   2.0075083074080555E+03
   2.4199999459087849   6.1266693762807023E-03   2.2525341897422127E+03   2.2535341897422127E+03
   2.4299999456852674   5.4055149398752889E-03   2.5561781071841556E+03   2.5571781071841556E+03
   2.4399999454617500   4.7355022083070963E-03   2.9213904427813482E+03   2.9223904427813482E+03
   2.4499999452382326   3.9946001891415506E-03   3.4674120257926065E+03   3.4684120257926065E+03
   2.4599999450147152   3.1701066236617947E-03   4.3744422176278940E+03   4.3754422176278940E+03
   2.4699999447911978   2.4792162671136708E-03   5.6000641337664947E+03   5.6010641337664947E+03
   2.4799999445676804   1.8451938658952116E-03   7.5330383440064297E+03   7.5340383440064297E+03
   2.4899999443441629   1.0817407853842553E-03   1.2864381369148621E+04   1.2865381369148621E+04
   2.4999999441206455   3.4522458515162668E-04   4.0355762652393358E+04   4.0356762652393358E+04
   2.5099999438971281   3.2187855746634852E-04   4.3331659265129201E+04   4.3330659265129201E+04
   2.5199999436736107   1.0408072615959441E-03   1.3415649189882181E+04   1.3414649189882181E+04
   2.5299999434500933   1.8205829779862626E-03   7.6780564403421968E+03   7.6770564403421968E+03
   2.5399999432265759   2.5844873244746935E-03   5.4145512924512268E+03   5.4135512924512268E+03
   2.5499999430030584   3.2511821363812032E-03   4.3088837652675247E+03   4.3078837652675247E+03
   2.5599999427795410   3.9813913908250953E-03   3.5223706495132797E+03   3.5213706495132797E+03
   2.5699999425560236   4.7586261222729576E-03   2.9501746251060481E+03   2.9491746251060481E+03
   2.5799999423325062   5.4814051808644848E-03   2.5638418448676407E+03   2.5628418448676407E+03
   2.5899999421089888   6.2006053614300782E-03   2.2688073791683814E+03   2.2678073791683814E+03
   2.5999999418854713   6.8961473179065536E-03   2.0420631849197248E+03   2.0410631849197248E+03
   2.6099999416619539   7.5950048432975592E-03   1.8560362855409192E+03   1.8550362855409192E+03
   2.6199999414384365   8.2814159116040287E-03   1.7038941566968438E+03   1.7028941566968438E+03
   2.6299999412149191   8.9859031819745638E-03   1.5718585319381298E+03   1.5708585319381298E+03
   2.6399999409914017   9.7765697823124498E-03   1.4461514431091016E+03   1.4451514431091016E+03
   2.6499999407678843   1.0499154399331800E-02   1.3479251957076583E+03   1.3469251957076583E+03
   2.6599999405443668   1.1258728912009630E-02   1.2581847450759146E+03   1.2571847450759146E+03
   2.6699999403208494   1.1922369976662850E-02   1.1892675934217552E+03   1.1882675934217552E+03
   2.6799999400973320   1.2656970302378667E-02   1.1212849634126478E+03   1.1202849634126478E+03
   2.6899999398738146   1.3324897315010631E-02   1.0660568617931081E+03   1.0650568617931081E+03
   2.6999999396502972   1.4060529414880563E-02   1.0112007258021299E+03   1.0102007258021299E+03
   2.7099999394267797   1.4863337010002198E-02   9.5744449283284848E+02   9.5644449283284848E+02
   2.7199999392032623   1.5500170205228869E-02   9.1891920028238337E+02   9.1791920028238337E+02
   2.7299999389797449   1.6208849883554421E-02   8.7951208583965422E+02   8.7851208583965422E+02
   2.7399999387562275   1.6946539275126682E-02   8.4195415309185705E+02   8.4095415309185705E+02
   2.7499999385327101   1.7662059485177295E-02   8.0853465756316132E+02   8.0753465756316132E+02
   2.7599999383091927   1.8353580790138935E-02   7.7872841164463512E+02   7.7772841164463512E+02
   2.7699999380856752   1.9157512970989998E-02   7.4667381329976888E+02   7.4567381329976888E+02
   2.7799999378621578   1.9833801965424058E-02   7.2180379337443549E+02   7.2080379337443549E+02
   2.7899999376386404   2.0551870434704966E-02   6.9715153755027472E+02   6.9615153755027472E+02
   2.7999999374151230   2.1277828630282158E-02   6.7390394844645414E+02   6.7290394844645414E+02
   2.8099999371916056   2.2053163791310837E-02   6.5072699927155600E+02   6.4972699927155600E+02
   2.8199999369680882   2.2749970743614512E-02   6.3128777988768820E+02   6.3028777988768820E+02
   2.8299999367445707   2.3510190446435431E-02   6.1134424013334501E+02   6.1034424013334501E+02
   2.8399999365210533   2.4204939630328326E-02   5.9424697901788647E+02   5.9324697901788647E+02
   2.8499999362975359   2.4823266168226610E-02   5.7987631868569758E+02   5.7887631868569758E+02
   2.8599999360740185   2.5564617767109610E-02   5.6347516511835045E+02   5.6247516511835045E+02
   2.8699999358505011   2.6343239697943943E-02   5.4722126455980663E+02   5.4622126455980663E+02
   2.8799999356269836   2.7057767592669535E-02   5.3315137645610764E+02   5.3215137645610764E+02
   2.8899999354034662   2.7727597233120349E-02   5.2064003641594741E+02   5.1964003641594741E+02
   2.8999999351799488   2.8454794270265538E-02   5.0768718831086267E+02   5.0668718831086267E+02
   2.9099999349564314   2.9121939702793753E-02   4.9639576405899038E+02   4.9539576405899038E+02
   2.9199999347329140   2.9905350431311817E-02   4.8372153963099896E+02   4.8272153963099896E+02
   2.9299999345093966   3.0563496228818821E-02   4.7361898154223900E+02   4.7261898154223900E+02
   2.9399999342858791   3.1358376253733056E-02   4.6191713985988861E+02   4.6091713985988861E+02
   2.9499999340623617   3.2042238074103224E-02   4.5235046935651627E+02   4.5135046935651627E+02
   2.9599999338388443   3.2792930449259572E-02   4.4227616665163623E+02   4.4127616665163623E+02
   2.9699999336153269   3.3524842316932535E-02   4.3289089665859530E+02   4.3189089665859530E+02
   2.9799999333918095   3.4103892437716610E-02   4.2580184902998315E+02   4.2480184902998315E+02
   2.9899999331682920   3.4961162051605044E-02   4.1561464388621118E+02   4.1461464388621118E+02
   2.9999999329447746   3.5657837867306696E-02   4.0773678993624577E+02   4.0673678993624577E+02
   3.0099999327212572   3.6368675515968008E-02   4.0000177665083521E+02   3.9900177665083521E+02
   3.0199999324977398   3.7064036250681553E-02   3.9272442827536236E+02   3.9172442827536236E+02
   3.0299999322742224   3.7761653401389594E-02   3.8568590164026983E+02   3.8468590164026983E+02
   3.0399999320507050   3.8503568879878713E-02   3.7846503331676672E+02   3.7746503331676672E+02
   3.0499999318271875   3.9202421717490665E-02   3.7192043085951548E+02   3.7092043085951548E+02
   3.0599999316036701   3.9945664762322863E-02   3.6519828665586579E+02   3.6419828665586579E+02
   3.0699999313801527   4.0636654249997406E-02   3.5917743863541108E+02   3.5817743863541108E+02
   3.0799999311566353   4.1363954035672279E-02   3.5304440820186346E+02   3.5204440820186346E+02
   3.0899999309331179   4.2096704620313119E-02   3.4707527277303444E+02   3.4607527277303444E+02
   3.0999999307096004   4.2777500187032302E-02   3.4172175603361899E+02   3.4072175603361899E+02
   3.1099999304860830   4.3510499941888270E-02   3.3612849898617401E+02   3.3512849898617401E+02
   3.1199999302625656   4.4274366799168519E-02   3.3048788544845718E+02   3.2948788544845718E+02
   3.1299999300390482   4.4954229803410684E-02   3.2564202643670887E+02   3.2464202643670887E+02
   3.1399999298155308   4.5766178142924829E-02   3.2001389850281538E+02   3.1901389850281538E+02
   3.1499999295920134   4.6420944584701473E-02   3.1564168147964318E+02   3.1464168147964318E+02
   3.1599999293684959   4.7151159019115596E-02   3.1088984020839746E+02   3.0988984020839746E+02
   3.1699999291449785   4.7861739533773928E-02   3.0640670840308331E+02   3.0540670840308331E+02
   3.1799999289214611   4.8522210315057990E-02   3.0236287521147256E+02   3.0136287521147256E+02
   3.1899999286979437   4.9342506083641879E-02   2.9745975568694985E+02   2.9645975568694985E+02
   3.1999999284744263   5.0025171358633713E-02   2.9351885619083953E+02   2.9251885619083953E+02
   3.2099999282509089   5.0824055165110238E-02   2.8901908820058270E+02   2.8801908820058270E+02
   3.2199999280273914   5.1508487646364287E-02   2.8528807282762943E+02   2.8428807282762943E+02
   3.2299999278038740   5.2286795071067260E-02   2.8114729990658827E+02   2.8014729990658827E+02
   3.2399999275803566   5.2983200402493935E-02   2.7755382123405781E+02   2.7655382123405781E+02
   3.2499999273568392   5.3673329223345334E-02   2.7408129309202286E+02   2.7308129309202286E+02
   3.2599999271333218   5.4420654498327892E-02   2.7041114631386034E+02   2.6941114631386034E+02
   3.2699999269098043   5.5136645924484640E-02   2.6698986897153799E+02   2.6598986897153799E+02
   3.2799999266862869   5.5821567747582179E-02   2.6380032854372291E+02   2.6280032854372291E+02
   3.2899999264627695   5.6536548599531500E-02   2.6054728881227243E+02   2.5954728881227243E+02
   3.2999999262392521   5.7352238419744239E-02   2.5692183220579568E+02   2.5592183220579568E+02
   3.3099999260157347   5.8050025024250829E-02   2.5390973657986558E+02   2.5290973657986558E+02
   3.3199999257922173   5.8746102054925586E-02   2.5097424529005892E+02   2.4997424529005892E+02
   3.3299999255686998   5.9483295968373540E-02   2.4793335488045585E+02   2.4693335488045585E+02
   3.3399999253451824   6.0253410563458232E-02   2.4483200528069176E+02   2.4383200528069176E+02
   3.3499999251216650   6.0952987150812987E-02   2.4208552998889024E+02   2.4108552998889024E+02
   3.3599999248981476   6.1664958268027092E-02   2.3935064972756342E+02   2.3835064972756342E+02
   3.3699999246746302   6.2470329770162536E-02   2.3632388797383859E+02   2.3532388797383859E+02
   3.3799999244511127   6.3199964301333011E-02   2.3365121239012907E+02   2.3265121239012907E+02
   3.3899999242275953   6.3876962157692674E-02   2.3122594128882238E+02   2.3022594128882238E+02
   3.3999999240040779   6.4679438902402353E-02   2.2840784220227300E+02   2.2740784220227300E+02
   3.4099999237805605   6.5340321404695700E-02   2.2614371068150052E+02   2.2514371068150052E+02
   3.4199999235570431   6.6063007352584080E-02   2.2371507673687148E+02   2.2271507673687148E+02
   3.4299999233335257   6.6845591825266837E-02   2.2113777767773649E+02   2.2013777767773649E+02
   3.4399999231100082   6.7551885343487328E-02   2.1886497517618196E+02   2.1786497517618196E+02
   3.4499999228864908   6.8336519398359385E-02   2.1638976457809289E+02   2.1538976457809289E+02
   3.4599999226629734   6.9023436700735630E-02   2.1427108856456812E+02   2.1327108856456812E+02
   3.4699999224394560   6.9812592198504220E-02   2.1188172643509390E+02   2.1088172643509390E+02
   3.4799999222159386   7.0612884996599234E-02   2.0951138286066859E+02   2.0851138286066859E+02
   3.4899999219924212   7.1301664988572711E-02   2.0751551430925446E+02   2.0651551430925446E+02
   3.4999999217689037   0.8917862208701965  16.5937174927963440  15.5937174927963422
