398 19
0.110000E-01  0.103741E+02
0.160000E-01  0.151005E+02
0.210000E-01  0.198304E+02
0.260000E-01  0.245633E+02
0.310000E-01  0.292989E+02
0.360000E-01  0.340371E+02
0.410000E-01  0.387779E+02
0.460000E-01  0.435214E+02
0.510000E-01  0.482679E+02
0.560000E-01  0.530175E+02
0.610000E-01  0.577704E+02
0.660000E-01  0.625270E+02
0.710000E-01  0.672874E+02
0.760000E-01  0.720520E+02
0.810000E-01  0.768211E+02
0.860000E-01  0.815949E+02
0.910000E-01  0.863738E+02
0.960000E-01  0.911579E+02
0.101000E+00  0.959478E+02
0.106000E+00  0.100743E+03
0.111000E+00  0.105546E+03
0.116000E+00  0.110354E+03
0.121000E+00  0.115169E+03
0.126000E+00  0.119992E+03
0.131000E+00  0.124822E+03
0.136000E+00  0.129660E+03
0.141000E+00  0.134505E+03
0.146000E+00  0.139359E+03
0.151000E+00  0.144221E+03
0.156000E+00  0.149092E+03
0.161000E+00  0.153972E+03
0.166000E+00  0.158861E+03
0.171000E+00  0.163760E+03
0.176000E+00  0.168669E+03
0.181000E+00  0.173588E+03
0.186000E+00  0.178517E+03
0.191000E+00  0.183457E+03
0.196000E+00  0.188407E+03
0.201000E+00  0.193369E+03
0.206000E+00  0.198341E+03
0.211000E+00  0.203326E+03
0.216000E+00  0.208321E+03
0.221000E+00  0.213329E+03
0.226000E+00  0.218348E+03
0.231000E+00  0.223381E+03
0.236000E+00  0.228425E+03
0.241000E+00  0.233482E+03
0.246000E+00  0.238552E+03
0.251000E+00  0.243635E+03
0.256000E+00  0.248732E+03
0.261000E+00  0.253842E+03
0.266000E+00  0.258966E+03
0.271000E+00  0.264103E+03
0.276000E+00  0.269255E+03
0.281000E+00  0.274420E+03
0.286000E+00  0.279600E+03
0.291000E+00  0.284796E+03
0.296000E+00  0.290004E+03
0.301000E+00  0.295229E+03
0.306000E+00  0.300467E+03
0.311000E+00  0.305721E+03
0.316000E+00  0.310992E+03
0.321000E+00  0.316276E+03
0.326000E+00  0.321578E+03
0.331000E+00  0.326895E+03
0.336000E+00  0.332227E+03
0.341000E+00  0.337576E+03
0.346000E+00  0.342940E+03
0.351000E+00  0.348320E+03
0.356000E+00  0.353718E+03
0.361000E+00  0.359133E+03
0.366000E+00  0.364564E+03
0.371000E+00  0.370011E+03
0.376000E+00  0.375475E+03
0.381000E+00  0.380958E+03
0.386000E+00  0.386456E+03
0.391000E+00  0.391973E+03
0.396000E+00  0.397507E+03
0.401000E+00  0.403059E+03
0.406000E+00  0.408628E+03
0.411000E+00  0.414214E+03
0.416000E+00  0.419820E+03
0.421000E+00  0.425442E+03
0.426000E+00  0.431084E+03
0.431000E+00  0.436744E+03
0.436000E+00  0.442421E+03
0.441000E+00  0.448117E+03
0.446000E+00  0.453832E+03
0.451000E+00  0.459564E+03
0.456000E+00  0.465318E+03
0.461000E+00  0.471087E+03
0.466000E+00  0.476878E+03
0.471000E+00  0.482684E+03
0.476000E+00  0.488513E+03
0.481000E+00  0.494360E+03
0.486000E+00  0.500226E+03
0.491000E+00  0.506111E+03
0.496000E+00  0.512015E+03
0.501000E+00  0.517942E+03
0.506000E+00  0.523885E+03
0.511000E+00  0.529851E+03
0.516000E+00  0.535832E+03
0.521000E+00  0.541836E+03
0.526000E+00  0.547861E+03
0.531000E+00  0.553904E+03
0.536000E+00  0.559968E+03
0.541000E+00  0.566051E+03
0.546000E+00  0.572154E+03
0.551000E+00  0.578277E+03
0.556000E+00  0.584425E+03
0.561000E+00  0.590588E+03
0.566000E+00  0.596776E+03
0.571000E+00  0.602979E+03
0.576000E+00  0.609207E+03
0.581000E+00  0.615456E+03
0.586000E+00  0.621725E+03
0.591000E+00  0.628009E+03
0.596000E+00  0.634319E+03
0.601000E+00  0.640649E+03
0.606000E+00  0.647006E+03
0.611000E+00  0.653377E+03
0.616000E+00  0.659770E+03
0.621000E+00  0.666183E+03
0.626000E+00  0.672623E+03
0.631000E+00  0.679077E+03
0.636000E+00  0.685559E+03
0.641000E+00  0.692062E+03
0.646000E+00  0.698579E+03
0.651000E+00  0.705124E+03
0.656000E+00  0.711690E+03
0.661000E+00  0.718277E+03
0.666000E+00  0.724886E+03
0.671000E+00  0.731516E+03
0.676000E+00  0.738167E+03
0.681000E+00  0.744839E+03
0.686000E+00  0.751533E+03
0.691000E+00  0.758256E+03
0.696000E+00  0.764993E+03
0.701000E+00  0.771751E+03
0.706000E+00  0.778538E+03
0.711000E+00  0.785340E+03
0.716000E+00  0.792171E+03
0.721000E+00  0.799016E+03
0.726000E+00  0.805890E+03
0.731000E+00  0.812786E+03
0.736000E+00  0.819705E+03
0.741000E+00  0.826645E+03
0.746000E+00  0.833599E+03
0.751000E+00  0.840583E+03
0.756000E+00  0.847589E+03
0.761000E+00  0.854625E+03
0.766000E+00  0.861675E+03
0.771000E+00  0.868748E+03
0.776000E+00  0.875843E+03
0.781000E+00  0.882959E+03
0.786000E+00  0.890107E+03
0.791000E+00  0.897268E+03
0.796000E+00  0.904452E+03
0.801000E+00  0.911667E+03
0.806000E+00  0.918895E+03
0.811000E+00  0.926155E+03
0.816000E+00  0.933428E+03
0.821000E+00  0.940733E+03
0.826000E+00  0.948060E+03
0.831000E+00  0.955410E+03
0.836000E+00  0.962773E+03
0.841000E+00  0.970168E+03
0.846000E+00  0.977586E+03
0.851000E+00  0.985027E+03
0.856000E+00  0.992490E+03
0.861000E+00  0.999977E+03
0.866000E+00  0.100749E+04
0.871000E+00  0.101502E+04
0.876000E+00  0.102257E+04
0.881000E+00  0.103015E+04
0.886000E+00  0.103776E+04
0.891000E+00  0.104538E+04
0.896000E+00  0.105303E+04
0.901000E+00  0.106070E+04
0.906000E+00  0.106840E+04
0.911000E+00  0.107612E+04
0.916000E+00  0.108387E+04
0.921000E+00  0.109163E+04
0.926000E+00  0.109942E+04
0.931000E+00  0.110723E+04
0.936000E+00  0.111507E+04
0.941000E+00  0.112292E+04
0.946000E+00  0.113081E+04
0.951000E+00  0.113872E+04
0.956000E+00  0.114666E+04
0.961000E+00  0.115460E+04
0.966000E+00  0.116259E+04
0.971000E+00  0.117059E+04
0.976000E+00  0.117862E+04
0.981000E+00  0.118667E+04
0.986000E+00  0.119474E+04
0.991000E+00  0.120284E+04
0.996000E+00  0.121096E+04
0.100100E+01  0.121911E+04
0.100600E+01  0.122728E+04
0.101100E+01  0.123547E+04
0.101600E+01  0.124369E+04
0.102100E+01  0.125192E+04
0.102600E+01  0.126020E+04
0.103100E+01  0.126849E+04
0.103600E+01  0.127680E+04
0.104100E+01  0.128513E+04
0.104600E+01  0.129350E+04
0.105100E+01  0.130188E+04
0.105600E+01  0.131030E+04
0.106100E+01  0.131873E+04
0.106600E+01  0.132719E+04
0.107100E+01  0.133567E+04
0.107600E+01  0.134418E+04
0.108100E+01  0.135270E+04
0.108600E+01  0.136126E+04
0.109100E+01  0.136983E+04
0.109600E+01  0.137844E+04
0.110100E+01  0.138707E+04
0.110600E+01  0.139571E+04
0.111100E+01  0.140439E+04
0.111600E+01  0.141310E+04
0.112100E+01  0.142183E+04
0.112600E+01  0.143056E+04
0.113100E+01  0.143934E+04
0.113600E+01  0.144814E+04
0.114100E+01  0.145696E+04
0.114600E+01  0.146581E+04
0.115100E+01  0.147468E+04
0.115600E+01  0.148358E+04
0.116100E+01  0.149250E+04
0.116600E+01  0.150144E+04
0.117100E+01  0.151041E+04
0.117600E+01  0.151940E+04
0.118100E+01  0.152841E+04
0.118600E+01  0.153745E+04
0.119100E+01  0.154652E+04
0.119600E+01  0.155560E+04
0.120100E+01  0.156473E+04
0.120600E+01  0.157387E+04
0.121100E+01  0.158303E+04
0.121600E+01  0.159221E+04
0.122100E+01  0.160144E+04
0.122600E+01  0.161067E+04
0.123100E+01  0.161993E+04
0.123600E+01  0.162923E+04
0.124100E+01  0.163853E+04
0.124600E+01  0.164786E+04
0.125100E+01  0.165723E+04
0.125600E+01  0.166661E+04
0.126100E+01  0.167603E+04
0.126600E+01  0.168546E+04
0.127100E+01  0.169493E+04
0.127600E+01  0.170440E+04
0.128100E+01  0.171392E+04
0.128600E+01  0.172346E+04
0.129100E+01  0.173301E+04
0.129600E+01  0.174260E+04
0.130100E+01  0.175219E+04
0.130600E+01  0.176183E+04
0.131100E+01  0.177150E+04
0.131600E+01  0.178119E+04
0.132100E+01  0.179088E+04
0.132600E+01  0.180062E+04
0.133100E+01  0.181038E+04
0.133600E+01  0.182016E+04
0.134100E+01  0.182995E+04
0.134600E+01  0.183979E+04
0.135100E+01  0.184965E+04
0.135600E+01  0.185953E+04
0.136100E+01  0.186944E+04
0.136600E+01  0.187937E+04
0.137100E+01  0.188933E+04
0.137600E+01  0.189931E+04
0.138100E+01  0.190932E+04
0.138600E+01  0.191935E+04
0.139100E+01  0.192941E+04
0.139600E+01  0.193949E+04
0.140100E+01  0.194959E+04
0.140600E+01  0.195972E+04
0.141100E+01  0.196987E+04
0.141600E+01  0.198005E+04
0.142100E+01  0.199025E+04
0.142600E+01  0.200048E+04
0.143100E+01  0.201076E+04
0.143600E+01  0.202103E+04
0.144100E+01  0.203133E+04
0.144600E+01  0.204166E+04
0.145100E+01  0.205201E+04
0.145600E+01  0.206241E+04
0.146100E+01  0.207281E+04
0.146600E+01  0.208323E+04
0.147100E+01  0.209368E+04
0.147600E+01  0.210418E+04
0.148100E+01  0.211467E+04
0.148600E+01  0.212519E+04
0.149100E+01  0.213577E+04
0.149600E+01  0.214634E+04
0.150100E+01  0.215696E+04
0.150600E+01  0.216758E+04
0.151100E+01  0.217825E+04
0.151600E+01  0.218892E+04
0.152100E+01  0.219961E+04
0.152600E+01  0.221036E+04
0.153100E+01  0.222110E+04
0.153600E+01  0.223190E+04
0.154100E+01  0.224269E+04
0.154600E+01  0.225353E+04
0.155100E+01  0.226440E+04
0.155600E+01  0.227527E+04
0.156100E+01  0.228619E+04
0.156600E+01  0.229710E+04
0.157100E+01  0.230807E+04
0.157600E+01  0.231907E+04
0.158100E+01  0.233006E+04
0.158600E+01  0.234110E+04
0.159100E+01  0.235217E+04
0.159600E+01  0.236323E+04
0.160100E+01  0.237435E+04
0.160600E+01  0.238549E+04
0.161100E+01  0.239666E+04
0.161600E+01  0.240782E+04
0.162100E+01  0.241904E+04
0.162600E+01  0.243028E+04
0.163100E+01  0.244155E+04
0.163600E+01  0.245284E+04
0.164100E+01  0.246412E+04
0.164600E+01  0.247546E+04
0.165100E+01  0.248683E+04
0.165600E+01  0.249822E+04
0.166100E+01  0.250964E+04
0.166600E+01  0.252108E+04
0.167100E+01  0.253254E+04
0.167600E+01  0.254403E+04
0.168100E+01  0.255555E+04
0.168600E+01  0.256709E+04
0.169100E+01  0.257866E+04
0.169600E+01  0.259025E+04
0.170100E+01  0.260186E+04
0.170600E+01  0.261350E+04
0.171100E+01  0.262516E+04
0.171600E+01  0.263685E+04
0.172100E+01  0.264857E+04
0.172600E+01  0.266031E+04
0.173100E+01  0.267207E+04
0.173600E+01  0.268386E+04
0.174100E+01  0.269567E+04
0.174600E+01  0.270751E+04
0.175100E+01  0.271937E+04
0.175600E+01  0.273130E+04
0.176100E+01  0.274321E+04
0.176600E+01  0.275515E+04
0.177100E+01  0.276711E+04
0.177600E+01  0.277910E+04
0.178100E+01  0.279111E+04
0.178600E+01  0.280319E+04
0.179100E+01  0.281525E+04
0.179600E+01  0.282734E+04
0.180100E+01  0.283945E+04
0.180600E+01  0.285163E+04
0.181100E+01  0.286379E+04
0.181600E+01  0.287597E+04
0.182100E+01  0.288823E+04
0.182600E+01  0.290046E+04
0.183100E+01  0.291272E+04
0.183600E+01  0.292505E+04
0.184100E+01  0.293736E+04
0.184600E+01  0.294970E+04
0.185100E+01  0.296210E+04
0.185600E+01  0.297448E+04
0.186100E+01  0.298689E+04
0.186600E+01  0.299937E+04
0.187100E+01  0.301183E+04
0.187600E+01  0.302436E+04
0.188100E+01  0.303687E+04
0.188600E+01  0.304945E+04
0.189100E+01  0.306201E+04
0.189600E+01  0.307463E+04
0.190100E+01  0.308724E+04
0.190600E+01  0.309992E+04
0.191100E+01  0.311258E+04
0.191600E+01  0.312531E+04
0.192100E+01  0.313802E+04
0.192600E+01  0.315080E+04
0.193100E+01  0.316356E+04
0.193600E+01  0.317638E+04
0.194100E+01  0.318919E+04
0.194600E+01  0.320207E+04
0.195100E+01  0.321497E+04
0.195600E+01  0.322786E+04
0.196100E+01  0.324081E+04
0.196600E+01  0.325374E+04
0.197100E+01  0.326675E+04
0.197600E+01  0.327978E+04
0.198100E+01  0.329279E+04
0.198600E+01  0.330586E+04
0.199100E+01  0.331897E+04
0.199600E+01  0.333205E+04
