  Quality of energy fit:
  Number of terms in polynomial expansion:          19
           1   10.1847240152550     
           2  -104.495938744561     
           3   378.176017631617     
           4   388.322247697079     
           5   222.875310002357     
           6   89.3092887566947     
           7   35.9309201792717     
           8   39.3649005848301     
           9   61.6839344518927     
          10   74.2224743307957     
          11   63.8956810173046     
          12   32.1275751573516     
          13  -9.02148851373955     
          14  -41.9497245665939     
          15  -49.6872344646816     
          16  -23.6938591359519     
          17   25.7683684586845     
          18   55.3961900178412     
          19  -30.9437016235953     
CHISQ =      0.22245
 chi-square tolerance too high, try with more terms
 Density in [fm^-3]
 Energy and pressure in [MeVfm^-3]
 Incompressibility in [MeV]
 Density, e-fitted, original e, fitted-p, incompressibility, speed of sound/c
0.1100E-01  0.1052E+02  0.1037E+02  -.7058E+00  0.1079E+04  -.1868E+01  0.6545E-01
0.1600E-01  0.1508E+02  0.1510E+02  -.2597E+00  0.5898E+03  -.4038E+01  0.3513E-01
0.2100E-01  0.1975E+02  0.1983E+02  -.7042E-02  0.3444E+03  -.1141E+03  0.2037E-01
0.2600E-01  0.2447E+02  0.2456E+02  0.1423E+00  0.2053E+03  0.4169E+01  0.1210E-01
0.3100E-01  0.2921E+02  0.2930E+02  0.2313E+00  0.1220E+03  0.1817E+01  0.7177E-02
0.3600E-01  0.3397E+02  0.3404E+02  0.2838E+00  0.7139E+02  0.1006E+01  0.4196E-02
0.4100E-01  0.3873E+02  0.3878E+02  0.3144E+00  0.4158E+02  0.6025E+00  0.2443E-02
0.4600E-01  0.4349E+02  0.4352E+02  0.3326E+00  0.2580E+02  0.3964E+00  0.1515E-02
0.5100E-01  0.4825E+02  0.4827E+02  0.3449E+00  0.1989E+02  0.3268E+00  0.1168E-02
0.5600E-01  0.5302E+02  0.5302E+02  0.3561E+00  0.2122E+02  0.3707E+00  0.1246E-02
0.6100E-01  0.5779E+02  0.5777E+02  0.3695E+00  0.2798E+02  0.5133E+00  0.1643E-02
0.6600E-01  0.6255E+02  0.6253E+02  0.3879E+00  0.3897E+02  0.7366E+00  0.2288E-02
0.7100E-01  0.6732E+02  0.6729E+02  0.4134E+00  0.5329E+02  0.1017E+01  0.3128E-02
0.7600E-01  0.7209E+02  0.7205E+02  0.4476E+00  0.7031E+02  0.1326E+01  0.4126E-02
0.8100E-01  0.7687E+02  0.7682E+02  0.4920E+00  0.8956E+02  0.1638E+01  0.5254E-02
0.8600E-01  0.8164E+02  0.8159E+02  0.5475E+00  0.1107E+03  0.1932E+01  0.6490E-02
0.9100E-01  0.8643E+02  0.8637E+02  0.6152E+00  0.1334E+03  0.2192E+01  0.7818E-02
0.9600E-01  0.9121E+02  0.9116E+02  0.6959E+00  0.1574E+03  0.2413E+01  0.9224E-02
0.1010E+00  0.9600E+02  0.9595E+02  0.7904E+00  0.1827E+03  0.2594E+01  0.1070E-01
0.1060E+00  0.1008E+03  0.1007E+03  0.8991E+00  0.2090E+03  0.2738E+01  0.1223E-01
0.1110E+00  0.1056E+03  0.1055E+03  0.1023E+01  0.2363E+03  0.2849E+01  0.1382E-01
0.1160E+00  0.1104E+03  0.1104E+03  0.1162E+01  0.2644E+03  0.2933E+01  0.1546E-01
0.1210E+00  0.1152E+03  0.1152E+03  0.1317E+01  0.2933E+03  0.2995E+01  0.1713E-01
0.1260E+00  0.1200E+03  0.1200E+03  0.1488E+01  0.3229E+03  0.3039E+01  0.1885E-01
0.1310E+00  0.1249E+03  0.1248E+03  0.1676E+01  0.3532E+03  0.3068E+01  0.2060E-01
0.1360E+00  0.1297E+03  0.1297E+03  0.1880E+01  0.3841E+03  0.3087E+01  0.2239E-01
0.1410E+00  0.1345E+03  0.1345E+03  0.2103E+01  0.4156E+03  0.3097E+01  0.2420E-01
0.1460E+00  0.1394E+03  0.1394E+03  0.2342E+01  0.4477E+03  0.3101E+01  0.2605E-01
0.1510E+00  0.1442E+03  0.1442E+03  0.2600E+01  0.4803E+03  0.3099E+01  0.2792E-01
0.1560E+00  0.1491E+03  0.1491E+03  0.2876E+01  0.5134E+03  0.3094E+01  0.2982E-01
0.1610E+00  0.1540E+03  0.1540E+03  0.3171E+01  0.5469E+03  0.3086E+01  0.3173E-01
0.1660E+00  0.1589E+03  0.1589E+03  0.3484E+01  0.5810E+03  0.3076E+01  0.3368E-01
0.1710E+00  0.1638E+03  0.1638E+03  0.3816E+01  0.6155E+03  0.3064E+01  0.3564E-01
0.1760E+00  0.1687E+03  0.1687E+03  0.4168E+01  0.6504E+03  0.3052E+01  0.3762E-01
0.1810E+00  0.1736E+03  0.1736E+03  0.4539E+01  0.6857E+03  0.3038E+01  0.3962E-01
0.1860E+00  0.1785E+03  0.1785E+03  0.4930E+01  0.7215E+03  0.3025E+01  0.4164E-01
0.1910E+00  0.1834E+03  0.1835E+03  0.5341E+01  0.7576E+03  0.3011E+01  0.4368E-01
0.1960E+00  0.1884E+03  0.1884E+03  0.5772E+01  0.7942E+03  0.2997E+01  0.4573E-01
0.2010E+00  0.1933E+03  0.1934E+03  0.6223E+01  0.8311E+03  0.2983E+01  0.4780E-01
0.2060E+00  0.1983E+03  0.1983E+03  0.6695E+01  0.8684E+03  0.2969E+01  0.4989E-01
0.2110E+00  0.2033E+03  0.2033E+03  0.7188E+01  0.9060E+03  0.2955E+01  0.5199E-01
0.2160E+00  0.2083E+03  0.2083E+03  0.7702E+01  0.9440E+03  0.2942E+01  0.5410E-01
0.2210E+00  0.2133E+03  0.2133E+03  0.8237E+01  0.9824E+03  0.2929E+01  0.5623E-01
0.2260E+00  0.2183E+03  0.2183E+03  0.8794E+01  0.1021E+04  0.2916E+01  0.5836E-01
0.2310E+00  0.2233E+03  0.2234E+03  0.9372E+01  0.1060E+04  0.2903E+01  0.6052E-01
0.2360E+00  0.2284E+03  0.2284E+03  0.9971E+01  0.1099E+04  0.2891E+01  0.6268E-01
0.2410E+00  0.2334E+03  0.2335E+03  0.1059E+02  0.1139E+04  0.2879E+01  0.6485E-01
0.2460E+00  0.2385E+03  0.2386E+03  0.1124E+02  0.1179E+04  0.2868E+01  0.6704E-01
0.2510E+00  0.2436E+03  0.2436E+03  0.1190E+02  0.1219E+04  0.2857E+01  0.6924E-01
0.2560E+00  0.2487E+03  0.2487E+03  0.1259E+02  0.1260E+04  0.2846E+01  0.7144E-01
0.2610E+00  0.2538E+03  0.2538E+03  0.1330E+02  0.1301E+04  0.2836E+01  0.7366E-01
0.2660E+00  0.2589E+03  0.2590E+03  0.1404E+02  0.1342E+04  0.2826E+01  0.7588E-01
0.2710E+00  0.2641E+03  0.2641E+03  0.1479E+02  0.1384E+04  0.2816E+01  0.7811E-01
0.2760E+00  0.2692E+03  0.2693E+03  0.1557E+02  0.1425E+04  0.2806E+01  0.8036E-01
0.2810E+00  0.2744E+03  0.2744E+03  0.1638E+02  0.1467E+04  0.2797E+01  0.8260E-01
0.2860E+00  0.2796E+03  0.2796E+03  0.1721E+02  0.1510E+04  0.2788E+01  0.8486E-01
0.2910E+00  0.2848E+03  0.2848E+03  0.1806E+02  0.1552E+04  0.2780E+01  0.8712E-01
0.2960E+00  0.2900E+03  0.2900E+03  0.1893E+02  0.1595E+04  0.2771E+01  0.8939E-01
0.3010E+00  0.2952E+03  0.2952E+03  0.1983E+02  0.1638E+04  0.2763E+01  0.9167E-01
0.3060E+00  0.3004E+03  0.3005E+03  0.2075E+02  0.1681E+04  0.2755E+01  0.9395E-01
0.3110E+00  0.3057E+03  0.3057E+03  0.2170E+02  0.1725E+04  0.2748E+01  0.9624E-01
0.3160E+00  0.3110E+03  0.3110E+03  0.2267E+02  0.1769E+04  0.2740E+01  0.9853E-01
0.3210E+00  0.3163E+03  0.3163E+03  0.2366E+02  0.1813E+04  0.2733E+01  0.1008E+00
0.3260E+00  0.3216E+03  0.3216E+03  0.2468E+02  0.1857E+04  0.2726E+01  0.1031E+00
0.3310E+00  0.3269E+03  0.3269E+03  0.2573E+02  0.1902E+04  0.2719E+01  0.1054E+00
0.3360E+00  0.3322E+03  0.3322E+03  0.2679E+02  0.1947E+04  0.2712E+01  0.1077E+00
0.3410E+00  0.3376E+03  0.3376E+03  0.2789E+02  0.1992E+04  0.2706E+01  0.1101E+00
0.3460E+00  0.3429E+03  0.3429E+03  0.2901E+02  0.2037E+04  0.2699E+01  0.1124E+00
0.3510E+00  0.3483E+03  0.3483E+03  0.3015E+02  0.2082E+04  0.2693E+01  0.1147E+00
0.3560E+00  0.3537E+03  0.3537E+03  0.3132E+02  0.2128E+04  0.2687E+01  0.1170E+00
0.3610E+00  0.3591E+03  0.3591E+03  0.3252E+02  0.2174E+04  0.2681E+01  0.1193E+00
0.3660E+00  0.3646E+03  0.3646E+03  0.3374E+02  0.2220E+04  0.2676E+01  0.1217E+00
0.3710E+00  0.3700E+03  0.3700E+03  0.3498E+02  0.2266E+04  0.2670E+01  0.1240E+00
0.3760E+00  0.3755E+03  0.3755E+03  0.3625E+02  0.2312E+04  0.2665E+01  0.1263E+00
0.3810E+00  0.3810E+03  0.3810E+03  0.3755E+02  0.2359E+04  0.2659E+01  0.1287E+00
0.3860E+00  0.3865E+03  0.3865E+03  0.3888E+02  0.2406E+04  0.2654E+01  0.1310E+00
0.3910E+00  0.3920E+03  0.3920E+03  0.4023E+02  0.2453E+04  0.2649E+01  0.1333E+00
0.3960E+00  0.3975E+03  0.3975E+03  0.4160E+02  0.2500E+04  0.2644E+01  0.1356E+00
0.4010E+00  0.4031E+03  0.4031E+03  0.4300E+02  0.2547E+04  0.2639E+01  0.1380E+00
0.4060E+00  0.4086E+03  0.4086E+03  0.4443E+02  0.2595E+04  0.2635E+01  0.1403E+00
0.4110E+00  0.4142E+03  0.4142E+03  0.4589E+02  0.2642E+04  0.2630E+01  0.1426E+00
0.4160E+00  0.4198E+03  0.4198E+03  0.4737E+02  0.2690E+04  0.2625E+01  0.1450E+00
0.4210E+00  0.4255E+03  0.4254E+03  0.4888E+02  0.2738E+04  0.2621E+01  0.1473E+00
0.4260E+00  0.4311E+03  0.4311E+03  0.5041E+02  0.2786E+04  0.2616E+01  0.1496E+00
0.4310E+00  0.4368E+03  0.4367E+03  0.5197E+02  0.2835E+04  0.2612E+01  0.1519E+00
0.4360E+00  0.4424E+03  0.4424E+03  0.5356E+02  0.2883E+04  0.2608E+01  0.1543E+00
0.4410E+00  0.4481E+03  0.4481E+03  0.5517E+02  0.2932E+04  0.2603E+01  0.1566E+00
0.4460E+00  0.4539E+03  0.4538E+03  0.5682E+02  0.2980E+04  0.2599E+01  0.1589E+00
0.4510E+00  0.4596E+03  0.4596E+03  0.5849E+02  0.3029E+04  0.2595E+01  0.1612E+00
0.4560E+00  0.4653E+03  0.4653E+03  0.6018E+02  0.3078E+04  0.2591E+01  0.1635E+00
0.4610E+00  0.4711E+03  0.4711E+03  0.6191E+02  0.3127E+04  0.2587E+01  0.1658E+00
0.4660E+00  0.4769E+03  0.4769E+03  0.6366E+02  0.3176E+04  0.2584E+01  0.1681E+00
0.4710E+00  0.4827E+03  0.4827E+03  0.6544E+02  0.3226E+04  0.2580E+01  0.1704E+00
0.4760E+00  0.4885E+03  0.4885E+03  0.6724E+02  0.3275E+04  0.2576E+01  0.1727E+00
0.4810E+00  0.4944E+03  0.4944E+03  0.6907E+02  0.3325E+04  0.2572E+01  0.1750E+00
0.4860E+00  0.5003E+03  0.5002E+03  0.7094E+02  0.3374E+04  0.2569E+01  0.1773E+00
0.4910E+00  0.5061E+03  0.5061E+03  0.7282E+02  0.3424E+04  0.2565E+01  0.1796E+00
0.4960E+00  0.5120E+03  0.5120E+03  0.7474E+02  0.3474E+04  0.2561E+01  0.1819E+00
0.5010E+00  0.5180E+03  0.5179E+03  0.7668E+02  0.3524E+04  0.2558E+01  0.1842E+00
0.5060E+00  0.5239E+03  0.5239E+03  0.7865E+02  0.3574E+04  0.2554E+01  0.1864E+00
0.5110E+00  0.5299E+03  0.5299E+03  0.8065E+02  0.3624E+04  0.2551E+01  0.1887E+00
0.5160E+00  0.5359E+03  0.5358E+03  0.8268E+02  0.3674E+04  0.2548E+01  0.1910E+00
0.5210E+00  0.5419E+03  0.5418E+03  0.8474E+02  0.3724E+04  0.2544E+01  0.1932E+00
0.5260E+00  0.5479E+03  0.5479E+03  0.8682E+02  0.3775E+04  0.2541E+01  0.1955E+00
0.5310E+00  0.5539E+03  0.5539E+03  0.8893E+02  0.3825E+04  0.2538E+01  0.1977E+00
0.5360E+00  0.5600E+03  0.5600E+03  0.9107E+02  0.3876E+04  0.2534E+01  0.2000E+00
0.5410E+00  0.5661E+03  0.5661E+03  0.9324E+02  0.3926E+04  0.2531E+01  0.2022E+00
0.5460E+00  0.5722E+03  0.5722E+03  0.9543E+02  0.3977E+04  0.2528E+01  0.2044E+00
0.5510E+00  0.5783E+03  0.5783E+03  0.9766E+02  0.4028E+04  0.2525E+01  0.2066E+00
0.5560E+00  0.5844E+03  0.5844E+03  0.9991E+02  0.4078E+04  0.2522E+01  0.2088E+00
0.5610E+00  0.5906E+03  0.5906E+03  0.1022E+03  0.4129E+04  0.2519E+01  0.2111E+00
0.5660E+00  0.5968E+03  0.5968E+03  0.1045E+03  0.4180E+04  0.2516E+01  0.2133E+00
0.5710E+00  0.6030E+03  0.6030E+03  0.1068E+03  0.4231E+04  0.2513E+01  0.2154E+00
0.5760E+00  0.6092E+03  0.6092E+03  0.1092E+03  0.4282E+04  0.2510E+01  0.2176E+00
0.5810E+00  0.6155E+03  0.6155E+03  0.1116E+03  0.4333E+04  0.2507E+01  0.2198E+00
0.5860E+00  0.6217E+03  0.6217E+03  0.1140E+03  0.4384E+04  0.2504E+01  0.2220E+00
0.5910E+00  0.6280E+03  0.6280E+03  0.1165E+03  0.4435E+04  0.2501E+01  0.2241E+00
0.5960E+00  0.6343E+03  0.6343E+03  0.1189E+03  0.4487E+04  0.2498E+01  0.2263E+00
0.6010E+00  0.6407E+03  0.6406E+03  0.1214E+03  0.4538E+04  0.2495E+01  0.2285E+00
0.6060E+00  0.6470E+03  0.6470E+03  0.1240E+03  0.4589E+04  0.2492E+01  0.2306E+00
0.6110E+00  0.6534E+03  0.6534E+03  0.1265E+03  0.4640E+04  0.2489E+01  0.2327E+00
0.6160E+00  0.6598E+03  0.6598E+03  0.1291E+03  0.4692E+04  0.2487E+01  0.2349E+00
0.6210E+00  0.6662E+03  0.6662E+03  0.1318E+03  0.4743E+04  0.2484E+01  0.2370E+00
0.6260E+00  0.6726E+03  0.6726E+03  0.1344E+03  0.4794E+04  0.2481E+01  0.2391E+00
0.6310E+00  0.6791E+03  0.6791E+03  0.1371E+03  0.4846E+04  0.2478E+01  0.2412E+00
0.6360E+00  0.6856E+03  0.6856E+03  0.1398E+03  0.4897E+04  0.2476E+01  0.2433E+00
0.6410E+00  0.6921E+03  0.6921E+03  0.1425E+03  0.4949E+04  0.2473E+01  0.2454E+00
0.6460E+00  0.6986E+03  0.6986E+03  0.1453E+03  0.5000E+04  0.2470E+01  0.2474E+00
0.6510E+00  0.7051E+03  0.7051E+03  0.1481E+03  0.5051E+04  0.2467E+01  0.2495E+00
0.6560E+00  0.7117E+03  0.7117E+03  0.1509E+03  0.5103E+04  0.2465E+01  0.2516E+00
0.6610E+00  0.7183E+03  0.7183E+03  0.1538E+03  0.5154E+04  0.2462E+01  0.2536E+00
0.6660E+00  0.7249E+03  0.7249E+03  0.1566E+03  0.5206E+04  0.2460E+01  0.2557E+00
0.6710E+00  0.7315E+03  0.7315E+03  0.1595E+03  0.5257E+04  0.2457E+01  0.2577E+00
0.6760E+00  0.7382E+03  0.7382E+03  0.1625E+03  0.5309E+04  0.2454E+01  0.2597E+00
0.6810E+00  0.7448E+03  0.7448E+03  0.1654E+03  0.5360E+04  0.2452E+01  0.2617E+00
0.6860E+00  0.7515E+03  0.7515E+03  0.1684E+03  0.5412E+04  0.2449E+01  0.2637E+00
0.6910E+00  0.7583E+03  0.7583E+03  0.1714E+03  0.5464E+04  0.2447E+01  0.2657E+00
0.6960E+00  0.7650E+03  0.7650E+03  0.1745E+03  0.5515E+04  0.2444E+01  0.2677E+00
0.7010E+00  0.7718E+03  0.7718E+03  0.1776E+03  0.5567E+04  0.2442E+01  0.2697E+00
0.7060E+00  0.7785E+03  0.7785E+03  0.1807E+03  0.5618E+04  0.2439E+01  0.2717E+00
0.7110E+00  0.7853E+03  0.7853E+03  0.1838E+03  0.5670E+04  0.2437E+01  0.2737E+00
0.7160E+00  0.7922E+03  0.7922E+03  0.1870E+03  0.5721E+04  0.2434E+01  0.2756E+00
0.7210E+00  0.7990E+03  0.7990E+03  0.1902E+03  0.5773E+04  0.2432E+01  0.2776E+00
0.7260E+00  0.8059E+03  0.8059E+03  0.1934E+03  0.5824E+04  0.2429E+01  0.2795E+00
0.7310E+00  0.8128E+03  0.8128E+03  0.1966E+03  0.5876E+04  0.2427E+01  0.2814E+00
0.7360E+00  0.8197E+03  0.8197E+03  0.1999E+03  0.5927E+04  0.2424E+01  0.2833E+00
0.7410E+00  0.8266E+03  0.8266E+03  0.2032E+03  0.5978E+04  0.2422E+01  0.2852E+00
0.7460E+00  0.8336E+03  0.8336E+03  0.2066E+03  0.6030E+04  0.2420E+01  0.2871E+00
0.7510E+00  0.8406E+03  0.8406E+03  0.2099E+03  0.6081E+04  0.2417E+01  0.2890E+00
0.7560E+00  0.8476E+03  0.8476E+03  0.2133E+03  0.6133E+04  0.2415E+01  0.2909E+00
0.7610E+00  0.8546E+03  0.8546E+03  0.2167E+03  0.6184E+04  0.2412E+01  0.2928E+00
0.7660E+00  0.8617E+03  0.8617E+03  0.2202E+03  0.6235E+04  0.2410E+01  0.2947E+00
0.7710E+00  0.8687E+03  0.8687E+03  0.2237E+03  0.6287E+04  0.2408E+01  0.2965E+00
0.7760E+00  0.8758E+03  0.8758E+03  0.2272E+03  0.6338E+04  0.2405E+01  0.2984E+00
0.7810E+00  0.8829E+03  0.8830E+03  0.2307E+03  0.6389E+04  0.2403E+01  0.3002E+00
0.7860E+00  0.8901E+03  0.8901E+03  0.2343E+03  0.6441E+04  0.2401E+01  0.3020E+00
0.7910E+00  0.8973E+03  0.8973E+03  0.2379E+03  0.6492E+04  0.2399E+01  0.3038E+00
0.7960E+00  0.9044E+03  0.9045E+03  0.2415E+03  0.6543E+04  0.2396E+01  0.3056E+00
0.8010E+00  0.9116E+03  0.9117E+03  0.2451E+03  0.6594E+04  0.2394E+01  0.3075E+00
0.8060E+00  0.9189E+03  0.9189E+03  0.2488E+03  0.6645E+04  0.2392E+01  0.3092E+00
0.8110E+00  0.9261E+03  0.9262E+03  0.2525E+03  0.6696E+04  0.2390E+01  0.3110E+00
0.8160E+00  0.9334E+03  0.9334E+03  0.2563E+03  0.6748E+04  0.2387E+01  0.3128E+00
0.8210E+00  0.9407E+03  0.9407E+03  0.2600E+03  0.6799E+04  0.2385E+01  0.3146E+00
0.8260E+00  0.9480E+03  0.9481E+03  0.2638E+03  0.6850E+04  0.2383E+01  0.3163E+00
0.8310E+00  0.9554E+03  0.9554E+03  0.2676E+03  0.6901E+04  0.2381E+01  0.3181E+00
0.8360E+00  0.9628E+03  0.9628E+03  0.2715E+03  0.6952E+04  0.2379E+01  0.3198E+00
0.8410E+00  0.9701E+03  0.9702E+03  0.2754E+03  0.7003E+04  0.2376E+01  0.3215E+00
0.8460E+00  0.9776E+03  0.9776E+03  0.2793E+03  0.7054E+04  0.2374E+01  0.3233E+00
0.8510E+00  0.9850E+03  0.9850E+03  0.2832E+03  0.7104E+04  0.2372E+01  0.3250E+00
0.8560E+00  0.9925E+03  0.9925E+03  0.2872E+03  0.7155E+04  0.2370E+01  0.3267E+00
0.8610E+00  0.1000E+04  0.1000E+04  0.2911E+03  0.7206E+04  0.2368E+01  0.3284E+00
0.8660E+00  0.1007E+04  0.1007E+04  0.2952E+03  0.7257E+04  0.2366E+01  0.3300E+00
0.8710E+00  0.1015E+04  0.1015E+04  0.2992E+03  0.7308E+04  0.2364E+01  0.3317E+00
0.8760E+00  0.1023E+04  0.1023E+04  0.3033E+03  0.7358E+04  0.2362E+01  0.3334E+00
0.8810E+00  0.1030E+04  0.1030E+04  0.3074E+03  0.7409E+04  0.2360E+01  0.3350E+00
0.8860E+00  0.1038E+04  0.1038E+04  0.3115E+03  0.7460E+04  0.2357E+01  0.3367E+00
0.8910E+00  0.1045E+04  0.1045E+04  0.3157E+03  0.7510E+04  0.2355E+01  0.3383E+00
0.8960E+00  0.1053E+04  0.1053E+04  0.3199E+03  0.7561E+04  0.2353E+01  0.3400E+00
0.9010E+00  0.1061E+04  0.1061E+04  0.3241E+03  0.7612E+04  0.2351E+01  0.3416E+00
0.9060E+00  0.1068E+04  0.1068E+04  0.3283E+03  0.7662E+04  0.2349E+01  0.3432E+00
0.9110E+00  0.1076E+04  0.1076E+04  0.3326E+03  0.7713E+04  0.2347E+01  0.3448E+00
0.9160E+00  0.1084E+04  0.1084E+04  0.3369E+03  0.7763E+04  0.2345E+01  0.3464E+00
0.9210E+00  0.1092E+04  0.1092E+04  0.3412E+03  0.7814E+04  0.2343E+01  0.3480E+00
0.9260E+00  0.1099E+04  0.1099E+04  0.3456E+03  0.7864E+04  0.2341E+01  0.3496E+00
0.9310E+00  0.1107E+04  0.1107E+04  0.3500E+03  0.7914E+04  0.2339E+01  0.3512E+00
0.9360E+00  0.1115E+04  0.1115E+04  0.3544E+03  0.7965E+04  0.2338E+01  0.3527E+00
0.9410E+00  0.1123E+04  0.1123E+04  0.3588E+03  0.8015E+04  0.2336E+01  0.3543E+00
0.9460E+00  0.1131E+04  0.1131E+04  0.3633E+03  0.8065E+04  0.2334E+01  0.3559E+00
0.9510E+00  0.1139E+04  0.1139E+04  0.3678E+03  0.8116E+04  0.2332E+01  0.3574E+00
0.9560E+00  0.1147E+04  0.1147E+04  0.3723E+03  0.8166E+04  0.2330E+01  0.3589E+00
0.9610E+00  0.1155E+04  0.1155E+04  0.3768E+03  0.8216E+04  0.2328E+01  0.3605E+00
0.9660E+00  0.1163E+04  0.1163E+04  0.3814E+03  0.8266E+04  0.2326E+01  0.3620E+00
0.9710E+00  0.1171E+04  0.1171E+04  0.3860E+03  0.8316E+04  0.2324E+01  0.3635E+00
0.9760E+00  0.1179E+04  0.1179E+04  0.3907E+03  0.8366E+04  0.2322E+01  0.3650E+00
0.9810E+00  0.1187E+04  0.1187E+04  0.3953E+03  0.8416E+04  0.2321E+01  0.3665E+00
0.9860E+00  0.1195E+04  0.1195E+04  0.4000E+03  0.8466E+04  0.2319E+01  0.3680E+00
0.9910E+00  0.1203E+04  0.1203E+04  0.4047E+03  0.8516E+04  0.2317E+01  0.3695E+00
0.9960E+00  0.1211E+04  0.1211E+04  0.4095E+03  0.8566E+04  0.2315E+01  0.3710E+00
0.1001E+01  0.1219E+04  0.1219E+04  0.4142E+03  0.8616E+04  0.2313E+01  0.3724E+00
0.1006E+01  0.1227E+04  0.1227E+04  0.4190E+03  0.8666E+04  0.2312E+01  0.3739E+00
0.1011E+01  0.1235E+04  0.1235E+04  0.4239E+03  0.8716E+04  0.2310E+01  0.3753E+00
0.1016E+01  0.1244E+04  0.1244E+04  0.4287E+03  0.8766E+04  0.2308E+01  0.3768E+00
0.1021E+01  0.1252E+04  0.1252E+04  0.4336E+03  0.8816E+04  0.2306E+01  0.3782E+00
0.1026E+01  0.1260E+04  0.1260E+04  0.4385E+03  0.8866E+04  0.2305E+01  0.3797E+00
0.1031E+01  0.1268E+04  0.1268E+04  0.4435E+03  0.8915E+04  0.2303E+01  0.3811E+00
0.1036E+01  0.1277E+04  0.1277E+04  0.4484E+03  0.8965E+04  0.2301E+01  0.3825E+00
0.1041E+01  0.1285E+04  0.1285E+04  0.4534E+03  0.9015E+04  0.2300E+01  0.3839E+00
0.1046E+01  0.1293E+04  0.1294E+04  0.4584E+03  0.9065E+04  0.2298E+01  0.3853E+00
0.1051E+01  0.1302E+04  0.1302E+04  0.4635E+03  0.9114E+04  0.2296E+01  0.3867E+00
0.1056E+01  0.1310E+04  0.1310E+04  0.4686E+03  0.9164E+04  0.2295E+01  0.3881E+00
0.1061E+01  0.1319E+04  0.1319E+04  0.4737E+03  0.9214E+04  0.2293E+01  0.3895E+00
0.1066E+01  0.1327E+04  0.1327E+04  0.4788E+03  0.9263E+04  0.2291E+01  0.3909E+00
0.1071E+01  0.1336E+04  0.1336E+04  0.4840E+03  0.9313E+04  0.2290E+01  0.3923E+00
0.1076E+01  0.1344E+04  0.1344E+04  0.4892E+03  0.9362E+04  0.2288E+01  0.3936E+00
0.1081E+01  0.1353E+04  0.1353E+04  0.4944E+03  0.9412E+04  0.2287E+01  0.3950E+00
0.1086E+01  0.1361E+04  0.1361E+04  0.4996E+03  0.9462E+04  0.2285E+01  0.3963E+00
0.1091E+01  0.1370E+04  0.1370E+04  0.5049E+03  0.9511E+04  0.2284E+01  0.3977E+00
0.1096E+01  0.1378E+04  0.1378E+04  0.5102E+03  0.9561E+04  0.2282E+01  0.3990E+00
0.1101E+01  0.1387E+04  0.1387E+04  0.5155E+03  0.9610E+04  0.2281E+01  0.4004E+00
0.1106E+01  0.1396E+04  0.1396E+04  0.5209E+03  0.9660E+04  0.2279E+01  0.4017E+00
0.1111E+01  0.1404E+04  0.1404E+04  0.5262E+03  0.9709E+04  0.2278E+01  0.4030E+00
0.1116E+01  0.1413E+04  0.1413E+04  0.5316E+03  0.9759E+04  0.2276E+01  0.4044E+00
0.1121E+01  0.1422E+04  0.1422E+04  0.5371E+03  0.9808E+04  0.2275E+01  0.4057E+00
0.1126E+01  0.1431E+04  0.1431E+04  0.5425E+03  0.9857E+04  0.2273E+01  0.4070E+00
0.1131E+01  0.1439E+04  0.1439E+04  0.5480E+03  0.9907E+04  0.2272E+01  0.4083E+00
0.1136E+01  0.1448E+04  0.1448E+04  0.5536E+03  0.9956E+04  0.2270E+01  0.4096E+00
0.1141E+01  0.1457E+04  0.1457E+04  0.5591E+03  0.1001E+05  0.2269E+01  0.4109E+00
0.1146E+01  0.1466E+04  0.1466E+04  0.5647E+03  0.1006E+05  0.2267E+01  0.4122E+00
0.1151E+01  0.1475E+04  0.1475E+04  0.5703E+03  0.1010E+05  0.2266E+01  0.4134E+00
0.1156E+01  0.1484E+04  0.1484E+04  0.5759E+03  0.1015E+05  0.2265E+01  0.4147E+00
0.1161E+01  0.1493E+04  0.1492E+04  0.5816E+03  0.1020E+05  0.2263E+01  0.4160E+00
0.1166E+01  0.1501E+04  0.1501E+04  0.5872E+03  0.1025E+05  0.2262E+01  0.4172E+00
0.1171E+01  0.1510E+04  0.1510E+04  0.5929E+03  0.1030E+05  0.2261E+01  0.4185E+00
0.1176E+01  0.1519E+04  0.1519E+04  0.5987E+03  0.1035E+05  0.2259E+01  0.4198E+00
0.1181E+01  0.1528E+04  0.1528E+04  0.6044E+03  0.1040E+05  0.2258E+01  0.4210E+00
0.1186E+01  0.1537E+04  0.1537E+04  0.6102E+03  0.1045E+05  0.2257E+01  0.4223E+00
0.1191E+01  0.1547E+04  0.1547E+04  0.6161E+03  0.1050E+05  0.2255E+01  0.4235E+00
0.1196E+01  0.1556E+04  0.1556E+04  0.6219E+03  0.1055E+05  0.2254E+01  0.4247E+00
0.1201E+01  0.1565E+04  0.1565E+04  0.6278E+03  0.1060E+05  0.2253E+01  0.4260E+00
0.1206E+01  0.1574E+04  0.1574E+04  0.6337E+03  0.1065E+05  0.2252E+01  0.4272E+00
0.1211E+01  0.1583E+04  0.1583E+04  0.6396E+03  0.1070E+05  0.2250E+01  0.4284E+00
0.1216E+01  0.1592E+04  0.1592E+04  0.6456E+03  0.1075E+05  0.2249E+01  0.4296E+00
0.1221E+01  0.1601E+04  0.1601E+04  0.6515E+03  0.1080E+05  0.2248E+01  0.4308E+00
0.1226E+01  0.1611E+04  0.1611E+04  0.6576E+03  0.1084E+05  0.2247E+01  0.4320E+00
0.1231E+01  0.1620E+04  0.1620E+04  0.6636E+03  0.1089E+05  0.2245E+01  0.4332E+00
0.1236E+01  0.1629E+04  0.1629E+04  0.6697E+03  0.1094E+05  0.2244E+01  0.4344E+00
0.1241E+01  0.1639E+04  0.1639E+04  0.6758E+03  0.1099E+05  0.2243E+01  0.4356E+00
0.1246E+01  0.1648E+04  0.1648E+04  0.6819E+03  0.1104E+05  0.2242E+01  0.4368E+00
0.1251E+01  0.1657E+04  0.1657E+04  0.6880E+03  0.1109E+05  0.2241E+01  0.4380E+00
0.1256E+01  0.1667E+04  0.1667E+04  0.6942E+03  0.1114E+05  0.2240E+01  0.4392E+00
0.1261E+01  0.1676E+04  0.1676E+04  0.7004E+03  0.1119E+05  0.2239E+01  0.4404E+00
0.1266E+01  0.1685E+04  0.1685E+04  0.7066E+03  0.1124E+05  0.2238E+01  0.4416E+00
0.1271E+01  0.1695E+04  0.1695E+04  0.7129E+03  0.1129E+05  0.2236E+01  0.4427E+00
0.1276E+01  0.1704E+04  0.1704E+04  0.7192E+03  0.1134E+05  0.2235E+01  0.4439E+00
0.1281E+01  0.1714E+04  0.1714E+04  0.7255E+03  0.1139E+05  0.2234E+01  0.4450E+00
0.1286E+01  0.1723E+04  0.1723E+04  0.7318E+03  0.1144E+05  0.2233E+01  0.4462E+00
0.1291E+01  0.1733E+04  0.1733E+04  0.7382E+03  0.1149E+05  0.2232E+01  0.4474E+00
0.1296E+01  0.1743E+04  0.1743E+04  0.7446E+03  0.1154E+05  0.2231E+01  0.4485E+00
0.1301E+01  0.1752E+04  0.1752E+04  0.7510E+03  0.1159E+05  0.2230E+01  0.4497E+00
0.1306E+01  0.1762E+04  0.1762E+04  0.7575E+03  0.1164E+05  0.2229E+01  0.4508E+00
0.1311E+01  0.1772E+04  0.1772E+04  0.7640E+03  0.1169E+05  0.2228E+01  0.4519E+00
0.1316E+01  0.1781E+04  0.1781E+04  0.7705E+03  0.1173E+05  0.2227E+01  0.4531E+00
0.1321E+01  0.1791E+04  0.1791E+04  0.7770E+03  0.1178E+05  0.2226E+01  0.4542E+00
0.1326E+01  0.1801E+04  0.1801E+04  0.7836E+03  0.1183E+05  0.2225E+01  0.4553E+00
0.1331E+01  0.1810E+04  0.1810E+04  0.7901E+03  0.1188E+05  0.2224E+01  0.4564E+00
0.1336E+01  0.1820E+04  0.1820E+04  0.7968E+03  0.1193E+05  0.2223E+01  0.4576E+00
0.1341E+01  0.1830E+04  0.1830E+04  0.8034E+03  0.1198E+05  0.2222E+01  0.4587E+00
0.1346E+01  0.1840E+04  0.1840E+04  0.8101E+03  0.1203E+05  0.2221E+01  0.4598E+00
0.1351E+01  0.1850E+04  0.1850E+04  0.8168E+03  0.1208E+05  0.2220E+01  0.4609E+00
0.1356E+01  0.1860E+04  0.1860E+04  0.8235E+03  0.1213E+05  0.2220E+01  0.4620E+00
0.1361E+01  0.1869E+04  0.1869E+04  0.8302E+03  0.1218E+05  0.2219E+01  0.4631E+00
0.1366E+01  0.1879E+04  0.1879E+04  0.8370E+03  0.1223E+05  0.2218E+01  0.4642E+00
0.1371E+01  0.1889E+04  0.1889E+04  0.8438E+03  0.1228E+05  0.2217E+01  0.4653E+00
0.1376E+01  0.1899E+04  0.1899E+04  0.8507E+03  0.1233E+05  0.2216E+01  0.4664E+00
0.1381E+01  0.1909E+04  0.1909E+04  0.8575E+03  0.1238E+05  0.2215E+01  0.4675E+00
0.1386E+01  0.1919E+04  0.1919E+04  0.8644E+03  0.1243E+05  0.2214E+01  0.4686E+00
0.1391E+01  0.1929E+04  0.1929E+04  0.8713E+03  0.1248E+05  0.2214E+01  0.4696E+00
0.1396E+01  0.1939E+04  0.1939E+04  0.8783E+03  0.1253E+05  0.2213E+01  0.4707E+00
0.1401E+01  0.1950E+04  0.1950E+04  0.8853E+03  0.1258E+05  0.2212E+01  0.4718E+00
0.1406E+01  0.1960E+04  0.1960E+04  0.8923E+03  0.1263E+05  0.2211E+01  0.4729E+00
0.1411E+01  0.1970E+04  0.1970E+04  0.8993E+03  0.1268E+05  0.2210E+01  0.4739E+00
0.1416E+01  0.1980E+04  0.1980E+04  0.9064E+03  0.1273E+05  0.2209E+01  0.4750E+00
0.1421E+01  0.1990E+04  0.1990E+04  0.9134E+03  0.1278E+05  0.2209E+01  0.4760E+00
0.1426E+01  0.2000E+04  0.2000E+04  0.9206E+03  0.1283E+05  0.2208E+01  0.4771E+00
0.1431E+01  0.2011E+04  0.2011E+04  0.9277E+03  0.1288E+05  0.2207E+01  0.4782E+00
0.1436E+01  0.2021E+04  0.2021E+04  0.9349E+03  0.1293E+05  0.2206E+01  0.4792E+00
0.1441E+01  0.2031E+04  0.2031E+04  0.9421E+03  0.1298E+05  0.2206E+01  0.4802E+00
0.1446E+01  0.2042E+04  0.2042E+04  0.9493E+03  0.1303E+05  0.2205E+01  0.4813E+00
0.1451E+01  0.2052E+04  0.2052E+04  0.9565E+03  0.1308E+05  0.2204E+01  0.4823E+00
0.1456E+01  0.2062E+04  0.2062E+04  0.9638E+03  0.1313E+05  0.2203E+01  0.4834E+00
0.1461E+01  0.2073E+04  0.2073E+04  0.9711E+03  0.1318E+05  0.2203E+01  0.4844E+00
0.1466E+01  0.2083E+04  0.2083E+04  0.9785E+03  0.1323E+05  0.2202E+01  0.4854E+00
0.1471E+01  0.2094E+04  0.2094E+04  0.9858E+03  0.1328E+05  0.2201E+01  0.4864E+00
0.1476E+01  0.2104E+04  0.2104E+04  0.9932E+03  0.1333E+05  0.2200E+01  0.4875E+00
0.1481E+01  0.2115E+04  0.2115E+04  0.1001E+04  0.1338E+05  0.2200E+01  0.4885E+00
0.1486E+01  0.2125E+04  0.2125E+04  0.1008E+04  0.1343E+05  0.2199E+01  0.4895E+00
0.1491E+01  0.2136E+04  0.2136E+04  0.1016E+04  0.1348E+05  0.2198E+01  0.4905E+00
0.1496E+01  0.2146E+04  0.2146E+04  0.1023E+04  0.1352E+05  0.2198E+01  0.4915E+00
0.1501E+01  0.2157E+04  0.2157E+04  0.1031E+04  0.1357E+05  0.2197E+01  0.4925E+00
0.1506E+01  0.2168E+04  0.2168E+04  0.1038E+04  0.1362E+05  0.2196E+01  0.4935E+00
0.1511E+01  0.2178E+04  0.2178E+04  0.1046E+04  0.1367E+05  0.2195E+01  0.4945E+00
0.1516E+01  0.2189E+04  0.2189E+04  0.1053E+04  0.1372E+05  0.2195E+01  0.4955E+00
0.1521E+01  0.2200E+04  0.2200E+04  0.1061E+04  0.1377E+05  0.2194E+01  0.4965E+00
0.1526E+01  0.2210E+04  0.2210E+04  0.1069E+04  0.1382E+05  0.2193E+01  0.4975E+00
0.1531E+01  0.2221E+04  0.2221E+04  0.1076E+04  0.1387E+05  0.2193E+01  0.4984E+00
0.1536E+01  0.2232E+04  0.2232E+04  0.1084E+04  0.1392E+05  0.2192E+01  0.4994E+00
0.1541E+01  0.2243E+04  0.2243E+04  0.1092E+04  0.1397E+05  0.2191E+01  0.5004E+00
0.1546E+01  0.2254E+04  0.2254E+04  0.1100E+04  0.1402E+05  0.2191E+01  0.5013E+00
0.1551E+01  0.2264E+04  0.2264E+04  0.1107E+04  0.1407E+05  0.2190E+01  0.5023E+00
0.1556E+01  0.2275E+04  0.2275E+04  0.1115E+04  0.1412E+05  0.2189E+01  0.5033E+00
0.1561E+01  0.2286E+04  0.2286E+04  0.1123E+04  0.1417E+05  0.2189E+01  0.5042E+00
0.1566E+01  0.2297E+04  0.2297E+04  0.1131E+04  0.1422E+05  0.2188E+01  0.5052E+00
0.1571E+01  0.2308E+04  0.2308E+04  0.1139E+04  0.1427E+05  0.2187E+01  0.5061E+00
0.1576E+01  0.2319E+04  0.2319E+04  0.1147E+04  0.1432E+05  0.2187E+01  0.5070E+00
0.1581E+01  0.2330E+04  0.2330E+04  0.1155E+04  0.1437E+05  0.2186E+01  0.5080E+00
0.1586E+01  0.2341E+04  0.2341E+04  0.1163E+04  0.1442E+05  0.2185E+01  0.5089E+00
0.1591E+01  0.2352E+04  0.2352E+04  0.1171E+04  0.1447E+05  0.2185E+01  0.5098E+00
0.1596E+01  0.2363E+04  0.2363E+04  0.1179E+04  0.1452E+05  0.2184E+01  0.5107E+00
0.1601E+01  0.2374E+04  0.2374E+04  0.1187E+04  0.1457E+05  0.2183E+01  0.5117E+00
0.1606E+01  0.2385E+04  0.2385E+04  0.1195E+04  0.1462E+05  0.2183E+01  0.5126E+00
0.1611E+01  0.2397E+04  0.2397E+04  0.1203E+04  0.1467E+05  0.2182E+01  0.5135E+00
0.1616E+01  0.2408E+04  0.2408E+04  0.1211E+04  0.1471E+05  0.2181E+01  0.5144E+00
0.1621E+01  0.2419E+04  0.2419E+04  0.1220E+04  0.1476E+05  0.2180E+01  0.5153E+00
0.1626E+01  0.2430E+04  0.2430E+04  0.1228E+04  0.1481E+05  0.2180E+01  0.5162E+00
0.1631E+01  0.2442E+04  0.2442E+04  0.1236E+04  0.1486E+05  0.2179E+01  0.5170E+00
0.1636E+01  0.2453E+04  0.2453E+04  0.1244E+04  0.1491E+05  0.2178E+01  0.5179E+00
0.1641E+01  0.2464E+04  0.2464E+04  0.1253E+04  0.1496E+05  0.2178E+01  0.5188E+00
0.1646E+01  0.2475E+04  0.2475E+04  0.1261E+04  0.1501E+05  0.2177E+01  0.5197E+00
0.1651E+01  0.2487E+04  0.2487E+04  0.1269E+04  0.1506E+05  0.2176E+01  0.5205E+00
0.1656E+01  0.2498E+04  0.2498E+04  0.1278E+04  0.1510E+05  0.2175E+01  0.5214E+00
0.1661E+01  0.2510E+04  0.2510E+04  0.1286E+04  0.1515E+05  0.2175E+01  0.5222E+00
0.1666E+01  0.2521E+04  0.2521E+04  0.1294E+04  0.1520E+05  0.2174E+01  0.5231E+00
0.1671E+01  0.2533E+04  0.2533E+04  0.1303E+04  0.1525E+05  0.2173E+01  0.5239E+00
0.1676E+01  0.2544E+04  0.2544E+04  0.1311E+04  0.1530E+05  0.2172E+01  0.5247E+00
0.1681E+01  0.2556E+04  0.2556E+04  0.1320E+04  0.1535E+05  0.2172E+01  0.5255E+00
0.1686E+01  0.2567E+04  0.2567E+04  0.1328E+04  0.1539E+05  0.2171E+01  0.5264E+00
0.1691E+01  0.2579E+04  0.2579E+04  0.1337E+04  0.1544E+05  0.2170E+01  0.5272E+00
0.1696E+01  0.2590E+04  0.2590E+04  0.1346E+04  0.1549E+05  0.2169E+01  0.5280E+00
0.1701E+01  0.2602E+04  0.2602E+04  0.1354E+04  0.1554E+05  0.2168E+01  0.5288E+00
0.1706E+01  0.2613E+04  0.2614E+04  0.1363E+04  0.1558E+05  0.2167E+01  0.5296E+00
0.1711E+01  0.2625E+04  0.2625E+04  0.1372E+04  0.1563E+05  0.2167E+01  0.5303E+00
0.1716E+01  0.2637E+04  0.2637E+04  0.1380E+04  0.1568E+05  0.2166E+01  0.5311E+00
0.1721E+01  0.2649E+04  0.2649E+04  0.1389E+04  0.1572E+05  0.2165E+01  0.5319E+00
0.1726E+01  0.2660E+04  0.2660E+04  0.1398E+04  0.1577E+05  0.2164E+01  0.5326E+00
0.1731E+01  0.2672E+04  0.2672E+04  0.1406E+04  0.1582E+05  0.2163E+01  0.5334E+00
0.1736E+01  0.2684E+04  0.2684E+04  0.1415E+04  0.1586E+05  0.2162E+01  0.5341E+00
0.1741E+01  0.2696E+04  0.2696E+04  0.1424E+04  0.1591E+05  0.2161E+01  0.5349E+00
0.1746E+01  0.2708E+04  0.2708E+04  0.1433E+04  0.1596E+05  0.2160E+01  0.5356E+00
0.1751E+01  0.2719E+04  0.2719E+04  0.1442E+04  0.1600E+05  0.2159E+01  0.5363E+00
0.1756E+01  0.2731E+04  0.2731E+04  0.1451E+04  0.1605E+05  0.2158E+01  0.5370E+00
0.1761E+01  0.2743E+04  0.2743E+04  0.1460E+04  0.1609E+05  0.2157E+01  0.5377E+00
0.1766E+01  0.2755E+04  0.2755E+04  0.1469E+04  0.1614E+05  0.2156E+01  0.5384E+00
0.1771E+01  0.2767E+04  0.2767E+04  0.1478E+04  0.1618E+05  0.2155E+01  0.5391E+00
0.1776E+01  0.2779E+04  0.2779E+04  0.1487E+04  0.1623E+05  0.2154E+01  0.5398E+00
0.1781E+01  0.2791E+04  0.2791E+04  0.1496E+04  0.1627E+05  0.2153E+01  0.5404E+00
0.1786E+01  0.2803E+04  0.2803E+04  0.1505E+04  0.1632E+05  0.2152E+01  0.5411E+00
0.1791E+01  0.2815E+04  0.2815E+04  0.1514E+04  0.1636E+05  0.2151E+01  0.5417E+00
0.1796E+01  0.2827E+04  0.2827E+04  0.1523E+04  0.1641E+05  0.2150E+01  0.5424E+00
0.1801E+01  0.2839E+04  0.2839E+04  0.1532E+04  0.1645E+05  0.2149E+01  0.5430E+00
0.1806E+01  0.2852E+04  0.2852E+04  0.1541E+04  0.1649E+05  0.2148E+01  0.5436E+00
0.1811E+01  0.2864E+04  0.2864E+04  0.1550E+04  0.1654E+05  0.2146E+01  0.5442E+00
0.1816E+01  0.2876E+04  0.2876E+04  0.1559E+04  0.1658E+05  0.2145E+01  0.5448E+00
0.1821E+01  0.2888E+04  0.2888E+04  0.1569E+04  0.1662E+05  0.2144E+01  0.5454E+00
0.1826E+01  0.2900E+04  0.2900E+04  0.1578E+04  0.1666E+05  0.2143E+01  0.5459E+00
0.1831E+01  0.2913E+04  0.2913E+04  0.1587E+04  0.1671E+05  0.2141E+01  0.5465E+00
0.1836E+01  0.2925E+04  0.2925E+04  0.1597E+04  0.1675E+05  0.2140E+01  0.5471E+00
0.1841E+01  0.2937E+04  0.2937E+04  0.1606E+04  0.1679E+05  0.2139E+01  0.5476E+00
0.1846E+01  0.2950E+04  0.2950E+04  0.1615E+04  0.1683E+05  0.2137E+01  0.5481E+00
0.1851E+01  0.2962E+04  0.2962E+04  0.1625E+04  0.1687E+05  0.2136E+01  0.5486E+00
0.1856E+01  0.2975E+04  0.2974E+04  0.1634E+04  0.1691E+05  0.2134E+01  0.5491E+00
0.1861E+01  0.2987E+04  0.2987E+04  0.1643E+04  0.1695E+05  0.2133E+01  0.5496E+00
0.1866E+01  0.2999E+04  0.2999E+04  0.1653E+04  0.1699E+05  0.2131E+01  0.5501E+00
0.1871E+01  0.3012E+04  0.3012E+04  0.1662E+04  0.1703E+05  0.2130E+01  0.5505E+00
0.1876E+01  0.3024E+04  0.3024E+04  0.1672E+04  0.1707E+05  0.2128E+01  0.5510E+00
0.1881E+01  0.3037E+04  0.3037E+04  0.1681E+04  0.1711E+05  0.2127E+01  0.5514E+00
0.1886E+01  0.3049E+04  0.3049E+04  0.1691E+04  0.1715E+05  0.2125E+01  0.5518E+00
0.1891E+01  0.3062E+04  0.3062E+04  0.1700E+04  0.1718E+05  0.2124E+01  0.5522E+00
0.1896E+01  0.3075E+04  0.3075E+04  0.1710E+04  0.1722E+05  0.2122E+01  0.5526E+00
0.1901E+01  0.3087E+04  0.3087E+04  0.1719E+04  0.1726E+05  0.2120E+01  0.5530E+00
0.1906E+01  0.3100E+04  0.3100E+04  0.1729E+04  0.1729E+05  0.2118E+01  0.5534E+00
0.1911E+01  0.3113E+04  0.3113E+04  0.1739E+04  0.1733E+05  0.2117E+01  0.5537E+00
0.1916E+01  0.3125E+04  0.3125E+04  0.1748E+04  0.1737E+05  0.2115E+01  0.5541E+00
0.1921E+01  0.3138E+04  0.3138E+04  0.1758E+04  0.1740E+05  0.2113E+01  0.5544E+00
0.1926E+01  0.3151E+04  0.3151E+04  0.1768E+04  0.1744E+05  0.2111E+01  0.5547E+00
0.1931E+01  0.3164E+04  0.3164E+04  0.1777E+04  0.1747E+05  0.2109E+01  0.5550E+00
0.1936E+01  0.3176E+04  0.3176E+04  0.1787E+04  0.1750E+05  0.2107E+01  0.5552E+00
0.1941E+01  0.3189E+04  0.3189E+04  0.1797E+04  0.1754E+05  0.2105E+01  0.5555E+00
0.1946E+01  0.3202E+04  0.3202E+04  0.1806E+04  0.1757E+05  0.2103E+01  0.5557E+00
0.1951E+01  0.3215E+04  0.3215E+04  0.1816E+04  0.1760E+05  0.2101E+01  0.5559E+00
0.1956E+01  0.3228E+04  0.3228E+04  0.1826E+04  0.1763E+05  0.2099E+01  0.5561E+00
0.1961E+01  0.3241E+04  0.3241E+04  0.1836E+04  0.1766E+05  0.2096E+01  0.5563E+00
0.1966E+01  0.3254E+04  0.3254E+04  0.1846E+04  0.1769E+05  0.2094E+01  0.5565E+00
0.1971E+01  0.3267E+04  0.3267E+04  0.1855E+04  0.1772E+05  0.2092E+01  0.5566E+00
0.1976E+01  0.3280E+04  0.3280E+04  0.1865E+04  0.1775E+05  0.2089E+01  0.5568E+00
0.1981E+01  0.3293E+04  0.3293E+04  0.1875E+04  0.1778E+05  0.2087E+01  0.5569E+00
0.1986E+01  0.3306E+04  0.3306E+04  0.1885E+04  0.1781E+05  0.2085E+01  0.5570E+00
0.1991E+01  0.3319E+04  0.3319E+04  0.1895E+04  0.1784E+05  0.2082E+01  0.5570E+00
0.1996E+01  0.3332E+04  0.3332E+04  0.1905E+04  0.1786E+05  0.2080E+01  0.5571E+00
