    15 3
    1   0.702E+00   164.3    -0.354  1973.2    -0.677
    2   0.615E+00   260.0    -0.487  1973.2    -0.677
    3   0.732E+00   355.7    -0.312  1973.2    -0.677
    4   0.838E+00   451.4    -0.177  1234.3    -0.333
    5   0.766E+00   547.1    -0.267  1636.2    -0.274
    6   0.885E+00   642.8    -0.122   705.7    -0.327
    7   0.954E+00   738.5    -0.047   492.8    -0.308
    8   0.148E+01   834.2     0.391   342.3    -0.860
    9   0.156E+01   929.9     0.448   264.7    -1.690
   10   0.280E+01  1025.6     1.029   263.2   -27.399
   11   0.423E+01  1121.3     1.442   249.3     3.050
   12   0.554E+01  1217.0     1.712   332.6     2.498
   13   0.758E+01  1312.7     2.025   386.8     2.015
   14   0.881E+01  1408.4     2.176   386.0     2.290
   15   0.116E+02  1504.1     2.447   460.1     1.776
   16   0.155E+02  1599.8     2.741   504.9     1.209
   17   0.162E+02  1695.5     2.783   596.8     1.887
   18   0.192E+02  1791.2     2.956   713.4     3.859
   19   0.231E+02  1886.9     3.142   609.4    24.518
   20   0.253E+02  1982.6     3.232   622.6    -5.242
   21   0.309E+02  2078.3     3.430   661.7    -3.498
   22   0.359E+02  2174.0     3.581   595.9    -1.502
   23   0.401E+02  2269.7     3.691   486.0    -1.134
   24   0.496E+02  2365.4     3.905   391.9    -1.589
   25   0.702E+02  2461.1     4.252   341.6   -19.319
   26   0.919E+02  2556.8     4.521   367.1     1.741
   27   0.119E+03  2652.5     4.783   473.6     0.973
   28   0.140E+03  2748.2     4.943   600.6     1.070
   29   0.156E+03  2843.9     5.052   716.5     1.670
   30   0.178E+03  2939.6     5.184   692.9     4.222
   31   0.207E+03  3035.3     5.331   713.9    29.366
   32   0.243E+03  3131.0     5.494   715.3    -3.853
   33   0.262E+03  3226.7     5.567   721.6    -1.785
   34   0.309E+03  3322.4     5.735   564.8    -1.495
   35   0.355E+03  3418.1     5.873   521.1    -1.993
   36   0.487E+03  3513.8     6.188   495.5   -22.966
   37   0.522E+03  3609.5     6.258   516.2    13.271
   38   0.670E+03  3705.2     6.508   546.4     6.449
   39   0.765E+03  3800.9     6.640   531.7     3.978
   40   0.965E+03  3896.6     6.872   562.0     2.754
   41   0.107E+04  3992.3     6.976   628.8     3.040
   42   0.133E+04  4088.0     7.191   671.6     2.076
   43   0.140E+04  4183.7     7.242   634.3     9.632
   44   0.172E+04  4279.4     7.452   789.7    -5.505
   45   0.200E+04  4375.1     7.600   619.4    -2.265
   46   0.203E+04  4470.8     7.618   592.1    -1.182
   47   0.278E+04  4566.5     7.931   521.8    -2.037
   48   0.328E+04  4662.2     8.094   433.8    -2.505
   49   0.394E+04  4757.9     8.279   463.7    -5.179
   50   0.515E+04  4853.6     8.547   430.2    16.569
   51   0.623E+04  4949.3     8.737   431.2     1.713
   52   0.793E+04  5045.0     8.978   478.9     0.402
   53   0.964E+04  5140.7     9.173   718.6     0.527
   54   0.113E+05  5236.4     9.328  1476.8     2.017
   55   0.102E+05  5332.1     9.228   840.0    -0.727
   56   0.107E+05  5427.8     9.275   655.4    -0.364
   57   0.175E+05  5523.5     9.770   470.8    -0.824
   58   0.178E+05  5619.2     9.787   345.9    -1.791
   59   0.218E+05  5714.9     9.988   414.0     2.065
   60   0.381E+05  5810.6    10.549   416.6     0.116
   61   0.380E+05  5906.3    10.545   667.2     0.189
