   4.0000000000000001E-02   5.440000000000000    
   5.9999999999999998E-02   6.840000000000000    
   8.0000000000000002E-02   8.000000000000000    
   0.1000000000000000       9.180000000000000    
   0.1200000000000000       10.47000000000000    
   0.1400000000000000       11.95000000000000    
   0.1600000000000000       13.59000000000000    
   0.1800000000000000       15.45000000000000    
   0.2000000000000000       17.59000000000000    
   0.2200000000000000       20.03000000000000    
   0.2400000000000000       22.81000000000000    
   0.2600000000000000       25.95000000000000    
   0.2800000000000000       29.48000000000000    
   0.3000000000000000       33.45000000000000    
   0.3200000000000000       37.82000000000000    
   0.3400000000000000       42.54000000000000    
   0.3600000000000000       47.62000000000000    
   0.3800000000000000       53.07000000000000    
   0.4000000000000000       58.90000000000000    
   0.4200000000000000       65.14000000000000    
   0.4400000000000000       71.72000000000000    
   0.4600000000000000       78.61000000000000    
   0.4800000000000000       85.72000000000000    
   0.5000000000000000       93.08000000000000    
   0.5200000000000000       100.7200000000000    
   0.5400000000000000       108.6200000000000    
   0.5600000000000001       116.8300000000000    
   0.5800000000000000       125.2900000000000    
   0.6000000000000000       133.9600000000000    
   0.6200000000000000       142.8400000000000    
   0.6400000000000000       151.8500000000000    
   0.6600000000000000       161.0000000000000    
   0.6800000000000000       170.3000000000000    
   0.7000000000000000       179.7500000000000    
   0.7200000000000000       189.3400000000000    
   0.7400000000000000       199.0700000000000    
   0.7600000000000000       208.9100000000000    
   0.7800000000000000       218.8800000000000    
   0.8000000000000000       228.9600000000000    
   0.8200000000000000       239.1400000000000    
   0.8400000000000000       249.4200000000000    
   0.8600000000000000       259.7800000000000    
   0.8800000000000000       270.2200000000000    
   0.9000000000000000       280.7400000000000    
   0.9200000000000000       291.3400000000000    
   0.9399999999999999       301.9500000000000    
   0.9600000000000000       312.5300000000000    
   0.9800000000000000       323.1800000000000    
    1.000000000000000       333.9300000000000    
    1.020000000000000       344.7800000000000    
    1.040000000000000       355.7600000000000    
    1.060000000000000       366.8800000000000    
    1.080000000000000       378.1700000000000    
    1.100000000000000       389.6400000000000    
    1.120000000000000       401.2900000000000    
    1.140000000000000       413.1400000000000    
    1.160000000000000       425.2100000000000    
    1.180000000000000       437.5000000000000    
    1.200000000000000       450.0200000000000    
    1.220000000000000       462.8100000000000    
    1.240000000000000       475.8600000000000    
    1.260000000000000       489.1900000000000    
    1.280000000000000       502.8200000000000    
    1.300000000000000       516.7500000000000    
    1.320000000000000       531.0100000000000    
    1.340000000000000       546.1600000000000    
    1.360000000000000       562.0100000000000    
    1.380000000000000       578.0200000000000    
    1.400000000000000       594.1200000000000    
    1.420000000000000       610.2900000000000    
    1.440000000000000       626.4700000000000    
    1.460000000000000       642.6100000000000    
    1.480000000000000       658.6700000000000    
    1.500000000000000       674.1700000000000    
    1.520000000000000       689.4700000000000    
    1.540000000000000       704.6200000000000    
    1.560000000000000       719.6400000000000    
    1.580000000000000       734.5100000000000    
    1.600000000000000       749.2400000000000    
    1.620000000000000       763.8400000000000    
