  1.000000000000000E-002  1.551000000000000E-002
  2.000000000000000E-002  4.563000000000000E-002
  3.000000000000000E-002  8.475000000000001E-002
  4.000000000000000E-002  0.131300000000000     
  5.000000000000000E-002  0.184800000000000     
  6.000000000000000E-002  0.245700000000000     
  7.000000000000001E-002  0.314800000000000     
  8.000000000000000E-002  0.393300000000000     
  9.000000000000000E-002  0.482500000000000     
  0.100000000000000       0.583900000000000     
  0.110000000000000       0.699200000000000     
  0.120000000000000       0.830100000000000     
  0.130000000000000       0.978500000000000     
  0.140000000000000        1.14600000000000     
  0.150000000000000        1.33500000000000     
  0.160000000000000        1.54600000000000     
  0.170000000000000        1.78200000000000     
  0.180000000000000        2.04400000000000     
  0.190000000000000        2.33400000000000     
  0.200000000000000        2.65400000000000     
  0.210000000000000        3.00400000000000     
  0.220000000000000        3.38600000000000     
  0.230000000000000        3.80100000000000     
  0.240000000000000        4.25000000000000     
  0.250000000000000        4.73400000000000     
  0.260000000000000        5.25400000000000     
  0.270000000000000        5.81100000000000     
  0.280000000000000        6.40400000000000     
  0.290000000000000        7.03500000000000     
  0.300000000000000        7.70300000000000     
  0.310000000000000        8.40900000000000     
  0.320000000000000        9.15300000000000     
  0.330000000000000        9.93400000000000     
  0.340000000000000        10.7500000000000     
  0.350000000000000        11.6100000000000     
  0.360000000000000        12.5000000000000     
  0.370000000000000        13.4300000000000     
  0.380000000000000        14.4000000000000     
  0.390000000000000        15.4000000000000     
  0.400000000000000        16.4300000000000     
  0.410000000000000        17.5100000000000     
  0.420000000000000        18.6100000000000     
  0.430000000000000        19.7600000000000     
  0.440000000000000        20.9400000000000     
  0.450000000000000        22.1500000000000     
  0.460000000000000        23.4000000000000     
  0.470000000000000        24.6800000000000     
  0.480000000000000        26.0100000000000     
  0.490000000000000        27.3700000000000     
  0.500000000000000        28.7600000000000     
  0.510000000000000        30.2000000000000     
  0.520000000000000        31.6700000000000     
  0.530000000000000        33.1900000000000     
  0.540000000000000        34.7500000000000     
  0.550000000000000        36.3500000000000     
  0.560000000000000        38.0000000000000     
  0.570000000000000        39.7000000000000     
  0.580000000000000        41.4400000000000     
  0.590000000000000        43.2300000000000     
  0.600000000000000        45.0700000000000     
  0.610000000000000        46.9600000000000     
  0.620000000000000        48.9100000000000     
  0.630000000000000        50.9000000000000     
  0.640000000000000        52.9500000000000     
  0.650000000000000        55.0500000000000     
  0.660000000000000        57.2000000000000     
  0.670000000000000        59.4000000000000     
  0.680000000000000        61.6400000000000     
  0.690000000000000        63.9300000000000     
  0.700000000000000        66.2600000000000     
  0.710000000000000        68.6300000000000     
  0.720000000000000        71.0400000000000     
  0.730000000000000        73.4700000000000     
  0.740000000000000        75.9400000000000     
  0.750000000000000        78.4200000000000     
  0.760000000000000        80.9300000000000     
  0.770000000000000        83.4500000000000     
  0.780000000000000        85.9800000000000     
  0.790000000000000        88.5100000000000     
  0.800000000000000        91.0600000000000     
  0.810000000000000        93.6100000000000     
  0.820000000000000        96.1600000000000     
  0.830000000000000        98.7300000000000     
  0.840000000000000        101.300000000000     
  0.850000000000000        103.900000000000     
  0.860000000000000        106.500000000000     
  0.870000000000000        109.200000000000     
  0.880000000000000        112.000000000000     
  0.890000000000000        114.700000000000     
  0.900000000000000        117.600000000000     
  0.910000000000000        120.600000000000     
  0.920000000000000        123.700000000000     
  0.930000000000000        126.900000000000     
  0.940000000000000        130.300000000000     
  0.950000000000000        133.700000000000     
  0.960000000000000        137.300000000000     
  0.970000000000000        140.900000000000     
  0.980000000000000        144.400000000000     
  0.990000000000000        147.900000000000     
   1.00000000000000        151.000000000000     
