0.1000E-01  0.9748E+01  0.9368E+01  -.1599E+01  0.1977E+04  -.1374E+01  0.2340E+00
0.2000E-01  0.1851E+02  0.1870E+02  -.3089E+00  0.6413E+03  -.4614E+01  0.7589E-01
0.3000E-01  0.2773E+02  0.2799E+02  0.1241E+00  0.2020E+03  0.5425E+01  0.2390E-01
0.4000E-01  0.3703E+02  0.3726E+02  0.2258E+00  0.4937E+01  0.9717E-01  0.5843E-03
0.5000E-01  0.4634E+02  0.4650E+02  0.1716E+00  -.9104E+02  -.2947E+01  -.1077E-01
0.6000E-01  0.5563E+02  0.5572E+02  0.4253E-01  -.1349E+03  -.2114E+02  -.1596E-01
0.7000E-01  0.6490E+02  0.6493E+02  -.1169E+00  -.1480E+03  0.9851E+01  -.1752E-01
0.8000E-01  0.7414E+02  0.7413E+02  -.2791E+00  -.1413E+03  0.4501E+01  -.1673E-01
0.9000E-01  0.8337E+02  0.8331E+02  -.4259E+00  -.1210E+03  0.2841E+01  -.1432E-01
0.1000E+00  0.9258E+02  0.9249E+02  -.5443E+00  -.9067E+02  0.1851E+01  -.1073E-01
0.1100E+00  0.1018E+03  0.1017E+03  -.6246E+00  -.5276E+02  0.1032E+01  -.6244E-02
0.1200E+00  0.1110E+03  0.1109E+03  -.6593E+00  -.8871E+01  0.1794E+00  -.1050E-02
0.1300E+00  0.1202E+03  0.1200E+03  -.6425E+00  0.3988E+02  -.8966E+00  0.4720E-02
0.1400E+00  0.1294E+03  0.1292E+03  -.5692E+00  0.9269E+02  -.2533E+01  0.1097E-01
0.1500E+00  0.1386E+03  0.1384E+03  -.4353E+00  0.1489E+03  -.5703E+01  0.1762E-01
0.1600E+00  0.1478E+03  0.1477E+03  -.2371E+00  0.2082E+03  -.1561E+02  0.2463E-01
0.1700E+00  0.1570E+03  0.1569E+03  0.2829E-01  0.2700E+03  0.1803E+03  0.3195E-01
0.1800E+00  0.1663E+03  0.1662E+03  0.3638E+00  0.3342E+03  0.1837E+02  0.3955E-01
0.1900E+00  0.1755E+03  0.1754E+03  0.7717E+00  0.4005E+03  0.1096E+02  0.4739E-01
0.2000E+00  0.1848E+03  0.1847E+03  0.1254E+01  0.4687E+03  0.8302E+01  0.5546E-01
0.2100E+00  0.1941E+03  0.1941E+03  0.1814E+01  0.5386E+03  0.6928E+01  0.6374E-01
0.2200E+00  0.2035E+03  0.2034E+03  0.2452E+01  0.6101E+03  0.6083E+01  0.7220E-01
0.2300E+00  0.2128E+03  0.2128E+03  0.3170E+01  0.6831E+03  0.5507E+01  0.8084E-01
0.2400E+00  0.2223E+03  0.2222E+03  0.3970E+01  0.7575E+03  0.5088E+01  0.8965E-01
0.2500E+00  0.2317E+03  0.2317E+03  0.4854E+01  0.8332E+03  0.4768E+01  0.9860E-01
0.2600E+00  0.2412E+03  0.2412E+03  0.5823E+01  0.9101E+03  0.4516E+01  0.1077E+00
0.2700E+00  0.2507E+03  0.2507E+03  0.6877E+01  0.9882E+03  0.4311E+01  0.1169E+00
0.2800E+00  0.2603E+03  0.2603E+03  0.8019E+01  0.1067E+04  0.4141E+01  0.1263E+00
0.2900E+00  0.2699E+03  0.2699E+03  0.9249E+01  0.1147E+04  0.3997E+01  0.1358E+00
0.3000E+00  0.2795E+03  0.2796E+03  0.1057E+02  0.1229E+04  0.3875E+01  0.1454E+00
0.3100E+00  0.2892E+03  0.2892E+03  0.1198E+02  0.1311E+04  0.3768E+01  0.1551E+00
0.3200E+00  0.2989E+03  0.2990E+03  0.1348E+02  0.1393E+04  0.3675E+01  0.1649E+00
0.3300E+00  0.3087E+03  0.3088E+03  0.1508E+02  0.1477E+04  0.3592E+01  0.1748E+00
0.3400E+00  0.3186E+03  0.3186E+03  0.1676E+02  0.1562E+04  0.3519E+01  0.1848E+00
0.3500E+00  0.3285E+03  0.3285E+03  0.1855E+02  0.1647E+04  0.3453E+01  0.1949E+00
0.3600E+00  0.3384E+03  0.3385E+03  0.2042E+02  0.1733E+04  0.3394E+01  0.2051E+00
0.3700E+00  0.3484E+03  0.3485E+03  0.2240E+02  0.1819E+04  0.3339E+01  0.2153E+00
0.3800E+00  0.3584E+03  0.3585E+03  0.2447E+02  0.1907E+04  0.3290E+01  0.2256E+00
0.3900E+00  0.3685E+03  0.3686E+03  0.2663E+02  0.1995E+04  0.3245E+01  0.2360E+00
0.4000E+00  0.3787E+03  0.3788E+03  0.2890E+02  0.2083E+04  0.3203E+01  0.2465E+00
0.4100E+00  0.3889E+03  0.3890E+03  0.3126E+02  0.2172E+04  0.3165E+01  0.2570E+00
0.4200E+00  0.3992E+03  0.3993E+03  0.3373E+02  0.2262E+04  0.3129E+01  0.2676E+00
0.4300E+00  0.4095E+03  0.4096E+03  0.3629E+02  0.2352E+04  0.3096E+01  0.2783E+00
0.4400E+00  0.4199E+03  0.4200E+03  0.3895E+02  0.2442E+04  0.3065E+01  0.2890E+00
0.4500E+00  0.4304E+03  0.4305E+03  0.4172E+02  0.2533E+04  0.3036E+01  0.2998E+00
0.4600E+00  0.4409E+03  0.4410E+03  0.4458E+02  0.2625E+04  0.3009E+01  0.3106E+00
0.4700E+00  0.4515E+03  0.4516E+03  0.4755E+02  0.2717E+04  0.2984E+01  0.3215E+00
0.4800E+00  0.4622E+03  0.4622E+03  0.5062E+02  0.2809E+04  0.2960E+01  0.3324E+00
0.4900E+00  0.4729E+03  0.4729E+03  0.5379E+02  0.2902E+04  0.2937E+01  0.3434E+00
0.5000E+00  0.4837E+03  0.4837E+03  0.5707E+02  0.2995E+04  0.2915E+01  0.3544E+00
0.5100E+00  0.4945E+03  0.4945E+03  0.6045E+02  0.3088E+04  0.2895E+01  0.3655E+00
0.5200E+00  0.5054E+03  0.5054E+03  0.6393E+02  0.3182E+04  0.2876E+01  0.3766E+00
0.5300E+00  0.5164E+03  0.5164E+03  0.6752E+02  0.3276E+04  0.2857E+01  0.3877E+00
0.5400E+00  0.5275E+03  0.5275E+03  0.7121E+02  0.3370E+04  0.2840E+01  0.3989E+00
0.5500E+00  0.5386E+03  0.5386E+03  0.7501E+02  0.3465E+04  0.2823E+01  0.4101E+00
0.5600E+00  0.5498E+03  0.5498E+03  0.7891E+02  0.3560E+04  0.2807E+01  0.4213E+00
0.5700E+00  0.5610E+03  0.5610E+03  0.8292E+02  0.3655E+04  0.2792E+01  0.4326E+00
0.5800E+00  0.5724E+03  0.5724E+03  0.8704E+02  0.3751E+04  0.2777E+01  0.4439E+00
0.5900E+00  0.5838E+03  0.5838E+03  0.9126E+02  0.3846E+04  0.2763E+01  0.4552E+00
0.6000E+00  0.5952E+03  0.5952E+03  0.9558E+02  0.3942E+04  0.2750E+01  0.4665E+00
0.6100E+00  0.6068E+03  0.6068E+03  0.1000E+03  0.4039E+04  0.2737E+01  0.4779E+00
0.6200E+00  0.6184E+03  0.6184E+03  0.1046E+03  0.4135E+04  0.2724E+01  0.4893E+00
0.6300E+00  0.6301E+03  0.6301E+03  0.1092E+03  0.4231E+04  0.2712E+01  0.5007E+00
0.6400E+00  0.6419E+03  0.6419E+03  0.1140E+03  0.4328E+04  0.2701E+01  0.5122E+00
0.6500E+00  0.6537E+03  0.6537E+03  0.1188E+03  0.4425E+04  0.2690E+01  0.5236E+00
0.6600E+00  0.6657E+03  0.6656E+03  0.1238E+03  0.4522E+04  0.2679E+01  0.5351E+00
0.6700E+00  0.6777E+03  0.6776E+03  0.1289E+03  0.4619E+04  0.2668E+01  0.5466E+00
0.6800E+00  0.6897E+03  0.6897E+03  0.1341E+03  0.4716E+04  0.2658E+01  0.5581E+00
0.6900E+00  0.7019E+03  0.7019E+03  0.1394E+03  0.4814E+04  0.2648E+01  0.5697E+00
0.7000E+00  0.7141E+03  0.7141E+03  0.1448E+03  0.4911E+04  0.2639E+01  0.5812E+00
0.7100E+00  0.7264E+03  0.7264E+03  0.1503E+03  0.5009E+04  0.2630E+01  0.5928E+00
0.7200E+00  0.7388E+03  0.7388E+03  0.1559E+03  0.5107E+04  0.2621E+01  0.6043E+00
0.7300E+00  0.7513E+03  0.7512E+03  0.1616E+03  0.5205E+04  0.2612E+01  0.6159E+00
0.7400E+00  0.7638E+03  0.7638E+03  0.1675E+03  0.5303E+04  0.2604E+01  0.6275E+00
0.7500E+00  0.7765E+03  0.7764E+03  0.1734E+03  0.5401E+04  0.2595E+01  0.6391E+00
0.7600E+00  0.7892E+03  0.7891E+03  0.1795E+03  0.5499E+04  0.2587E+01  0.6507E+00
0.7700E+00  0.8019E+03  0.8019E+03  0.1856E+03  0.5597E+04  0.2580E+01  0.6623E+00
0.7800E+00  0.8148E+03  0.8147E+03  0.1919E+03  0.5695E+04  0.2572E+01  0.6739E+00
0.7900E+00  0.8278E+03  0.8277E+03  0.1983E+03  0.5793E+04  0.2565E+01  0.6856E+00
0.8000E+00  0.8408E+03  0.8407E+03  0.2048E+03  0.5892E+04  0.2558E+01  0.6972E+00
0.8100E+00  0.8539E+03  0.8538E+03  0.2114E+03  0.5990E+04  0.2551E+01  0.7088E+00
0.8200E+00  0.8671E+03  0.8670E+03  0.2181E+03  0.6088E+04  0.2544E+01  0.7205E+00
0.8300E+00  0.8804E+03  0.8803E+03  0.2249E+03  0.6187E+04  0.2537E+01  0.7321E+00
0.8400E+00  0.8937E+03  0.8937E+03  0.2318E+03  0.6285E+04  0.2530E+01  0.7438E+00
0.8500E+00  0.9072E+03  0.9071E+03  0.2389E+03  0.6384E+04  0.2524E+01  0.7554E+00
0.8600E+00  0.9207E+03  0.9207E+03  0.2460E+03  0.6482E+04  0.2518E+01  0.7671E+00
0.8700E+00  0.9343E+03  0.9342E+03  0.2533E+03  0.6581E+04  0.2512E+01  0.7787E+00
0.8800E+00  0.9480E+03  0.9480E+03  0.2606E+03  0.6679E+04  0.2506E+01  0.7904E+00
0.8900E+00  0.9618E+03  0.9618E+03  0.2681E+03  0.6778E+04  0.2500E+01  0.8020E+00
0.9000E+00  0.9756E+03  0.9756E+03  0.2757E+03  0.6876E+04  0.2494E+01  0.8137E+00
0.9100E+00  0.9896E+03  0.9896E+03  0.2834E+03  0.6974E+04  0.2488E+01  0.8253E+00
0.9200E+00  0.1004E+04  0.1004E+04  0.2912E+03  0.7073E+04  0.2483E+01  0.8370E+00
0.9300E+00  0.1018E+04  0.1018E+04  0.2991E+03  0.7171E+04  0.2477E+01  0.8486E+00
0.9400E+00  0.1032E+04  0.1032E+04  0.3071E+03  0.7270E+04  0.2472E+01  0.8603E+00
0.9500E+00  0.1046E+04  0.1046E+04  0.3153E+03  0.7368E+04  0.2467E+01  0.8719E+00
0.9600E+00  0.1061E+04  0.1061E+04  0.3235E+03  0.7467E+04  0.2462E+01  0.8836E+00
0.9700E+00  0.1075E+04  0.1075E+04  0.3319E+03  0.7565E+04  0.2457E+01  0.8952E+00
0.9800E+00  0.1090E+04  0.1090E+04  0.3403E+03  0.7663E+04  0.2452E+01  0.9068E+00
0.9900E+00  0.1104E+04  0.1104E+04  0.3489E+03  0.7761E+04  0.2447E+01  0.9185E+00
0.1000E+01  0.1119E+04  0.1119E+04  0.3576E+03  0.7860E+04  0.2442E+01  0.9301E+00
0.1010E+01  0.1134E+04  0.1134E+04  0.3664E+03  0.7958E+04  0.2438E+01  0.9417E+00
0.1020E+01  0.1149E+04  0.1149E+04  0.3752E+03  0.8056E+04  0.2433E+01  0.9533E+00
0.1030E+01  0.1164E+04  0.1164E+04  0.3843E+03  0.8154E+04  0.2429E+01  0.9649E+00
0.1040E+01  0.1179E+04  0.1179E+04  0.3934E+03  0.8252E+04  0.2424E+01  0.9765E+00
0.1050E+01  0.1194E+04  0.1194E+04  0.4026E+03  0.8350E+04  0.2420E+01  0.9881E+00
0.1060E+01  0.1209E+04  0.1209E+04  0.4119E+03  0.8448E+04  0.2415E+01  0.9997E+00
0.1070E+01  0.1224E+04  0.1224E+04  0.4214E+03  0.8546E+04  0.2411E+01  0.1011E+01
0.1080E+01  0.1240E+04  0.1240E+04  0.4309E+03  0.8644E+04  0.2407E+01  0.1023E+01
0.1090E+01  0.1255E+04  0.1255E+04  0.4406E+03  0.8741E+04  0.2403E+01  0.1034E+01
0.1100E+01  0.1271E+04  0.1271E+04  0.4503E+03  0.8839E+04  0.2399E+01  0.1046E+01
0.1110E+01  0.1287E+04  0.1287E+04  0.4602E+03  0.8937E+04  0.2395E+01  0.1058E+01
0.1120E+01  0.1302E+04  0.1302E+04  0.4702E+03  0.9034E+04  0.2391E+01  0.1069E+01
0.1130E+01  0.1318E+04  0.1318E+04  0.4803E+03  0.9132E+04  0.2387E+01  0.1081E+01
0.1140E+01  0.1334E+04  0.1334E+04  0.4905E+03  0.9229E+04  0.2383E+01  0.1092E+01
0.1150E+01  0.1350E+04  0.1350E+04  0.5008E+03  0.9327E+04  0.2380E+01  0.1104E+01
0.1160E+01  0.1366E+04  0.1367E+04  0.5112E+03  0.9424E+04  0.2376E+01  0.1115E+01
0.1170E+01  0.1383E+04  0.1383E+04  0.5217E+03  0.9521E+04  0.2372E+01  0.1127E+01
0.1180E+01  0.1399E+04  0.1399E+04  0.5324E+03  0.9618E+04  0.2369E+01  0.1138E+01
0.1190E+01  0.1415E+04  0.1416E+04  0.5431E+03  0.9716E+04  0.2365E+01  0.1150E+01
0.1200E+01  0.1432E+04  0.1432E+04  0.5540E+03  0.9813E+04  0.2362E+01  0.1161E+01
0.1210E+01  0.1449E+04  0.1449E+04  0.5649E+03  0.9910E+04  0.2358E+01  0.1173E+01
0.1220E+01  0.1465E+04  0.1465E+04  0.5760E+03  0.1001E+05  0.2355E+01  0.1184E+01
0.1230E+01  0.1482E+04  0.1482E+04  0.5872E+03  0.1010E+05  0.2352E+01  0.1196E+01
0.1240E+01  0.1499E+04  0.1499E+04  0.5984E+03  0.1020E+05  0.2348E+01  0.1207E+01
0.1250E+01  0.1516E+04  0.1516E+04  0.6098E+03  0.1030E+05  0.2345E+01  0.1218E+01
0.1260E+01  0.1533E+04  0.1533E+04  0.6213E+03  0.1039E+05  0.2342E+01  0.1230E+01
0.1270E+01  0.1550E+04  0.1550E+04  0.6329E+03  0.1049E+05  0.2339E+01  0.1241E+01
0.1280E+01  0.1567E+04  0.1567E+04  0.6446E+03  0.1059E+05  0.2336E+01  0.1253E+01
0.1290E+01  0.1585E+04  0.1585E+04  0.6564E+03  0.1068E+05  0.2333E+01  0.1264E+01
0.1300E+01  0.1602E+04  0.1602E+04  0.6684E+03  0.1078E+05  0.2329E+01  0.1276E+01
0.1310E+01  0.1620E+04  0.1620E+04  0.6804E+03  0.1088E+05  0.2326E+01  0.1287E+01
0.1320E+01  0.1637E+04  0.1637E+04  0.6925E+03  0.1097E+05  0.2324E+01  0.1298E+01
0.1330E+01  0.1655E+04  0.1655E+04  0.7048E+03  0.1107E+05  0.2321E+01  0.1310E+01
0.1340E+01  0.1673E+04  0.1673E+04  0.7171E+03  0.1116E+05  0.2318E+01  0.1321E+01
0.1350E+01  0.1691E+04  0.1691E+04  0.7296E+03  0.1126E+05  0.2315E+01  0.1332E+01
0.1360E+01  0.1708E+04  0.1708E+04  0.7422E+03  0.1136E+05  0.2312E+01  0.1344E+01
0.1370E+01  0.1727E+04  0.1727E+04  0.7548E+03  0.1145E+05  0.2309E+01  0.1355E+01
0.1380E+01  0.1745E+04  0.1745E+04  0.7676E+03  0.1155E+05  0.2307E+01  0.1366E+01
0.1390E+01  0.1763E+04  0.1763E+04  0.7805E+03  0.1164E+05  0.2304E+01  0.1378E+01
0.1400E+01  0.1781E+04  0.1781E+04  0.7935E+03  0.1174E+05  0.2301E+01  0.1389E+01
0.1410E+01  0.1800E+04  0.1800E+04  0.8066E+03  0.1183E+05  0.2299E+01  0.1400E+01
0.1420E+01  0.1818E+04  0.1818E+04  0.8198E+03  0.1193E+05  0.2296E+01  0.1412E+01
0.1430E+01  0.1837E+04  0.1837E+04  0.8331E+03  0.1202E+05  0.2293E+01  0.1423E+01
0.1440E+01  0.1856E+04  0.1856E+04  0.8465E+03  0.1212E+05  0.2291E+01  0.1434E+01
0.1450E+01  0.1874E+04  0.1874E+04  0.8600E+03  0.1222E+05  0.2288E+01  0.1446E+01
0.1460E+01  0.1893E+04  0.1893E+04  0.8736E+03  0.1231E+05  0.2286E+01  0.1457E+01
0.1470E+01  0.1912E+04  0.1912E+04  0.8874E+03  0.1241E+05  0.2283E+01  0.1468E+01
0.1480E+01  0.1931E+04  0.1931E+04  0.9012E+03  0.1250E+05  0.2281E+01  0.1479E+01
0.1490E+01  0.1951E+04  0.1951E+04  0.9151E+03  0.1260E+05  0.2279E+01  0.1491E+01
0.1500E+01  0.1970E+04  0.1970E+04  0.9292E+03  0.1269E+05  0.2276E+01  0.1502E+01
0.1510E+01  0.1989E+04  0.1989E+04  0.9433E+03  0.1279E+05  0.2274E+01  0.1513E+01
0.1520E+01  0.2009E+04  0.2009E+04  0.9576E+03  0.1288E+05  0.2272E+01  0.1524E+01
0.1530E+01  0.2028E+04  0.2028E+04  0.9720E+03  0.1297E+05  0.2269E+01  0.1535E+01
0.1540E+01  0.2048E+04  0.2048E+04  0.9864E+03  0.1307E+05  0.2267E+01  0.1547E+01
0.1550E+01  0.2068E+04  0.2068E+04  0.1001E+04  0.1316E+05  0.2265E+01  0.1558E+01
0.1560E+01  0.2088E+04  0.2088E+04  0.1016E+04  0.1326E+05  0.2263E+01  0.1569E+01
0.1570E+01  0.2107E+04  0.2107E+04  0.1030E+04  0.1335E+05  0.2260E+01  0.1580E+01
0.1580E+01  0.2128E+04  0.2128E+04  0.1045E+04  0.1345E+05  0.2258E+01  0.1591E+01
0.1590E+01  0.2148E+04  0.2148E+04  0.1060E+04  0.1354E+05  0.2256E+01  0.1603E+01
0.1600E+01  0.2168E+04  0.2168E+04  0.1075E+04  0.1364E+05  0.2254E+01  0.1614E+01
0.1610E+01  0.2188E+04  0.2188E+04  0.1091E+04  0.1373E+05  0.2252E+01  0.1625E+01
0.1620E+01  0.2209E+04  0.2209E+04  0.1106E+04  0.1382E+05  0.2250E+01  0.1636E+01
0.1630E+01  0.2229E+04  0.2229E+04  0.1121E+04  0.1392E+05  0.2248E+01  0.1647E+01
0.1640E+01  0.2250E+04  0.2250E+04  0.1137E+04  0.1401E+05  0.2246E+01  0.1658E+01
0.1650E+01  0.2270E+04  0.2270E+04  0.1153E+04  0.1411E+05  0.2244E+01  0.1669E+01
0.1660E+01  0.2291E+04  0.2291E+04  0.1168E+04  0.1420E+05  0.2242E+01  0.1681E+01
0.1670E+01  0.2312E+04  0.2312E+04  0.1184E+04  0.1430E+05  0.2240E+01  0.1692E+01
0.1680E+01  0.2333E+04  0.2333E+04  0.1200E+04  0.1439E+05  0.2238E+01  0.1703E+01
0.1690E+01  0.2354E+04  0.2354E+04  0.1216E+04  0.1448E+05  0.2236E+01  0.1714E+01
0.1700E+01  0.2375E+04  0.2375E+04  0.1232E+04  0.1458E+05  0.2235E+01  0.1725E+01
0.1710E+01  0.2397E+04  0.2397E+04  0.1248E+04  0.1467E+05  0.2233E+01  0.1736E+01
0.1720E+01  0.2418E+04  0.2418E+04  0.1265E+04  0.1476E+05  0.2231E+01  0.1747E+01
0.1730E+01  0.2439E+04  0.2439E+04  0.1281E+04  0.1486E+05  0.2229E+01  0.1758E+01
0.1740E+01  0.2461E+04  0.2461E+04  0.1298E+04  0.1495E+05  0.2227E+01  0.1769E+01
0.1750E+01  0.2483E+04  0.2483E+04  0.1314E+04  0.1505E+05  0.2226E+01  0.1781E+01
0.1760E+01  0.2504E+04  0.2504E+04  0.1331E+04  0.1514E+05  0.2224E+01  0.1792E+01
0.1770E+01  0.2526E+04  0.2526E+04  0.1348E+04  0.1523E+05  0.2222E+01  0.1803E+01
0.1780E+01  0.2548E+04  0.2548E+04  0.1365E+04  0.1533E+05  0.2221E+01  0.1814E+01
0.1790E+01  0.2570E+04  0.2570E+04  0.1382E+04  0.1542E+05  0.2219E+01  0.1825E+01
0.1800E+01  0.2592E+04  0.2592E+04  0.1399E+04  0.1551E+05  0.2217E+01  0.1836E+01
0.1810E+01  0.2615E+04  0.2615E+04  0.1417E+04  0.1561E+05  0.2216E+01  0.1847E+01
0.1820E+01  0.2637E+04  0.2637E+04  0.1434E+04  0.1570E+05  0.2214E+01  0.1858E+01
0.1830E+01  0.2659E+04  0.2659E+04  0.1452E+04  0.1579E+05  0.2212E+01  0.1869E+01
0.1840E+01  0.2682E+04  0.2682E+04  0.1469E+04  0.1589E+05  0.2211E+01  0.1880E+01
0.1850E+01  0.2704E+04  0.2704E+04  0.1487E+04  0.1598E+05  0.2209E+01  0.1891E+01
0.1860E+01  0.2727E+04  0.2727E+04  0.1505E+04  0.1607E+05  0.2208E+01  0.1902E+01
0.1870E+01  0.2750E+04  0.2750E+04  0.1523E+04  0.1617E+05  0.2206E+01  0.1913E+01
0.1880E+01  0.2773E+04  0.2773E+04  0.1541E+04  0.1626E+05  0.2205E+01  0.1924E+01
0.1890E+01  0.2796E+04  0.2796E+04  0.1559E+04  0.1635E+05  0.2203E+01  0.1935E+01
0.1900E+01  0.2819E+04  0.2819E+04  0.1577E+04  0.1645E+05  0.2202E+01  0.1946E+01
0.1910E+01  0.2842E+04  0.2842E+04  0.1595E+04  0.1654E+05  0.2201E+01  0.1957E+01
0.1920E+01  0.2865E+04  0.2865E+04  0.1614E+04  0.1663E+05  0.2199E+01  0.1969E+01
0.1930E+01  0.2889E+04  0.2889E+04  0.1632E+04  0.1673E+05  0.2198E+01  0.1980E+01
0.1940E+01  0.2912E+04  0.2912E+04  0.1651E+04  0.1682E+05  0.2196E+01  0.1991E+01
0.1950E+01  0.2936E+04  0.2936E+04  0.1670E+04  0.1691E+05  0.2195E+01  0.2002E+01
0.1960E+01  0.2959E+04  0.2959E+04  0.1688E+04  0.1701E+05  0.2194E+01  0.2013E+01
0.1970E+01  0.2983E+04  0.2983E+04  0.1707E+04  0.1710E+05  0.2192E+01  0.2024E+01
0.1980E+01  0.3007E+04  0.3007E+04  0.1726E+04  0.1719E+05  0.2191E+01  0.2035E+01
0.1990E+01  0.3031E+04  0.3031E+04  0.1746E+04  0.1729E+05  0.2190E+01  0.2046E+01
0.2000E+01  0.3055E+04  0.3055E+04  0.1765E+04  0.1738E+05  0.2188E+01  0.2057E+01
0.2010E+01  0.3079E+04  0.3079E+04  0.1784E+04  0.1747E+05  0.2187E+01  0.2068E+01
0.2020E+01  0.3103E+04  0.3103E+04  0.1804E+04  0.1757E+05  0.2186E+01  0.2079E+01
0.2030E+01  0.3128E+04  0.3128E+04  0.1823E+04  0.1766E+05  0.2185E+01  0.2090E+01
0.2040E+01  0.3152E+04  0.3152E+04  0.1843E+04  0.1775E+05  0.2184E+01  0.2101E+01
0.2050E+01  0.3177E+04  0.3177E+04  0.1863E+04  0.1785E+05  0.2182E+01  0.2112E+01
0.2060E+01  0.3201E+04  0.3201E+04  0.1883E+04  0.1794E+05  0.2181E+01  0.2123E+01
0.2070E+01  0.3226E+04  0.3226E+04  0.1903E+04  0.1803E+05  0.2180E+01  0.2134E+01
0.2080E+01  0.3251E+04  0.3251E+04  0.1923E+04  0.1813E+05  0.2179E+01  0.2145E+01
0.2090E+01  0.3276E+04  0.3276E+04  0.1943E+04  0.1822E+05  0.2178E+01  0.2156E+01
0.2100E+01  0.3301E+04  0.3301E+04  0.1963E+04  0.1831E+05  0.2177E+01  0.2167E+01
0.2110E+01  0.3326E+04  0.3326E+04  0.1984E+04  0.1841E+05  0.2176E+01  0.2178E+01
0.2120E+01  0.3351E+04  0.3351E+04  0.2004E+04  0.1850E+05  0.2174E+01  0.2189E+01
0.2130E+01  0.3377E+04  0.3377E+04  0.2025E+04  0.1859E+05  0.2173E+01  0.2200E+01
0.2140E+01  0.3402E+04  0.3402E+04  0.2045E+04  0.1869E+05  0.2172E+01  0.2211E+01
0.2150E+01  0.3427E+04  0.3427E+04  0.2066E+04  0.1878E+05  0.2171E+01  0.2222E+01
0.2160E+01  0.3453E+04  0.3453E+04  0.2087E+04  0.1887E+05  0.2170E+01  0.2233E+01
0.2170E+01  0.3479E+04  0.3479E+04  0.2108E+04  0.1897E+05  0.2169E+01  0.2245E+01
0.2180E+01  0.3505E+04  0.3504E+04  0.2129E+04  0.1906E+05  0.2168E+01  0.2256E+01
0.2190E+01  0.3530E+04  0.3530E+04  0.2151E+04  0.1915E+05  0.2167E+01  0.2267E+01
0.2200E+01  0.3556E+04  0.3556E+04  0.2172E+04  0.1925E+05  0.2166E+01  0.2278E+01
0.2210E+01  0.3582E+04  0.3582E+04  0.2193E+04  0.1934E+05  0.2165E+01  0.2289E+01
0.2220E+01  0.3609E+04  0.3609E+04  0.2215E+04  0.1943E+05  0.2164E+01  0.2300E+01
0.2230E+01  0.3635E+04  0.3635E+04  0.2236E+04  0.1953E+05  0.2163E+01  0.2311E+01
0.2240E+01  0.3661E+04  0.3661E+04  0.2258E+04  0.1962E+05  0.2163E+01  0.2322E+01
0.2250E+01  0.3688E+04  0.3688E+04  0.2280E+04  0.1971E+05  0.2162E+01  0.2333E+01
0.2260E+01  0.3714E+04  0.3714E+04  0.2302E+04  0.1981E+05  0.2161E+01  0.2344E+01
0.2270E+01  0.3741E+04  0.3741E+04  0.2324E+04  0.1990E+05  0.2160E+01  0.2355E+01
0.2280E+01  0.3768E+04  0.3768E+04  0.2346E+04  0.2000E+05  0.2159E+01  0.2366E+01
0.2290E+01  0.3795E+04  0.3795E+04  0.2369E+04  0.2009E+05  0.2158E+01  0.2377E+01
0.2300E+01  0.3822E+04  0.3822E+04  0.2391E+04  0.2018E+05  0.2157E+01  0.2388E+01
0.2310E+01  0.3849E+04  0.3849E+04  0.2413E+04  0.2028E+05  0.2156E+01  0.2399E+01
0.2320E+01  0.3876E+04  0.3876E+04  0.2436E+04  0.2037E+05  0.2156E+01  0.2411E+01
0.2330E+01  0.3903E+04  0.3903E+04  0.2459E+04  0.2046E+05  0.2155E+01  0.2422E+01
0.2340E+01  0.3930E+04  0.3931E+04  0.2481E+04  0.2056E+05  0.2154E+01  0.2433E+01
0.2350E+01  0.3958E+04  0.3958E+04  0.2504E+04  0.2065E+05  0.2153E+01  0.2444E+01
0.2360E+01  0.3985E+04  0.3985E+04  0.2527E+04  0.2074E+05  0.2152E+01  0.2455E+01
0.2370E+01  0.4013E+04  0.4013E+04  0.2550E+04  0.2084E+05  0.2152E+01  0.2466E+01
0.2380E+01  0.4041E+04  0.4041E+04  0.2574E+04  0.2093E+05  0.2151E+01  0.2477E+01
0.2390E+01  0.4069E+04  0.4069E+04  0.2597E+04  0.2103E+05  0.2150E+01  0.2488E+01
0.2400E+01  0.4097E+04  0.4097E+04  0.2620E+04  0.2112E+05  0.2149E+01  0.2499E+01
0.2410E+01  0.4125E+04  0.4125E+04  0.2644E+04  0.2121E+05  0.2149E+01  0.2510E+01
0.2420E+01  0.4153E+04  0.4153E+04  0.2668E+04  0.2131E+05  0.2148E+01  0.2522E+01
0.2430E+01  0.4181E+04  0.4181E+04  0.2691E+04  0.2140E+05  0.2147E+01  0.2533E+01
0.2440E+01  0.4209E+04  0.4209E+04  0.2715E+04  0.2150E+05  0.2146E+01  0.2544E+01
0.2450E+01  0.4238E+04  0.4238E+04  0.2739E+04  0.2159E+05  0.2146E+01  0.2555E+01
0.2460E+01  0.4266E+04  0.4266E+04  0.2763E+04  0.2168E+05  0.2145E+01  0.2566E+01
0.2470E+01  0.4295E+04  0.4295E+04  0.2787E+04  0.2178E+05  0.2144E+01  0.2577E+01
0.2480E+01  0.4324E+04  0.4324E+04  0.2811E+04  0.2187E+05  0.2144E+01  0.2588E+01
0.2490E+01  0.4352E+04  0.4353E+04  0.2836E+04  0.2197E+05  0.2143E+01  0.2600E+01
0.2500E+01  0.4381E+04  0.4381E+04  0.2860E+04  0.2206E+05  0.2142E+01  0.2611E+01
0.2510E+01  0.4410E+04  0.4410E+04  0.2885E+04  0.2216E+05  0.2142E+01  0.2622E+01
0.2520E+01  0.4440E+04  0.4440E+04  0.2910E+04  0.2225E+05  0.2141E+01  0.2633E+01
0.2530E+01  0.4469E+04  0.4469E+04  0.2934E+04  0.2234E+05  0.2141E+01  0.2644E+01
0.2540E+01  0.4498E+04  0.4498E+04  0.2959E+04  0.2244E+05  0.2140E+01  0.2655E+01
0.2550E+01  0.4527E+04  0.4528E+04  0.2984E+04  0.2253E+05  0.2139E+01  0.2666E+01
0.2560E+01  0.4557E+04  0.4557E+04  0.3009E+04  0.2263E+05  0.2139E+01  0.2678E+01
0.2570E+01  0.4587E+04  0.4586E+04  0.3034E+04  0.2272E+05  0.2138E+01  0.2689E+01
0.2580E+01  0.4616E+04  0.4616E+04  0.3060E+04  0.2282E+05  0.2138E+01  0.2700E+01
0.2590E+01  0.4646E+04  0.4646E+04  0.3085E+04  0.2291E+05  0.2137E+01  0.2711E+01
0.2600E+01  0.4676E+04  0.4676E+04  0.3111E+04  0.2300E+05  0.2136E+01  0.2722E+01
0.2610E+01  0.4706E+04  0.4706E+04  0.3136E+04  0.2310E+05  0.2136E+01  0.2733E+01
0.2620E+01  0.4736E+04  0.4736E+04  0.3162E+04  0.2319E+05  0.2135E+01  0.2745E+01
0.2630E+01  0.4766E+04  0.4766E+04  0.3188E+04  0.2329E+05  0.2135E+01  0.2756E+01
0.2640E+01  0.4797E+04  0.4797E+04  0.3214E+04  0.2338E+05  0.2134E+01  0.2767E+01
0.2650E+01  0.4827E+04  0.4827E+04  0.3240E+04  0.2348E+05  0.2134E+01  0.2778E+01
0.2660E+01  0.4857E+04  0.4857E+04  0.3266E+04  0.2357E+05  0.2133E+01  0.2789E+01
0.2670E+01  0.4888E+04  0.4888E+04  0.3292E+04  0.2367E+05  0.2133E+01  0.2801E+01
0.2680E+01  0.4919E+04  0.4919E+04  0.3318E+04  0.2376E+05  0.2132E+01  0.2812E+01
0.2690E+01  0.4949E+04  0.4949E+04  0.3345E+04  0.2386E+05  0.2132E+01  0.2823E+01
0.2700E+01  0.4980E+04  0.4980E+04  0.3371E+04  0.2395E+05  0.2131E+01  0.2834E+01
0.2710E+01  0.5011E+04  0.5011E+04  0.3398E+04  0.2404E+05  0.2131E+01  0.2845E+01
0.2720E+01  0.5042E+04  0.5042E+04  0.3425E+04  0.2414E+05  0.2130E+01  0.2857E+01
0.2730E+01  0.5074E+04  0.5074E+04  0.3452E+04  0.2423E+05  0.2130E+01  0.2868E+01
0.2740E+01  0.5105E+04  0.5105E+04  0.3479E+04  0.2433E+05  0.2129E+01  0.2879E+01
0.2750E+01  0.5136E+04  0.5136E+04  0.3506E+04  0.2442E+05  0.2129E+01  0.2890E+01
0.2760E+01  0.5168E+04  0.5168E+04  0.3533E+04  0.2452E+05  0.2128E+01  0.2902E+01
0.2770E+01  0.5199E+04  0.5199E+04  0.3560E+04  0.2461E+05  0.2128E+01  0.2913E+01
0.2780E+01  0.5231E+04  0.5231E+04  0.3588E+04  0.2471E+05  0.2127E+01  0.2924E+01
0.2790E+01  0.5263E+04  0.5263E+04  0.3615E+04  0.2480E+05  0.2127E+01  0.2935E+01
0.2800E+01  0.5295E+04  0.5295E+04  0.3643E+04  0.2490E+05  0.2126E+01  0.2946E+01
0.2810E+01  0.5327E+04  0.5326E+04  0.3671E+04  0.2499E+05  0.2126E+01  0.2958E+01
0.2820E+01  0.5359E+04  0.5359E+04  0.3698E+04  0.2509E+05  0.2125E+01  0.2969E+01
0.2830E+01  0.5391E+04  0.5391E+04  0.3726E+04  0.2518E+05  0.2125E+01  0.2980E+01
0.2840E+01  0.5423E+04  0.5423E+04  0.3754E+04  0.2528E+05  0.2125E+01  0.2991E+01
0.2850E+01  0.5455E+04  0.5455E+04  0.3783E+04  0.2537E+05  0.2124E+01  0.3002E+01
0.2860E+01  0.5488E+04  0.5488E+04  0.3811E+04  0.2547E+05  0.2124E+01  0.3014E+01
0.2870E+01  0.5520E+04  0.5521E+04  0.3839E+04  0.2556E+05  0.2123E+01  0.3025E+01
0.2880E+01  0.5553E+04  0.5553E+04  0.3868E+04  0.2566E+05  0.2123E+01  0.3036E+01
0.2890E+01  0.5586E+04  0.5586E+04  0.3896E+04  0.2575E+05  0.2122E+01  0.3047E+01
0.2900E+01  0.5619E+04  0.5619E+04  0.3925E+04  0.2585E+05  0.2122E+01  0.3059E+01
0.2910E+01  0.5652E+04  0.5651E+04  0.3954E+04  0.2594E+05  0.2122E+01  0.3070E+01
0.2920E+01  0.5685E+04  0.5685E+04  0.3982E+04  0.2604E+05  0.2121E+01  0.3081E+01
0.2930E+01  0.5718E+04  0.5719E+04  0.4011E+04  0.2613E+05  0.2121E+01  0.3092E+01
0.2940E+01  0.5751E+04  0.5750E+04  0.4040E+04  0.2622E+05  0.2120E+01  0.3103E+01
0.2950E+01  0.5785E+04  0.5785E+04  0.4070E+04  0.2632E+05  0.2120E+01  0.3115E+01
0.2960E+01  0.5818E+04  0.5819E+04  0.4099E+04  0.2641E+05  0.2119E+01  0.3126E+01
0.2970E+01  0.5852E+04  0.5851E+04  0.4128E+04  0.2651E+05  0.2119E+01  0.3137E+01
0.2980E+01  0.5885E+04  0.5885E+04  0.4158E+04  0.2660E+05  0.2119E+01  0.3148E+01
0.2990E+01  0.5919E+04  0.5920E+04  0.4188E+04  0.2670E+05  0.2118E+01  0.3159E+01
0.3000E+01  0.5953E+04  0.5952E+04  0.4217E+04  0.2679E+05  0.2118E+01  0.3171E+01
