#FIG 2.0
80 2
1 3 0 2 0 0 0 0 0.000 1 0.000 242 164 18 18 242 164 259 164
2 1 0 2 0 0 0 0 0.000 0 0
	 138 75 138 253 9999 9999
2 1 0 2 0 0 0 0 0.000 1 0
	0 0 2.000 8.000 16.000
	 138 146 138 93 9999 9999
2 1 0 2 0 0 0 0 0.000 1 0
	0 0 2.000 8.000 16.000
	 138 244 138 217 9999 9999
2 1 0 2 0 0 0 0 0.000 1 0
	0 0 2.000 8.000 16.000
	 397 204 397 146 9999 9999
2 1 0 2 0 0 0 0 0.000 1 0
	0 0 2.000 8.000 16.000
	 311 200 311 146 9999 9999
2 1 0 2 0 0 0 0 0.000 1 0
	0 0 2.000 8.000 16.000
	 397 124 397 93 9999 9999
2 1 0 2 0 0 0 0 0.000 1 0
	0 0 2.000 8.000 16.000
	 311 124 311 93 9999 9999
2 1 0 2 0 0 0 0 0.000 1 0
	0 0 2.000 8.000 16.000
	 397 240 397 217 9999 9999
2 1 0 2 0 0 0 0 0.000 1 0
	0 0 2.000 8.000 16.000
	 311 235 311 217 9999 9999
2 1 0 2 0 0 0 0 0.000 0 0
	 388 182 406 182 9999 9999
2 1 0 2 0 0 0 0 0.000 0 0
	 388 142 406 142 9999 9999
2 1 0 2 0 0 0 0 0.000 0 0
	 302 182 320 182 9999 9999
2 1 0 2 0 0 0 0 0.000 0 0
	 302 142 320 142 9999 9999
2 1 1 2 0 0 0 0 4.000 0 0
	 311 200 397 200 9999 9999
2 1 1 2 0 0 0 0 4.000 0 0
	 311 128 397 128 9999 9999
2 1 0 2 0 0 0 0 0.000 0 0
	 397 75 397 253 9999 9999
2 1 0 2 0 0 0 0 0.000 0 0
	 311 75 311 253 9999 9999
2 1 0 2 0 0 0 0 0.000 1 0
	0 0 2.000 8.000 16.000
	 639 244 639 217 9999 9999
2 1 0 2 0 0 0 0 0.000 1 0
	0 0 2.000 8.000 16.000
	 639 146 639 93 9999 9999
2 1 0 2 0 0 0 0 0.000 0 0
	 639 75 639 253 9999 9999
2 1 0 2 0 0 0 0 0.000 0 0
	 467 75 467 253 9999 9999
2 1 0 2 0 0 0 0 0.000 0 0
	 552 75 552 253 9999 9999
2 1 1 2 0 0 0 0 4.000 0 0
	 552 128 639 128 9999 9999
2 1 1 2 0 0 0 0 4.000 0 0
	 467 200 552 200 9999 9999
2 1 0 2 0 0 0 0 0.000 0 0
	 544 142 561 142 9999 9999
2 1 0 2 0 0 0 0 0.000 0 0
	 544 182 561 182 9999 9999
2 1 0 2 0 0 0 0 0.000 1 0
	0 0 2.000 8.000 16.000
	 467 235 467 217 9999 9999
2 1 0 2 0 0 0 0 0.000 1 0
	0 0 2.000 8.000 16.000
	 552 240 552 217 9999 9999
2 1 0 2 0 0 0 0 0.000 1 0
	0 0 2.000 8.000 16.000
	 467 124 467 93 9999 9999
2 1 0 2 0 0 0 0 0.000 1 0
	0 0 2.000 8.000 16.000
	 552 124 552 93 9999 9999
2 1 0 2 0 0 0 0 0.000 1 0
	0 0 2.000 8.000 16.000
	 552 204 552 146 9999 9999
2 1 1 2 0 0 0 0 4.000 0 0
	 138 164 225 164 9999 9999
2 1 0 2 0 0 0 0 0.000 1 0
	0 0 2.000 8.000 16.000
	 259 159 259 164 9999 9999
4 0 0 20 0 0 0 0.000 1 22 27 190 289 (a)
4 0 0 20 0 0 0 0.000 1 22 28 346 289 (b)
4 0 0 20 0 0 0 0.000 1 22 27 544 289 (c)
