    0.200   -67.87     0.00     0.00     0.00     0.00     0.00
    0.210   -70.11     0.00     0.00     0.00     0.00     0.00
    0.220   -72.32     0.00     0.00     0.00     0.00     0.00
    0.230   -74.50     0.00     0.00     0.00     0.00     0.00
    0.240   -76.64     0.00     0.00     0.00     0.00     0.00
    0.250   -78.76     0.00     0.00     0.00     0.00     0.00
    0.260   -80.84     0.00     0.00     0.00     0.00     0.00
    0.270   -82.90     0.00     0.00     0.00     0.00     0.00
    0.280   -84.94     0.00     0.00     0.00     0.00     0.00
    0.290   -86.95     0.00     0.00     0.00     0.00     0.00
    0.300   -88.94     0.00     0.00     0.00     0.00     0.00
    0.310   -90.90     0.00     0.00     0.00     0.00     0.00
    0.320   -92.85     0.00     0.00     0.00     0.00     0.00
    0.330   -94.77     0.00     0.00     0.00     0.00     0.00
    0.340   -96.68     0.00     0.00     0.00     0.00     0.00
    0.350   -98.56     0.00     0.00     0.00     0.00     0.00
    0.360  -100.43     0.00     0.00     0.00     0.00     0.00
    0.370  -102.28     0.00     0.00     0.00     0.00     0.00
    0.380  -104.12     0.00     0.00     0.00     0.00     0.00
    0.390  -105.94     0.00     0.00     0.00     0.00     0.00
    0.400  -107.74     0.00     0.00     0.00     0.00     0.00
    0.410  -109.53     0.00     0.00     0.00     0.00     0.00
    0.420  -111.30     0.00     0.00     0.00     0.00     0.00
    0.430  -113.06     0.00     0.00     0.00     0.00     0.00
    0.440  -114.81     0.00     0.00     0.00     0.00     0.00
    0.450  -116.54     0.00     0.00     0.00     0.00     0.00
    0.460  -118.26     0.00     0.00     0.00     0.00     0.00
    0.470  -119.97     0.00     0.00     0.00     0.00     0.00
    0.480  -121.66     0.00     0.00     0.00     0.00     0.00
    0.490  -123.35     0.00     0.00     0.00     0.00     0.00
    0.500  -125.02     0.00     0.00     0.00     0.00     0.00
    0.510  -126.68     0.00     0.00     0.00     0.00     0.00
    0.520  -128.33     0.00     0.00     0.00     0.00     0.00
    0.530  -129.97     0.00     0.00     0.00     0.00     0.00
    0.540  -131.60     0.00     0.00     0.00     0.00     0.00
    0.550  -133.22     0.00     0.00     0.00     0.00     0.00
    0.560  -134.83     0.00     0.00     0.00     0.00     0.00
    0.570  -136.43     0.00     0.00     0.00     0.00     0.00
    0.580  -138.02     0.00     0.00     0.00     0.00     0.00
    0.590  -139.60     0.00     0.00     0.00     0.00     0.00
    0.600  -141.18     0.00     0.00     0.00     0.00     0.00
    0.610  -142.74     0.00     0.00     0.00     0.00     0.00
    0.620  -144.30     0.00     0.00     0.00     0.00     0.00
    0.630  -145.84     0.00     0.00     0.00     0.00     0.00
    0.640  -147.38     0.00     0.00     0.00     0.00     0.00
    0.650  -148.92     0.00     0.00     0.00     0.00     0.00
    0.660  -150.44     0.00     0.00     0.00     0.00     0.00
    0.670  -151.95     0.00     0.00     0.00     0.00     0.00
    0.680  -153.46     0.00     0.00     0.00     0.00     0.00
    0.690  -154.96     0.00     0.00     0.00     0.00     0.00
    0.700  -156.46     0.00     0.00     0.00     0.00     0.00
    0.710  -157.94     0.00     0.00     0.00     0.00     0.00
    0.720  -159.42     0.00     0.00     0.00     0.00     0.00
    0.730  -160.90     0.00     0.00     0.00     0.00     0.00
    0.740  -162.36     0.00     0.00     0.00     0.00     0.00
    0.750  -163.82     0.00     0.00     0.00     0.00     0.00
    0.760  -165.27     0.00     0.00     0.00     0.00     0.00
    0.770  -166.72     0.00     0.00     0.00     0.00     0.00
    0.780  -168.16     0.00     0.00     0.00     0.00     0.00
    0.790  -169.60     0.00     0.00     0.00     0.00     0.00
    0.800  -171.02     0.00     0.00     0.00     0.00     0.00
    0.810  -172.45     0.00     0.00     0.00     0.00     0.00
    0.820  -173.86     0.00     0.00     0.00     0.00     0.00
    0.830  -175.27     0.00     0.00     0.00     0.00     0.00
    0.840  -176.68     0.00     0.00     0.00     0.00     0.00
    0.850  -178.08     0.00     0.00     0.00     0.00     0.00
    0.860  -179.47     0.00     0.00     0.00     0.00     0.00
    0.870  -180.86     0.00     0.00     0.00     0.00     0.00
    0.880  -182.24     0.00     0.00     0.00     0.00     0.00
    0.890  -183.62     0.00     0.00     0.00     0.00     0.00
    0.900  -184.99     0.00     0.00     0.00     0.00     0.00
    0.910  -186.36     0.00     0.00     0.00     0.00     0.00
    0.920  -187.73     0.00     0.00     0.00     0.00     0.00
    0.930  -189.08     0.00     0.00     0.00     0.00     0.00
    0.940  -190.44     0.00     0.00     0.00     0.00     0.00
    0.950  -191.78     0.00     0.00     0.00     0.00     0.00
    0.960  -193.13     0.00     0.00     0.00     0.00     0.00
    0.970  -194.47     0.00     0.00     0.00     0.00     0.00
    0.980  -195.80     0.00     0.00     0.00     0.00     0.00
    0.990  -197.13     0.00     0.00     0.00     0.00     0.00
    1.000  -198.46     0.00     0.00     0.00     0.00     0.00
    1.010  -199.78     0.00     0.00     0.00     0.00     0.00
    1.020  -201.09     0.00     0.00     0.00     0.00     0.00
    1.030  -202.41     0.00     0.00     0.00     0.00     0.00
    1.040  -203.71     0.00     0.00     0.00     0.00     0.00
    1.050  -205.02     0.00     0.00     0.00     0.00     0.00
    1.060  -206.32     0.00     0.00     0.00     0.00     0.00
    1.070  -207.61     0.00     0.00     0.00     0.00     0.00
    1.080  -208.90     0.00     0.00     0.00     0.00     0.00
    1.090  -210.19     0.00     0.00     0.00     0.00     0.00
    1.100  -211.47     0.00     0.00     0.00     0.00     0.00
    1.110  -212.75     0.00     0.00     0.00     0.00     0.00
    1.120  -214.03     0.00     0.00     0.00     0.00     0.00
    1.130  -215.30     0.00     0.00     0.00     0.00     0.00
    1.140  -216.57     0.00     0.00     0.00     0.00     0.00
    1.150  -217.84     0.00     0.00     0.00     0.00     0.00
    1.160  -219.10     0.00     0.00     0.00     0.00     0.00
    1.170  -220.35     0.00     0.00     0.00     0.00     0.00
    1.180  -221.61     0.00     0.00     0.00     0.00     0.00
    1.190  -222.86     0.00     0.00     0.00     0.00     0.00
