   .10000000     .00000000
   .00000000  -26.24900000  -26.24900000
   .00793560  -26.24100000  -26.24000000
   .01587100  -26.23400000  -26.23000000
   .02380700  -26.22700000  -26.21700000
   .03174200  -26.21900000  -26.20200000
   .03967800  -26.21200000  -26.18400000
   .04761400  -26.20400000  -26.16400000
   .05554900  -26.19600000  -26.14200000
   .06348500  -26.18800000  -26.11800000
   .07142000  -26.18000000  -26.09100000
   .07935600  -26.17200000  -26.06200000
   .08729100  -26.16400000  -26.03100000
   .09522700  -26.15500000  -25.99700000
   .10316000  -26.14700000  -25.96100000
   .11110000  -26.13800000  -25.92300000
   .11903000  -26.12900000  -25.88200000
   .12697000  -26.12000000  -25.83800000
   .13490000  -26.11000000  -25.79200000
   .14284000  -26.10000000  -25.74400000
   .15078000  -26.09000000  -25.69300000
   .15871000  -26.08000000  -25.64000000
   .16665000  -26.06900000  -25.58400000
   .17458000  -26.05800000  -25.52600000
   .18252000  -26.04600000  -25.46500000
   .19045000  -26.03500000  -25.40200000
   .19839000  -26.02300000  -25.33600000
   .20633000  -26.01000000  -25.26700000
   .21426000  -25.99700000  -25.19600000
   .22220000  -25.98400000  -25.12200000
   .23013000  -25.97000000  -25.04600000
   .23807000  -25.95500000  -24.96600000
   .24600000  -25.94100000  -24.88500000
   .25394000  -25.92500000  -24.80000000
   .26187000  -25.91000000  -24.71300000
   .26981000  -25.89300000  -24.62300000
   .27775000  -25.87600000  -24.53000000
   .28568000  -25.85900000  -24.43500000
   .29362000  -25.84100000  -24.33700000
   .30155000  -25.82300000  -24.23600000
   .30949000  -25.80300000  -24.13200000
   .31742000  -25.78400000  -24.02500000
   .32536000  -25.76300000  -23.91600000
   .33329000  -25.74200000  -23.80400000
   .34123000  -25.72000000  -23.68800000
   .34917000  -25.69800000  -23.57000000
   .35710000  -25.67500000  -23.45000000
   .36504000  -25.65100000  -23.32600000
   .37297000  -25.62600000  -23.19900000
   .38091000  -25.60100000  -23.06900000
   .38884000  -25.57500000  -22.93700000
   .39678000  -25.54900000  -22.80200000
   .40471000  -25.52200000  -22.66300000
   .41265000  -25.49400000  -22.52200000
   .42059000  -25.46500000  -22.37800000
   .42852000  -25.43600000  -22.23100000
   .43646000  -25.40600000  -22.08200000
   .44439000  -25.37500000  -21.92900000
   .45233000  -25.34400000  -21.77400000
   .46026000  -25.31200000  -21.61600000
   .46820000  -25.28000000  -21.45500000
   .47614000  -25.24700000  -21.29100000
   .48407000  -25.21400000  -21.12500000
   .49201000  -25.17900000  -20.95500000
   .49994000  -25.14500000  -20.78300000
   .50788000  -25.10900000  -20.60800000
   .51581000  -25.07300000  -20.43000000
   .52375000  -25.03700000  -20.25000000
   .53168000  -25.00000000  -20.06700000
   .53962000  -24.96200000  -19.88100000
   .54756000  -24.92400000  -19.69200000
   .55549000  -24.88500000  -19.50100000
   .56343000  -24.84600000  -19.30700000
   .57136000  -24.80600000  -19.11000000
   .57930000  -24.76600000  -18.91000000
   .58723000  -24.72500000  -18.70800000
   .59517000  -24.68400000  -18.50300000
   .60310000  -24.64200000  -18.29500000
   .61104000  -24.60000000  -18.08500000
   .61898000  -24.55700000  -17.87200000
   .62691000  -24.51400000  -17.65600000
   .63485000  -24.47100000  -17.43800000
   .64278000  -24.42700000  -17.21700000
   .65072000  -24.38200000  -16.99300000
   .65865000  -24.33700000  -16.76700000
   .66659000  -24.29200000  -16.53800000
   .67452000  -24.24600000  -16.30600000
   .68246000  -24.19900000  -16.07200000
   .69040000  -24.15300000  -15.83500000
   .69833000  -24.10600000  -15.59600000
   .70627000  -24.05800000  -15.35400000
   .71420000  -24.01000000  -15.10900000
   .72214000  -23.96200000  -14.86200000
   .73007000  -23.91300000  -14.61200000
   .73801000  -23.86400000  -14.36000000
   .74595000  -23.81500000  -14.10500000
   .75388000  -23.76500000  -13.84700000
   .76182000  -23.71500000  -13.58700000
   .76975000  -23.66400000  -13.32500000
   .77769000  -23.61400000  -13.06000000
   .78562000  -23.56200000  -12.79200000
   .79356000  -23.51100000  -12.52200000
   .80149000  -23.45900000  -12.24900000
   .80943000  -23.40700000  -11.97400000
   .81737000  -23.35500000  -11.69700000
   .82530000  -23.30200000  -11.41700000
   .83324000  -23.24900000  -11.13400000
   .84117000  -23.19600000  -10.84900000
   .84911000  -23.14300000  -10.56100000
   .85704000  -23.08900000  -10.27100000
   .86498000  -23.03500000   -9.97900000
   .87291000  -22.98100000   -9.68420000
   .88085000  -22.92600000   -9.38690000
   .88879000  -22.87200000   -9.08720000
   .89672000  -22.81700000   -8.78500000
   .90466000  -22.76200000   -8.48050000
   .91259000  -22.70700000   -8.17350000
   .92053000  -22.65100000   -7.86420000
   .92846000  -22.59500000   -7.55250000
   .93640000  -22.54000000   -7.23840000
   .94433000  -22.48300000   -6.92190000
   .95227000  -22.42700000   -6.60300000
   .96021000  -22.37100000   -6.28180000
   .96814000  -22.31400000   -5.95830000
   .97608000  -22.25800000   -5.63240000
   .98401000  -22.20100000   -5.30420000
   .99195000  -22.14400000   -4.97360000
   .99988000  -22.08700000   -4.64070000
  1.00780000  -22.03000000   -4.30560000
  1.01580000  -21.97300000   -3.96810000
  1.02370000  -21.91500000   -3.62830000
  1.03160000  -21.85800000   -3.28620000
  1.03960000  -21.80000000   -2.94180000
  1.04750000  -21.74300000   -2.59520000
  1.05540000  -21.68500000   -2.24630000
  1.06340000  -21.62700000   -1.89510000
  1.07130000  -21.56900000   -1.54170000
  1.07920000  -21.51100000   -1.18610000
  1.08720000  -21.45400000    -.82817000
  1.09510000  -21.39600000    -.46802000
  1.10300000  -21.33800000    -.10562000
  1.11100000  -21.27900000     .25903000
  1.11890000  -21.22100000     .62591000
  1.12690000  -21.16300000     .99504000
  1.13480000  -21.10500000    1.36640000
  1.14270000  -21.04700000    1.74000000
  1.15070000  -20.98900000    2.11590000
  1.15860000  -20.93000000    2.49400000
  1.16650000  -20.87200000    2.87430000
  1.17450000  -20.81400000    3.25680000
  1.18240000  -20.75500000    3.64160000
  1.19030000  -20.69700000    4.02860000
  1.19830000  -20.63800000    4.41790000
  1.20620000  -20.58000000    4.80940000
  1.21410000  -20.52100000    5.20310000
  1.22210000  -20.46300000    5.59900000
  1.23000000  -20.40400000    5.99720000
  1.23800000  -20.34500000    6.39760000
  1.24590000  -20.28700000    6.80020000
  1.25380000  -20.22800000    7.20500000
  1.26180000  -20.16900000    7.61210000
  1.26970000  -20.11100000    8.02140000
  1.27760000  -20.05200000    8.43290000
  1.28560000  -19.99300000    8.84660000
  1.29350000  -19.93400000    9.26260000
  1.30140000  -19.87500000    9.68070000
  1.30940000  -19.81700000   10.10100000
  1.31730000  -19.75800000   10.52400000
  1.32520000  -19.69900000   10.94800000
  1.33320000  -19.64000000   11.37500000
  1.34110000  -19.58100000   11.80500000
  1.34900000  -19.52200000   12.23600000
  1.35700000  -19.46300000   12.67000000
  1.36490000  -19.40400000   13.10600000
  1.37290000  -19.34500000   13.54400000
  1.38080000  -19.28700000   13.98400000
  1.38870000  -19.22800000   14.42600000
  1.39670000  -19.16900000   14.87100000
  1.40460000  -19.11000000   15.31800000
  1.41250000  -19.05100000   15.76700000
  1.42050000  -18.99200000   16.21800000
   .20000000     .00000000
   .00000000  -35.36000000  -35.36000000
   .00991140  -35.34400000  -35.34200000
   .01982300  -35.32700000  -35.32000000
   .02973400  -35.31000000  -35.29500000
   .03964600  -35.29300000  -35.26600000
   .04955700  -35.27600000  -35.23400000
   .05946800  -35.25900000  -35.19700000
   .06938000  -35.24200000  -35.15800000
   .07929100  -35.22400000  -35.11400000
   .08920300  -35.20600000  -35.06700000
   .09911400  -35.18800000  -35.01600000
   .10903000  -35.16900000  -34.96200000
   .11894000  -35.15000000  -34.90300000
   .12885000  -35.13000000  -34.84100000
   .13876000  -35.11000000  -34.77400000
   .14867000  -35.09000000  -34.70400000
   .15858000  -35.06900000  -34.63000000
   .16849000  -35.04700000  -34.55200000
   .17841000  -35.02500000  -34.47000000
   .18832000  -35.00200000  -34.38300000
   .19823000  -34.97900000  -34.29300000
   .20814000  -34.95400000  -34.19800000
   .21805000  -34.92900000  -34.09900000
   .22796000  -34.90300000  -33.99600000
   .23787000  -34.87600000  -33.88900000
   .24778000  -34.84900000  -33.77700000
   .25770000  -34.82000000  -33.66100000
   .26761000  -34.79100000  -33.54100000
   .27752000  -34.76000000  -33.41600000
   .28743000  -34.72900000  -33.28700000
   .29734000  -34.69600000  -33.15300000
   .30725000  -34.66300000  -33.01500000
   .31716000  -34.62800000  -32.87200000
   .32708000  -34.59200000  -32.72500000
   .33699000  -34.55500000  -32.57300000
   .34690000  -34.51600000  -32.41600000
   .35681000  -34.47700000  -32.25500000
   .36672000  -34.43600000  -32.08900000
   .37663000  -34.39300000  -31.91800000
   .38654000  -34.34900000  -31.74200000
   .39646000  -34.30400000  -31.56200000
   .40637000  -34.25800000  -31.37600000
   .41628000  -34.21000000  -31.18600000
   .42619000  -34.16000000  -30.99000000
   .43610000  -34.10900000  -30.79000000
   .44601000  -34.05600000  -30.58500000
   .45592000  -34.00100000  -30.37400000
   .46584000  -33.94500000  -30.15900000
   .47575000  -33.88800000  -29.93800000
   .48566000  -33.82800000  -29.71200000
   .49557000  -33.76800000  -29.48200000
   .50548000  -33.70500000  -29.24600000
   .51539000  -33.64100000  -29.00600000
   .52530000  -33.57600000  -28.76100000
   .53522000  -33.50900000  -28.51000000
   .54513000  -33.44100000  -28.25500000
   .55504000  -33.37100000  -27.99500000
   .56495000  -33.30000000  -27.73000000
   .57486000  -33.22700000  -27.46000000
   .58477000  -33.15300000  -27.18600000
   .59468000  -33.07800000  -26.90600000
   .60460000  -33.00100000  -26.62200000
   .61451000  -32.92300000  -26.33300000
   .62442000  -32.84300000  -26.03900000
   .63433000  -32.76300000  -25.74100000
   .64424000  -32.68000000  -25.43800000
   .65415000  -32.59700000  -25.13000000
   .66406000  -32.51300000  -24.81700000
   .67397000  -32.42700000  -24.50000000
   .68389000  -32.34000000  -24.17800000
   .69380000  -32.25100000  -23.85200000
   .70371000  -32.16200000  -23.52000000
   .71362000  -32.07100000  -23.18500000
   .72353000  -31.98000000  -22.84400000
   .73344000  -31.88700000  -22.50000000
   .74335000  -31.79300000  -22.15000000
   .75327000  -31.69800000  -21.79600000
   .76318000  -31.60100000  -21.43800000
   .77309000  -31.50400000  -21.07500000
   .78300000  -31.40600000  -20.70700000
   .79291000  -31.30700000  -20.33500000
   .80282000  -31.20600000  -19.95900000
   .81273000  -31.10500000  -19.57800000
   .82265000  -31.00300000  -19.19300000
   .83256000  -30.89900000  -18.80400000
   .84247000  -30.79500000  -18.41000000
   .85238000  -30.69000000  -18.01200000
   .86229000  -30.58400000  -17.60900000
   .87220000  -30.47700000  -17.20200000
   .88211000  -30.37000000  -16.79100000
   .89203000  -30.26100000  -16.37600000
   .90194000  -30.15200000  -15.95600000
   .91185000  -30.04100000  -15.53200000
   .92176000  -29.93000000  -15.10400000
   .93167000  -29.81800000  -14.67100000
   .94158000  -29.70600000  -14.23500000
   .95149000  -29.59200000  -13.79400000
   .96141000  -29.47800000  -13.34800000
   .97132000  -29.36200000  -12.89900000
   .98123000  -29.24600000  -12.44500000
   .99114000  -29.12900000  -11.98700000
  1.00110000  -29.01200000  -11.52500000
  1.01100000  -28.89300000  -11.05800000
  1.02090000  -28.77400000  -10.58700000
  1.03080000  -28.65400000  -10.11200000
  1.04070000  -28.53300000   -9.63300000
  1.05060000  -28.41100000   -9.14950000
  1.06050000  -28.28800000   -8.66170000
  1.07040000  -28.16400000   -8.16960000
  1.08030000  -28.04000000   -7.67330000
  1.09030000  -27.91500000   -7.17270000
  1.10020000  -27.78900000   -6.66790000
  1.11010000  -27.66200000   -6.15890000
  1.12000000  -27.53500000   -5.64560000
  1.12990000  -27.40600000   -5.12800000
  1.13980000  -27.27700000   -4.60620000
  1.14970000  -27.14700000   -4.08020000
  1.15960000  -27.01600000   -3.54990000
  1.16950000  -26.88400000   -3.01540000
  1.17950000  -26.75200000   -2.47670000
  1.18940000  -26.61900000   -1.93370000
  1.19930000  -26.48500000   -1.38640000
  1.20920000  -26.35000000    -.83497000
  1.21910000  -26.21400000    -.27926000
  1.22900000  -26.07700000     .28067000
  1.23890000  -25.94000000     .84485000
  1.24880000  -25.80200000    1.41330000
  1.25870000  -25.66300000    1.98590000
  1.26870000  -25.52300000    2.56280000
  1.27860000  -25.38300000    3.14390000
  1.28850000  -25.24100000    3.72920000
  1.29840000  -25.09900000    4.31870000
  1.30830000  -24.95600000    4.91250000
  1.31820000  -24.81300000    5.51050000
  1.32810000  -24.66800000    6.11280000
  1.33800000  -24.52300000    6.71920000
  1.34790000  -24.37700000    7.32990000
  1.35790000  -24.23000000    7.94480000
  1.36780000  -24.08200000    8.56380000
  1.37770000  -23.93400000    9.18700000
  1.38760000  -23.78500000    9.81430000
  1.39750000  -23.63500000   10.44600000
  1.40740000  -23.48500000   11.08100000
  1.41730000  -23.33300000   11.72100000
  1.42720000  -23.18200000   12.36500000
  1.43720000  -23.02900000   13.01300000
  1.44710000  -22.87600000   13.66400000
  1.45700000  -22.72300000   14.32000000
  1.46690000  -22.56900000   14.98000000
  1.47680000  -22.41400000   15.64400000
  1.48670000  -22.25900000   16.31200000
  1.49660000  -22.10300000   16.98300000
  1.50650000  -21.94700000   17.65900000
  1.51640000  -21.79000000   18.33800000
  1.52640000  -21.63300000   19.02200000
  1.53630000  -21.47500000   19.70900000
  1.54620000  -21.31700000   20.40000000
  1.55610000  -21.15900000   21.09500000
  1.56600000  -21.00000000   21.79400000
  1.57590000  -20.84100000   22.49700000
  1.58580000  -20.68100000   23.20300000
  1.59570000  -20.52200000   23.91300000
  1.60560000  -20.36100000   24.62700000
  1.61560000  -20.20100000   25.34500000
  1.62550000  -20.04000000   26.06600000
  1.63540000  -19.87900000   26.79100000
  1.64530000  -19.71800000   27.52000000
  1.65520000  -19.55600000   28.25200000
  1.66510000  -19.39400000   28.98800000
  1.67500000  -19.23200000   29.72800000
  1.68490000  -19.07000000   30.47100000
  1.69480000  -18.90800000   31.21800000
  1.70480000  -18.74500000   31.96900000
  1.71470000  -18.58300000   32.72300000
  1.72460000  -18.42000000   33.48000000
  1.73450000  -18.25700000   34.24100000
  1.74440000  -18.09500000   35.00600000
  1.75430000  -17.93200000   35.77400000
  1.76420000  -17.76900000   36.54500000
  1.77410000  -17.60600000   37.32000000
   .30000000     .00000000
   .00000000  -38.25400000  -38.25400000
   .01109400  -38.22600000  -38.22400000
   .02218800  -38.19900000  -38.19000000
   .03328300  -38.17200000  -38.15200000
   .04437700  -38.14400000  -38.11000000
   .05547100  -38.11600000  -38.06300000
   .06656500  -38.08800000  -38.01100000
   .07765900  -38.06000000  -37.95500000
   .08875400  -38.03100000  -37.89400000
   .09984800  -38.00200000  -37.82800000
   .11094000  -37.97200000  -37.75700000
   .12204000  -37.94200000  -37.68200000
   .13313000  -37.91100000  -37.60200000
   .14422000  -37.88000000  -37.51700000
   .15532000  -37.84700000  -37.42600000
   .16641000  -37.81400000  -37.33100000
   .17751000  -37.78000000  -37.23100000
   .18860000  -37.74600000  -37.12500000
   .19970000  -37.71000000  -37.01400000
   .21079000  -37.67300000  -36.89800000
   .22188000  -37.63500000  -36.77600000
   .23298000  -37.59700000  -36.64900000
   .24407000  -37.55600000  -36.51700000
   .25517000  -37.51500000  -36.37900000
   .26626000  -37.47300000  -36.23600000
   .27735000  -37.42900000  -36.08600000
   .28845000  -37.38400000  -35.93200000
   .29954000  -37.33700000  -35.77100000
   .31064000  -37.28900000  -35.60500000
   .32173000  -37.23900000  -35.43300000
   .33283000  -37.18700000  -35.25400000
   .34392000  -37.13400000  -35.07000000
   .35501000  -37.08000000  -34.88000000
   .36611000  -37.02300000  -34.68400000
   .37720000  -36.96500000  -34.48200000
   .38830000  -36.90500000  -34.27300000
   .39939000  -36.84200000  -34.05900000
   .41049000  -36.77800000  -33.83800000
   .42158000  -36.71200000  -33.61000000
   .43267000  -36.64300000  -33.37700000
   .44377000  -36.57300000  -33.13600000
   .45486000  -36.50000000  -32.89000000
   .46596000  -36.42500000  -32.63600000
   .47705000  -36.34800000  -32.37700000
   .48814000  -36.26800000  -32.11000000
   .49924000  -36.18600000  -31.83700000
   .51033000  -36.10100000  -31.55600000
   .52143000  -36.01400000  -31.27000000
   .53252000  -35.92400000  -30.97600000
   .54362000  -35.83200000  -30.67500000
   .55471000  -35.73800000  -30.36800000
   .56580000  -35.64100000  -30.05500000
   .57690000  -35.54200000  -29.73400000
   .58799000  -35.44000000  -29.40700000
   .59909000  -35.33600000  -29.07300000
   .61018000  -35.22900000  -28.73200000
   .62127000  -35.12100000  -28.38500000
   .63237000  -35.00900000  -28.03100000
   .64346000  -34.89600000  -27.67100000
   .65456000  -34.78000000  -27.30400000
   .66565000  -34.66200000  -26.93000000
   .67675000  -34.54100000  -26.54900000
   .68784000  -34.41900000  -26.16300000
   .69893000  -34.29400000  -25.76900000
   .71003000  -34.16600000  -25.36900000
   .72112000  -34.03700000  -24.96200000
   .73222000  -33.90500000  -24.54900000
   .74331000  -33.77100000  -24.13000000
   .75440000  -33.63500000  -23.70400000
   .76550000  -33.49700000  -23.27100000
   .77659000  -33.35600000  -22.83200000
   .78769000  -33.21300000  -22.38600000
   .79878000  -33.06800000  -21.93400000
   .80988000  -32.92100000  -21.47600000
   .82097000  -32.77200000  -21.01100000
   .83206000  -32.62100000  -20.53900000
   .84316000  -32.46700000  -20.06200000
   .85425000  -32.31200000  -19.57700000
   .86535000  -32.15400000  -19.08700000
   .87644000  -31.99400000  -18.59000000
   .88754000  -31.83300000  -18.08700000
   .89863000  -31.66900000  -17.57700000
   .90972000  -31.50300000  -17.06100000
   .92082000  -31.33500000  -16.53900000
   .93191000  -31.16500000  -16.01000000
   .94301000  -30.99300000  -15.47500000
   .95410000  -30.81900000  -14.93400000
   .96519000  -30.64300000  -14.38700000
   .97629000  -30.46500000  -13.83300000
   .98738000  -30.28600000  -13.27300000
   .99848000  -30.10400000  -12.70700000
  1.00960000  -29.92000000  -12.13400000
  1.02070000  -29.73500000  -11.55600000
  1.03180000  -29.54700000  -10.97100000
  1.04290000  -29.35800000  -10.38000000
  1.05390000  -29.16700000   -9.78340000
  1.06500000  -28.97500000   -9.18060000
  1.07610000  -28.78000000   -8.57180000
  1.08720000  -28.58500000   -7.95720000
  1.09830000  -28.38700000   -7.33670000
  1.10940000  -28.18800000   -6.71050000
  1.12050000  -27.98800000   -6.07840000
  1.13160000  -27.78600000   -5.44070000
  1.14270000  -27.58300000   -4.79730000
  1.15380000  -27.37900000   -4.14830000
  1.16490000  -27.17300000   -3.49370000
  1.17600000  -26.96600000   -2.83360000
  1.18710000  -26.75800000   -2.16800000
  1.19820000  -26.54900000   -1.49690000
  1.20930000  -26.33800000    -.82049000
  1.22040000  -26.12700000    -.13872000
  1.23150000  -25.91500000     .54835000
  1.24250000  -25.70100000    1.24070000
  1.25360000  -25.48700000    1.93820000
  1.26470000  -25.27200000    2.64090000
  1.27580000  -25.05600000    3.34870000
  1.28690000  -24.83900000    4.06160000
  1.29800000  -24.62200000    4.77950000
  1.30910000  -24.40300000    5.50240000
  1.32020000  -24.18500000    6.23030000
  1.33130000  -23.96500000    6.96300000
  1.34240000  -23.74500000    7.70050000
  1.35350000  -23.52500000    8.44290000
  1.36460000  -23.30400000    9.19000000
  1.37570000  -23.08300000    9.94190000
  1.38680000  -22.86100000   10.69800000
  1.39790000  -22.63900000   11.45900000
  1.40900000  -22.41700000   12.22500000
  1.42010000  -22.19400000   12.99500000
  1.43120000  -21.97100000   13.77000000
  1.44220000  -21.74900000   14.54900000
  1.45330000  -21.52600000   15.33300000
  1.46440000  -21.30300000   16.12100000
  1.47550000  -21.08000000   16.91300000
  1.48660000  -20.85700000   17.70900000
  1.49770000  -20.63400000   18.51000000
  1.50880000  -20.41100000   19.31500000
  1.51990000  -20.18800000   20.12400000
  1.53100000  -19.96600000   20.93700000
  1.54210000  -19.74300000   21.75400000
  1.55320000  -19.52100000   22.57600000
  1.56430000  -19.29900000   23.40200000
  1.57540000  -19.07600000   24.23200000
  1.58650000  -18.85400000   25.06600000
  1.59760000  -18.63200000   25.90400000
  1.60870000  -18.41000000   26.74700000
  1.61980000  -18.18800000   27.59400000
  1.63080000  -17.96700000   28.44500000
  1.64190000  -17.74500000   29.30100000
  1.65300000  -17.52300000   30.16000000
  1.66410000  -17.30100000   31.02400000
  1.67520000  -17.08000000   31.89200000
  1.68630000  -16.85800000   32.76400000
  1.69740000  -16.63700000   33.64100000
  1.70850000  -16.41600000   34.52200000
  1.71960000  -16.19400000   35.40700000
  1.73070000  -15.97300000   36.29600000
  1.74180000  -15.75200000   37.18900000
  1.75290000  -15.53100000   38.08700000
  1.76400000  -15.30900000   38.98900000
  1.77510000  -15.08800000   39.89500000
  1.78620000  -14.86700000   40.80600000
  1.79730000  -14.64600000   41.72000000
  1.80840000  -14.42500000   42.63900000
  1.81940000  -14.20400000   43.56300000
  1.83050000  -13.98400000   44.49000000
  1.84160000  -13.76300000   45.42200000
  1.85270000  -13.54200000   46.35800000
  1.86380000  -13.32100000   47.29800000
  1.87490000  -13.10000000   48.24300000
  1.88600000  -12.87900000   49.19200000
  1.89710000  -12.65900000   50.14500000
  1.90820000  -12.43800000   51.10200000
  1.91930000  -12.21700000   52.06400000
  1.93040000  -11.99700000   53.03000000
  1.94150000  -11.77600000   54.00000000
  1.95260000  -11.55500000   54.97500000
  1.96370000  -11.33500000   55.95400000
  1.97480000  -11.11400000   56.93700000
  1.98590000  -10.89300000   57.92400000
   .40000000     .00000000
   .00000000  -39.98400000  -39.98400000
   .01166800  -39.94300000  -39.94100000
   .02333600  -39.90200000  -39.89300000
   .03500400  -39.86100000  -39.84000000
   .04667200  -39.82000000  -39.78200000
   .05834000  -39.77800000  -39.71900000
   .07000800  -39.73700000  -39.65100000
   .08167600  -39.69500000  -39.57800000
   .09334400  -39.65200000  -39.50000000
   .10501000  -39.60900000  -39.41700000
   .11668000  -39.56600000  -39.32800000
   .12835000  -39.52100000  -39.23400000
   .14002000  -39.47700000  -39.13500000
   .15168000  -39.43100000  -39.03000000
   .16335000  -39.38500000  -38.91900000
   .17502000  -39.33800000  -38.80300000
   .18669000  -39.29000000  -38.68200000
   .19836000  -39.24100000  -38.55500000
   .21002000  -39.19100000  -38.42100000
   .22169000  -39.14000000  -38.28300000
   .23336000  -39.08800000  -38.13800000
   .24503000  -39.03500000  -37.98700000
   .25670000  -38.98100000  -37.83100000
   .26836000  -38.92500000  -37.66800000
   .28003000  -38.86800000  -37.49900000
   .29170000  -38.80900000  -37.32400000
   .30337000  -38.74900000  -37.14300000
   .31504000  -38.68800000  -36.95600000
   .32670000  -38.62500000  -36.76200000
   .33837000  -38.56000000  -36.56200000
   .35004000  -38.49300000  -36.35500000
   .36171000  -38.42500000  -36.14200000
   .37338000  -38.35500000  -35.92200000
   .38504000  -38.28300000  -35.69600000
   .39671000  -38.20900000  -35.46300000
   .40838000  -38.13300000  -35.22300000
   .42005000  -38.05600000  -34.97700000
   .43172000  -37.97600000  -34.72300000
   .44338000  -37.89300000  -34.46300000
   .45505000  -37.80900000  -34.19500000
   .46672000  -37.72200000  -33.92100000
   .47839000  -37.63300000  -33.64000000
   .49006000  -37.54200000  -33.35100000
   .50172000  -37.44800000  -33.05500000
   .51339000  -37.35100000  -32.75200000
   .52506000  -37.25200000  -32.44100000
   .53673000  -37.15000000  -32.12300000
   .54840000  -37.04600000  -31.79800000
   .56006000  -36.93900000  -31.46500000
   .57173000  -36.83000000  -31.12500000
   .58340000  -36.71700000  -30.77800000
   .59507000  -36.60300000  -30.42300000
   .60674000  -36.48500000  -30.06100000
   .61840000  -36.36500000  -29.69200000
   .63007000  -36.24300000  -29.31500000
   .64174000  -36.11700000  -28.93100000
   .65341000  -35.99000000  -28.53900000
   .66508000  -35.85900000  -28.14000000
   .67674000  -35.72600000  -27.73400000
   .68841000  -35.59100000  -27.32100000
   .70008000  -35.45300000  -26.90000000
   .71175000  -35.31200000  -26.47200000
   .72342000  -35.16900000  -26.03600000
   .73508000  -35.02300000  -25.59400000
   .74675000  -34.87400000  -25.14300000
   .75842000  -34.72300000  -24.68600000
   .77009000  -34.57000000  -24.22100000
   .78176000  -34.41400000  -23.74900000
   .79342000  -34.25500000  -23.27000000
   .80509000  -34.09400000  -22.78300000
   .81676000  -33.93100000  -22.29000000
   .82843000  -33.76400000  -21.78800000
   .84010000  -33.59600000  -21.28000000
   .85176000  -33.42400000  -20.76400000
   .86343000  -33.25100000  -20.24100000
   .87510000  -33.07400000  -19.71100000
   .88677000  -32.89500000  -19.17300000
   .89844000  -32.71400000  -18.62800000
   .91010000  -32.53000000  -18.07600000
   .92177000  -32.34400000  -17.51700000
   .93344000  -32.15500000  -16.95000000
   .94511000  -31.96400000  -16.37700000
   .95678000  -31.77000000  -15.79600000
   .96844000  -31.57300000  -15.20700000
   .98011000  -31.37500000  -14.61200000
   .99178000  -31.17300000  -14.00900000
  1.00340000  -30.97000000  -13.39900000
  1.01510000  -30.76300000  -12.78200000
  1.02680000  -30.55500000  -12.15700000
  1.03850000  -30.34300000  -11.52500000
  1.05010000  -30.13000000  -10.88700000
  1.06180000  -29.91400000  -10.24000000
  1.07350000  -29.69500000   -9.58720000
  1.08510000  -29.47400000   -8.92690000
  1.09680000  -29.25100000   -8.25960000
  1.10850000  -29.02600000   -7.58530000
  1.12010000  -28.79900000   -6.90410000
  1.13180000  -28.56900000   -6.21590000
  1.14350000  -28.33700000   -5.52100000
  1.15510000  -28.10400000   -4.81930000
  1.16680000  -27.86800000   -4.11090000
  1.17850000  -27.63000000   -3.39580000
  1.19010000  -27.39100000   -2.67410000
  1.20180000  -27.15000000   -1.94580000
  1.21350000  -26.90700000   -1.21100000
  1.22510000  -26.66200000    -.46978000
  1.23680000  -26.41600000     .27787000
  1.24850000  -26.16800000    1.03190000
  1.26010000  -25.91800000    1.79220000
  1.27180000  -25.66700000    2.55880000
  1.28350000  -25.41500000    3.33150000
  1.29510000  -25.16100000    4.11040000
  1.30680000  -24.90500000    4.89550000
  1.31850000  -24.64900000    5.68650000
  1.33020000  -24.39100000    6.48360000
  1.34180000  -24.13200000    7.28660000
  1.35350000  -23.87200000    8.09540000
  1.36520000  -23.61100000    8.91020000
  1.37680000  -23.34900000    9.73070000
  1.38850000  -23.08600000   10.55700000
  1.40020000  -22.82100000   11.38900000
  1.41180000  -22.55600000   12.22600000
  1.42350000  -22.29100000   13.07000000
  1.43520000  -22.02400000   13.91800000
  1.44680000  -21.75700000   14.77200000
  1.45850000  -21.48900000   15.63200000
  1.47020000  -21.22000000   16.49700000
  1.48180000  -20.95100000   17.36700000
  1.49350000  -20.68100000   18.24300000
  1.50520000  -20.41100000   19.12300000
  1.51680000  -20.14000000   20.00900000
  1.52850000  -19.86900000   20.90000000
  1.54020000  -19.59800000   21.79600000
  1.55180000  -19.32700000   22.69700000
  1.56350000  -19.05500000   23.60300000
  1.57520000  -18.78300000   24.51400000
  1.58680000  -18.51100000   25.43000000
  1.59850000  -18.23900000   26.35100000
  1.61020000  -17.96700000   27.27600000
  1.62190000  -17.69400000   28.20700000
  1.63350000  -17.42200000   29.14200000
  1.64520000  -17.14900000   30.08200000
  1.65690000  -16.87600000   31.02800000
  1.66850000  -16.60300000   31.97800000
  1.68020000  -16.33000000   32.93200000
  1.69190000  -16.05700000   33.89200000
  1.70350000  -15.78400000   34.85700000
  1.71520000  -15.51100000   35.82600000
  1.72690000  -15.23700000   36.80000000
  1.73850000  -14.96400000   37.77900000
  1.75020000  -14.69000000   38.76300000
  1.76190000  -14.41700000   39.75200000
  1.77350000  -14.14300000   40.74600000
  1.78520000  -13.86900000   41.74400000
  1.79690000  -13.59500000   42.74700000
  1.80850000  -13.32100000   43.75600000
  1.82020000  -13.04700000   44.76800000
  1.83190000  -12.77300000   45.78600000
  1.84350000  -12.49800000   46.80900000
  1.85520000  -12.22400000   47.83600000
  1.86690000  -11.95000000   48.86800000
  1.87850000  -11.67500000   49.90600000
  1.89020000  -11.40100000   50.94700000
  1.90190000  -11.12600000   51.99400000
  1.91360000  -10.85200000   53.04500000
  1.92520000  -10.57700000   54.10200000
  1.93690000  -10.30200000   55.16300000
  1.94860000  -10.02800000   56.22900000
  1.96020000   -9.75290000   57.29900000
  1.97190000   -9.47810000   58.37500000
  1.98360000   -9.20330000   59.45500000
  1.99520000   -8.92850000   60.54000000
  2.00690000   -8.65360000   61.62900000
  2.01860000   -8.37870000   62.72400000
  2.03020000   -8.10380000   63.82300000
  2.04190000   -7.82890000   64.92700000
  2.05360000   -7.55390000   66.03600000
  2.06520000   -7.27900000   67.15000000
  2.07690000   -7.00400000   68.26800000
  2.08860000   -6.72900000   69.39100000
   .50000000     .00000000
   .00000000  -40.18900000  -40.18900000
   .01210300  -40.15300000  -40.15100000
   .02420600  -40.11700000  -40.10700000
   .03630900  -40.08100000  -40.05800000
   .04841100  -40.04500000  -40.00400000
   .06051400  -40.00800000  -39.94400000
   .07261700  -39.97000000  -39.87800000
   .08472000  -39.93200000  -39.80700000
   .09682300  -39.89400000  -39.73000000
   .10893000  -39.85500000  -39.64700000
   .12103000  -39.81400000  -39.55900000
   .13313000  -39.77300000  -39.46400000
   .14523000  -39.73100000  -39.36300000
   .15734000  -39.68800000  -39.25600000
   .16944000  -39.64300000  -39.14200000
   .18154000  -39.59700000  -39.02200000
   .19365000  -39.55000000  -38.89500000
   .20575000  -39.50100000  -38.76200000
   .21785000  -39.45000000  -38.62200000
   .22995000  -39.39800000  -38.47500000
   .24206000  -39.34400000  -38.32100000
   .25416000  -39.28800000  -38.16100000
   .26626000  -39.23000000  -37.99300000
   .27837000  -39.17000000  -37.81800000
   .29047000  -39.10800000  -37.63500000
   .30257000  -39.04300000  -37.44500000
   .31467000  -38.97600000  -37.24800000
   .32678000  -38.90700000  -37.04300000
   .33888000  -38.83500000  -36.83100000
   .35098000  -38.76000000  -36.61000000
   .36309000  -38.68200000  -36.38200000
   .37519000  -38.60200000  -36.14600000
   .38729000  -38.51900000  -35.90100000
   .39939000  -38.43300000  -35.64900000
   .41150000  -38.34300000  -35.38800000
   .42360000  -38.25000000  -35.11900000
   .43570000  -38.15400000  -34.84200000
   .44781000  -38.05500000  -34.55600000
   .45991000  -37.95200000  -34.26100000
   .47201000  -37.84500000  -33.95700000
   .48411000  -37.73500000  -33.64500000
   .49622000  -37.62100000  -33.32400000
   .50832000  -37.50300000  -32.99400000
   .52042000  -37.38100000  -32.65400000
   .53253000  -37.25400000  -32.30600000
   .54463000  -37.12400000  -31.94800000
   .55673000  -36.98900000  -31.58100000
   .56883000  -36.85100000  -31.20400000
   .58094000  -36.70800000  -30.81800000
   .59304000  -36.56100000  -30.42400000
   .60514000  -36.41000000  -30.02000000
   .61725000  -36.25500000  -29.60700000
   .62935000  -36.09600000  -29.18500000
   .64145000  -35.93400000  -28.75400000
   .65355000  -35.76800000  -28.31400000
   .66566000  -35.59800000  -27.86600000
   .67776000  -35.42500000  -27.40900000
   .68986000  -35.24900000  -26.94400000
   .70197000  -35.06900000  -26.47000000
   .71407000  -34.88500000  -25.98800000
   .72617000  -34.69900000  -25.49700000
   .73827000  -34.50900000  -24.99800000
   .75038000  -34.31600000  -24.49100000
   .76248000  -34.12100000  -23.97500000
   .77458000  -33.92200000  -23.45200000
   .78669000  -33.72000000  -22.92100000
   .79879000  -33.51600000  -22.38100000
   .81089000  -33.30900000  -21.83400000
   .82299000  -33.09900000  -21.27900000
   .83510000  -32.88600000  -20.71700000
   .84720000  -32.67200000  -20.14700000
   .85930000  -32.45400000  -19.56900000
   .87141000  -32.23400000  -18.98400000
   .88351000  -32.01200000  -18.39100000
   .89561000  -31.78800000  -17.79100000
   .90771000  -31.56200000  -17.18400000
   .91982000  -31.33400000  -16.56900000
   .93192000  -31.10300000  -15.94800000
   .94402000  -30.87100000  -15.31900000
   .95613000  -30.63600000  -14.68400000
   .96823000  -30.40000000  -14.04100000
   .98033000  -30.16300000  -13.39200000
   .99243000  -29.92300000  -12.73600000
  1.00450000  -29.68200000  -12.07400000
  1.01660000  -29.44000000  -11.40400000
  1.02870000  -29.19600000  -10.72800000
  1.04080000  -28.95100000  -10.04600000
  1.05290000  -28.70500000   -9.35750000
  1.06510000  -28.45700000   -8.66250000
  1.07720000  -28.20800000   -7.96130000
  1.08930000  -27.95800000   -7.25390000
  1.10140000  -27.70700000   -6.54040000
  1.11350000  -27.45500000   -5.82070000
  1.12560000  -27.20300000   -5.09480000
  1.13770000  -26.94800000   -4.36280000
  1.14980000  -26.69300000   -3.62460000
  1.16190000  -26.43700000   -2.88020000
  1.17400000  -26.18000000   -2.12960000
  1.18610000  -25.92200000   -1.37280000
  1.19820000  -25.66200000    -.60983000
  1.21030000  -25.40200000     .15942000
  1.22240000  -25.14000000     .93491000
  1.23450000  -24.87700000    1.71670000
  1.24660000  -24.61300000    2.50470000
  1.25870000  -24.34800000    3.29890000
  1.27080000  -24.08100000    4.09950000
  1.28290000  -23.81400000    4.90630000
  1.29500000  -23.54500000    5.71950000
  1.30710000  -23.27500000    6.53890000
  1.31920000  -23.00400000    7.36470000
  1.33130000  -22.73200000    8.19680000
  1.34340000  -22.45800000    9.03530000
  1.35550000  -22.18400000    9.88010000
  1.36760000  -21.90800000   10.73100000
  1.37970000  -21.63000000   11.58900000
  1.39180000  -21.35200000   12.45300000
  1.40390000  -21.07200000   13.32300000
  1.41600000  -20.79100000   14.20000000
  1.42810000  -20.50800000   15.08300000
  1.44020000  -20.22500000   15.97200000
  1.45230000  -19.93900000   16.86800000
  1.46440000  -19.65300000   17.77100000
  1.47650000  -19.36500000   18.68000000
  1.48870000  -19.07600000   19.59500000
  1.50080000  -18.78600000   20.51700000
  1.51290000  -18.49400000   21.44500000
  1.52500000  -18.20100000   22.38000000
  1.53710000  -17.90600000   23.32100000
  1.54920000  -17.61000000   24.26900000
  1.56130000  -17.31300000   25.22300000
  1.57340000  -17.01400000   26.18400000
  1.58550000  -16.71400000   27.15100000
  1.59760000  -16.41200000   28.12500000
  1.60970000  -16.10900000   29.10600000
  1.62180000  -15.80400000   30.09300000
  1.63390000  -15.49800000   31.08700000
  1.64600000  -15.19100000   32.08700000
  1.65810000  -14.88200000   33.09400000
  1.67020000  -14.57100000   34.10700000
  1.68230000  -14.26000000   35.12700000
  1.69440000  -13.94700000   36.15300000
  1.70650000  -13.63200000   37.18500000
  1.71860000  -13.31700000   38.22400000
  1.73070000  -13.00000000   39.26900000
  1.74280000  -12.68200000   40.32100000
  1.75490000  -12.36300000   41.37900000
  1.76700000  -12.04300000   42.44300000
  1.77910000  -11.72200000   43.51300000
  1.79120000  -11.39900000   44.58900000
  1.80330000  -11.07600000   45.67200000
  1.81540000  -10.75200000   46.76100000
  1.82750000  -10.42600000   47.85500000
  1.83960000  -10.10000000   48.95600000
  1.85170000   -9.77290000   50.06300000
  1.86380000   -9.44500000   51.17500000
  1.87590000   -9.11620000   52.29400000
  1.88800000   -8.78660000   53.41900000
  1.90010000   -8.45620000   54.54900000
  1.91230000   -8.12520000   55.68500000
  1.92440000   -7.79340000   56.82700000
  1.93650000   -7.46100000   57.97500000
  1.94860000   -7.12790000   59.12900000
  1.96070000   -6.79430000   60.28800000
  1.97280000   -6.46010000   61.45300000
  1.98490000   -6.12540000   62.62300000
  1.99700000   -5.79010000   63.80000000
  2.00910000   -5.45440000   64.98100000
  2.02120000   -5.11830000   66.16900000
  2.03330000   -4.78180000   67.36100000
  2.04540000   -4.44500000   68.56000000
  2.05750000   -4.10780000   69.76300000
  2.06960000   -3.77030000   70.97300000
  2.08170000   -3.43250000   72.18700000
  2.09380000   -3.09450000   73.40700000
  2.10590000   -2.75630000   74.63200000
  2.11800000   -2.41800000   75.86200000
  2.13010000   -2.07950000   77.09800000
  2.14220000   -1.74090000   78.33900000
  2.15430000   -1.40230000   79.58500000
  2.16640000   -1.06360000   80.83600000
   .60000000     .00000000
   .00000000  -41.29600000  -41.29600000
   .01247900  -41.21800000  -41.21600000
   .02495700  -41.14100000  -41.13000000
   .03743600  -41.06300000  -41.03900000
   .04991500  -40.98600000  -40.94200000
   .06239400  -40.90700000  -40.84000000
   .07487200  -40.82900000  -40.73100000
   .08735100  -40.74900000  -40.61600000
   .09983000  -40.67000000  -40.49600000
   .11231000  -40.58900000  -40.36900000
   .12479000  -40.50700000  -40.23600000
   .13727000  -40.42500000  -40.09600000
   .14974000  -40.34100000  -39.95000000
   .16222000  -40.25600000  -39.79700000
   .17470000  -40.17100000  -39.63800000
   .18718000  -40.08300000  -39.47200000
   .19966000  -39.99400000  -39.29900000
   .21214000  -39.90400000  -39.11900000
   .22462000  -39.81200000  -38.93200000
   .23710000  -39.71900000  -38.73800000
   .24957000  -39.62300000  -38.53600000
   .26205000  -39.52600000  -38.32700000
   .27453000  -39.42600000  -38.11100000
   .28701000  -39.32500000  -37.88700000
   .29949000  -39.22100000  -37.65600000
   .31197000  -39.11500000  -37.41700000
   .32445000  -39.00700000  -37.17000000
   .33693000  -38.89600000  -36.91500000
   .34940000  -38.78200000  -36.65200000
   .36188000  -38.66600000  -36.38100000
   .37436000  -38.54700000  -36.10200000
   .38684000  -38.42500000  -35.81400000
   .39932000  -38.30100000  -35.51800000
   .41180000  -38.17300000  -35.21400000
   .42428000  -38.04200000  -34.90000000
   .43676000  -37.90700000  -34.57900000
   .44923000  -37.77000000  -34.24800000
   .46171000  -37.62900000  -33.90900000
   .47419000  -37.48400000  -33.56000000
   .48667000  -37.33600000  -33.20300000
   .49915000  -37.18400000  -32.83600000
   .51163000  -37.02800000  -32.46000000
   .52411000  -36.86800000  -32.07500000
   .53658000  -36.70400000  -31.68000000
   .54906000  -36.53600000  -31.27600000
   .56154000  -36.36400000  -30.86200000
   .57402000  -36.18800000  -30.43800000
   .58650000  -36.00700000  -30.00500000
   .59898000  -35.82200000  -29.56200000
   .61146000  -35.63300000  -29.10900000
   .62394000  -35.44000000  -28.64700000
   .63641000  -35.24400000  -28.17600000
   .64889000  -35.04300000  -27.69500000
   .66137000  -34.83800000  -27.20500000
   .67385000  -34.63000000  -26.70600000
   .68633000  -34.41800000  -26.19800000
   .69881000  -34.20200000  -25.68000000
   .71129000  -33.98200000  -25.15400000
   .72377000  -33.76000000  -24.61800000
   .73624000  -33.53300000  -24.07400000
   .74872000  -33.30300000  -23.52100000
   .76120000  -33.07000000  -22.95900000
   .77368000  -32.83400000  -22.38800000
   .78616000  -32.59400000  -21.80900000
   .79864000  -32.35100000  -21.22100000
   .81112000  -32.10500000  -20.62400000
   .82360000  -31.85600000  -20.01900000
   .83607000  -31.60400000  -19.40600000
   .84855000  -31.34900000  -18.78400000
   .86103000  -31.09100000  -18.15400000
   .87351000  -30.83000000  -17.51600000
   .88599000  -30.56700000  -16.86900000
   .89847000  -30.30100000  -16.21400000
   .91095000  -30.03200000  -15.55200000
   .92342000  -29.76100000  -14.88100000
   .93590000  -29.48700000  -14.20200000
   .94838000  -29.21100000  -13.51600000
   .96086000  -28.93300000  -12.82200000
   .97334000  -28.65200000  -12.12000000
   .98582000  -28.36900000  -11.41000000
   .99830000  -28.08300000  -10.69200000
  1.01080000  -27.79600000   -9.96750000
  1.02330000  -27.50600000   -9.23510000
  1.03570000  -27.21500000   -8.49520000
  1.04820000  -26.92100000   -7.74790000
  1.06070000  -26.62600000   -6.99340000
  1.07320000  -26.32900000   -6.23150000
  1.08560000  -26.03000000   -5.46250000
  1.09810000  -25.72900000   -4.68630000
  1.11060000  -25.42700000   -3.90310000
  1.12310000  -25.12300000   -3.11280000
  1.13560000  -24.81800000   -2.31560000
  1.14800000  -24.51100000   -1.51150000
  1.16050000  -24.20300000    -.70047000
  1.17300000  -23.89300000     .11739000
  1.18550000  -23.58200000     .94204000
  1.19800000  -23.26900000    1.77350000
  1.21040000  -22.95600000    2.61160000
  1.22290000  -22.64100000    3.45640000
  1.23540000  -22.32500000    4.30780000
  1.24790000  -22.00700000    5.16580000
  1.26040000  -21.68900000    6.03040000
  1.27280000  -21.37000000    6.90150000
  1.28530000  -21.04900000    7.77900000
  1.29780000  -20.72800000    8.66300000
  1.31030000  -20.40500000    9.55340000
  1.32270000  -20.08200000   10.45000000
  1.33520000  -19.75800000   11.35300000
  1.34770000  -19.43200000   12.26200000
  1.36020000  -19.10700000   13.17800000
  1.37270000  -18.78000000   14.10000000
  1.38510000  -18.45300000   15.02700000
  1.39760000  -18.12500000   15.96100000
  1.41010000  -17.79600000   16.90100000
  1.42260000  -17.46700000   17.84700000
  1.43510000  -17.13700000   18.79900000
  1.44750000  -16.80700000   19.75700000
  1.46000000  -16.47700000   20.72100000
  1.47250000  -16.14600000   21.69000000
  1.48500000  -15.81400000   22.66600000
  1.49740000  -15.48200000   23.64700000
  1.50990000  -15.15000000   24.63400000
  1.52240000  -14.81800000   25.62700000
  1.53490000  -14.48500000   26.62500000
  1.54740000  -14.15300000   27.62900000
  1.55980000  -13.82000000   28.63800000
  1.57230000  -13.48700000   29.65300000
  1.58480000  -13.15400000   30.67400000
  1.59730000  -12.82100000   31.70000000
  1.60980000  -12.48800000   32.73100000
  1.62220000  -12.15500000   33.76700000
  1.63470000  -11.82300000   34.80900000
  1.64720000  -11.49000000   35.85700000
  1.65970000  -11.15800000   36.90900000
  1.67210000  -10.82600000   37.96700000
  1.68460000  -10.49400000   39.02900000
  1.69710000  -10.16200000   40.09700000
  1.70960000   -9.83100000   41.17100000
  1.72210000   -9.50000000   42.24900000
  1.73450000   -9.16930000   43.33200000
  1.74700000   -8.83880000   44.42100000
  1.75950000   -8.50860000   45.51500000
  1.77200000   -8.17870000   46.61300000
  1.78450000   -7.84900000   47.71800000
  1.79690000   -7.51950000   48.82700000
  1.80940000   -7.19030000   49.94100000
  1.82190000   -6.86130000   51.06100000
  1.83440000   -6.53250000   52.18600000
  1.84680000   -6.20390000   53.31600000
  1.85930000   -5.87550000   54.45200000
  1.87180000   -5.54730000   55.59200000
  1.88430000   -5.21930000   56.73800000
  1.89680000   -4.89150000   57.89000000
  1.90920000   -4.56390000   59.04600000
  1.92170000   -4.23640000   60.20800000
  1.93420000   -3.90910000   61.37500000
  1.94670000   -3.58200000   62.54700000
  1.95920000   -3.25500000   63.72400000
  1.97160000   -2.92820000   64.90700000
  1.98410000   -2.60150000   66.09500000
  1.99660000   -2.27490000   67.28900000
  2.00910000   -1.94850000   68.48700000
  2.02160000   -1.62210000   69.69100000
  2.03400000   -1.29590000   70.90100000
  2.04650000    -.96980000   72.11500000
  2.05900000    -.64379000   73.33500000
  2.07150000    -.31787000   74.56100000
  2.08390000     .00796540   75.79100000
  2.09640000     .33372000   77.02700000
  2.10890000     .65940000   78.26900000
  2.12140000     .98502000   79.51600000
  2.13390000    1.31060000   80.76800000
  2.14630000    1.63610000   82.02500000
  2.15880000    1.96150000   83.28800000
  2.17130000    2.28700000   84.55700000
  2.18380000    2.61230000   85.83000000
  2.19630000    2.93770000   87.11000000
  2.20870000    3.26300000   88.39400000
  2.22120000    3.58840000   89.68400000
  2.23370000    3.91370000   90.98000000
   .70000000     .55902000
   .00000000  -40.36800000  -40.36800000
   .01274300  -40.32700000  -40.32400000
   .02548500  -40.28500000  -40.27400000
   .03822800  -40.24300000  -40.21800000
   .05097100  -40.20100000  -40.15600000
   .06371400  -40.15800000  -40.08700000
   .07645600  -40.11400000  -40.01200000
   .08919900  -40.07000000  -39.93100000
   .10194000  -40.02400000  -39.84300000
   .11468000  -39.97700000  -39.74800000
   .12743000  -39.92900000  -39.64600000
   .14017000  -39.87900000  -39.53700000
   .15291000  -39.82800000  -39.42000000
   .16566000  -39.77500000  -39.29600000
   .17840000  -39.72000000  -39.16400000
   .19114000  -39.66300000  -39.02500000
   .20388000  -39.60300000  -38.87800000
   .21663000  -39.54100000  -38.72200000
   .22937000  -39.47700000  -38.55900000
   .24211000  -39.41000000  -38.38700000
   .25485000  -39.34000000  -38.20600000
   .26760000  -39.26700000  -38.01700000
   .28034000  -39.19100000  -37.81900000
   .29308000  -39.11100000  -37.61200000
   .30583000  -39.02800000  -37.39600000
   .31857000  -38.94200000  -37.17100000
   .33131000  -38.85100000  -36.93600000
   .34405000  -38.75700000  -36.69200000
   .35680000  -38.65900000  -36.43700000
   .36954000  -38.55600000  -36.17300000
   .38228000  -38.45000000  -35.89900000
   .39502000  -38.33800000  -35.61500000
   .40777000  -38.22200000  -35.32100000
   .42051000  -38.10200000  -35.01600000
   .43325000  -37.97600000  -34.70000000
   .44600000  -37.84500000  -34.37400000
   .45874000  -37.70900000  -34.03700000
   .47148000  -37.56700000  -33.68800000
   .48422000  -37.42000000  -33.32900000
   .49697000  -37.26800000  -32.95800000
   .50971000  -37.10900000  -32.57500000
   .52245000  -36.94400000  -32.18100000
   .53519000  -36.77300000  -31.77500000
   .54794000  -36.59600000  -31.35700000
   .56068000  -36.41300000  -30.92700000
   .57342000  -36.22300000  -30.48500000
   .58617000  -36.02600000  -30.03000000
   .59891000  -35.82200000  -29.56300000
   .61165000  -35.61200000  -29.08400000
   .62439000  -35.39600000  -28.59300000
   .63714000  -35.17400000  -28.09000000
   .64988000  -34.94500000  -27.57500000
   .66262000  -34.71100000  -27.04900000
   .67537000  -34.47100000  -26.51200000
   .68811000  -34.22500000  -25.96300000
   .70085000  -33.97400000  -25.40200000
   .71359000  -33.71700000  -24.83100000
   .72634000  -33.45500000  -24.24900000
   .73908000  -33.18800000  -23.65600000
   .75182000  -32.91500000  -23.05200000
   .76456000  -32.63800000  -22.43700000
   .77731000  -32.35600000  -21.81200000
   .79005000  -32.06900000  -21.17700000
   .80279000  -31.77800000  -20.53200000
   .81554000  -31.48200000  -19.87600000
   .82828000  -31.18300000  -19.21100000
   .84102000  -30.87800000  -18.53600000
   .85376000  -30.57000000  -17.85100000
   .86651000  -30.25800000  -17.15600000
   .87925000  -29.94300000  -16.45200000
   .89199000  -29.62300000  -15.73900000
   .90473000  -29.30000000  -15.01600000
   .91748000  -28.97400000  -14.28500000
   .93022000  -28.64400000  -13.54400000
   .94296000  -28.31200000  -12.79500000
   .95571000  -27.97600000  -12.03700000
   .96845000  -27.63700000  -11.27100000
   .98119000  -27.29600000  -10.49600000
   .99393000  -26.95200000   -9.71260000
  1.00670000  -26.60500000   -8.92120000
  1.01940000  -26.25600000   -8.12170000
  1.03220000  -25.90500000   -7.31440000
  1.04490000  -25.55200000   -6.49920000
  1.05760000  -25.19700000   -5.67640000
  1.07040000  -24.83900000   -4.84600000
  1.08310000  -24.48000000   -4.00820000
  1.09590000  -24.12000000   -3.16320000
  1.10860000  -23.75800000   -2.31100000
  1.12140000  -23.39500000   -1.45170000
  1.13410000  -23.03000000    -.58558000
  1.14680000  -22.66400000     .28735000
  1.15960000  -22.29700000    1.16700000
  1.17230000  -21.93000000    2.05330000
  1.18510000  -21.56100000    2.94620000
  1.19780000  -21.19100000    3.84580000
  1.21060000  -20.82100000    4.75190000
  1.22330000  -20.44900000    5.66460000
  1.23600000  -20.07700000    6.58380000
  1.24880000  -19.70400000    7.50940000
  1.26150000  -19.33000000    8.44160000
  1.27430000  -18.95500000    9.38010000
  1.28700000  -18.58000000   10.32500000
  1.29980000  -18.20400000   11.27600000
  1.31250000  -17.82700000   12.23400000
  1.32520000  -17.44900000   13.19800000
  1.33800000  -17.07100000   14.16800000
  1.35070000  -16.69300000   15.14500000
  1.36350000  -16.31400000   16.12700000
  1.37620000  -15.93400000   17.11600000
  1.38900000  -15.55400000   18.11100000
  1.40170000  -15.17300000   19.11300000
  1.41440000  -14.79200000   20.12000000
  1.42720000  -14.41100000   21.13300000
  1.43990000  -14.02900000   22.15300000
  1.45270000  -13.64700000   23.17800000
  1.46540000  -13.26400000   24.20900000
  1.47820000  -12.88100000   25.24700000
  1.49090000  -12.49800000   26.29000000
  1.50360000  -12.11500000   27.33900000
  1.51640000  -11.73200000   28.39400000
  1.52910000  -11.34800000   29.45500000
  1.54190000  -10.96500000   30.52100000
  1.55460000  -10.58100000   31.59300000
  1.56740000  -10.19700000   32.67100000
  1.58010000   -9.81310000   33.75500000
  1.59280000   -9.42920000   34.84500000
  1.60560000   -9.04540000   35.94000000
  1.61830000   -8.66160000   37.04000000
  1.63110000   -8.27790000   38.14700000
  1.64380000   -7.89430000   39.25800000
  1.65660000   -7.51090000   40.37600000
  1.66930000   -7.12760000   41.49900000
  1.68200000   -6.74450000   42.62700000
  1.69480000   -6.36170000   43.76100000
  1.70750000   -5.97920000   44.90000000
  1.72030000   -5.59690000   46.04400000
  1.73300000   -5.21490000   47.19400000
  1.74580000   -4.83330000   48.34900000
  1.75850000   -4.45190000   49.51000000
  1.77120000   -4.07080000   50.67600000
  1.78400000   -3.69000000   51.84700000
  1.79670000   -3.30940000   53.02400000
  1.80950000   -2.92910000   54.20600000
  1.82220000   -2.54900000   55.39400000
  1.83500000   -2.16920000   56.58700000
  1.84770000   -1.78970000   57.78500000
  1.86040000   -1.41030000   58.98900000
  1.87320000   -1.03120000   60.19800000
  1.88590000    -.65232000   61.41300000
  1.89870000    -.27364000   62.63300000
  1.91140000     .10484000   63.85900000
  1.92420000     .48312000   65.09000000
  1.93690000     .86121000   66.32700000
  1.94960000    1.23910000   67.56900000
  1.96240000    1.61680000   68.81700000
  1.97510000    1.99440000   70.07000000
  1.98790000    2.37180000   71.32800000
  2.00060000    2.74900000   72.59300000
  2.01340000    3.12610000   73.86200000
  2.02610000    3.50310000   75.13700000
  2.03880000    3.87990000   76.41800000
  2.05160000    4.25650000   77.70400000
  2.06430000    4.63310000   78.99600000
  2.07710000    5.00950000   80.29400000
  2.08980000    5.38590000   81.59600000
  2.10260000    5.76210000   82.90500000
  2.11530000    6.13820000   84.21900000
  2.12800000    6.51430000   85.53900000
  2.14080000    6.89020000   86.86400000
  2.15350000    7.26610000   88.19400000
  2.16630000    7.64200000   89.53100000
  2.17900000    8.01770000   90.87300000
  2.19180000    8.39340000   92.22000000
  2.20450000    8.76910000   93.57400000
  2.21720000    9.14470000   94.93300000
  2.23000000    9.52030000   96.29700000
  2.24270000    9.89580000   97.66700000
  2.25550000   10.27100000   99.04300000
  2.26820000   10.64700000  100.42000000
  2.28100000   11.02200000  101.81000000
   .80000000     .92117000
   .00000000  -35.45400000  -35.45400000
   .01289700  -35.39900000  -35.39600000
   .02579300  -35.34300000  -35.33200000
   .03869000  -35.28800000  -35.26200000
   .05158700  -35.23200000  -35.18500000
   .06448300  -35.17500000  -35.10300000
   .07738000  -35.11900000  -35.01400000
   .09027700  -35.06100000  -34.91900000
   .10317000  -35.00300000  -34.81700000
   .11607000  -34.94400000  -34.70900000
   .12897000  -34.88400000  -34.59400000
   .14186000  -34.82300000  -34.47200000
   .15476000  -34.76100000  -34.34300000
   .16766000  -34.69700000  -34.20700000
   .18055000  -34.63300000  -34.06400000
   .19345000  -34.56700000  -33.91400000
   .20635000  -34.49900000  -33.75600000
   .21924000  -34.43000000  -33.59100000
   .23214000  -34.35800000  -33.41800000
   .24504000  -34.28500000  -33.23800000
   .25793000  -34.21100000  -33.05000000
   .27083000  -34.13400000  -32.85400000
   .28373000  -34.05400000  -32.65000000
   .29662000  -33.97300000  -32.43800000
   .30952000  -33.88900000  -32.21800000
   .32242000  -33.80300000  -31.98900000
   .33531000  -33.71400000  -31.75200000
   .34821000  -33.62300000  -31.50700000
   .36111000  -33.52800000  -31.25300000
   .37400000  -33.43100000  -30.99000000
   .38690000  -33.33100000  -30.71900000
   .39980000  -33.22800000  -30.43900000
   .41269000  -33.12100000  -30.14900000
   .42559000  -33.01200000  -29.85100000
   .43849000  -32.89900000  -29.54300000
   .45138000  -32.78200000  -29.22600000
   .46428000  -32.66200000  -28.90000000
   .47718000  -32.53800000  -28.56400000
   .49007000  -32.41000000  -28.21900000
   .50297000  -32.27800000  -27.86400000
   .51587000  -32.14200000  -27.49900000
   .52876000  -32.00300000  -27.12400000
   .54166000  -31.85900000  -26.73900000
   .55456000  -31.71000000  -26.34400000
   .56745000  -31.55700000  -25.93800000
   .58035000  -31.40000000  -25.52300000
   .59325000  -31.23800000  -25.09700000
   .60614000  -31.07200000  -24.66000000
   .61904000  -30.90000000  -24.21300000
   .63194000  -30.72500000  -23.75600000
   .64483000  -30.54400000  -23.28800000
   .65773000  -30.36000000  -22.81100000
   .67063000  -30.17000000  -22.32200000
   .68352000  -29.97700000  -21.82400000
   .69642000  -29.77800000  -21.31500000
   .70932000  -29.57500000  -20.79600000
   .72221000  -29.36800000  -20.26600000
   .73511000  -29.15600000  -19.72700000
   .74801000  -28.94000000  -19.17700000
   .76090000  -28.72000000  -18.61600000
   .77380000  -28.49500000  -18.04600000
   .78670000  -28.26500000  -17.46500000
   .79959000  -28.03100000  -16.87500000
   .81249000  -27.79300000  -16.27400000
   .82539000  -27.55100000  -15.66300000
   .83828000  -27.30400000  -15.04100000
   .85118000  -27.05300000  -14.41000000
   .86408000  -26.79700000  -13.76800000
   .87697000  -26.53700000  -13.11700000
   .88987000  -26.27300000  -12.45500000
   .90277000  -26.00500000  -11.78300000
   .91566000  -25.73200000  -11.10100000
   .92856000  -25.45500000  -10.40900000
   .94146000  -25.17400000   -9.70750000
   .95435000  -24.88900000   -8.99560000
   .96725000  -24.60000000   -8.27360000
   .98015000  -24.30600000   -7.54160000
   .99304000  -24.00800000   -6.79970000
  1.00590000  -23.70600000   -6.04780000
  1.01880000  -23.40000000   -5.28590000
  1.03170000  -23.08900000   -4.51410000
  1.04460000  -22.77500000   -3.73240000
  1.05750000  -22.45600000   -2.94070000
  1.07040000  -22.13400000   -2.13920000
  1.08330000  -21.80700000   -1.32780000
  1.09620000  -21.47600000    -.50649000
  1.10910000  -21.14100000     .32465000
  1.12200000  -20.80300000    1.16560000
  1.13490000  -20.46000000    2.01640000
  1.14780000  -20.11300000    2.87710000
  1.16070000  -19.76200000    3.74750000
  1.17360000  -19.40700000    4.62760000
  1.18650000  -19.04800000    5.51730000
  1.19940000  -18.68600000    6.41650000
  1.21230000  -18.32100000    7.32500000
  1.22520000  -17.95100000    8.24270000
  1.23810000  -17.57900000    9.16940000
  1.25100000  -17.20400000   10.10500000
  1.26390000  -16.82500000   11.04900000
  1.27680000  -16.44400000   12.00200000
  1.28970000  -16.06000000   12.96400000
  1.30260000  -15.67300000   13.93400000
  1.31550000  -15.28400000   14.91200000
  1.32840000  -14.89300000   15.89800000
  1.34130000  -14.50000000   16.89300000
  1.35410000  -14.10400000   17.89500000
  1.36700000  -13.70700000   18.90400000
  1.37990000  -13.30800000   19.92200000
  1.39280000  -12.90700000   20.94600000
  1.40570000  -12.50500000   21.97800000
  1.41860000  -12.10100000   23.01800000
  1.43150000  -11.69700000   24.06400000
  1.44440000  -11.29100000   25.11700000
  1.45730000  -10.88400000   26.17700000
  1.47020000  -10.47700000   27.24300000
  1.48310000  -10.06800000   28.31600000
  1.49600000   -9.65950000   29.39500000
  1.50890000   -9.25040000   30.48000000
  1.52180000   -8.84100000   31.57200000
  1.53470000   -8.43140000   32.66900000
  1.54760000   -8.02190000   33.77300000
  1.56050000   -7.61250000   34.88100000
  1.57340000   -7.20340000   35.99600000
  1.58630000   -6.79470000   37.11600000
  1.59920000   -6.38650000   38.24100000
  1.61210000   -5.97900000   39.37100000
  1.62500000   -5.57240000   40.50600000
  1.63790000   -5.16670000   41.64600000
  1.65080000   -4.76210000   42.79100000
  1.66370000   -4.35870000   43.94000000
  1.67660000   -3.95670000   45.09400000
  1.68950000   -3.55620000   46.25200000
  1.70240000   -3.15730000   47.41400000
  1.71530000   -2.76020000   48.58000000
  1.72820000   -2.36500000   49.75000000
  1.74100000   -1.97180000   50.92400000
  1.75390000   -1.58070000   52.10200000
  1.76680000   -1.19160000   53.28300000
  1.77970000    -.80436000   54.46900000
  1.79260000    -.41906000   55.65800000
  1.80550000    -.03561500   56.85100000
  1.81840000     .34603000   58.04800000
  1.83130000     .72591000   59.25000000
  1.84420000    1.10410000   60.45500000
  1.85710000    1.48060000   61.66400000
  1.87000000    1.85540000   62.87800000
  1.88290000    2.22870000   64.09600000
  1.89580000    2.60050000   65.31800000
  1.90870000    2.97080000   66.54500000
  1.92160000    3.33970000   67.77600000
  1.93450000    3.70710000   69.01100000
  1.94740000    4.07320000   70.25100000
  1.96030000    4.43810000   71.49500000
  1.97320000    4.80160000   72.74400000
  1.98610000    5.16400000   73.99700000
  1.99900000    5.52520000   75.25500000
  2.01190000    5.88530000   76.51800000
  2.02480000    6.24430000   77.78500000
  2.03770000    6.60230000   79.05800000
  2.05060000    6.95940000   80.33500000
  2.06350000    7.31550000   81.61700000
  2.07640000    7.67070000   82.90400000
  2.08930000    8.02510000   84.19500000
  2.10220000    8.37870000   85.49200000
  2.11510000    8.73160000   86.79400000
  2.12790000    9.08380000   88.10100000
  2.14080000    9.43530000   89.41300000
  2.15370000    9.78620000   90.73100000
  2.16660000   10.13700000   92.05400000
  2.17950000   10.48600000   93.38200000
  2.19240000   10.83600000   94.71500000
  2.20530000   11.18500000   96.05400000
  2.21820000   11.53300000   97.39800000
  2.23110000   11.88200000   98.74700000
  2.24400000   12.23000000  100.10000000
  2.25690000   12.57700000  101.46000000
  2.26980000   12.92500000  102.83000000
  2.28270000   13.27200000  104.20000000
  2.29560000   13.62000000  105.58000000
  2.30850000   13.96700000  106.96000000
   .90000000    1.18360000
   .00000000  -34.21500000  -34.21500000
   .01302900  -34.15200000  -34.14900000
   .02605800  -34.08900000  -34.07700000
   .03908600  -34.02600000  -34.00000000
   .05211500  -33.96300000  -33.91600000
   .06514400  -33.89900000  -33.82500000
   .07817300  -33.83500000  -33.72900000
   .09120100  -33.77000000  -33.62500000
   .10423000  -33.70500000  -33.51500000
   .11726000  -33.63900000  -33.39900000
   .13029000  -33.57200000  -33.27600000
   .14332000  -33.50400000  -33.14600000
   .15635000  -33.43500000  -33.00800000
   .16937000  -33.36500000  -32.86400000
   .18240000  -33.29300000  -32.71300000
   .19543000  -33.22100000  -32.55400000
   .20846000  -33.14600000  -32.38800000
   .22149000  -33.07100000  -32.21500000
   .23452000  -32.99300000  -32.03400000
   .24755000  -32.91400000  -31.84500000
   .26058000  -32.83300000  -31.64900000
   .27360000  -32.75100000  -31.44400000
   .28663000  -32.66600000  -31.23200000
   .29966000  -32.57900000  -31.01200000
   .31269000  -32.49000000  -30.78400000
   .32572000  -32.39800000  -30.54700000
   .33875000  -32.30500000  -30.30200000
   .35178000  -32.20800000  -30.04900000
   .36481000  -32.10900000  -29.78700000
   .37783000  -32.00800000  -29.51700000
   .39086000  -31.90400000  -29.23800000
   .40389000  -31.79600000  -28.95000000
   .41692000  -31.68600000  -28.65300000
   .42995000  -31.57300000  -28.34700000
   .44298000  -31.45700000  -28.03200000
   .45601000  -31.33700000  -27.70800000
   .46904000  -31.21400000  -27.37500000
   .48206000  -31.08800000  -27.03200000
   .49509000  -30.95800000  -26.68000000
   .50812000  -30.82400000  -26.31900000
   .52115000  -30.68700000  -25.94700000
   .53418000  -30.54500000  -25.56600000
   .54721000  -30.40000000  -25.17500000
   .56024000  -30.25100000  -24.77400000
   .57327000  -30.09800000  -24.36300000
   .58629000  -29.94100000  -23.94200000
   .59932000  -29.77900000  -23.51100000
   .61235000  -29.61300000  -23.07000000
   .62538000  -29.44300000  -22.61800000
   .63841000  -29.26800000  -22.15600000
   .65144000  -29.08900000  -21.68300000
   .66447000  -28.90500000  -21.20000000
   .67750000  -28.71700000  -20.70700000
   .69052000  -28.52400000  -20.20400000
   .70355000  -28.32700000  -19.68900000
   .71658000  -28.12500000  -19.16500000
   .72961000  -27.91900000  -18.63000000
   .74264000  -27.70800000  -18.08400000
   .75567000  -27.49200000  -17.52800000
   .76870000  -27.27200000  -16.96100000
   .78173000  -27.04700000  -16.38300000
   .79476000  -26.81700000  -15.79500000
   .80778000  -26.58300000  -15.19600000
   .82081000  -26.34300000  -14.58600000
   .83384000  -26.09900000  -13.96600000
   .84687000  -25.85000000  -13.33500000
   .85990000  -25.59600000  -12.69200000
   .87293000  -25.33700000  -12.03900000
   .88596000  -25.07200000  -11.37500000
   .89899000  -24.80300000  -10.70100000
   .91201000  -24.52900000  -10.01500000
   .92504000  -24.25000000   -9.31790000
   .93807000  -23.96600000   -8.61000000
   .95110000  -23.67600000   -7.89110000
   .96413000  -23.38200000   -7.16110000
   .97716000  -23.08200000   -6.41990000
   .99019000  -22.77700000   -5.66760000
  1.00320000  -22.46700000   -4.90410000
  1.01620000  -22.15100000   -4.12940000
  1.02930000  -21.83000000   -3.34340000
  1.04230000  -21.50400000   -2.54620000
  1.05530000  -21.17200000   -1.73760000
  1.06840000  -20.83500000    -.91770000
  1.08140000  -20.49300000    -.08640200
  1.09440000  -20.14500000     .75630000
  1.10740000  -19.79100000    1.61050000
  1.12050000  -19.43200000    2.47610000
  1.13350000  -19.06700000    3.35320000
  1.14650000  -18.69700000    4.24190000
  1.15960000  -18.32100000    5.14210000
  1.17260000  -17.94000000    6.05390000
  1.18560000  -17.55200000    6.97720000
  1.19860000  -17.16000000    7.91180000
  1.21170000  -16.76200000    8.85730000
  1.22470000  -16.36000000    9.81370000
  1.23770000  -15.95300000   10.78100000
  1.25080000  -15.54200000   11.75800000
  1.26380000  -15.12600000   12.74500000
  1.27680000  -14.70700000   13.74200000
  1.28980000  -14.28400000   14.74900000
  1.30290000  -13.85700000   15.76500000
  1.31590000  -13.42700000   16.79000000
  1.32890000  -12.99500000   17.82300000
  1.34200000  -12.56000000   18.86600000
  1.35500000  -12.12200000   19.91700000
  1.36800000  -11.68200000   20.97600000
  1.38100000  -11.24000000   22.04300000
  1.39410000  -10.79700000   23.11700000
  1.40710000  -10.35200000   24.19900000
  1.42010000   -9.90530000   25.28800000
  1.43320000   -9.45800000   26.38400000
  1.44620000   -9.00990000   27.48700000
  1.45920000   -8.56130000   28.59600000
  1.47230000   -8.11250000   29.71100000
  1.48530000   -7.66350000   30.83300000
  1.49830000   -7.21480000   31.96000000
  1.51130000   -6.76660000   33.09200000
  1.52440000   -6.31900000   34.23000000
  1.53740000   -5.87230000   35.37300000
  1.55040000   -5.42680000   36.52000000
  1.56350000   -4.98270000   37.67200000
  1.57650000   -4.54030000   38.82900000
  1.58950000   -4.09970000   39.98900000
  1.60250000   -3.66120000   41.15300000
  1.61560000   -3.22510000   42.32100000
  1.62860000   -2.79160000   43.49200000
  1.64160000   -2.36100000   44.66600000
  1.65470000   -1.93340000   45.84300000
  1.66770000   -1.50920000   47.02300000
  1.68070000   -1.08850000   48.20500000
  1.69370000    -.67168000   49.38900000
  1.70680000    -.25887000   50.57500000
  1.71980000     .14966000   51.76200000
  1.73280000     .55366000   52.95100000
  1.74590000     .95289000   54.14100000
  1.75890000    1.34710000   55.33300000
  1.77190000    1.73640000   56.52500000
  1.78490000    2.12080000   57.71800000
  1.79800000    2.50050000   58.91200000
  1.81100000    2.87540000   60.10700000
  1.82400000    3.24590000   61.30400000
  1.83710000    3.61200000   62.50300000
  1.85010000    3.97370000   63.70300000
  1.86310000    4.33130000   64.90500000
  1.87610000    4.68470000   66.10800000
  1.88920000    5.03430000   67.31400000
  1.90220000    5.37990000   68.52100000
  1.91520000    5.72190000   69.73100000
  1.92830000    6.06020000   70.94300000
  1.94130000    6.39500000   72.15800000
  1.95430000    6.72630000   73.37500000
  1.96730000    7.05450000   74.59500000
  1.98040000    7.37940000   75.81700000
  1.99340000    7.70130000   77.04300000
  2.00640000    8.02020000   78.27100000
  2.01950000    8.33630000   79.50200000
  2.03250000    8.64970000   80.73700000
  2.04550000    8.96050000   81.97500000
  2.05850000    9.26880000   83.21600000
  2.07160000    9.57470000   84.46100000
  2.08460000    9.87830000   85.71000000
  2.09760000   10.18000000   86.96200000
  2.11070000   10.47900000   88.21800000
  2.12370000   10.77700000   89.47800000
  2.13670000   11.07300000   90.74300000
  2.14970000   11.36700000   92.01100000
  2.16280000   11.65900000   93.28400000
  2.17580000   11.95000000   94.56200000
  2.18880000   12.24000000   95.84400000
  2.20190000   12.52800000   97.13000000
  2.21490000   12.81500000   98.42200000
  2.22790000   13.10100000   99.71800000
  2.24090000   13.38700000  101.02000000
  2.25400000   13.67100000  102.33000000
  2.26700000   13.95500000  103.64000000
  2.28000000   14.23800000  104.95000000
  2.29310000   14.52100000  106.28000000
  2.30610000   14.80400000  107.61000000
  2.31910000   15.08600000  108.94000000
  2.33210000   15.36800000  110.28000000
  1.00000000    1.36820000
   .00000000  -32.79500000  -32.79500000
   .01311500  -32.73400000  -32.73100000
   .02623100  -32.67400000  -32.66200000
   .03934600  -32.61300000  -32.58600000
   .05246100  -32.55100000  -32.50300000
   .06557700  -32.48900000  -32.41400000
   .07869200  -32.42700000  -32.31900000
   .09180800  -32.36400000  -32.21700000
   .10492000  -32.30000000  -32.10800000
   .11804000  -32.23500000  -31.99200000
   .13115000  -32.17000000  -31.87000000
   .14427000  -32.10300000  -31.74000000
   .15738000  -32.03500000  -31.60300000
   .17050000  -31.96600000  -31.45900000
   .18362000  -31.89500000  -31.30700000
   .19673000  -31.82300000  -31.14800000
   .20985000  -31.74900000  -30.98100000
   .22296000  -31.67400000  -30.80600000
   .23608000  -31.59600000  -30.62400000
   .24919000  -31.51700000  -30.43300000
   .26231000  -31.43500000  -30.23500000
   .27542000  -31.35200000  -30.02800000
   .28854000  -31.26600000  -29.81300000
   .30165000  -31.17800000  -29.59000000
   .31477000  -31.08700000  -29.35800000
   .32788000  -30.99300000  -29.11700000
   .34100000  -30.89700000  -28.86800000
   .35411000  -30.79800000  -28.61000000
   .36723000  -30.69600000  -28.34300000
   .38035000  -30.59100000  -28.06700000
   .39346000  -30.48300000  -27.78100000
   .40658000  -30.37100000  -27.48700000
   .41969000  -30.25700000  -27.18300000
   .43281000  -30.13800000  -26.86900000
   .44592000  -30.01600000  -26.54600000
   .45904000  -29.89100000  -26.21400000
   .47215000  -29.76100000  -25.87100000
   .48527000  -29.62800000  -25.51900000
   .49838000  -29.49100000  -25.15600000
   .51150000  -29.34900000  -24.78300000
   .52461000  -29.20300000  -24.40000000
   .53773000  -29.05300000  -24.00700000
   .55085000  -28.89800000  -23.60300000
   .56396000  -28.73900000  -23.18900000
   .57708000  -28.57500000  -22.76400000
   .59019000  -28.40700000  -22.32800000
   .60331000  -28.23300000  -21.88100000
   .61642000  -28.05400000  -21.42400000
   .62954000  -27.87100000  -20.95500000
   .64265000  -27.68300000  -20.47600000
   .65577000  -27.49000000  -19.98600000
   .66888000  -27.29200000  -19.48500000
   .68200000  -27.08900000  -18.97300000
   .69511000  -26.88100000  -18.45000000
   .70823000  -26.66900000  -17.91600000
   .72134000  -26.45100000  -17.37100000
   .73446000  -26.22900000  -16.81600000
   .74758000  -26.00200000  -16.25000000
   .76069000  -25.77000000  -15.67300000
   .77381000  -25.53300000  -15.08500000
   .78692000  -25.29200000  -14.48600000
   .80004000  -25.04500000  -13.87600000
   .81315000  -24.79400000  -13.25600000
   .82627000  -24.53800000  -12.62400000
   .83938000  -24.27700000  -11.98200000
   .85250000  -24.01100000  -11.32900000
   .86561000  -23.74000000  -10.66500000
   .87873000  -23.46500000   -9.99030000
   .89184000  -23.18400000   -9.30470000
   .90496000  -22.89900000   -8.60830000
   .91808000  -22.60900000   -7.90110000
   .93119000  -22.31500000   -7.18310000
   .94431000  -22.01500000   -6.45430000
   .95742000  -21.71000000   -5.71460000
   .97054000  -21.40100000   -4.96410000
   .98365000  -21.08700000   -4.20280000
   .99677000  -20.76800000   -3.43070000
  1.00990000  -20.44500000   -2.64780000
  1.02300000  -20.11600000   -1.85410000
  1.03610000  -19.78300000   -1.04960000
  1.04920000  -19.44500000    -.23426000
  1.06230000  -19.10200000     .59186000
  1.07550000  -18.75400000    1.42880000
  1.08860000  -18.40200000    2.27650000
  1.10170000  -18.04500000    3.13500000
  1.11480000  -17.68300000    4.00430000
  1.12790000  -17.31600000    4.88430000
  1.14100000  -16.94400000    5.77520000
  1.15420000  -16.56800000    6.67680000
  1.16730000  -16.18700000    7.58920000
  1.18040000  -15.80100000    8.51240000
  1.19350000  -15.41100000    9.44630000
  1.20660000  -15.01600000   10.39100000
  1.21970000  -14.61600000   11.34500000
  1.23280000  -14.21300000   12.31000000
  1.24600000  -13.80600000   13.28400000
  1.25910000  -13.39500000   14.26800000
  1.27220000  -12.98100000   15.26100000
  1.28530000  -12.56400000   16.26400000
  1.29840000  -12.14400000   17.27500000
  1.31150000  -11.72100000   18.29600000
  1.32470000  -11.29600000   19.32400000
  1.33780000  -10.86800000   20.36100000
  1.35090000  -10.43800000   21.40600000
  1.36400000  -10.00700000   22.45900000
  1.37710000   -9.57340000   23.52000000
  1.39020000   -9.13870000   24.58800000
  1.40330000   -8.70270000   25.66300000
  1.41650000   -8.26570000   26.74600000
  1.42960000   -7.82800000   27.83500000
  1.44270000   -7.38960000   28.93100000
  1.45580000   -6.95090000   30.03300000
  1.46890000   -6.51200000   31.14100000
  1.48200000   -6.07320000   32.25500000
  1.49520000   -5.63470000   33.37500000
  1.50830000   -5.19670000   34.50000000
  1.52140000   -4.75930000   35.63100000
  1.53450000   -4.32290000   36.76700000
  1.54760000   -3.88760000   37.90800000
  1.56070000   -3.45370000   39.05300000
  1.57380000   -3.02140000   40.20300000
  1.58700000   -2.59080000   41.35700000
  1.60010000   -2.16220000   42.51500000
  1.61320000   -1.73580000   43.67600000
  1.62630000   -1.31190000   44.84200000
  1.63940000    -.89058000   46.01000000
  1.65250000    -.47213000   47.18200000
  1.66570000    -.05675100   48.35700000
  1.67880000     .35534000   49.53500000
  1.69190000     .76394000   50.71500000
  1.70500000    1.16880000   51.89700000
  1.71810000    1.56980000   53.08100000
  1.73120000    1.96660000   54.26800000
  1.74430000    2.35900000   55.45600000
  1.75750000    2.74690000   56.64500000
  1.77060000    3.13000000   57.83500000
  1.78370000    3.50830000   59.02700000
  1.79680000    3.88200000   60.22000000
  1.80990000    4.25120000   61.41500000
  1.82300000    4.61590000   62.61100000
  1.83620000    4.97630000   63.80900000
  1.84930000    5.33240000   65.00900000
  1.86240000    5.68450000   66.21000000
  1.87550000    6.03250000   67.41400000
  1.88860000    6.37670000   68.61900000
  1.90170000    6.71710000   69.82700000
  1.91480000    7.05370000   71.03700000
  1.92800000    7.38690000   72.25000000
  1.94110000    7.71650000   73.46500000
  1.95420000    8.04280000   74.68300000
  1.96730000    8.36590000   75.90300000
  1.98040000    8.68580000   77.12700000
  1.99350000    9.00270000   78.35300000
  2.00670000    9.31660000   79.58300000
  2.01980000    9.62780000   80.81500000
  2.03290000    9.93620000   82.05100000
  2.04600000   10.24200000   83.29100000
  2.05910000   10.54500000   84.53300000
  2.07220000   10.84600000   85.78000000
  2.08530000   11.14500000   87.03000000
  2.09850000   11.44200000   88.28400000
  2.11160000   11.73600000   89.54200000
  2.12470000   12.02900000   90.80400000
  2.13780000   12.31900000   92.07100000
  2.15090000   12.60800000   93.34100000
  2.16400000   12.89600000   94.61600000
  2.17720000   13.18100000   95.89500000
  2.19030000   13.46600000   97.17900000
  2.20340000   13.74900000   98.46800000
  2.21650000   14.03100000   99.76200000
  2.22960000   14.31200000  101.06000000
  2.24270000   14.59200000  102.36000000
  2.25580000   14.87100000  103.67000000
  2.26900000   15.14900000  104.99000000
  2.28210000   15.42700000  106.30000000
  2.29520000   15.70400000  107.63000000
  2.30830000   15.98000000  108.96000000
  2.32140000   16.25700000  110.30000000
  2.33450000   16.53300000  111.64000000
  2.34770000   16.80900000  112.98000000
  1.10000000    1.55870000
   .00000000  -31.97400000  -31.97400000
   .01315100  -31.91000000  -31.90700000
   .02630300  -31.84600000  -31.83400000
   .03945400  -31.78200000  -31.75400000
   .05260500  -31.71700000  -31.66900000
   .06575600  -31.65200000  -31.57600000
   .07890800  -31.58600000  -31.47700000
   .09205900  -31.52000000  -31.37200000
   .10521000  -31.45200000  -31.25900000
   .11836000  -31.38400000  -31.13900000
   .13151000  -31.31500000  -31.01300000
   .14466000  -31.24400000  -30.87900000
   .15782000  -31.17200000  -30.73700000
   .17097000  -31.09800000  -30.58800000
   .18412000  -31.02300000  -30.43200000
   .19727000  -30.94700000  -30.26800000
   .21042000  -30.86800000  -30.09500000
   .22357000  -30.78700000  -29.91500000
   .23672000  -30.70500000  -29.72700000
   .24987000  -30.62000000  -29.53000000
   .26303000  -30.53300000  -29.32600000
   .27618000  -30.44300000  -29.11200000
   .28933000  -30.35100000  -28.89000000
   .30248000  -30.25600000  -28.65900000
   .31563000  -30.15800000  -28.42000000
   .32878000  -30.05800000  -28.17100000
   .34193000  -29.95400000  -27.91400000
   .35508000  -29.84700000  -27.64700000
   .36824000  -29.73700000  -27.37100000
   .38139000  -29.62300000  -27.08500000
   .39454000  -29.50600000  -26.79000000
   .40769000  -29.38500000  -26.48500000
   .42084000  -29.26100000  -26.17000000
   .43399000  -29.13200000  -25.84500000
   .44714000  -29.00000000  -25.51100000
   .46029000  -28.86300000  -25.16600000
   .47345000  -28.72200000  -24.81000000
   .48660000  -28.57600000  -24.44400000
   .49975000  -28.42600000  -24.06800000
   .51290000  -28.27200000  -23.68100000
   .52605000  -28.11200000  -23.28300000
   .53920000  -27.94800000  -22.87400000
   .55235000  -27.77900000  -22.45500000
   .56551000  -27.60400000  -22.02400000
   .57866000  -27.42400000  -21.58100000
   .59181000  -27.23900000  -21.12700000
   .60496000  -27.04900000  -20.66200000
   .61811000  -26.85300000  -20.18600000
   .63126000  -26.65100000  -19.69800000
   .64441000  -26.44500000  -19.19800000
   .65756000  -26.23300000  -18.68700000
   .67072000  -26.01600000  -18.16500000
   .68387000  -25.79300000  -17.63200000
   .69702000  -25.56600000  -17.08800000
   .71017000  -25.33400000  -16.53300000
   .72332000  -25.09600000  -15.96600000
   .73647000  -24.85400000  -15.38900000
   .74962000  -24.60700000  -14.80100000
   .76277000  -24.35500000  -14.20200000
   .77593000  -24.09800000  -13.59200000
   .78908000  -23.83700000  -12.97200000
   .80223000  -23.57100000  -12.34000000
   .81538000  -23.30000000  -11.69800000
   .82853000  -23.02500000  -11.04600000
   .84168000  -22.74500000  -10.38300000
   .85483000  -22.46100000   -9.70920000
   .86798000  -22.17200000   -9.02530000
   .88114000  -21.87900000   -8.33090000
   .89429000  -21.58200000   -7.62630000
   .90744000  -21.28100000   -6.91140000
   .92059000  -20.97500000   -6.18630000
   .93374000  -20.66500000   -5.45110000
   .94689000  -20.35200000   -4.70570000
   .96004000  -20.03400000   -3.95030000
   .97320000  -19.71200000   -3.18490000
   .98635000  -19.38700000   -2.40960000
   .99950000  -19.05700000   -1.62440000
  1.01260000  -18.72400000    -.82932000
  1.02580000  -18.38700000    -.02450400
  1.03900000  -18.04600000     .79004000
  1.05210000  -17.70200000    1.61420000
  1.06530000  -17.35400000    2.44810000
  1.07840000  -17.00200000    3.29150000
  1.09160000  -16.64800000    4.14440000
  1.10470000  -16.28900000    5.00670000
  1.11790000  -15.92800000    5.87840000
  1.13100000  -15.56300000    6.75950000
  1.14420000  -15.19400000    7.64990000
  1.15730000  -14.82300000    8.54950000
  1.17050000  -14.44800000    9.45830000
  1.18360000  -14.07100000   10.37600000
  1.19680000  -13.69000000   11.30300000
  1.20990000  -13.30700000   12.23900000
  1.22310000  -12.92000000   13.18300000
  1.23620000  -12.53200000   14.13600000
  1.24940000  -12.14100000   15.09800000
  1.26250000  -11.74800000   16.06700000
  1.27570000  -11.35300000   17.04500000
  1.28880000  -10.95600000   18.03000000
  1.30200000  -10.55800000   19.02300000
  1.31510000  -10.15800000   20.02300000
  1.32830000   -9.75700000   21.03100000
  1.34140000   -9.35480000   22.04600000
  1.35460000   -8.95170000   23.06800000
  1.36770000   -8.54780000   24.09600000
  1.38090000   -8.14340000   25.13200000
  1.39400000   -7.73850000   26.17300000
  1.40720000   -7.33330000   27.22100000
  1.42030000   -6.92810000   28.27500000
  1.43350000   -6.52300000   29.33500000
  1.44660000   -6.11810000   30.40100000
  1.45980000   -5.71370000   31.47300000
  1.47290000   -5.30980000   32.55000000
  1.48610000   -4.90680000   33.63200000
  1.49920000   -4.50460000   34.71900000
  1.51240000   -4.10360000   35.81100000
  1.52550000   -3.70390000   36.90800000
  1.53870000   -3.30560000   38.01000000
  1.55190000   -2.90900000   39.11500000
  1.56500000   -2.51410000   40.22600000
  1.57820000   -2.12130000   41.34000000
  1.59130000   -1.73050000   42.45800000
  1.60450000   -1.34210000   43.58000000
  1.61760000    -.95613000   44.70500000
  1.63080000    -.57283000   45.83400000
  1.64390000    -.19234000   46.96600000
  1.65710000     .18516000   48.10100000
  1.67020000     .55949000   49.23900000
  1.68340000     .93050000   50.38000000
  1.69650000    1.29800000   51.52300000
  1.70970000    1.66180000   52.66800000
  1.72280000    2.02180000   53.81600000
  1.73600000    2.37780000   54.96600000
  1.74910000    2.72960000   56.11700000
  1.76230000    3.07700000   57.27100000
  1.77540000    3.41990000   58.42500000
  1.78860000    3.75840000   59.58200000
  1.80170000    4.09240000   60.74000000
  1.81490000    4.42220000   61.89900000
  1.82800000    4.74780000   63.06100000
  1.84120000    5.06920000   64.22500000
  1.85430000    5.38680000   65.39000000
  1.86750000    5.70040000   66.55800000
  1.88060000    6.01020000   67.72800000
  1.89380000    6.31640000   68.90000000
  1.90690000    6.61900000   70.07500000
  1.92010000    6.91810000   71.25300000
  1.93320000    7.21390000   72.43300000
  1.94640000    7.50640000   73.61600000
  1.95950000    7.79570000   74.80100000
  1.97270000    8.08200000   75.99000000
  1.98580000    8.36530000   77.18200000
  1.99900000    8.64580000   78.37700000
  2.01210000    8.92350000   79.57500000
  2.02530000    9.19850000   80.77700000
  2.03840000    9.47100000   81.98200000
  2.05160000    9.74100000   83.19000000
  2.06480000   10.00900000   84.40300000
  2.07790000   10.27400000   85.61900000
  2.09110000   10.53700000   86.83900000
  2.10420000   10.79900000   88.06300000
  2.11740000   11.05800000   89.29100000
  2.13050000   11.31600000   90.52300000
  2.14370000   11.57100000   91.76000000
  2.15680000   11.82500000   93.00100000
  2.17000000   12.07800000   94.24700000
  2.18310000   12.32900000   95.49700000
  2.19630000   12.57900000   96.75200000
  2.20940000   12.82800000   98.01100000
  2.22260000   13.07500000   99.27600000
  2.23570000   13.32200000  100.55000000
  2.24890000   13.56700000  101.82000000
  2.26200000   13.81200000  103.10000000
  2.27520000   14.05600000  104.39000000
  2.28830000   14.29900000  105.68000000
  2.30150000   14.54200000  106.97000000
  2.31460000   14.78500000  108.27000000
  2.32780000   15.02700000  109.58000000
  2.34090000   15.26900000  110.90000000
  2.35410000   15.51100000  112.21000000
  1.20000000    1.72050000
   .00000000  -27.85900000  -27.85900000
   .01321000  -27.87300000  -27.87000000
   .02641900  -27.88700000  -27.87500000
   .03962900  -27.90000000  -27.87300000
   .05283900  -27.91300000  -27.86400000
   .06604900  -27.92400000  -27.84800000
   .07925800  -27.93500000  -27.82500000
   .09246800  -27.94400000  -27.79500000
   .10568000  -27.95100000  -27.75600000
   .11889000  -27.95700000  -27.71000000
   .13210000  -27.96000000  -27.65600000
   .14531000  -27.96100000  -27.59300000
   .15852000  -27.95900000  -27.52100000
   .17173000  -27.95500000  -27.44000000
   .18494000  -27.94700000  -27.35000000
   .19815000  -27.93600000  -27.25100000
   .21136000  -27.92200000  -27.14200000
   .22457000  -27.90300000  -27.02300000
   .23777000  -27.88100000  -26.89400000
   .25098000  -27.85400000  -26.75500000
   .26419000  -27.82200000  -26.60400000
   .27740000  -27.78600000  -26.44300000
   .29061000  -27.74500000  -26.27100000
   .30382000  -27.69900000  -26.08800000
   .31703000  -27.64700000  -25.89300000
   .33024000  -27.58900000  -25.68600000
   .34345000  -27.52600000  -25.46700000
   .35666000  -27.45600000  -25.23600000
   .36987000  -27.37900000  -24.99200000
   .38308000  -27.29600000  -24.73600000
   .39629000  -27.20600000  -24.46600000
   .40950000  -27.10900000  -24.18300000
   .42271000  -27.00500000  -23.88700000
   .43592000  -26.89300000  -23.57700000
   .44913000  -26.77300000  -23.25300000
   .46234000  -26.64400000  -22.91400000
   .47555000  -26.50800000  -22.56100000
   .48876000  -26.36300000  -22.19400000
   .50197000  -26.20900000  -21.81200000
   .51518000  -26.04500000  -21.41400000
   .52839000  -25.87300000  -21.00100000
   .54160000  -25.69100000  -20.57200000
   .55481000  -25.49900000  -20.12800000
   .56802000  -25.29700000  -19.66700000
   .58123000  -25.08500000  -19.19000000
   .59444000  -24.86300000  -18.69600000
   .60765000  -24.62900000  -18.18600000
   .62086000  -24.38600000  -17.65900000
   .63407000  -24.13200000  -17.11700000
   .64728000  -23.86900000  -16.55800000
   .66049000  -23.59700000  -15.98400000
   .67370000  -23.31500000  -15.39500000
   .68691000  -23.02500000  -14.79100000
   .70012000  -22.72600000  -14.17300000
   .71332000  -22.42000000  -13.54000000
   .72653000  -22.10500000  -12.89400000
   .73974000  -21.78300000  -12.23400000
   .75295000  -21.45400000  -11.56100000
   .76616000  -21.11900000  -10.87500000
   .77937000  -20.77600000  -10.17700000
   .79258000  -20.42800000   -9.46600000
   .80579000  -20.07400000   -8.74340000
   .81900000  -19.71400000   -8.00920000
   .83221000  -19.34900000   -7.26370000
   .84542000  -18.98000000   -6.50720000
   .85863000  -18.60500000   -5.74010000
   .87184000  -18.22700000   -4.96270000
   .88505000  -17.84400000   -4.17530000
   .89826000  -17.45800000   -3.37830000
   .91147000  -17.06900000   -2.57180000
   .92468000  -16.67700000   -1.75640000
   .93789000  -16.28200000    -.93219000
   .95110000  -15.88500000    -.09960900
   .96431000  -15.48600000     .74105000
   .97752000  -15.08500000    1.58950000
   .99073000  -14.68300000    2.44530000
  1.00390000  -14.28000000    3.30830000
  1.01710000  -13.87600000    4.17810000
  1.03040000  -13.47200000    5.05430000
  1.04360000  -13.06700000    5.93670000
  1.05680000  -12.66300000    6.82500000
  1.07000000  -12.26000000    7.71880000
  1.08320000  -11.85700000    8.61770000
  1.09640000  -11.45600000    9.52160000
  1.10960000  -11.05600000   10.43000000
  1.12280000  -10.65800000   11.34300000
  1.13600000  -10.26200000   12.25900000
  1.14920000   -9.86830000   13.17900000
  1.16250000   -9.47770000   14.10300000
  1.17570000   -9.09030000   15.02900000
  1.18890000   -8.70620000   15.95800000
  1.20210000   -8.32570000   16.89000000
  1.21530000   -7.94870000   17.82400000
  1.22850000   -7.57490000   18.76100000
  1.24170000   -7.20420000   19.70200000
  1.25490000   -6.83650000   20.64500000
  1.26810000   -6.47160000   21.59100000
  1.28130000   -6.10950000   22.54100000
  1.29460000   -5.75000000   23.49400000
  1.30780000   -5.39300000   24.45100000
  1.32100000   -5.03820000   25.41200000
  1.33420000   -4.68560000   26.37700000
  1.34740000   -4.33510000   27.34500000
  1.36060000   -3.98650000   28.31800000
  1.37380000   -3.63960000   29.29500000
  1.38700000   -3.29440000   30.27700000
  1.40020000   -2.95070000   31.26300000
  1.41340000   -2.60830000   32.25400000
  1.42660000   -2.26720000   33.25000000
  1.43990000   -1.92720000   34.25100000
  1.45310000   -1.58810000   35.25700000
  1.46630000   -1.24980000   36.26800000
  1.47950000    -.91223000   37.28400000
  1.49270000    -.57519000   38.30700000
  1.50590000    -.23856000   39.33400000
  1.51910000     .09779000   40.36800000
  1.53230000     .43400000   41.40800000
  1.54550000     .77022000   42.45300000
  1.55870000    1.10660000   43.50500000
  1.57200000    1.44320000   44.56400000
  1.58520000    1.78020000   45.62800000
  1.59840000    2.11780000   46.70000000
  1.61160000    2.45600000   47.77800000
  1.62480000    2.79510000   48.86300000
  1.63800000    3.13510000   49.95500000
  1.65120000    3.47620000   51.05400000
  1.66440000    3.81850000   52.16100000
  1.67760000    4.16210000   53.27500000
  1.69080000    4.50730000   54.39700000
  1.70410000    4.85410000   55.52600000
  1.71730000    5.20270000   56.66300000
  1.73050000    5.55310000   57.80900000
  1.74370000    5.90560000   58.96200000
  1.75690000    6.26030000   60.12400000
  1.77010000    6.61730000   61.29400000
  1.78330000    6.97670000   62.47200000
  1.79650000    7.33860000   63.65900000
  1.80970000    7.70280000   64.85500000
  1.82290000    8.06940000   66.05900000
  1.83620000    8.43830000   67.27100000
  1.84940000    8.80930000   68.49200000
  1.86260000    9.18250000   69.72000000
  1.87580000    9.55790000   70.95800000
  1.88900000    9.93530000   72.20300000
  1.90220000   10.31500000   73.45600000
  1.91540000   10.69600000   74.71700000
  1.92860000   11.07900000   75.98700000
  1.94180000   11.46400000   77.26400000
  1.95500000   11.85100000   78.54900000
  1.96820000   12.24000000   79.84200000
  1.98150000   12.63000000   81.14300000
  1.99470000   13.02200000   82.45100000
  2.00790000   13.41500000   83.76700000
  2.02110000   13.81000000   85.09000000
  2.03430000   14.20600000   86.42200000
  2.04750000   14.60400000   87.76000000
  2.06070000   15.00300000   89.10600000
  2.07390000   15.40300000   90.45900000
  2.08710000   15.80400000   91.82000000
  2.10030000   16.20700000   93.18800000
  2.11360000   16.61100000   94.56300000
  2.12680000   17.01600000   95.94500000
  2.14000000   17.42200000   97.33500000
  2.15320000   17.82800000   98.73100000
  2.16640000   18.23600000  100.13000000
  2.17960000   18.64400000  101.54000000
  2.19280000   19.05400000  102.96000000
  2.20600000   19.46400000  104.39000000
  2.21920000   19.87400000  105.82000000
  2.23240000   20.28600000  107.25000000
  2.24570000   20.69700000  108.70000000
  2.25890000   21.11000000  110.15000000
  2.27210000   21.52200000  111.61000000
  2.28530000   21.93600000  113.07000000
  2.29850000   22.34900000  114.54000000
  2.31170000   22.76300000  116.02000000
  2.32490000   23.17700000  117.50000000
  2.33810000   23.59100000  118.99000000
  2.35130000   24.00500000  120.48000000
  2.36450000   24.41900000  121.98000000
