   .10000000     .45589000
   .00000000  -65.84700000  -65.84700000
   .00793560  -65.83600000  -65.83500000
   .01587100  -65.82400000  -65.81900000
   .02380700  -65.81300000  -65.80100000
   .03174200  -65.80200000  -65.78100000
   .03967800  -65.79000000  -65.75700000
   .04761400  -65.77800000  -65.73100000
   .05554900  -65.76600000  -65.70200000
   .06348500  -65.75400000  -65.67100000
   .07142000  -65.74200000  -65.63600000
   .07935600  -65.73000000  -65.59900000
   .08729100  -65.71700000  -65.55900000
   .09522700  -65.70400000  -65.51600000
   .10316000  -65.69100000  -65.47000000
   .11110000  -65.67800000  -65.42200000
   .11903000  -65.66400000  -65.37000000
   .12697000  -65.65000000  -65.31600000
   .13490000  -65.63600000  -65.25800000
   .14284000  -65.62100000  -65.19800000
   .15078000  -65.60600000  -65.13400000
   .15871000  -65.59000000  -65.06800000
   .16665000  -65.57400000  -64.99800000
   .17458000  -65.55800000  -64.92500000
   .18252000  -65.54100000  -64.85000000
   .19045000  -65.52300000  -64.77100000
   .19839000  -65.50500000  -64.68900000
   .20633000  -65.48700000  -64.60400000
   .21426000  -65.46800000  -64.51500000
   .22220000  -65.44800000  -64.42400000
   .23013000  -65.42800000  -64.32900000
   .23807000  -65.40700000  -64.23100000
   .24600000  -65.38500000  -64.12900000
   .25394000  -65.36300000  -64.02500000
   .26187000  -65.34000000  -63.91700000
   .26981000  -65.31600000  -63.80500000
   .27775000  -65.29100000  -63.69100000
   .28568000  -65.26600000  -63.57300000
   .29362000  -65.24000000  -63.45100000
   .30155000  -65.21300000  -63.32600000
   .30949000  -65.18500000  -63.19800000
   .31742000  -65.15700000  -63.06600000
   .32536000  -65.12700000  -62.93100000
   .33329000  -65.09700000  -62.79200000
   .34123000  -65.06600000  -62.65000000
   .34917000  -65.03300000  -62.50400000
   .35710000  -65.00000000  -62.35400000
   .36504000  -64.96600000  -62.20100000
   .37297000  -64.93100000  -62.04400000
   .38091000  -64.89500000  -61.88400000
   .38884000  -64.85800000  -61.72000000
   .39678000  -64.82000000  -61.55300000
   .40471000  -64.78100000  -61.38200000
   .41265000  -64.74100000  -61.20800000
   .42059000  -64.70000000  -61.03000000
   .42852000  -64.65900000  -60.84800000
   .43646000  -64.61600000  -60.66300000
   .44439000  -64.57300000  -60.47500000
   .45233000  -64.52900000  -60.28300000
   .46026000  -64.48400000  -60.08800000
   .46820000  -64.43800000  -59.89000000
   .47614000  -64.39200000  -59.68800000
   .48407000  -64.34500000  -59.48200000
   .49201000  -64.29700000  -59.27400000
   .49994000  -64.24800000  -59.06200000
   .50788000  -64.19800000  -58.84600000
   .51581000  -64.14800000  -58.62700000
   .52375000  -64.09700000  -58.40500000
   .53168000  -64.04600000  -58.18000000
   .53962000  -63.99400000  -57.95100000
   .54756000  -63.94100000  -57.72000000
   .55549000  -63.88700000  -57.48400000
   .56343000  -63.83300000  -57.24600000
   .57136000  -63.77800000  -57.00400000
   .57930000  -63.72300000  -56.76000000
   .58723000  -63.66700000  -56.51200000
   .59517000  -63.61000000  -56.26000000
   .60310000  -63.55300000  -56.00600000
   .61104000  -63.49600000  -55.74800000
   .61898000  -63.43800000  -55.48800000
   .62691000  -63.37900000  -55.22400000
   .63485000  -63.32000000  -54.95700000
   .64278000  -63.26000000  -54.68700000
   .65072000  -63.20000000  -54.41400000
   .65865000  -63.14000000  -54.13800000
   .66659000  -63.07900000  -53.85900000
   .67452000  -63.01700000  -53.57700000
   .68246000  -62.95600000  -53.29100000
   .69040000  -62.89300000  -53.00300000
   .69833000  -62.83100000  -52.71200000
   .70627000  -62.76800000  -52.41800000
   .71420000  -62.70500000  -52.12000000
   .72214000  -62.64100000  -51.82000000
   .73007000  -62.57700000  -51.51700000
   .73801000  -62.51300000  -51.21100000
   .74595000  -62.44800000  -50.90200000
   .75388000  -62.38300000  -50.59000000
   .76182000  -62.31700000  -50.27500000
   .76975000  -62.25200000  -49.95700000
   .77769000  -62.18500000  -49.63600000
   .78562000  -62.11900000  -49.31200000
   .79356000  -62.05200000  -48.98500000
   .80149000  -61.98500000  -48.65500000
   .80943000  -61.91700000  -48.32200000
   .81737000  -61.84900000  -47.98600000
   .82530000  -61.78100000  -47.64700000
   .83324000  -61.71200000  -47.30600000
   .84117000  -61.64300000  -46.96100000
   .84911000  -61.57300000  -46.61300000
   .85704000  -61.50300000  -46.26200000
   .86498000  -61.43300000  -45.90800000
   .87291000  -61.36200000  -45.55100000
   .88085000  -61.29100000  -45.19100000
   .88879000  -61.21900000  -44.82800000
   .89672000  -61.14700000  -44.46200000
   .90466000  -61.07500000  -44.09300000
   .91259000  -61.00200000  -43.72100000
   .92053000  -60.92900000  -43.34600000
   .92846000  -60.85500000  -42.96800000
   .93640000  -60.78100000  -42.58700000
   .94433000  -60.70700000  -42.20300000
   .95227000  -60.63200000  -41.81500000
   .96021000  -60.55600000  -41.42500000
   .96814000  -60.48100000  -41.03200000
   .97608000  -60.40400000  -40.63600000
   .98401000  -60.32800000  -40.23600000
   .99195000  -60.25100000  -39.83400000
   .99988000  -60.17300000  -39.42800000
  1.00780000  -60.09500000  -39.02000000
  1.01580000  -60.01700000  -38.60800000
  1.02370000  -59.93800000  -38.19300000
  1.03160000  -59.85900000  -37.77500000
  1.03960000  -59.77900000  -37.35500000
  1.04750000  -59.69800000  -36.93100000
  1.05540000  -59.61800000  -36.50400000
  1.06340000  -59.53700000  -36.07400000
  1.07130000  -59.45500000  -35.64100000
  1.07920000  -59.37300000  -35.20400000
  1.08720000  -59.29000000  -34.76500000
  1.09510000  -59.20700000  -34.32300000
  1.10300000  -59.12400000  -33.87700000
  1.11100000  -59.04000000  -33.42900000
  1.11890000  -58.95600000  -32.97700000
  1.12690000  -58.87100000  -32.52300000
  1.13480000  -58.78600000  -32.06600000
  1.14270000  -58.70100000  -31.60500000
  1.15070000  -58.61500000  -31.14200000
  1.15860000  -58.52900000  -30.67500000
  1.16650000  -58.44200000  -30.20600000
  1.17450000  -58.35500000  -29.73400000
  1.18240000  -58.26800000  -29.25800000
  1.19030000  -58.18100000  -28.78000000
  1.19830000  -58.09300000  -28.29900000
  1.20620000  -58.00500000  -27.81500000
  1.21410000  -57.91700000  -27.32800000
  1.22210000  -57.82800000  -26.83900000
  1.23000000  -57.73900000  -26.34600000
  1.23800000  -57.65000000  -25.85000000
  1.24590000  -57.56100000  -25.35200000
  1.25380000  -57.47100000  -24.85100000
  1.26180000  -57.38100000  -24.34700000
  1.26970000  -57.29100000  -23.84000000
  1.27760000  -57.20100000  -23.33000000
  1.28560000  -57.11100000  -22.81800000
  1.29350000  -57.02000000  -22.30300000
  1.30140000  -56.92900000  -21.78400000
  1.30940000  -56.83800000  -21.26400000
  1.31730000  -56.74700000  -20.74000000
  1.32520000  -56.65600000  -20.21400000
  1.33320000  -56.56500000  -19.68500000
  1.34110000  -56.47300000  -19.15300000
  1.34900000  -56.38200000  -18.61800000
  1.35700000  -56.29000000  -18.08100000
  1.36490000  -56.19800000  -17.54100000
  1.37290000  -56.10600000  -16.99900000
  1.38080000  -56.01500000  -16.45300000
  1.38870000  -55.92300000  -15.90500000
  1.39670000  -55.83100000  -15.35500000
  1.40460000  -55.73900000  -14.80200000
  1.41250000  -55.64700000  -14.24600000
  1.42050000  -55.55500000  -13.68700000
   .20000000     .69627000
   .00000000  -95.45200000  -95.45200000
   .00991140  -95.42900000  -95.42700000
   .01982300  -95.40500000  -95.39700000
   .02973400  -95.38100000  -95.36300000
   .03964600  -95.35800000  -95.32500000
   .04955700  -95.33400000  -95.28300000
   .05946800  -95.31000000  -95.23600000
   .06938000  -95.28500000  -95.18500000
   .07929100  -95.26100000  -95.13000000
   .08920300  -95.23600000  -95.07100000
   .09911400  -95.21100000  -95.00700000
   .10903000  -95.18500000  -94.93900000
   .11894000  -95.15900000  -94.86600000
   .12885000  -95.13300000  -94.78800000
   .13876000  -95.10600000  -94.70700000
   .14867000  -95.07900000  -94.62000000
   .15858000  -95.05100000  -94.52900000
   .16849000  -95.02200000  -94.43300000
   .17841000  -94.99300000  -94.33300000
   .18832000  -94.96400000  -94.22800000
   .19823000  -94.93300000  -94.11800000
   .20814000  -94.90200000  -94.00300000
   .21805000  -94.87000000  -93.88400000
   .22796000  -94.83700000  -93.75900000
   .23787000  -94.80400000  -93.63000000
   .24778000  -94.77000000  -93.49600000
   .25770000  -94.73400000  -93.35600000
   .26761000  -94.69800000  -93.21200000
   .27752000  -94.66100000  -93.06300000
   .28743000  -94.62300000  -92.90800000
   .29734000  -94.58300000  -92.74900000
   .30725000  -94.54300000  -92.58400000
   .31716000  -94.50100000  -92.41400000
   .32708000  -94.45900000  -92.23900000
   .33699000  -94.41500000  -92.05800000
   .34690000  -94.37000000  -91.87300000
   .35681000  -94.32300000  -91.68200000
   .36672000  -94.27600000  -91.48500000
   .37663000  -94.22700000  -91.28300000
   .38654000  -94.17600000  -91.07600000
   .39646000  -94.12500000  -90.86300000
   .40637000  -94.07100000  -90.64500000
   .41628000  -94.01700000  -90.42100000
   .42619000  -93.96000000  -90.19100000
   .43610000  -93.90300000  -89.95600000
   .44601000  -93.84300000  -89.71500000
   .45592000  -93.78200000  -89.46900000
   .46584000  -93.71900000  -89.21700000
   .47575000  -93.65500000  -88.95900000
   .48566000  -93.58900000  -88.69500000
   .49557000  -93.52200000  -88.42600000
   .50548000  -93.45300000  -88.15100000
   .51539000  -93.38200000  -87.87000000
   .52530000  -93.31000000  -87.58400000
   .53522000  -93.23600000  -87.29200000
   .54513000  -93.16000000  -86.99400000
   .55504000  -93.08300000  -86.69100000
   .56495000  -93.00400000  -86.38200000
   .57486000  -92.92400000  -86.06700000
   .58477000  -92.84200000  -85.74600000
   .59468000  -92.75800000  -85.42000000
   .60460000  -92.67300000  -85.08800000
   .61451000  -92.58600000  -84.75100000
   .62442000  -92.49800000  -84.40800000
   .63433000  -92.40800000  -84.05900000
   .64424000  -92.31600000  -83.70400000
   .65415000  -92.22300000  -83.34400000
   .66406000  -92.12900000  -82.97800000
   .67397000  -92.03200000  -82.60700000
   .68389000  -91.93400000  -82.23000000
   .69380000  -91.83500000  -81.84700000
   .70371000  -91.73400000  -81.45800000
   .71362000  -91.63100000  -81.06400000
   .72353000  -91.52700000  -80.66400000
   .73344000  -91.42100000  -80.25800000
   .74335000  -91.31300000  -79.84700000
   .75327000  -91.20400000  -79.43000000
   .76318000  -91.09300000  -79.00800000
   .77309000  -90.98100000  -78.58000000
   .78300000  -90.86700000  -78.14600000
   .79291000  -90.75200000  -77.70600000
   .80282000  -90.63500000  -77.26100000
   .81273000  -90.51600000  -76.81000000
   .82265000  -90.39600000  -76.35400000
   .83256000  -90.27500000  -75.89200000
   .84247000  -90.15100000  -75.42400000
   .85238000  -90.02700000  -74.95100000
   .86229000  -89.90000000  -74.47200000
   .87220000  -89.77200000  -73.98700000
   .88211000  -89.64300000  -73.49700000
   .89203000  -89.51200000  -73.00100000
   .90194000  -89.37900000  -72.49900000
   .91185000  -89.24500000  -71.99200000
   .92176000  -89.10900000  -71.47900000
   .93167000  -88.97200000  -70.96100000
   .94158000  -88.83300000  -70.43700000
   .95149000  -88.69300000  -69.90700000
   .96141000  -88.55100000  -69.37200000
   .97132000  -88.40800000  -68.83200000
   .98123000  -88.26400000  -68.28600000
   .99114000  -88.11800000  -67.73500000
  1.00110000  -87.97100000  -67.17800000
  1.01100000  -87.82300000  -66.61600000
  1.02090000  -87.67300000  -66.04800000
  1.03080000  -87.52200000  -65.47500000
  1.04070000  -87.37000000  -64.89700000
  1.05060000  -87.21600000  -64.31300000
  1.06050000  -87.06200000  -63.72400000
  1.07040000  -86.90600000  -63.13000000
  1.08030000  -86.74900000  -62.53100000
  1.09030000  -86.59000000  -61.92600000
  1.10020000  -86.43100000  -61.31600000
  1.11010000  -86.27100000  -60.70100000
  1.12000000  -86.10900000  -60.08100000
  1.12990000  -85.94600000  -59.45600000
  1.13980000  -85.78300000  -58.82500000
  1.14970000  -85.61800000  -58.18900000
  1.15960000  -85.45200000  -57.54900000
  1.16950000  -85.28500000  -56.90300000
  1.17950000  -85.11800000  -56.25200000
  1.18940000  -84.94900000  -55.59600000
  1.19930000  -84.77900000  -54.93600000
  1.20920000  -84.60900000  -54.27000000
  1.21910000  -84.43800000  -53.59900000
  1.22900000  -84.26500000  -52.92300000
  1.23890000  -84.09200000  -52.24300000
  1.24880000  -83.91800000  -51.55700000
  1.25870000  -83.74400000  -50.86700000
  1.26870000  -83.56800000  -50.17100000
  1.27860000  -83.39200000  -49.47100000
  1.28850000  -83.21500000  -48.76600000
  1.29840000  -83.03700000  -48.05700000
  1.30830000  -82.85900000  -47.34200000
  1.31820000  -82.68000000  -46.62300000
  1.32810000  -82.50000000  -45.89900000
  1.33800000  -82.32000000  -45.17000000
  1.34790000  -82.13900000  -44.43700000
  1.35790000  -81.95700000  -43.69900000
  1.36780000  -81.77500000  -42.95600000
  1.37770000  -81.59200000  -42.20900000
  1.38760000  -81.40900000  -41.45700000
  1.39750000  -81.22500000  -40.70000000
  1.40740000  -81.04100000  -39.93900000
  1.41730000  -80.85600000  -39.17300000
  1.42720000  -80.67000000  -38.40300000
  1.43720000  -80.48500000  -37.62800000
  1.44710000  -80.29800000  -36.84800000
  1.45700000  -80.11100000  -36.06400000
  1.46690000  -79.92400000  -35.27600000
  1.47680000  -79.73600000  -34.48200000
  1.48670000  -79.54800000  -33.68500000
  1.49660000  -79.36000000  -32.88300000
  1.50650000  -79.17100000  -32.07600000
  1.51640000  -78.98100000  -31.26500000
  1.52640000  -78.79200000  -30.45000000
  1.53630000  -78.60200000  -29.63000000
  1.54620000  -78.41100000  -28.80600000
  1.55610000  -78.22100000  -27.97700000
  1.56600000  -78.03000000  -27.14400000
  1.57590000  -77.83800000  -26.30600000
  1.58580000  -77.64700000  -25.46500000
  1.59570000  -77.45500000  -24.61800000
  1.60560000  -77.26300000  -23.76800000
  1.61560000  -77.07100000  -22.91300000
  1.62550000  -76.87800000  -22.05400000
  1.63540000  -76.68500000  -21.19100000
  1.64530000  -76.49200000  -20.32300000
  1.65520000  -76.29900000  -19.45100000
  1.66510000  -76.10600000  -18.57500000
  1.67500000  -75.91200000  -17.69400000
  1.68490000  -75.71900000  -16.81000000
  1.69480000  -75.52500000  -15.92100000
  1.70480000  -75.33100000  -15.02800000
  1.71470000  -75.13700000  -14.13100000
  1.72460000  -74.94300000  -13.23000000
  1.73450000  -74.74900000  -12.32400000
  1.74440000  -74.55500000  -11.41400000
  1.75430000  -74.36100000  -10.50100000
  1.76420000  -74.16700000   -9.58290000
  1.77410000  -73.97300000   -8.66100000
   .30000000     .92695000
   .00000000  ************  ************
   .01109400  ************  ************
   .02218800  ************  ************
   .03328300  ************  ************
   .04437700  ************  ************
   .05547100  ************  ************
   .06656500  ************  ************
   .07765900  ************  ************
   .08875400  ************  ************
   .09984800  ************  ************
   .11094000  ************  ************
   .12204000  ************  ************
   .13313000  ************  ************
   .14422000  ************  ************
   .15532000  ************  ************
   .16641000  ************  ************
   .17751000  ************  ************
   .18860000  ************  ************
   .19970000  ************  ************
   .21079000  ************  ************
   .22188000  ************  ************
   .23298000  ************  ************
   .24407000  ************  ************
   .25517000  ************  ************
   .26626000  ************  ************
   .27735000  ************  ************
   .28845000  ************  ************
   .29954000  ************  ************
   .31064000  ************  ************
   .32173000  ************  ************
   .33283000  ************  ************
   .34392000  ************  ************
   .35501000  ************  ************
   .36611000  ************  ************
   .37720000  ************  ************
   .38830000  ************  ************
   .39939000  ************  ************
   .41049000  ************  ************
   .42158000  ************  ************
   .43267000  ************  ************
   .44377000  ************  ************
   .45486000  ************  ************
   .46596000  ************  ************
   .47705000  ************  ************
   .48814000  ************  ************
   .49924000  ************  ************
   .51033000  ************  ************
   .52143000  ************  ************
   .53252000  ************  ************
   .54362000  ************  ************
   .55471000  ************  ************
   .56580000  ************  ************
   .57690000  ************  ************
   .58799000  ************  ************
   .59909000  ************  ************
   .61018000  ************  ************
   .62127000  ************  ************
   .63237000  ************  ************
   .64346000  ************  ************
   .65456000  ************  ************
   .66565000  ************  -99.89100000
   .67675000  ************  -99.43700000
   .68784000  ************  -98.97600000
   .69893000  ************  -98.50800000
   .71003000  ************  -98.03100000
   .72112000  ************  -97.54700000
   .73222000  ************  -97.05600000
   .74331000  ************  -96.55700000
   .75440000  ************  -96.05000000
   .76550000  ************  -95.53600000
   .77659000  ************  -95.01500000
   .78769000  ************  -94.48600000
   .79878000  ************  -93.94900000
   .80988000  ************  -93.40500000
   .82097000  ************  -92.85400000
   .83206000  ************  -92.29500000
   .84316000  ************  -91.72900000
   .85425000  ************  -91.15600000
   .86535000  ************  -90.57500000
   .87644000  ************  -89.98700000
   .88754000  ************  -89.39200000
   .89863000  ************  -88.79000000
   .90972000  ************  -88.18000000
   .92082000  ************  -87.56300000
   .93191000  ************  -86.93900000
   .94301000  ************  -86.30700000
   .95410000  ************  -85.66900000
   .96519000  ************  -85.02300000
   .97629000  ************  -84.37100000
   .98738000  ************  -83.71100000
   .99848000  ************  -83.04400000
  1.00960000  ************  -82.37000000
  1.02070000  ************  -81.68900000
  1.03180000  ************  -81.00200000
  1.04290000  ************  -80.30700000
  1.05390000  ************  -79.60500000
  1.06500000  ************  -78.89600000
  1.07610000  ************  -78.18100000
  1.08720000  ************  -77.45800000
  1.09830000  ************  -76.72900000
  1.10940000  ************  -75.99300000
  1.12050000  ************  -75.25000000
  1.13160000  ************  -74.50000000
  1.14270000  ************  -73.74300000
  1.15380000  ************  -72.98000000
  1.16490000  ************  -72.21000000
  1.17600000  ************  -71.43300000
  1.18710000  -99.89000000  -70.65000000
  1.19820000  -99.64900000  -69.86000000
  1.20930000  -99.40600000  -69.06300000
  1.22040000  -99.16300000  -68.26000000
  1.23150000  -98.91700000  -67.45000000
  1.24250000  -98.67000000  -66.63400000
  1.25360000  -98.42200000  -65.81100000
  1.26470000  -98.17200000  -64.98200000
  1.27580000  -97.92100000  -64.14600000
  1.28690000  -97.66900000  -63.30400000
  1.29800000  -97.41500000  -62.45500000
  1.30910000  -97.16000000  -61.60000000
  1.32020000  -96.90400000  -60.73800000
  1.33130000  -96.64700000  -59.87000000
  1.34240000  -96.38800000  -58.99600000
  1.35350000  -96.12800000  -58.11600000
  1.36460000  -95.86700000  -57.22900000
  1.37570000  -95.60400000  -56.33600000
  1.38680000  -95.34100000  -55.43600000
  1.39790000  -95.07600000  -54.53100000
  1.40900000  -94.81100000  -53.61900000
  1.42010000  -94.54400000  -52.70100000
  1.43120000  -94.27600000  -51.77700000
  1.44220000  -94.00700000  -50.84600000
  1.45330000  -93.73700000  -49.91000000
  1.46440000  -93.46700000  -48.96700000
  1.47550000  -93.19500000  -48.01900000
  1.48660000  -92.92200000  -47.06400000
  1.49770000  -92.64900000  -46.10400000
  1.50880000  -92.37400000  -45.13700000
  1.51990000  -92.09900000  -44.16400000
  1.53100000  -91.82200000  -43.18600000
  1.54210000  -91.54500000  -42.20100000
  1.55320000  -91.26800000  -41.21100000
  1.56430000  -90.98900000  -40.21500000
  1.57540000  -90.70900000  -39.21200000
  1.58650000  -90.42900000  -38.20400000
  1.59760000  -90.14800000  -37.19100000
  1.60870000  -89.86700000  -36.17100000
  1.61980000  -89.58500000  -35.14500000
  1.63080000  -89.30200000  -34.11400000
  1.64190000  -89.01800000  -33.07700000
  1.65300000  -88.73400000  -32.03400000
  1.66410000  -88.44900000  -30.98600000
  1.67520000  -88.16400000  -29.93200000
  1.68630000  -87.87800000  -28.87200000
  1.69740000  -87.59100000  -27.80700000
  1.70850000  -87.30400000  -26.73600000
  1.71960000  -87.01600000  -25.65900000
  1.73070000  -86.72800000  -24.57700000
  1.74180000  -86.44000000  -23.48900000
  1.75290000  -86.15100000  -22.39500000
  1.76400000  -85.86200000  -21.29600000
  1.77510000  -85.57200000  -20.19200000
  1.78620000  -85.28200000  -19.08200000
  1.79730000  -84.99100000  -17.96600000
  1.80840000  -84.70000000  -16.84500000
  1.81940000  -84.40900000  -15.71900000
  1.83050000  -84.11800000  -14.58700000
  1.84160000  -83.82600000  -13.45000000
  1.85270000  -83.53400000  -12.30800000
  1.86380000  -83.24200000  -11.16000000
  1.87490000  -82.94900000  -10.00700000
  1.88600000  -82.65600000   -8.84840000
  1.89710000  -82.36300000   -7.68460000
  1.90820000  -82.07000000   -6.51550000
  1.91930000  -81.77700000   -5.34130000
  1.93040000  -81.48400000   -4.16170000
  1.94150000  -81.19000000   -2.97700000
  1.95260000  -80.89700000   -1.78710000
  1.96370000  -80.60300000    -.59202000
  1.97480000  -80.31000000     .60821000
  1.98590000  -80.01600000    1.81360000
   .40000000    1.15690000
   .00000000  ************  ************
   .01166800  ************  ************
   .02333600  ************  ************
   .03500400  ************  ************
   .04667200  ************  ************
   .05834000  ************  ************
   .07000800  ************  ************
   .08167600  ************  ************
   .09334400  ************  ************
   .10501000  ************  ************
   .11668000  ************  ************
   .12835000  ************  ************
   .14002000  ************  ************
   .15168000  ************  ************
   .16335000  ************  ************
   .17502000  ************  ************
   .18669000  ************  ************
   .19836000  ************  ************
   .21002000  ************  ************
   .22169000  ************  ************
   .23336000  ************  ************
   .24503000  ************  ************
   .25670000  ************  ************
   .26836000  ************  ************
   .28003000  ************  ************
   .29170000  ************  ************
   .30337000  ************  ************
   .31504000  ************  ************
   .32670000  ************  ************
   .33837000  ************  ************
   .35004000  ************  ************
   .36171000  ************  ************
   .37338000  ************  ************
   .38504000  ************  ************
   .39671000  ************  ************
   .40838000  ************  ************
   .42005000  ************  ************
   .43172000  ************  ************
   .44338000  ************  ************
   .45505000  ************  ************
   .46672000  ************  ************
   .47839000  ************  ************
   .49006000  ************  ************
   .50172000  ************  ************
   .51339000  ************  ************
   .52506000  ************  ************
   .53673000  ************  ************
   .54840000  ************  ************
   .56006000  ************  ************
   .57173000  ************  ************
   .58340000  ************  ************
   .59507000  ************  ************
   .60674000  ************  ************
   .61840000  ************  ************
   .63007000  ************  ************
   .64174000  ************  ************
   .65341000  ************  ************
   .66508000  ************  ************
   .67674000  ************  ************
   .68841000  ************  -99.80800000
   .70008000  ************  -99.34000000
   .71175000  ************  -98.86500000
   .72342000  ************  -98.38200000
   .73508000  ************  -97.89100000
   .74675000  ************  -97.39100000
   .75842000  ************  -96.88300000
   .77009000  ************  -96.36800000
   .78176000  ************  -95.84400000
   .79342000  ************  -95.31100000
   .80509000  ************  -94.77100000
   .81676000  ************  -94.22200000
   .82843000  ************  -93.66600000
   .84010000  ************  -93.10100000
   .85176000  ************  -92.52700000
   .86343000  ************  -91.94600000
   .87510000  ************  -91.35600000
   .88677000  ************  -90.75800000
   .89844000  ************  -90.15200000
   .91010000  ************  -89.53700000
   .92177000  ************  -88.91400000
   .93344000  ************  -88.28300000
   .94511000  ************  -87.64300000
   .95678000  ************  -86.99500000
   .96844000  ************  -86.33900000
   .98011000  ************  -85.67400000
   .99178000  ************  -85.00100000
  1.00340000  ************  -84.31900000
  1.01510000  ************  -83.62900000
  1.02680000  ************  -82.93100000
  1.03850000  ************  -82.22400000
  1.05010000  ************  -81.50900000
  1.06180000  ************  -80.78500000
  1.07350000  ************  -80.05300000
  1.08510000  ************  -79.31200000
  1.09680000  ************  -78.56300000
  1.10850000  ************  -77.80600000
  1.12010000  ************  -77.04000000
  1.13180000  ************  -76.26600000
  1.14350000  ************  -75.48400000
  1.15510000  ************  -74.69400000
  1.16680000  ************  -73.89500000
  1.17850000  ************  -73.08800000
  1.19010000  ************  -72.27300000
  1.20180000  ************  -71.44900000
  1.21350000  ************  -70.61800000
  1.22510000  ************  -69.77800000
  1.23680000  ************  -68.93000000
  1.24850000  ************  -68.07500000
  1.26010000  ************  -67.21100000
  1.27180000  -99.90200000  -66.33900000
  1.28350000  -99.64000000  -65.45900000
  1.29510000  -99.37600000  -64.57100000
  1.30680000  -99.11000000  -63.67500000
  1.31850000  -98.84200000  -62.77100000
  1.33020000  -98.57100000  -61.85900000
  1.34180000  -98.29900000  -60.93900000
  1.35350000  -98.02300000  -60.01100000
  1.36520000  -97.74600000  -59.07600000
  1.37680000  -97.46600000  -58.13200000
  1.38850000  -97.18500000  -57.18100000
  1.40020000  -96.90100000  -56.22200000
  1.41180000  -96.61500000  -55.25500000
  1.42350000  -96.32700000  -54.28000000
  1.43520000  -96.03600000  -53.29800000
  1.44680000  -95.74400000  -52.30800000
  1.45850000  -95.45000000  -51.31000000
  1.47020000  -95.15300000  -50.30500000
  1.48180000  -94.85500000  -49.29200000
  1.49350000  -94.55500000  -48.27100000
  1.50520000  -94.25200000  -47.24300000
  1.51680000  -93.94800000  -46.20700000
  1.52850000  -93.64200000  -45.16300000
  1.54020000  -93.33400000  -44.11200000
  1.55180000  -93.02400000  -43.05400000
  1.56350000  -92.71200000  -41.98800000
  1.57520000  -92.39900000  -40.91400000
  1.58680000  -92.08300000  -39.83300000
  1.59850000  -91.76600000  -38.74500000
  1.61020000  -91.44700000  -37.64900000
  1.62190000  -91.12700000  -36.54600000
  1.63350000  -90.80500000  -35.43600000
  1.64520000  -90.48100000  -34.31900000
  1.65690000  -90.15600000  -33.19400000
  1.66850000  -89.82900000  -32.06200000
  1.68020000  -89.50100000  -30.92300000
  1.69190000  -89.17100000  -29.77700000
  1.70350000  -88.84000000  -28.62400000
  1.71520000  -88.50800000  -27.46400000
  1.72690000  -88.17400000  -26.29700000
  1.73850000  -87.83900000  -25.12300000
  1.75020000  -87.50300000  -23.94200000
  1.76190000  -87.16600000  -22.75500000
  1.77350000  -86.82700000  -21.56000000
  1.78520000  -86.48800000  -20.35900000
  1.79690000  -86.14700000  -19.15100000
  1.80850000  -85.80500000  -17.93700000
  1.82020000  -85.46300000  -16.71600000
  1.83190000  -85.11900000  -15.48800000
  1.84350000  -84.77500000  -14.25400000
  1.85520000  -84.43000000  -13.01300000
  1.86690000  -84.08400000  -11.76600000
  1.87850000  -83.73700000  -10.51200000
  1.89020000  -83.38900000   -9.25190000
  1.90190000  -83.04100000   -7.98550000
  1.91360000  -82.69200000   -6.71280000
  1.92520000  -82.34200000   -5.43390000
  1.93690000  -81.99200000   -4.14870000
  1.94860000  -81.64200000   -2.85740000
  1.96020000  -81.29000000   -1.55990000
  1.97190000  -80.93900000    -.25633000
  1.98360000  -80.58700000    1.05330000
  1.99520000  -80.23500000    2.36890000
  2.00690000  -79.88200000    3.69060000
  2.01860000  -79.52900000    5.01810000
  2.03020000  -79.17600000    6.35160000
  2.04190000  -78.82200000    7.69090000
  2.05360000  -78.46900000    9.03600000
  2.06520000  -78.11500000   10.38700000
  2.07690000  -77.76100000   11.74300000
  2.08860000  -77.40700000   13.10600000
   .50000000    1.34070000
   .00000000  ************  ************
   .01210300  ************  ************
   .02420600  ************  ************
   .03630900  ************  ************
   .04841100  ************  ************
   .06051400  ************  ************
   .07261700  ************  ************
   .08472000  ************  ************
   .09682300  ************  ************
   .10893000  ************  ************
   .12103000  ************  ************
   .13313000  ************  ************
   .14523000  ************  ************
   .15734000  ************  ************
   .16944000  ************  ************
   .18154000  ************  ************
   .19365000  ************  ************
   .20575000  ************  ************
   .21785000  ************  ************
   .22995000  ************  ************
   .24206000  ************  ************
   .25416000  ************  ************
   .26626000  ************  ************
   .27837000  ************  ************
   .29047000  ************  ************
   .30257000  ************  ************
   .31467000  ************  ************
   .32678000  ************  ************
   .33888000  ************  ************
   .35098000  ************  ************
   .36309000  ************  ************
   .37519000  ************  ************
   .38729000  ************  ************
   .39939000  ************  ************
   .41150000  ************  ************
   .42360000  ************  ************
   .43570000  ************  ************
   .44781000  ************  ************
   .45991000  ************  ************
   .47201000  ************  ************
   .48411000  ************  ************
   .49622000  ************  ************
   .50832000  ************  ************
   .52042000  ************  ************
   .53253000  ************  ************
   .54463000  ************  ************
   .55673000  ************  ************
   .56883000  ************  ************
   .58094000  ************  ************
   .59304000  ************  ************
   .60514000  ************  ************
   .61725000  ************  ************
   .62935000  ************  ************
   .64145000  ************  ************
   .65355000  ************  ************
   .66566000  ************  -99.56100000
   .67776000  ************  -99.07500000
   .68986000  ************  -98.58000000
   .70197000  ************  -98.07600000
   .71407000  ************  -97.56400000
   .72617000  ************  -97.04300000
   .73827000  ************  -96.51300000
   .75038000  ************  -95.97400000
   .76248000  ************  -95.42700000
   .77458000  ************  -94.87000000
   .78669000  ************  -94.30600000
   .79879000  ************  -93.73200000
   .81089000  ************  -93.15000000
   .82299000  ************  -92.55900000
   .83510000  ************  -91.95900000
   .84720000  ************  -91.35100000
   .85930000  ************  -90.73400000
   .87141000  ************  -90.10800000
   .88351000  ************  -89.47400000
   .89561000  ************  -88.83100000
   .90771000  ************  -88.18000000
   .91982000  ************  -87.51900000
   .93192000  ************  -86.85100000
   .94402000  ************  -86.17300000
   .95613000  ************  -85.48700000
   .96823000  ************  -84.79200000
   .98033000  ************  -84.08900000
   .99243000  ************  -83.37800000
  1.00450000  ************  -82.65700000
  1.01660000  ************  -81.92800000
  1.02870000  ************  -81.19100000
  1.04080000  ************  -80.44500000
  1.05290000  ************  -79.69000000
  1.06510000  ************  -78.92700000
  1.07720000  ************  -78.15600000
  1.08930000  ************  -77.37500000
  1.10140000  ************  -76.58700000
  1.11350000  ************  -75.79000000
  1.12560000  ************  -74.98400000
  1.13770000  ************  -74.17000000
  1.14980000  ************  -73.34700000
  1.16190000  ************  -72.51600000
  1.17400000  ************  -71.67700000
  1.18610000  ************  -70.82900000
  1.19820000  -99.76100000  -69.97200000
  1.21030000  -99.50100000  -69.10700000
  1.22240000  -99.23900000  -68.23400000
  1.23450000  -98.97400000  -67.35200000
  1.24660000  -98.70600000  -66.46100000
  1.25870000  -98.43700000  -65.56200000
  1.27080000  -98.16500000  -64.65500000
  1.28290000  -97.89000000  -63.74000000
  1.29500000  -97.61400000  -62.81500000
  1.30710000  -97.33500000  -61.88300000
  1.31920000  -97.05300000  -60.94200000
  1.33130000  -96.76900000  -59.99300000
  1.34340000  -96.48300000  -59.03500000
  1.35550000  -96.19500000  -58.06900000
  1.36760000  -95.90400000  -57.09400000
  1.37970000  -95.61100000  -56.11100000
  1.39180000  -95.31600000  -55.11900000
  1.40390000  -95.01800000  -54.12000000
  1.41600000  -94.71800000  -53.11200000
  1.42810000  -94.41600000  -52.09500000
  1.44020000  -94.11100000  -51.07000000
  1.45230000  -93.80400000  -50.03700000
  1.46440000  -93.49500000  -48.99500000
  1.47650000  -93.18400000  -47.94500000
  1.48870000  -92.87000000  -46.88700000
  1.50080000  -92.55400000  -45.82000000
  1.51290000  -92.23600000  -44.74500000
  1.52500000  -91.91500000  -43.66100000
  1.53710000  -91.59200000  -42.57000000
  1.54920000  -91.26700000  -41.47000000
  1.56130000  -90.94000000  -40.36100000
  1.57340000  -90.61000000  -39.24400000
  1.58550000  -90.27900000  -38.11900000
  1.59760000  -89.94500000  -36.98600000
  1.60970000  -89.60800000  -35.84400000
  1.62180000  -89.27000000  -34.69400000
  1.63390000  -88.92900000  -33.53600000
  1.64600000  -88.58600000  -32.36900000
  1.65810000  -88.24100000  -31.19500000
  1.67020000  -87.89400000  -30.01200000
  1.68230000  -87.54500000  -28.82100000
  1.69440000  -87.19400000  -27.62200000
  1.70650000  -86.84100000  -26.41400000
  1.71860000  -86.48600000  -25.19900000
  1.73070000  -86.12900000  -23.97600000
  1.74280000  -85.77100000  -22.74600000
  1.75490000  -85.41100000  -21.50700000
  1.76700000  -85.04900000  -20.26000000
  1.77910000  -84.68500000  -19.00600000
  1.79120000  -84.32000000  -17.74500000
  1.80330000  -83.95300000  -16.47500000
  1.81540000  -83.58500000  -15.19800000
  1.82750000  -83.21500000  -13.91400000
  1.83960000  -82.84400000  -12.62200000
  1.85170000  -82.47200000  -11.32200000
  1.86380000  -82.09800000  -10.01500000
  1.87590000  -81.72300000   -8.70140000
  1.88800000  -81.34700000   -7.38010000
  1.90010000  -80.97000000   -6.05150000
  1.91230000  -80.59200000   -4.71580000
  1.92440000  -80.21200000   -3.37290000
  1.93650000  -79.83200000   -2.02300000
  1.94860000  -79.45100000    -.66604000
  1.96070000  -79.06800000     .69788000
  1.97280000  -78.68500000    2.06870000
  1.98490000  -78.30200000    3.44640000
  1.99700000  -77.91700000    4.83100000
  2.00910000  -77.53200000    6.22230000
  2.02120000  -77.14600000    7.62030000
  2.03330000  -76.75900000    9.02500000
  2.04540000  -76.37200000   10.43600000
  2.05750000  -75.98500000   11.85400000
  2.06960000  -75.59700000   13.27900000
  2.08170000  -75.20800000   14.71000000
  2.09380000  -74.82000000   16.14700000
  2.10590000  -74.43100000   17.59100000
  2.11800000  -74.04100000   19.04100000
  2.13010000  -73.65200000   20.49700000
  2.14220000  -73.26200000   21.96000000
  2.15430000  -72.87200000   23.42800000
  2.16640000  -72.48300000   24.90300000
   .60000000    1.49740000
   .00000000  ************  ************
   .01247900  ************  ************
   .02495700  ************  ************
   .03743600  ************  ************
   .04991500  ************  ************
   .06239400  ************  ************
   .07487200  ************  ************
   .08735100  ************  ************
   .09983000  ************  ************
   .11231000  ************  ************
   .12479000  ************  ************
   .13727000  ************  ************
   .14974000  ************  ************
   .16222000  ************  ************
   .17470000  ************  ************
   .18718000  ************  ************
   .19966000  ************  ************
   .21214000  ************  ************
   .22462000  ************  ************
   .23710000  ************  ************
   .24957000  ************  ************
   .26205000  ************  ************
   .27453000  ************  ************
   .28701000  ************  ************
   .29949000  ************  ************
   .31197000  ************  ************
   .32445000  ************  ************
   .33693000  ************  ************
   .34940000  ************  ************
   .36188000  ************  ************
   .37436000  ************  ************
   .38684000  ************  ************
   .39932000  ************  ************
   .41180000  ************  ************
   .42428000  ************  ************
   .43676000  ************  ************
   .44923000  ************  ************
   .46171000  ************  ************
   .47419000  ************  ************
   .48667000  ************  ************
   .49915000  ************  ************
   .51163000  ************  ************
   .52411000  ************  -99.96300000
   .53658000  ************  -99.59300000
   .54906000  ************  -99.21500000
   .56154000  ************  -98.82900000
   .57402000  ************  -98.43300000
   .58650000  ************  -98.02900000
   .59898000  ************  -97.61700000
   .61146000  ************  -97.19500000
   .62394000  ************  -96.76400000
   .63641000  ************  -96.32500000
   .64889000  ************  -95.87600000
   .66137000  ************  -95.41800000
   .67385000  ************  -94.95200000
   .68633000  ************  -94.47600000
   .69881000  ************  -93.99100000
   .71129000  ************  -93.49600000
   .72377000  ************  -92.99200000
   .73624000  ************  -92.47900000
   .74872000  ************  -91.95700000
   .76120000  ************  -91.42500000
   .77368000  ************  -90.88300000
   .78616000  ************  -90.33200000
   .79864000  ************  -89.77200000
   .81112000  ************  -89.20100000
   .82360000  ************  -88.62100000
   .83607000  ************  -88.03100000
   .84855000  ************  -87.43200000
   .86103000  ************  -86.82200000
   .87351000  ************  -86.20300000
   .88599000  ************  -85.57300000
   .89847000  ************  -84.93400000
   .91095000  ************  -84.28400000
   .92342000  ************  -83.62400000
   .93590000  ************  -82.95500000
   .94838000  ************  -82.27400000
   .96086000  ************  -81.58400000
   .97334000  ************  -80.88300000
   .98582000  ************  -80.17200000
   .99830000  ************  -79.45100000
  1.01080000  -99.91800000  -78.71900000
  1.02330000  -99.70200000  -77.97600000
  1.03570000  -99.48200000  -77.22300000
  1.04820000  -99.25800000  -76.45900000
  1.06070000  -99.02900000  -75.68500000
  1.07320000  -98.79700000  -74.89900000
  1.08560000  -98.56000000  -74.10300000
  1.09810000  -98.31800000  -73.29600000
  1.11060000  -98.07200000  -72.47900000
  1.12310000  -97.82200000  -71.65000000
  1.13560000  -97.56700000  -70.81000000
  1.14800000  -97.30800000  -69.96000000
  1.16050000  -97.04400000  -69.09800000
  1.17300000  -96.77600000  -68.22600000
  1.18550000  -96.50400000  -67.34300000
  1.19800000  -96.22800000  -66.45000000
  1.21040000  -95.94800000  -65.54600000
  1.22290000  -95.66300000  -64.63200000
  1.23540000  -95.37500000  -63.70700000
  1.24790000  -95.08300000  -62.77200000
  1.26040000  -94.78700000  -61.82600000
  1.27280000  -94.48700000  -60.87100000
  1.28530000  -94.18400000  -59.90500000
  1.29780000  -93.87700000  -58.92900000
  1.31030000  -93.56600000  -57.94300000
  1.32270000  -93.25200000  -56.94700000
  1.33520000  -92.93500000  -55.94200000
  1.34770000  -92.61400000  -54.92600000
  1.36020000  -92.29000000  -53.90100000
  1.37270000  -91.96300000  -52.86600000
  1.38510000  -91.63300000  -51.82200000
  1.39760000  -91.29900000  -50.76800000
  1.41010000  -90.96300000  -49.70500000
  1.42260000  -90.62300000  -48.63200000
  1.43510000  -90.28100000  -47.54900000
  1.44750000  -89.93600000  -46.45800000
  1.46000000  -89.58800000  -45.35700000
  1.47250000  -89.23800000  -44.24800000
  1.48500000  -88.88500000  -43.12900000
  1.49740000  -88.52900000  -42.00100000
  1.50990000  -88.17100000  -40.86400000
  1.52240000  -87.81100000  -39.71800000
  1.53490000  -87.44800000  -38.56400000
  1.54740000  -87.08300000  -37.40100000
  1.55980000  -86.71500000  -36.22900000
  1.57230000  -86.34600000  -35.04900000
  1.58480000  -85.97400000  -33.86000000
  1.59730000  -85.60100000  -32.66200000
  1.60980000  -85.22500000  -31.45600000
  1.62220000  -84.84800000  -30.24200000
  1.63470000  -84.46900000  -29.02000000
  1.64720000  -84.08800000  -27.78900000
  1.65970000  -83.70600000  -26.55000000
  1.67210000  -83.32200000  -25.30300000
  1.68460000  -82.93600000  -24.04900000
  1.69710000  -82.54900000  -22.78600000
  1.70960000  -82.16000000  -21.51500000
  1.72210000  -81.77000000  -20.23700000
  1.73450000  -81.37900000  -18.95000000
  1.74700000  -80.98600000  -17.65600000
  1.75950000  -80.59200000  -16.35400000
  1.77200000  -80.19700000  -15.04400000
  1.78450000  -79.80000000  -13.72700000
  1.79690000  -79.40200000  -12.40100000
  1.80940000  -79.00300000  -11.06900000
  1.82190000  -78.60300000   -9.72820000
  1.83440000  -78.20200000   -8.38020000
  1.84680000  -77.79900000   -7.02460000
  1.85930000  -77.39600000   -5.66150000
  1.87180000  -76.99100000   -4.29090000
  1.88430000  -76.58600000   -2.91290000
  1.89680000  -76.17900000   -1.52750000
  1.90920000  -75.77200000    -.13472000
  1.92170000  -75.36400000    1.26540000
  1.93420000  -74.95500000    2.67290000
  1.94670000  -74.54500000    4.08760000
  1.95920000  -74.13400000    5.50960000
  1.97160000  -73.72300000    6.93870000
  1.98410000  -73.31100000    8.37510000
  1.99660000  -72.89800000    9.81860000
  2.00910000  -72.48500000   11.26900000
  2.02160000  -72.07100000   12.72700000
  2.03400000  -71.65600000   14.19200000
  2.04650000  -71.24100000   15.66300000
  2.05900000  -70.82500000   17.14200000
  2.07150000  -70.40900000   18.62800000
  2.08390000  -69.99300000   20.12000000
  2.09640000  -69.57600000   21.62000000
  2.10890000  -69.15800000   23.12600000
  2.12140000  -68.74100000   24.63900000
  2.13390000  -68.32300000   26.15900000
  2.14630000  -67.90500000   27.68500000
  2.15880000  -67.48600000   29.21800000
  2.17130000  -67.06700000   30.75800000
  2.18380000  -66.64800000   32.30500000
  2.19630000  -66.22900000   33.85800000
  2.20870000  -65.81000000   35.41800000
  2.22120000  -65.39100000   36.98400000
  2.23370000  -64.97200000   38.55600000
   .70000000    1.63380000
   .00000000  ************  ************
   .01274300  ************  ************
   .02548500  ************  ************
   .03822800  ************  ************
   .05097100  ************  ************
   .06371400  ************  ************
   .07645600  ************  ************
   .08919900  ************  ************
   .10194000  ************  ************
   .11468000  ************  ************
   .12743000  ************  ************
   .14017000  ************  ************
   .15291000  ************  ************
   .16566000  ************  ************
   .17840000  ************  ************
   .19114000  ************  ************
   .20388000  ************  ************
   .21663000  ************  -99.86900000
   .22937000  ************  -99.69200000
   .24211000  ************  -99.50600000
   .25485000  ************  -99.31200000
   .26760000  ************  -99.11000000
   .28034000  ************  -98.90000000
   .29308000  ************  -98.68200000
   .30583000  ************  -98.45500000
   .31857000  ************  -98.22000000
   .33131000  ************  -97.97600000
   .34405000  ************  -97.72300000
   .35680000  ************  -97.46200000
   .36954000  ************  -97.19200000
   .38228000  -99.94600000  -96.91300000
   .39502000  -99.86400000  -96.62600000
   .40777000  -99.77900000  -96.32900000
   .42051000  -99.69300000  -96.02300000
   .43325000  -99.60300000  -95.70900000
   .44600000  -99.51200000  -95.38500000
   .45874000  -99.41800000  -95.05100000
   .47148000  -99.32100000  -94.70900000
   .48422000  -99.22200000  -94.35700000
   .49697000  -99.12000000  -93.99500000
   .50971000  -99.01500000  -93.62400000
   .52245000  -98.90700000  -93.24300000
   .53519000  -98.79600000  -92.85300000
   .54794000  -98.68200000  -92.45300000
   .56068000  -98.56600000  -92.04300000
   .57342000  -98.44500000  -91.62300000
   .58617000  -98.32200000  -91.19300000
   .59891000  -98.19600000  -90.75300000
   .61165000  -98.06600000  -90.30300000
   .62439000  -97.93300000  -89.84300000
   .63714000  -97.79700000  -89.37300000
   .64988000  -97.65700000  -88.89400000
   .66262000  -97.51400000  -88.40400000
   .67537000  -97.36900000  -87.90400000
   .68811000  -97.22000000  -87.39500000
   .70085000  -97.06700000  -86.87500000
   .71359000  -96.91200000  -86.34600000
   .72634000  -96.75300000  -85.80600000
   .73908000  -96.59100000  -85.25700000
   .75182000  -96.42600000  -84.69700000
   .76456000  -96.25800000  -84.12800000
   .77731000  -96.08600000  -83.54900000
   .79005000  -95.91200000  -82.96000000
   .80279000  -95.73400000  -82.36100000
   .81554000  -95.55300000  -81.75200000
   .82828000  -95.36800000  -81.13300000
   .84102000  -95.18100000  -80.50400000
   .85376000  -94.99000000  -79.86600000
   .86651000  -94.79700000  -79.21700000
   .87925000  -94.60000000  -78.55800000
   .89199000  -94.39900000  -77.89000000
   .90473000  -94.19600000  -77.21200000
   .91748000  -93.99000000  -76.52300000
   .93022000  -93.78000000  -75.82500000
   .94296000  -93.56700000  -75.11700000
   .95571000  -93.35100000  -74.39900000
   .96845000  -93.13200000  -73.67100000
   .98119000  -92.91000000  -72.93300000
   .99393000  -92.68500000  -72.18600000
  1.00670000  -92.45600000  -71.42800000
  1.01940000  -92.22400000  -70.66100000
  1.03220000  -91.99000000  -69.88400000
  1.04490000  -91.75200000  -69.09600000
  1.05760000  -91.51000000  -68.29900000
  1.07040000  -91.26600000  -67.49200000
  1.08310000  -91.01900000  -66.67600000
  1.09590000  -90.76800000  -65.84900000
  1.10860000  -90.51500000  -65.01300000
  1.12140000  -90.25800000  -64.16600000
  1.13410000  -89.99800000  -63.31000000
  1.14680000  -89.73500000  -62.44400000
  1.15960000  -89.46900000  -61.56800000
  1.17230000  -89.20000000  -60.68200000
  1.18510000  -88.92700000  -59.78600000
  1.19780000  -88.65200000  -58.88100000
  1.21060000  -88.37300000  -57.96500000
  1.22330000  -88.09200000  -57.04000000
  1.23600000  -87.80700000  -56.10500000
  1.24880000  -87.51900000  -55.16000000
  1.26150000  -87.22800000  -54.20600000
  1.27430000  -86.93400000  -53.24100000
  1.28700000  -86.63700000  -52.26600000
  1.29980000  -86.33600000  -51.28200000
  1.31250000  -86.03300000  -50.28800000
  1.32520000  -85.72600000  -49.28400000
  1.33800000  -85.41700000  -48.27000000
  1.35070000  -85.10400000  -47.24700000
  1.36350000  -84.78800000  -46.21300000
  1.37620000  -84.46900000  -45.17000000
  1.38900000  -84.14700000  -44.11700000
  1.40170000  -83.82200000  -43.05400000
  1.41440000  -83.49400000  -41.98100000
  1.42720000  -83.16200000  -40.89800000
  1.43990000  -82.82800000  -39.80500000
  1.45270000  -82.49100000  -38.70300000
  1.46540000  -82.15000000  -37.59100000
  1.47820000  -81.80600000  -36.46900000
  1.49090000  -81.46000000  -35.33700000
  1.50360000  -81.11000000  -34.19600000
  1.51640000  -80.75700000  -33.04400000
  1.52910000  -80.40100000  -31.88300000
  1.54190000  -80.04200000  -30.71200000
  1.55460000  -79.67900000  -29.53100000
  1.56740000  -79.31400000  -28.34000000
  1.58010000  -78.94600000  -27.13900000
  1.59280000  -78.57400000  -25.92900000
  1.60560000  -78.20000000  -24.70900000
  1.61830000  -77.82200000  -23.47900000
  1.63110000  -77.44100000  -22.23900000
  1.64380000  -77.05800000  -20.98900000
  1.65660000  -76.67100000  -19.73000000
  1.66930000  -76.28100000  -18.46000000
  1.68200000  -75.88800000  -17.18100000
  1.69480000  -75.49200000  -15.89200000
  1.70750000  -75.09300000  -14.59300000
  1.72030000  -74.69000000  -13.28500000
  1.73300000  -74.28500000  -11.96700000
  1.74580000  -73.87700000  -10.63900000
  1.75850000  -73.46600000   -9.30110000
  1.77120000  -73.05200000   -7.95390000
  1.78400000  -72.63600000   -6.59730000
  1.79670000  -72.21600000   -5.23120000
  1.80950000  -71.79400000   -3.85580000
  1.82220000  -71.37000000   -2.47110000
  1.83500000  -70.94300000   -1.07730000
  1.84770000  -70.51400000     .32576000
  1.86040000  -70.08200000    1.73780000
  1.87320000  -69.64800000    3.15890000
  1.88590000  -69.21200000    4.58900000
  1.89870000  -68.77400000    6.02790000
  1.91140000  -68.33400000    7.47560000
  1.92420000  -67.89100000    8.93200000
  1.93690000  -67.44700000   10.39700000
  1.94960000  -67.00100000   11.87100000
  1.96240000  -66.55300000   13.35300000
  1.97510000  -66.10400000   14.84400000
  1.98790000  -65.65300000   16.34300000
  2.00060000  -65.20000000   17.85000000
  2.01340000  -64.74600000   19.36600000
  2.02610000  -64.29000000   20.88900000
  2.03880000  -63.83300000   22.42100000
  2.05160000  -63.37500000   23.96100000
  2.06430000  -62.91500000   25.50900000
  2.07710000  -62.45400000   27.06500000
  2.08980000  -61.99200000   28.62800000
  2.10260000  -61.52900000   30.20000000
  2.11530000  -61.06600000   31.77900000
  2.12800000  -60.60100000   33.36600000
  2.14080000  -60.13500000   34.96000000
  2.15350000  -59.66900000   36.56200000
  2.16630000  -59.20200000   38.17100000
  2.17900000  -58.73400000   39.78800000
  2.19180000  -58.26600000   41.41100000
  2.20450000  -57.79700000   43.04200000
  2.21720000  -57.32800000   44.68100000
  2.23000000  -56.85900000   46.32600000
  2.24270000  -56.38900000   47.97800000
  2.25550000  -55.91900000   49.63800000
  2.26820000  -55.44900000   51.30400000
  2.28100000  -54.97900000   52.97700000
   .80000000    1.74420000
   .00000000  -88.11200000  -88.11200000
   .01289700  -88.09500000  -88.09100000
   .02579300  -88.07800000  -88.06400000
   .03869000  -88.06100000  -88.03000000
   .05158700  -88.04400000  -87.98900000
   .06448300  -88.02700000  -87.94000000
   .07738000  -88.00900000  -87.88500000
   .09027700  -87.99200000  -87.82300000
   .10317000  -87.97400000  -87.75300000
   .11607000  -87.95600000  -87.67700000
   .12897000  -87.93800000  -87.59300000
   .14186000  -87.92000000  -87.50200000
   .15476000  -87.90200000  -87.40500000
   .16766000  -87.88300000  -87.30000000
   .18055000  -87.86400000  -87.18700000
   .19345000  -87.84400000  -87.06800000
   .20635000  -87.82500000  -86.94100000
   .21924000  -87.80500000  -86.80700000
   .23214000  -87.78400000  -86.66600000
   .24504000  -87.76300000  -86.51700000
   .25793000  -87.74200000  -86.36100000
   .27083000  -87.72000000  -86.19800000
   .28373000  -87.69800000  -86.02700000
   .29662000  -87.67500000  -85.84900000
   .30952000  -87.65200000  -85.66400000
   .32242000  -87.62800000  -85.47100000
   .33531000  -87.60300000  -85.27000000
   .34821000  -87.57800000  -85.06300000
   .36111000  -87.55300000  -84.84700000
   .37400000  -87.52700000  -84.62400000
   .38690000  -87.50000000  -84.39400000
   .39980000  -87.47200000  -84.15500000
   .41269000  -87.44400000  -83.91000000
   .42559000  -87.41500000  -83.65600000
   .43849000  -87.38500000  -83.39500000
   .45138000  -87.35400000  -83.12700000
   .46428000  -87.32300000  -82.85000000
   .47718000  -87.29100000  -82.56600000
   .49007000  -87.25800000  -82.27400000
   .50297000  -87.22400000  -81.97400000
   .51587000  -87.18900000  -81.66700000
   .52876000  -87.15300000  -81.35200000
   .54166000  -87.11600000  -81.02900000
   .55456000  -87.07900000  -80.69800000
   .56745000  -87.04000000  -80.35900000
   .58035000  -87.00100000  -80.01200000
   .59325000  -86.96000000  -79.65700000
   .60614000  -86.91800000  -79.29400000
   .61904000  -86.87500000  -78.92300000
   .63194000  -86.83000000  -78.54400000
   .64483000  -86.78400000  -78.15600000
   .65773000  -86.73600000  -77.75900000
   .67063000  -86.68500000  -77.35300000
   .68352000  -86.63300000  -76.93900000
   .69642000  -86.57900000  -76.51500000
   .70932000  -86.52200000  -76.08200000
   .72221000  -86.46300000  -75.64000000
   .73511000  -86.40100000  -75.18800000
   .74801000  -86.33600000  -74.72600000
   .76090000  -86.26800000  -74.25500000
   .77380000  -86.19800000  -73.77300000
   .78670000  -86.12400000  -73.28200000
   .79959000  -86.04600000  -72.78000000
   .81249000  -85.96500000  -72.26800000
   .82539000  -85.88100000  -71.74500000
   .83828000  -85.79200000  -71.21100000
   .85118000  -85.70000000  -70.66700000
   .86408000  -85.60300000  -70.11100000
   .87697000  -85.50300000  -69.54400000
   .88987000  -85.39800000  -68.96600000
   .90277000  -85.28800000  -68.37700000
   .91566000  -85.17300000  -67.77600000
   .92856000  -85.05400000  -67.16300000
   .94146000  -84.93000000  -66.53900000
   .95435000  -84.80100000  -65.90200000
   .96725000  -84.66600000  -65.25300000
   .98015000  -84.52600000  -64.59200000
   .99304000  -84.38000000  -63.91800000
  1.00590000  -84.22900000  -63.23200000
  1.01880000  -84.07200000  -62.53300000
  1.03170000  -83.90900000  -61.82100000
  1.04460000  -83.74000000  -61.09600000
  1.05750000  -83.56400000  -60.35800000
  1.07040000  -83.38200000  -59.60700000
  1.08330000  -83.19300000  -58.84200000
  1.09620000  -82.99800000  -58.06300000
  1.10910000  -82.79600000  -57.27100000
  1.12200000  -82.58700000  -56.46500000
  1.13490000  -82.37000000  -55.64400000
  1.14780000  -82.14700000  -54.81000000
  1.16070000  -81.91600000  -53.96100000
  1.17360000  -81.67700000  -53.09800000
  1.18650000  -81.43100000  -52.22000000
  1.19940000  -81.17800000  -51.32900000
  1.21230000  -80.91800000  -50.42400000
  1.22520000  -80.65200000  -49.50500000
  1.23810000  -80.37800000  -48.57200000
  1.25100000  -80.09800000  -47.62600000
  1.26390000  -79.81200000  -46.66700000
  1.27680000  -79.52000000  -45.69500000
  1.28970000  -79.22200000  -44.71000000
  1.30260000  -78.91800000  -43.71200000
  1.31550000  -78.60800000  -42.70200000
  1.32840000  -78.29300000  -41.67900000
  1.34130000  -77.97200000  -40.64400000
  1.35410000  -77.64700000  -39.59700000
  1.36700000  -77.31600000  -38.53900000
  1.37990000  -76.98100000  -37.46800000
  1.39280000  -76.64000000  -36.38600000
  1.40570000  -76.29600000  -35.29200000
  1.41860000  -75.94600000  -34.18700000
  1.43150000  -75.59300000  -33.07100000
  1.44440000  -75.23600000  -31.94400000
  1.45730000  -74.87500000  -30.80600000
  1.47020000  -74.51000000  -29.65800000
  1.48310000  -74.14100000  -28.49900000
  1.49600000  -73.76900000  -27.33000000
  1.50890000  -73.39400000  -26.15100000
  1.52180000  -73.01600000  -24.96200000
  1.53470000  -72.63500000  -23.76300000
  1.54760000  -72.25200000  -22.55500000
  1.56050000  -71.86500000  -21.33700000
  1.57340000  -71.47700000  -20.10900000
  1.58630000  -71.08600000  -18.87300000
  1.59920000  -70.69300000  -17.62700000
  1.61210000  -70.29800000  -16.37300000
  1.62500000  -69.90100000  -15.11000000
  1.63790000  -69.50300000  -13.83900000
  1.65080000  -69.10300000  -12.55900000
  1.66370000  -68.70200000  -11.27100000
  1.67660000  -68.30000000   -9.97490000
  1.68950000  -67.89700000   -8.67110000
  1.70240000  -67.49300000   -7.35960000
  1.71530000  -67.08900000   -6.04060000
  1.72820000  -66.68400000   -4.71420000
  1.74100000  -66.27800000   -3.38060000
  1.75390000  -65.87300000   -2.03990000
  1.76680000  -65.46700000    -.69197000
  1.77970000  -65.06100000     .66306000
  1.79260000  -64.65500000    2.02520000
  1.80550000  -64.24900000    3.39450000
  1.81840000  -63.84200000    4.77090000
  1.83130000  -63.43500000    6.15450000
  1.84420000  -63.02800000    7.54510000
  1.85710000  -62.62100000    8.94290000
  1.87000000  -62.21300000   10.34800000
  1.88290000  -61.80600000   11.76000000
  1.89580000  -61.39800000   13.17900000
  1.90870000  -60.99000000   14.60500000
  1.92160000  -60.58200000   16.03800000
  1.93450000  -60.17300000   17.47800000
  1.94740000  -59.76500000   18.92600000
  1.96030000  -59.35600000   20.38000000
  1.97320000  -58.94700000   21.84200000
  1.98610000  -58.53800000   23.31000000
  1.99900000  -58.12900000   24.78600000
  2.01190000  -57.72000000   26.26800000
  2.02480000  -57.31000000   27.75800000
  2.03770000  -56.90100000   29.25400000
  2.05060000  -56.49100000   30.75800000
  2.06350000  -56.08100000   32.26900000
  2.07640000  -55.67200000   33.78700000
  2.08930000  -55.26200000   35.31100000
  2.10220000  -54.85200000   36.84300000
  2.11510000  -54.44100000   38.38200000
  2.12790000  -54.03100000   39.92700000
  2.14080000  -53.62100000   41.48000000
  2.15370000  -53.21000000   43.04000000
  2.16660000  -52.80000000   44.60600000
  2.17950000  -52.38900000   46.18000000
  2.19240000  -51.97900000   47.76000000
  2.20530000  -51.56800000   49.34800000
  2.21820000  -51.15700000   50.94200000
  2.23110000  -50.74700000   52.54400000
  2.24400000  -50.33600000   54.15200000
  2.25690000  -49.92500000   55.76700000
  2.26980000  -49.51400000   57.38900000
  2.28270000  -49.10400000   59.01900000
  2.29560000  -48.69300000   60.65500000
  2.30850000  -48.28200000   62.29700000
   .90000000    1.83240000
   .00000000  -83.84400000  -83.84400000
   .01302900  -83.82400000  -83.82000000
   .02605800  -83.80300000  -83.78900000
   .03908600  -83.78300000  -83.75100000
   .05211500  -83.76200000  -83.70600000
   .06514400  -83.74200000  -83.65400000
   .07817300  -83.72100000  -83.59400000
   .09120100  -83.70000000  -83.52800000
   .10423000  -83.68000000  -83.45400000
   .11726000  -83.65800000  -83.37300000
   .13029000  -83.63700000  -83.28500000
   .14332000  -83.61600000  -83.18900000
   .15635000  -83.59400000  -83.08700000
   .16937000  -83.57200000  -82.97700000
   .18240000  -83.55000000  -82.85900000
   .19543000  -83.52700000  -82.73500000
   .20846000  -83.50400000  -82.60300000
   .22149000  -83.48100000  -82.46300000
   .23452000  -83.45800000  -82.31600000
   .24755000  -83.43400000  -82.16200000
   .26058000  -83.40900000  -82.00000000
   .27360000  -83.38500000  -81.83100000
   .28663000  -83.35900000  -81.65500000
   .29966000  -83.33400000  -81.47100000
   .31269000  -83.30800000  -81.27900000
   .32572000  -83.28100000  -81.08000000
   .33875000  -83.25400000  -80.87300000
   .35178000  -83.22600000  -80.65900000
   .36481000  -83.19800000  -80.43700000
   .37783000  -83.16900000  -80.20700000
   .39086000  -83.14000000  -79.97000000
   .40389000  -83.11000000  -79.72500000
   .41692000  -83.07900000  -79.47300000
   .42995000  -83.04800000  -79.21200000
   .44298000  -83.01600000  -78.94400000
   .45601000  -82.98300000  -78.66900000
   .46904000  -82.95000000  -78.38500000
   .48206000  -82.91600000  -78.09400000
   .49509000  -82.88100000  -77.79500000
   .50812000  -82.84500000  -77.48800000
   .52115000  -82.80800000  -77.17300000
   .53418000  -82.77100000  -76.85000000
   .54721000  -82.73300000  -76.52000000
   .56024000  -82.69400000  -76.18100000
   .57327000  -82.65400000  -75.83500000
   .58629000  -82.61300000  -75.48000000
   .59932000  -82.57100000  -75.11800000
   .61235000  -82.52800000  -74.74700000
   .62538000  -82.48300000  -74.36800000
   .63841000  -82.43800000  -73.98100000
   .65144000  -82.39000000  -73.58400000
   .66447000  -82.34100000  -73.17900000
   .67750000  -82.28900000  -72.76500000
   .69052000  -82.23500000  -72.34100000
   .70355000  -82.17900000  -71.90800000
   .71658000  -82.12000000  -71.46600000
   .72961000  -82.05900000  -71.01300000
   .74264000  -81.99500000  -70.55100000
   .75567000  -81.92700000  -70.07800000
   .76870000  -81.85600000  -69.59500000
   .78173000  -81.78200000  -69.10200000
   .79476000  -81.70400000  -68.59700000
   .80778000  -81.62200000  -68.08200000
   .82081000  -81.53600000  -67.55600000
   .83384000  -81.44600000  -67.01900000
   .84687000  -81.35200000  -66.47000000
   .85990000  -81.25300000  -65.91000000
   .87293000  -81.14900000  -65.33800000
   .88596000  -81.04000000  -64.75300000
   .89899000  -80.92700000  -64.15700000
   .91201000  -80.80800000  -63.54900000
   .92504000  -80.68300000  -62.92800000
   .93807000  -80.55300000  -62.29400000
   .95110000  -80.41700000  -61.64700000
   .96413000  -80.27500000  -60.98800000
   .97716000  -80.12700000  -60.31500000
   .99019000  -79.97300000  -59.62800000
  1.00320000  -79.81200000  -58.92900000
  1.01620000  -79.64500000  -58.21500000
  1.02930000  -79.47000000  -57.48800000
  1.04230000  -79.28900000  -56.74600000
  1.05530000  -79.10000000  -55.99000000
  1.06840000  -78.90400000  -55.22000000
  1.08140000  -78.70000000  -54.43500000
  1.09440000  -78.48800000  -53.63500000
  1.10740000  -78.26900000  -52.82000000
  1.12050000  -78.04100000  -51.99000000
  1.13350000  -77.80500000  -51.14500000
  1.14650000  -77.56100000  -50.28400000
  1.15960000  -77.30700000  -49.40800000
  1.17260000  -77.04500000  -48.51500000
  1.18560000  -76.77500000  -47.60700000
  1.19860000  -76.49500000  -46.68300000
  1.21170000  -76.20700000  -45.74300000
  1.22470000  -75.91100000  -44.78800000
  1.23770000  -75.60700000  -43.81800000
  1.25080000  -75.29400000  -42.83300000
  1.26380000  -74.97400000  -41.83300000
  1.27680000  -74.64700000  -40.81900000
  1.28980000  -74.31200000  -39.79000000
  1.30290000  -73.97000000  -38.74700000
  1.31590000  -73.62100000  -37.69000000
  1.32890000  -73.26500000  -36.61900000
  1.34200000  -72.90200000  -35.53400000
  1.35500000  -72.53300000  -34.43600000
  1.36800000  -72.15800000  -33.32500000
  1.38100000  -71.77700000  -32.20100000
  1.39410000  -71.38900000  -31.06300000
  1.40710000  -70.99700000  -29.91300000
  1.42010000  -70.59800000  -28.75000000
  1.43320000  -70.19400000  -27.57500000
  1.44620000  -69.78600000  -26.38800000
  1.45920000  -69.37200000  -25.18900000
  1.47230000  -68.95300000  -23.97700000
  1.48530000  -68.53000000  -22.75500000
  1.49830000  -68.10200000  -21.52100000
  1.51130000  -67.67100000  -20.27500000
  1.52440000  -67.23500000  -19.01900000
  1.53740000  -66.79500000  -17.75100000
  1.55040000  -66.35200000  -16.47300000
  1.56350000  -65.90500000  -15.18400000
  1.57650000  -65.45500000  -13.88600000
  1.58950000  -65.00200000  -12.57600000
  1.60250000  -64.54600000  -11.25700000
  1.61560000  -64.08700000   -9.92850000
  1.62860000  -63.62500000   -8.59010000
  1.64160000  -63.16200000   -7.24220000
  1.65470000  -62.69600000   -5.88510000
  1.66770000  -62.22800000   -4.51900000
  1.68070000  -61.75800000   -3.14410000
  1.69370000  -61.28700000   -1.76050000
  1.70680000  -60.81400000    -.36838000
  1.71980000  -60.34000000    1.03200000
  1.73280000  -59.86500000    2.44050000
  1.74590000  -59.38900000    3.85690000
  1.75890000  -58.91200000    5.28110000
  1.77190000  -58.43500000    6.71300000
  1.78490000  -57.95700000    8.15250000
  1.79800000  -57.47800000    9.59970000
  1.81100000  -56.99900000   11.05500000
  1.82400000  -56.51900000   12.51700000
  1.83710000  -56.03900000   13.98700000
  1.85010000  -55.55800000   15.46500000
  1.86310000  -55.07700000   16.95000000
  1.87610000  -54.59500000   18.44300000
  1.88920000  -54.11200000   19.94300000
  1.90220000  -53.63000000   21.45100000
  1.91520000  -53.14600000   22.96600000
  1.92830000  -52.66200000   24.48900000
  1.94130000  -52.17800000   26.02000000
  1.95430000  -51.69300000   27.55800000
  1.96730000  -51.20800000   29.10300000
  1.98040000  -50.72300000   30.65600000
  1.99340000  -50.23700000   32.21600000
  2.00640000  -49.75000000   33.78400000
  2.01950000  -49.26400000   35.35900000
  2.03250000  -48.77700000   36.94100000
  2.04550000  -48.28900000   38.53100000
  2.05850000  -47.80200000   40.12800000
  2.07160000  -47.31400000   41.73300000
  2.08460000  -46.82500000   43.34500000
  2.09760000  -46.33700000   44.96400000
  2.11070000  -45.84800000   46.59000000
  2.12370000  -45.35900000   48.22400000
  2.13670000  -44.87000000   49.86500000
  2.14970000  -44.38000000   51.51300000
  2.16280000  -43.89000000   53.16900000
  2.17580000  -43.40000000   54.83200000
  2.18880000  -42.91000000   56.50200000
  2.20190000  -42.42000000   58.17900000
  2.21490000  -41.93000000   59.86400000
  2.22790000  -41.43900000   61.55500000
  2.24090000  -40.94900000   63.25400000
  2.25400000  -40.45800000   64.96000000
  2.26700000  -39.96700000   66.67300000
  2.28000000  -39.47600000   68.39300000
  2.29310000  -38.98500000   70.12000000
  2.30610000  -38.49400000   71.85500000
  2.31910000  -38.00300000   73.59600000
  2.33210000  -37.51200000   75.34500000
  1.00000000    1.91800000
   .00000000  -81.04800000  -81.04800000
   .01311500  -81.01700000  -81.01300000
   .02623100  -80.98600000  -80.97100000
   .03934600  -80.95400000  -80.92200000
   .05246100  -80.92300000  -80.86500000
   .06557700  -80.89100000  -80.80200000
   .07869200  -80.85900000  -80.73100000
   .09180800  -80.82700000  -80.65200000
   .10492000  -80.79500000  -80.56600000
   .11804000  -80.76200000  -80.47300000
   .13115000  -80.72900000  -80.37200000
   .14427000  -80.69600000  -80.26400000
   .15738000  -80.66200000  -80.14900000
   .17050000  -80.62800000  -80.02500000
   .18362000  -80.59400000  -79.89400000
   .19673000  -80.55900000  -79.75600000
   .20985000  -80.52300000  -79.61000000
   .22296000  -80.48700000  -79.45600000
   .23608000  -80.45100000  -79.29400000
   .24919000  -80.41300000  -79.12500000
   .26231000  -80.37500000  -78.94800000
   .27542000  -80.33700000  -78.76300000
   .28854000  -80.29700000  -78.57000000
   .30165000  -80.25700000  -78.36900000
   .31477000  -80.21600000  -78.16000000
   .32788000  -80.17400000  -77.94400000
   .34100000  -80.13200000  -77.71900000
   .35411000  -80.08800000  -77.48600000
   .36723000  -80.04400000  -77.24500000
   .38035000  -79.99800000  -76.99600000
   .39346000  -79.95200000  -76.73900000
   .40658000  -79.90400000  -76.47400000
   .41969000  -79.85500000  -76.20000000
   .43281000  -79.80600000  -75.91900000
   .44592000  -79.75500000  -75.62900000
   .45904000  -79.70200000  -75.33000000
   .47215000  -79.64900000  -75.02300000
   .48527000  -79.59400000  -74.70800000
   .49838000  -79.53900000  -74.38500000
   .51150000  -79.48100000  -74.05200000
   .52461000  -79.42300000  -73.71200000
   .53773000  -79.36300000  -73.36300000
   .55085000  -79.30100000  -73.00500000
   .56396000  -79.23800000  -72.63900000
   .57708000  -79.17400000  -72.26400000
   .59019000  -79.10800000  -71.88000000
   .60331000  -79.04000000  -71.48800000
   .61642000  -78.97100000  -71.08600000
   .62954000  -78.90000000  -70.67600000
   .64265000  -78.82600000  -70.25600000
   .65577000  -78.75000000  -69.82700000
   .66888000  -78.67200000  -69.38800000
   .68200000  -78.59100000  -68.94000000
   .69511000  -78.50700000  -68.48100000
   .70823000  -78.42000000  -68.01300000
   .72134000  -78.33000000  -67.53300000
   .73446000  -78.23700000  -67.04400000
   .74758000  -78.14000000  -66.54400000
   .76069000  -78.03900000  -66.03300000
   .77381000  -77.93500000  -65.51000000
   .78692000  -77.82600000  -64.97700000
   .80004000  -77.71300000  -64.43200000
   .81315000  -77.59600000  -63.87600000
   .82627000  -77.47400000  -63.30800000
   .83938000  -77.34700000  -62.72800000
   .85250000  -77.21600000  -62.13600000
   .86561000  -77.07900000  -61.53100000
   .87873000  -76.93700000  -60.91500000
   .89184000  -76.78900000  -60.28500000
   .90496000  -76.63600000  -59.64300000
   .91808000  -76.47700000  -58.98800000
   .93119000  -76.31200000  -58.31900000
   .94431000  -76.14100000  -57.63800000
   .95742000  -75.96300000  -56.94300000
   .97054000  -75.77900000  -56.23400000
   .98365000  -75.58800000  -55.51100000
   .99677000  -75.39000000  -54.77400000
  1.00990000  -75.18500000  -54.02300000
  1.02300000  -74.97300000  -53.25800000
  1.03610000  -74.75400000  -52.47800000
  1.04920000  -74.52700000  -51.68400000
  1.06230000  -74.29200000  -50.87400000
  1.07550000  -74.04900000  -50.04900000
  1.08860000  -73.79800000  -49.20900000
  1.10170000  -73.53900000  -48.35400000
  1.11480000  -73.27100000  -47.48300000
  1.12790000  -72.99500000  -46.59600000
  1.14100000  -72.70900000  -45.69400000
  1.15420000  -72.41500000  -44.77500000
  1.16730000  -72.11200000  -43.84000000
  1.18040000  -71.79900000  -42.88800000
  1.19350000  -71.47700000  -41.92000000
  1.20660000  -71.14600000  -40.93600000
  1.21970000  -70.80500000  -39.93500000
  1.23280000  -70.45600000  -38.91900000
  1.24600000  -70.09900000  -37.88700000
  1.25910000  -69.73300000  -36.83900000
  1.27220000  -69.35900000  -35.77600000
  1.28530000  -68.97700000  -34.69800000
  1.29840000  -68.58800000  -33.60500000
  1.31150000  -68.19000000  -32.49800000
  1.32470000  -67.78600000  -31.37600000
  1.33780000  -67.37400000  -30.24000000
  1.35090000  -66.95500000  -29.08900000
  1.36400000  -66.53000000  -27.92500000
  1.37710000  -66.09800000  -26.74700000
  1.39020000  -65.66000000  -25.55600000
  1.40330000  -65.21500000  -24.35100000
  1.41650000  -64.76500000  -23.13300000
  1.42960000  -64.30800000  -21.90200000
  1.44270000  -63.84700000  -20.65900000
  1.45580000  -63.38000000  -19.40300000
  1.46890000  -62.90700000  -18.13500000
  1.48200000  -62.43000000  -16.85500000
  1.49520000  -61.94800000  -15.56200000
  1.50830000  -61.46200000  -14.25900000
  1.52140000  -60.97100000  -12.94300000
  1.53450000  -60.47600000  -11.61700000
  1.54760000  -59.97700000  -10.27900000
  1.56070000  -59.47400000   -8.93020000
  1.57380000  -58.96800000   -7.57090000
  1.58700000  -58.45800000   -6.20100000
  1.60010000  -57.94500000   -4.82090000
  1.61320000  -57.43000000   -3.43060000
  1.62630000  -56.91100000   -2.03050000
  1.63940000  -56.39000000    -.62068000
  1.65250000  -55.86600000     .79864000
  1.66570000  -55.34100000    2.22730000
  1.67880000  -54.81300000    3.66500000
  1.69190000  -54.28400000    5.11160000
  1.70500000  -53.75300000    6.56690000
  1.71810000  -53.22100000    8.03080000
  1.73120000  -52.68700000    9.50290000
  1.74430000  -52.15300000   10.98300000
  1.75750000  -51.61800000   12.47100000
  1.77060000  -51.08200000   13.96700000
  1.78370000  -50.54600000   15.47100000
  1.79680000  -50.00900000   16.98200000
  1.80990000  -49.47200000   18.50000000
  1.82300000  -48.93400000   20.02700000
  1.83620000  -48.39600000   21.56100000
  1.84930000  -47.85800000   23.10200000
  1.86240000  -47.31900000   24.65100000
  1.87550000  -46.77900000   26.20800000
  1.88860000  -46.23900000   27.77200000
  1.90170000  -45.69900000   29.34400000
  1.91480000  -45.15800000   30.92300000
  1.92800000  -44.61700000   32.51000000
  1.94110000  -44.07600000   34.10400000
  1.95420000  -43.53400000   35.70600000
  1.96730000  -42.99200000   37.31600000
  1.98040000  -42.45000000   38.93200000
  1.99350000  -41.90700000   40.55700000
  2.00670000  -41.36400000   42.18800000
  2.01980000  -40.82100000   43.82700000
  2.03290000  -40.27700000   45.47400000
  2.04600000  -39.73300000   47.12800000
  2.05910000  -39.18900000   48.78900000
  2.07220000  -38.64400000   50.45800000
  2.08530000  -38.10000000   52.13400000
  2.09850000  -37.55500000   53.81700000
  2.11160000  -37.01000000   55.50800000
  2.12470000  -36.46400000   57.20700000
  2.13780000  -35.91900000   58.91200000
  2.15090000  -35.37300000   60.62500000
  2.16400000  -34.82700000   62.34500000
  2.17720000  -34.28100000   64.07300000
  2.19030000  -33.73500000   65.80700000
  2.20340000  -33.18900000   67.54900000
  2.21650000  -32.64200000   69.29900000
  2.22960000  -32.09600000   71.05500000
  2.24270000  -31.54900000   72.81900000
  2.25580000  -31.00200000   74.59000000
  2.26900000  -30.45500000   76.36800000
  2.28210000  -29.90900000   78.15400000
  2.29520000  -29.36200000   79.94600000
  2.30830000  -28.81500000   81.74600000
  2.32140000  -28.26700000   83.55300000
  2.33450000  -27.72000000   85.36700000
  2.34770000  -27.17300000   87.18800000
  1.10000000    1.98910000
   .00000000  -73.58700000  -73.58700000
   .01315100  -73.57400000  -73.57100000
   .02630300  -73.56100000  -73.54700000
   .03945400  -73.54900000  -73.51600000
   .05260500  -73.53600000  -73.47800000
   .06575600  -73.52300000  -73.43300000
   .07890800  -73.51000000  -73.38100000
   .09205900  -73.49700000  -73.32100000
   .10521000  -73.48400000  -73.25400000
   .11836000  -73.47100000  -73.18000000
   .13151000  -73.45700000  -73.09800000
   .14466000  -73.44400000  -73.00900000
   .15782000  -73.43000000  -72.91300000
   .17097000  -73.41600000  -72.81000000
   .18412000  -73.40200000  -72.69900000
   .19727000  -73.38800000  -72.58100000
   .21042000  -73.37400000  -72.45500000
   .22357000  -73.35900000  -72.32200000
   .23672000  -73.34500000  -72.18200000
   .24987000  -73.33000000  -72.03400000
   .26303000  -73.31500000  -71.87900000
   .27618000  -73.29900000  -71.71600000
   .28933000  -73.28300000  -71.54600000
   .30248000  -73.26700000  -71.36900000
   .31563000  -73.25100000  -71.18400000
   .32878000  -73.23400000  -70.99100000
   .34193000  -73.21800000  -70.79100000
   .35508000  -73.20000000  -70.58400000
   .36824000  -73.18300000  -70.36900000
   .38139000  -73.16500000  -70.14600000
   .39454000  -73.14600000  -69.91600000
   .40769000  -73.12800000  -69.67900000
   .42084000  -73.10800000  -69.43400000
   .43399000  -73.08900000  -69.18100000
   .44714000  -73.06900000  -68.92000000
   .46029000  -73.04900000  -68.65200000
   .47345000  -73.02800000  -68.37700000
   .48660000  -73.00600000  -68.09300000
   .49975000  -72.98500000  -67.80200000
   .51290000  -72.96200000  -67.50400000
   .52605000  -72.94000000  -67.19800000
   .53920000  -72.91600000  -66.88400000
   .55235000  -72.89300000  -66.56200000
   .56551000  -72.86800000  -66.23300000
   .57866000  -72.84300000  -65.89600000
   .59181000  -72.81800000  -65.55100000
   .60496000  -72.79200000  -65.19800000
   .61811000  -72.76500000  -64.83700000
   .63126000  -72.73700000  -64.46800000
   .64441000  -72.70700000  -64.09000000
   .65756000  -72.67600000  -63.70400000
   .67072000  -72.64200000  -63.30800000
   .68387000  -72.60700000  -62.90300000
   .69702000  -72.56900000  -62.48800000
   .71017000  -72.52800000  -62.06300000
   .72332000  -72.48300000  -61.62700000
   .73647000  -72.43600000  -61.18200000
   .74962000  -72.38500000  -60.72500000
   .76277000  -72.33000000  -60.25700000
   .77593000  -72.27100000  -59.77800000
   .78908000  -72.20700000  -59.28800000
   .80223000  -72.13900000  -58.78500000
   .81538000  -72.06600000  -58.27100000
   .82853000  -71.98800000  -57.74400000
   .84168000  -71.90400000  -57.20400000
   .85483000  -71.81400000  -56.65100000
   .86798000  -71.71800000  -56.08500000
   .88114000  -71.61600000  -55.50600000
   .89429000  -71.50700000  -54.91200000
   .90744000  -71.39100000  -54.30500000
   .92059000  -71.26800000  -53.68300000
   .93374000  -71.13800000  -53.04700000
   .94689000  -71.00000000  -52.39600000
   .96004000  -70.85400000  -51.73000000
   .97320000  -70.70000000  -51.04800000
   .98635000  -70.53800000  -50.35000000
   .99950000  -70.36600000  -49.63700000
  1.01260000  -70.18600000  -48.90800000
  1.02580000  -69.99600000  -48.16200000
  1.03900000  -69.79700000  -47.39900000
  1.05210000  -69.58700000  -46.61900000
  1.06530000  -69.36800000  -45.82200000
  1.07840000  -69.13800000  -45.00700000
  1.09160000  -68.89800000  -44.17400000
  1.10470000  -68.64600000  -43.32400000
  1.11790000  -68.38400000  -42.45500000
  1.13100000  -68.11000000  -41.56700000
  1.14420000  -67.82400000  -40.66000000
  1.15730000  -67.52600000  -39.73400000
  1.17050000  -67.21600000  -38.78900000
  1.18360000  -66.89300000  -37.82400000
  1.19680000  -66.55800000  -36.83900000
  1.20990000  -66.21000000  -35.83400000
  1.22310000  -65.85100000  -34.81100000
  1.23620000  -65.48000000  -33.76900000
  1.24940000  -65.09800000  -32.70800000
  1.26250000  -64.70400000  -31.63000000
  1.27570000  -64.30000000  -30.53300000
  1.28880000  -63.88600000  -29.41900000
  1.30200000  -63.46200000  -28.28800000
  1.31510000  -63.02800000  -27.14000000
  1.32830000  -62.58500000  -25.97600000
  1.34140000  -62.13300000  -24.79500000
  1.35460000  -61.67200000  -23.59900000
  1.36770000  -61.20300000  -22.38700000
  1.38090000  -60.72600000  -21.15900000
  1.39400000  -60.24100000  -19.91700000
  1.40720000  -59.74900000  -18.66000000
  1.42030000  -59.24900000  -17.38900000
  1.43350000  -58.74300000  -16.10400000
  1.44660000  -58.23000000  -14.80500000
  1.45980000  -57.71100000  -13.49300000
  1.47290000  -57.18700000  -12.16900000
  1.48610000  -56.65600000  -10.83100000
  1.49920000  -56.12100000   -9.48090000
  1.51240000  -55.58100000   -8.11890000
  1.52550000  -55.03600000   -6.74520000
  1.53870000  -54.48700000   -5.36010000
  1.55190000  -53.93500000   -3.96400000
  1.56500000  -53.37800000   -2.55710000
  1.57820000  -52.81900000   -1.13980000
  1.59130000  -52.25600000     .28760000
  1.60450000  -51.69100000    1.72480000
  1.61760000  -51.12400000    3.17140000
  1.63080000  -50.55400000    4.62720000
  1.64390000  -49.98300000    6.09180000
  1.65710000  -49.41100000    7.56490000
  1.67020000  -48.83800000    9.04610000
  1.68340000  -48.26400000   10.53500000
  1.69650000  -47.69000000   12.03200000
  1.70970000  -47.11500000   13.53600000
  1.72280000  -46.54100000   15.04600000
  1.73600000  -45.96800000   16.56400000
  1.74910000  -45.39500000   18.08700000
  1.76230000  -44.82400000   19.61700000
  1.77540000  -44.25400000   21.15200000
  1.78860000  -43.68600000   22.69300000
  1.80170000  -43.12000000   24.23900000
  1.81490000  -42.55500000   25.79100000
  1.82800000  -41.99100000   27.34800000
  1.84120000  -41.42900000   28.91100000
  1.85430000  -40.86900000   30.48000000
  1.86750000  -40.31000000   32.05500000
  1.88060000  -39.75200000   33.63600000
  1.89380000  -39.19500000   35.22200000
  1.90690000  -38.64000000   36.81500000
  1.92010000  -38.08600000   38.41300000
  1.93320000  -37.53400000   40.01700000
  1.94640000  -36.98200000   41.62700000
  1.95950000  -36.43200000   43.24300000
  1.97270000  -35.88300000   44.86600000
  1.98580000  -35.33400000   46.49400000
  1.99900000  -34.78700000   48.12900000
  2.01210000  -34.24100000   49.76900000
  2.02530000  -33.69600000   51.41600000
  2.03840000  -33.15200000   53.06900000
  2.05160000  -32.60800000   54.72900000
  2.06480000  -32.06600000   56.39500000
  2.07790000  -31.52400000   58.06700000
  2.09110000  -30.98300000   59.74500000
  2.10420000  -30.44300000   61.43000000
  2.11740000  -29.90400000   63.12200000
  2.13050000  -29.36500000   64.82000000
  2.14370000  -28.82700000   66.52400000
  2.15680000  -28.28900000   68.23600000
  2.17000000  -27.75200000   69.95300000
  2.18310000  -27.21500000   71.67800000
  2.19630000  -26.67900000   73.40900000
  2.20940000  -26.14400000   75.14700000
  2.22260000  -25.60900000   76.89100000
  2.23570000  -25.07400000   78.64300000
  2.24890000  -24.53900000   80.40100000
  2.26200000  -24.00500000   82.16600000
  2.27520000  -23.47100000   83.93800000
  2.28830000  -22.93700000   85.71700000
  2.30150000  -22.40400000   87.50400000
  2.31460000  -21.87000000   89.29700000
  2.32780000  -21.33700000   91.09700000
  2.34090000  -20.80400000   92.90400000
  2.35410000  -20.27100000   94.71800000
  1.20000000    2.04940000
   .00000000  -48.07300000  -48.07300000
   .01321000  -48.55200000  -48.54800000
   .02641900  -49.03000000  -49.01600000
   .03962900  -49.50700000  -49.47500000
   .05283900  -49.98400000  -49.92600000
   .06604900  -50.45800000  -50.36800000
   .07925800  -50.93000000  -50.80000000
   .09246800  -51.40000000  -51.22300000
   .10568000  -51.86700000  -51.63600000
   .11889000  -52.33100000  -52.03800000
   .13210000  -52.79100000  -52.42900000
   .14531000  -53.24700000  -52.80800000
   .15852000  -53.69800000  -53.17600000
   .17173000  -54.14400000  -53.53200000
   .18494000  -54.58400000  -53.87500000
   .19815000  -55.01900000  -54.20500000
   .21136000  -55.44800000  -54.52100000
   .22457000  -55.87000000  -54.82300000
   .23777000  -56.28500000  -55.11100000
   .25098000  -56.69200000  -55.38500000
   .26419000  -57.09100000  -55.64300000
   .27740000  -57.48200000  -55.88500000
   .29061000  -57.86400000  -56.11200000
   .30382000  -58.23800000  -56.32200000
   .31703000  -58.60100000  -56.51500000
   .33024000  -58.95400000  -56.69100000
   .34345000  -59.29700000  -56.85000000
   .35666000  -59.63000000  -56.99000000
   .36987000  -59.95000000  -57.11200000
   .38308000  -60.26000000  -57.21500000
   .39629000  -60.55700000  -57.29800000
   .40950000  -60.84100000  -57.36200000
   .42271000  -61.11300000  -57.40500000
   .43592000  -61.37100000  -57.42800000
   .44913000  -61.61600000  -57.43000000
   .46234000  -61.84600000  -57.41100000
   .47555000  -62.06200000  -57.36900000
   .48876000  -62.26300000  -57.30600000
   .50197000  -62.44800000  -57.21900000
   .51518000  -62.61700000  -57.11000000
   .52839000  -62.77000000  -56.97700000
   .54160000  -62.90700000  -56.82000000
   .55481000  -63.02600000  -56.63900000
   .56802000  -63.12800000  -56.43300000
   .58123000  -63.21200000  -56.20200000
   .59444000  -63.27700000  -55.94500000
   .60765000  -63.32400000  -55.66200000
   .62086000  -63.35300000  -55.35400000
   .63407000  -63.36300000  -55.02100000
   .64728000  -63.35700000  -54.66300000
   .66049000  -63.33300000  -54.28100000
   .67370000  -63.29200000  -53.87400000
   .68691000  -63.23500000  -53.44400000
   .70012000  -63.16200000  -52.99100000
   .71332000  -63.07300000  -52.51500000
   .72653000  -62.96800000  -52.01600000
   .73974000  -62.84900000  -51.49400000
   .75295000  -62.71500000  -50.95100000
   .76616000  -62.56700000  -50.38600000
   .77937000  -62.40400000  -49.80000000
   .79258000  -62.22800000  -49.19300000
   .80579000  -62.03900000  -48.56600000
   .81900000  -61.83700000  -47.91900000
   .83221000  -61.62200000  -47.25100000
   .84542000  -61.39500000  -46.56500000
   .85863000  -61.15700000  -45.85900000
   .87184000  -60.90700000  -45.13500000
   .88505000  -60.64500000  -44.39200000
   .89826000  -60.37300000  -43.63100000
   .91147000  -60.09100000  -42.85300000
   .92468000  -59.79900000  -42.05700000
   .93789000  -59.49600000  -41.24400000
   .95110000  -59.18500000  -40.41500000
   .96431000  -58.86400000  -39.56900000
   .97752000  -58.53500000  -38.70800000
   .99073000  -58.19800000  -37.83100000
  1.00390000  -57.85300000  -36.93900000
  1.01710000  -57.50000000  -36.03200000
  1.03040000  -57.14000000  -35.11100000
  1.04360000  -56.77300000  -34.17600000
  1.05680000  -56.40000000  -33.22700000
  1.07000000  -56.02000000  -32.26400000
  1.08320000  -55.63500000  -31.28900000
  1.09640000  -55.24400000  -30.30100000
  1.10960000  -54.84800000  -29.30000000
  1.12280000  -54.44800000  -28.28800000
  1.13600000  -54.04300000  -27.26400000
  1.14920000  -53.63400000  -26.22900000
  1.16250000  -53.22200000  -25.18300000
  1.17570000  -52.80600000  -24.12600000
  1.18890000  -52.38700000  -23.05900000
  1.20210000  -51.96600000  -21.98200000
  1.21530000  -51.54200000  -20.89500000
  1.22850000  -51.11500000  -19.79900000
  1.24170000  -50.68500000  -18.69200000
  1.25490000  -50.25300000  -17.57500000
  1.26810000  -49.81800000  -16.44900000
  1.28130000  -49.38000000  -15.31200000
  1.29460000  -48.93900000  -14.16500000
  1.30780000  -48.49600000  -13.00900000
  1.32100000  -48.05000000  -11.84300000
  1.33420000  -47.60200000  -10.66600000
  1.34740000  -47.15000000   -9.47990000
  1.36060000  -46.69700000   -8.28380000
  1.37380000  -46.24000000   -7.07770000
  1.38700000  -45.78100000   -5.86170000
  1.40020000  -45.31900000   -4.63590000
  1.41340000  -44.85400000   -3.40020000
  1.42660000  -44.38700000   -2.15450000
  1.43990000  -43.91700000    -.89908000
  1.45310000  -43.44500000     .36625000
  1.46630000  -42.97000000    1.64140000
  1.47950000  -42.49300000    2.92650000
  1.49270000  -42.01200000    4.22130000
  1.50590000  -41.53000000    5.52600000
  1.51910000  -41.04400000    6.84060000
  1.53230000  -40.55600000    8.16490000
  1.54550000  -40.06600000    9.49910000
  1.55870000  -39.57300000   10.84300000
  1.57200000  -39.07700000   12.19700000
  1.58520000  -38.57900000   13.56000000
  1.59840000  -38.07800000   14.93400000
  1.61160000  -37.57500000   16.31700000
  1.62480000  -37.06900000   17.71000000
  1.63800000  -36.56100000   19.11200000
  1.65120000  -36.05000000   20.52500000
  1.66440000  -35.53700000   21.94700000
  1.67760000  -35.02100000   23.37900000
  1.69080000  -34.50200000   24.82000000
  1.70410000  -33.98200000   26.27200000
  1.71730000  -33.45800000   27.73300000
  1.73050000  -32.93300000   29.20400000
  1.74370000  -32.40400000   30.68400000
  1.75690000  -31.87400000   32.17400000
  1.77010000  -31.34000000   33.67400000
  1.78330000  -30.80500000   35.18400000
  1.79650000  -30.26700000   36.70300000
  1.80970000  -29.72700000   38.23200000
  1.82290000  -29.18400000   39.77000000
  1.83620000  -28.63900000   41.31800000
  1.84940000  -28.09200000   42.87500000
  1.86260000  -27.54300000   44.44200000
  1.87580000  -26.99200000   46.01800000
  1.88900000  -26.43800000   47.60300000
  1.90220000  -25.88300000   49.19700000
  1.91540000  -25.32600000   50.80100000
  1.92860000  -24.76700000   52.41400000
  1.94180000  -24.20600000   54.03500000
  1.95500000  -23.64300000   55.66600000
  1.96820000  -23.07900000   57.30600000
  1.98150000  -22.51300000   58.95400000
  1.99470000  -21.94600000   60.61100000
  2.00790000  -21.37700000   62.27800000
  2.02110000  -20.80600000   63.95200000
  2.03430000  -20.23400000   65.63600000
  2.04750000  -19.66100000   67.32800000
  2.06070000  -19.08700000   69.02900000
  2.07390000  -18.51100000   70.73800000
  2.08710000  -17.93400000   72.45500000
  2.10030000  -17.35500000   74.18100000
  2.11360000  -16.77600000   75.91600000
  2.12680000  -16.19600000   77.65800000
  2.14000000  -15.61500000   79.40900000
  2.15320000  -15.03200000   81.16800000
  2.16640000  -14.44900000   82.93500000
  2.17960000  -13.86500000   84.71000000
  2.19280000  -13.28100000   86.49300000
  2.20600000  -12.69500000   88.28400000
  2.21920000  -12.10900000   90.08400000
  2.23240000  -11.52300000   91.89000000
  2.24570000  -10.93500000   93.70500000
  2.25890000  -10.34800000   95.52700000
  2.27210000   -9.75960000   97.35700000
  2.28530000   -9.17110000   99.19500000
  2.29850000   -8.58220000  101.04000000
  2.31170000   -7.99310000  102.89000000
  2.32490000   -7.40380000  104.75000000
  2.33810000   -6.81430000  106.62000000
  2.35130000   -6.22470000  108.50000000
  2.36450000   -5.63510000  110.38000000
