   012121212 1   -80.7610   -0.1764    0.0025    0.0019    0.0006  -79.8504   -0.1127    0.0120    0.0042    0.0013
   012121213 1    -0.2233   -0.0015    0.0002    0.0001    0.0000    0.0000    0.0000    0.0000    0.0000    0.0000
   012121313 1     0.0366   -0.0047   -0.0010   -0.0002   -0.0001    0.0000    0.0000    0.0000    0.0000    0.0000
   012121314 1    -0.2168   -0.0249   -0.0036   -0.0008   -0.0002    0.0000    0.0000    0.0000    0.0000    0.0000
   012121414 1    -0.3048   -0.0267   -0.0039   -0.0009   -0.0003    0.0000    0.0000    0.0000    0.0000    0.0000
   012121415 1    -0.0620    0.0007    0.0004    0.0001    0.0000    0.0000    0.0000    0.0000    0.0000    0.0000
   012121515 1     0.0580    0.0113    0.0016    0.0004    0.0001    0.0000    0.0000    0.0000    0.0000    0.0000
   012121616 1    -0.8900    0.0166    0.0014    0.0007    0.0001    0.0000    0.0000    0.0000    0.0000    0.0000
   012131213 1   -82.2841   -0.2396   -0.0064   -0.0002    0.0001  -80.3161   -0.2030   -0.0022    0.0007    0.0003
   012131313 1     0.0952   -0.0065   -0.0011   -0.0003   -0.0001    0.0000    0.0000    0.0000    0.0000    0.0000
   012131314 1     0.5975    0.0222    0.0032    0.0007    0.0002    0.0000    0.0000    0.0000    0.0000    0.0000
   012131414 1    -0.3270    0.0020    0.0005    0.0001    0.0000    0.0000    0.0000    0.0000    0.0000    0.0000
   012131415 1    -0.7456   -0.0170   -0.0024   -0.0006   -0.0002    0.0000    0.0000    0.0000    0.0000    0.0000
   012131515 1    -0.1773   -0.0151   -0.0023   -0.0006   -0.0002    0.0000    0.0000    0.0000    0.0000    0.0000
   012131616 1    -0.1935   -0.0039   -0.0001    0.0001    0.0000    0.0000    0.0000    0.0000    0.0000    0.0000
   013131313 1   -81.5041   -0.3270   -0.0211   -0.0038   -0.0009  -80.7818   -0.2934   -0.0165   -0.0027   -0.0006
   013131314 1     1.1049    0.0098    0.0006    0.0000    0.0000    0.0000    0.0000    0.0000    0.0000    0.0000
   013131414 1     0.6228    0.0024    0.0005    0.0002    0.0001    0.0000    0.0000    0.0000    0.0000    0.0000
   013131415 1     0.1923    0.0078    0.0010    0.0002    0.0001    0.0000    0.0000    0.0000    0.0000    0.0000
   013131515 1    -0.4952   -0.0257   -0.0037   -0.0009   -0.0002    0.0000    0.0000    0.0000    0.0000    0.0000
   013131616 1     0.2478    0.0136    0.0012    0.0003    0.0001    0.0000    0.0000    0.0000    0.0000    0.0000
   013141314 1   -82.3409   -0.3692   -0.0266   -0.0049   -0.0012  -79.8834   -0.3057   -0.0181   -0.0030   -0.0007
   013141414 1    -0.0662    0.0058    0.0012    0.0003    0.0001    0.0000    0.0000    0.0000    0.0000    0.0000
   013141415 1     0.7358    0.0186    0.0025    0.0006    0.0002    0.0000    0.0000    0.0000    0.0000    0.0000
   013141515 1     0.8628    0.0184    0.0026    0.0006    0.0002    0.0000    0.0000    0.0000    0.0000    0.0000
   013141616 1    -0.3461   -0.0061   -0.0006    0.0000    0.0000    0.0000    0.0000    0.0000    0.0000    0.0000
   014141414 1   -79.5383   -0.3522   -0.0250   -0.0046   -0.0011  -78.9849   -0.3180   -0.0197   -0.0033   -0.0007
   014141415 1    -0.5313   -0.0149   -0.0020   -0.0005   -0.0001    0.0000    0.0000    0.0000    0.0000    0.0000
   014141515 1     0.1609    0.0201    0.0030    0.0007    0.0002    0.0000    0.0000    0.0000    0.0000    0.0000
   014141616 1    -0.2104    0.0021    0.0003    0.0002    0.0000    0.0000    0.0000    0.0000    0.0000    0.0000
   014151415 1   -81.5291   -0.4075   -0.0337   -0.0068   -0.0018  -79.9293   -0.3517   -0.0248   -0.0045   -0.0011
   014151515 1    -0.1598   -0.0115   -0.0015   -0.0003   -0.0001    0.0000    0.0000    0.0000    0.0000    0.0000
   014151616 1    -0.0503   -0.0006    0.0001    0.0001    0.0000    0.0000    0.0000    0.0000    0.0000    0.0000
   015151515 1   -82.4568   -0.4197   -0.0350   -0.0070   -0.0018  -80.8737   -0.3855   -0.0299   -0.0057   -0.0014
   015151616 1     0.1256    0.0037    0.0003    0.0000    0.0000    0.0000    0.0000    0.0000    0.0000    0.0000
   016161616 1   -65.6224   -0.2985   -0.0220    0.0197    0.0216  -64.4819   -0.1969   -0.0021    0.0007    0.0003
   012131213 2   -81.4654   -0.2208   -0.0043    0.0003    0.0002  -80.3161   -0.2030   -0.0022    0.0007    0.0003
   012131214 2     0.4401   -0.0040   -0.0014   -0.0004   -0.0001    0.0000    0.0000    0.0000    0.0000    0.0000
   012131314 2    -0.4446   -0.0073   -0.0007   -0.0001    0.0000    0.0000    0.0000    0.0000    0.0000    0.0000
   012131315 2    -0.2415   -0.0027   -0.0003   -0.0001    0.0000    0.0000    0.0000    0.0000    0.0000    0.0000
   012131415 2    -0.3133   -0.0076   -0.0010   -0.0002   -0.0001    0.0000    0.0000    0.0000    0.0000    0.0000
   012141214 2   -79.9921   -0.2458   -0.0085   -0.0007   -0.0001  -79.4177   -0.2154   -0.0038    0.0004    0.0003
   012141314 2     0.3763    0.0102    0.0011    0.0002    0.0001    0.0000    0.0000    0.0000    0.0000    0.0000
   012141315 2     0.2109    0.0005   -0.0002   -0.0001    0.0000    0.0000    0.0000    0.0000    0.0000    0.0000
   012141415 2     0.3604    0.0165    0.0022    0.0005    0.0001    0.0000    0.0000    0.0000    0.0000    0.0000
   013141314 2   -81.2849   -0.3227   -0.0201   -0.0034   -0.0008  -79.8834   -0.3057   -0.0181   -0.0030   -0.0007
   013141315 2    -0.5357   -0.0037   -0.0002    0.0000    0.0000    0.0000    0.0000    0.0000    0.0000    0.0000
   013141415 2    -0.6257   -0.0050   -0.0006   -0.0001    0.0000    0.0000    0.0000    0.0000    0.0000    0.0000
   013151315 2   -81.3764   -0.3602   -0.0262   -0.0049   -0.0012  -80.8278   -0.3394   -0.0232   -0.0042   -0.0010
   013151415 2    -1.0038   -0.0124   -0.0019   -0.0005   -0.0001    0.0000    0.0000    0.0000    0.0000    0.0000
   014151415 2   -80.8543   -0.3755   -0.0284   -0.0054   -0.0013  -79.9293   -0.3517   -0.0248   -0.0045   -0.0011
   012121212 3   -80.2022   -0.1405    0.0076    0.0030    0.0010  -79.8504   -0.1127    0.0120    0.0042    0.0013
   012121213 3    -0.1400    0.0020    0.0004    0.0001    0.0000    0.0000    0.0000    0.0000    0.0000    0.0000
   012121214 3    -0.3105   -0.0140   -0.0019   -0.0005   -0.0001    0.0000    0.0000    0.0000    0.0000    0.0000
   012121215 3    -0.1503   -0.0010    0.0001    0.0001    0.0000    0.0000    0.0000    0.0000    0.0000    0.0000
   012121313 3     0.0028    0.0044    0.0006    0.0002    0.0000    0.0000    0.0000    0.0000    0.0000    0.0000
   012121314 3    -0.0059   -0.0140   -0.0023   -0.0006   -0.0002    0.0000    0.0000    0.0000    0.0000    0.0000
   012121315 3     0.0245    0.0074    0.0010    0.0002    0.0001    0.0000    0.0000    0.0000    0.0000    0.0000
   012121414 3    -0.1829   -0.0056   -0.0006   -0.0001    0.0000    0.0000    0.0000    0.0000    0.0000    0.0000
   012121616 3    -0.4330   -0.0042   -0.0009   -0.0001   -0.0001    0.0000    0.0000    0.0000    0.0000    0.0000
   012131213 3   -81.0329   -0.2205   -0.0049    0.0001    0.0001  -80.3161   -0.2030   -0.0022    0.0007    0.0003
   012131214 3    -0.4253    0.0009    0.0007    0.0002    0.0001    0.0000    0.0000    0.0000    0.0000    0.0000
   012131215 3    -0.5716   -0.0071   -0.0006   -0.0001    0.0000    0.0000    0.0000    0.0000    0.0000    0.0000
   012131313 3    -0.1657   -0.0063   -0.0008   -0.0002    0.0000    0.0000    0.0000    0.0000    0.0000    0.0000
   012131314 3     0.3343    0.0141    0.0020    0.0005    0.0001    0.0000    0.0000    0.0000    0.0000    0.0000
   012131315 3    -0.2867   -0.0097   -0.0014   -0.0003   -0.0001    0.0000    0.0000    0.0000    0.0000    0.0000
   012131414 3    -0.2689   -0.0073   -0.0012   -0.0003   -0.0001    0.0000    0.0000    0.0000    0.0000    0.0000
   012131616 3     0.0727   -0.0031   -0.0002   -0.0001    0.0000    0.0000    0.0000    0.0000    0.0000    0.0000
   012141214 3   -79.8261   -0.2276   -0.0056    0.0000    0.0001  -79.4177   -0.2154   -0.0038    0.0004    0.0003
   012141215 3    -0.5567   -0.0038   -0.0001    0.0000    0.0000    0.0000    0.0000    0.0000    0.0000    0.0000
   012141313 3     0.0542   -0.0014   -0.0002   -0.0001    0.0000    0.0000    0.0000    0.0000    0.0000    0.0000
   012141314 3     0.1270    0.0022    0.0003    0.0001    0.0000    0.0000    0.0000    0.0000    0.0000    0.0000
   012141315 3     0.0709    0.0050    0.0007    0.0001    0.0000    0.0000    0.0000    0.0000    0.0000    0.0000
   012141414 3    -0.3272   -0.0104   -0.0016   -0.0004   -0.0001    0.0000    0.0000    0.0000    0.0000    0.0000
   012141616 3    -0.1614    0.0030    0.0004    0.0002    0.0000    0.0000    0.0000    0.0000    0.0000    0.0000
   012151215 3   -81.4112   -0.2725   -0.0122   -0.0016   -0.0003  -80.3621   -0.2491   -0.0090   -0.0008   -0.0001
   012151313 3     0.0588   -0.0054   -0.0010   -0.0003   -0.0001    0.0000    0.0000    0.0000    0.0000    0.0000
   012151314 3     0.2266    0.0108    0.0017    0.0004    0.0001    0.0000    0.0000    0.0000    0.0000    0.0000
   012151315 3    -0.2133   -0.0062   -0.0007   -0.0001    0.0000    0.0000    0.0000    0.0000    0.0000    0.0000
   012151414 3    -0.4479   -0.0097   -0.0015   -0.0004   -0.0001    0.0000    0.0000    0.0000    0.0000    0.0000
   012151616 3    -0.0318   -0.0010    0.0001    0.0000    0.0000    0.0000    0.0000    0.0000    0.0000    0.0000
   013131313 3   -81.3480   -0.3172   -0.0202   -0.0036   -0.0009  -80.7818   -0.2934   -0.0165   -0.0027   -0.0006
   013131314 3     0.6711    0.0152    0.0022    0.0005    0.0001    0.0000    0.0000    0.0000    0.0000    0.0000
   013131315 3    -0.7280   -0.0182   -0.0024   -0.0005   -0.0001    0.0000    0.0000    0.0000    0.0000    0.0000
   013131414 3     0.2747    0.0143    0.0023    0.0006    0.0002    0.0000    0.0000    0.0000    0.0000    0.0000
   013131616 3     0.1625    0.0070    0.0008    0.0002    0.0000    0.0000    0.0000    0.0000    0.0000    0.0000
   013141314 3   -80.4581   -0.3229   -0.0207   -0.0036   -0.0009  -79.8834   -0.3057   -0.0181   -0.0030   -0.0007
   013141315 3     0.5924    0.0169    0.0023    0.0005    0.0002    0.0000    0.0000    0.0000    0.0000    0.0000
   013141414 3     0.6652    0.0102    0.0013    0.0003    0.0001    0.0000    0.0000    0.0000    0.0000    0.0000
   013141616 3    -0.1339   -0.0018   -0.0003    0.0000    0.0000    0.0000    0.0000    0.0000    0.0000    0.0000
   013151315 3   -82.6334   -0.3979   -0.0322   -0.0065   -0.0017  -80.8278   -0.3394   -0.0232   -0.0042   -0.0010
   013151414 3     0.0245   -0.0036   -0.0005   -0.0001    0.0000    0.0000    0.0000    0.0000    0.0000    0.0000
   013151616 3     0.2150    0.0052    0.0005    0.0001    0.0000    0.0000    0.0000    0.0000    0.0000    0.0000
   014141414 3   -80.1370   -0.3533   -0.0250   -0.0046   -0.0011  -78.9849   -0.3180   -0.0197   -0.0033   -0.0007
   014141616 3    -0.0659   -0.0004    0.0001    0.0001    0.0000    0.0000    0.0000    0.0000    0.0000    0.0000
   016161616 3   -65.0134   -0.2555   -0.0141    0.0107    0.0117  -64.4819   -0.1969   -0.0021    0.0007    0.0003
   012131213 4   -80.9492   -0.2070   -0.0024    0.0007    0.0003  -80.3161   -0.2030   -0.0022    0.0007    0.0003
   012131214 4    -0.0681   -0.0086   -0.0014   -0.0003   -0.0001    0.0000    0.0000    0.0000    0.0000    0.0000
   012131215 4    -0.4997   -0.0069   -0.0006   -0.0001    0.0000    0.0000    0.0000    0.0000    0.0000    0.0000
   012131314 4    -0.2725   -0.0096   -0.0016   -0.0004   -0.0001    0.0000    0.0000    0.0000    0.0000    0.0000
   012141214 4   -79.5472   -0.2238   -0.0055    0.0000    0.0001  -79.4177   -0.2154   -0.0038    0.0004    0.0003
   012141215 4     0.1554    0.0101    0.0014    0.0003    0.0001    0.0000    0.0000    0.0000    0.0000    0.0000
   012141314 4     0.1924    0.0064    0.0007    0.0001    0.0000    0.0000    0.0000    0.0000    0.0000    0.0000
   012151215 4   -80.6586   -0.2568   -0.0103   -0.0012   -0.0002  -80.3621   -0.2491   -0.0090   -0.0008   -0.0001
   012151314 4    -0.4446   -0.0138   -0.0019   -0.0004   -0.0001    0.0000    0.0000    0.0000    0.0000    0.0000
   013141314 4   -81.3664   -0.3243   -0.0208   -0.0037   -0.0009  -79.8834   -0.3057   -0.0181   -0.0030   -0.0007
   012121212 5   -80.2881   -0.1241    0.0104    0.0038    0.0012  -79.8504   -0.1127    0.0120    0.0042    0.0013
   012121213 5    -0.1814    0.0048    0.0009    0.0002    0.0001    0.0000    0.0000    0.0000    0.0000    0.0000
   012121214 5    -0.4758   -0.0093   -0.0010   -0.0002   -0.0001    0.0000    0.0000    0.0000    0.0000    0.0000
   012121313 5    -0.0486    0.0109    0.0017    0.0004    0.0001    0.0000    0.0000    0.0000    0.0000    0.0000
   012121616 5    -0.2285   -0.0021   -0.0003    0.0000    0.0000    0.0000    0.0000    0.0000    0.0000    0.0000
   012131213 5   -80.5660   -0.2130   -0.0041    0.0002    0.0002  -80.3161   -0.2030   -0.0022    0.0007    0.0003
   012131214 5    -0.7142   -0.0122   -0.0015   -0.0003   -0.0001    0.0000    0.0000    0.0000    0.0000    0.0000
   012131313 5    -0.2601   -0.0120   -0.0017   -0.0004   -0.0001    0.0000    0.0000    0.0000    0.0000    0.0000
   012131616 5     0.1083   -0.0003    0.0001    0.0000    0.0000    0.0000    0.0000    0.0000    0.0000    0.0000
   012141214 5   -80.8922   -0.2419   -0.0075   -0.0005    0.0000  -79.4177   -0.2154   -0.0038    0.0004    0.0003
   012141313 5    -0.0562   -0.0054   -0.0008   -0.0002    0.0000    0.0000    0.0000    0.0000    0.0000    0.0000
   012141616 5    -0.0768   -0.0003    0.0001    0.0001    0.0000    0.0000    0.0000    0.0000    0.0000    0.0000
   013131313 5   -82.3275   -0.3314   -0.0220   -0.0040   -0.0010  -80.7818   -0.2934   -0.0165   -0.0027   -0.0006
   013131616 5     0.2381    0.0053    0.0006    0.0001    0.0000    0.0000    0.0000    0.0000    0.0000    0.0000
   016161616 5   -64.7126   -0.2109   -0.0044    0.0009    0.0010  -64.4819   -0.1969   -0.0021    0.0007    0.0003
   012131213 6   -81.0915   -0.2180   -0.0044    0.0002    0.0002  -80.3161   -0.2030   -0.0022    0.0007    0.0003
   012121212 7   -81.4581   -0.1392    0.0085    0.0033    0.0010  -79.8504   -0.1127    0.0120    0.0042    0.0013
   012121616 7    -0.0929   -0.0010    0.0000    0.0000    0.0000    0.0000    0.0000    0.0000    0.0000    0.0000
   016161616 7   -64.7222   -0.1998   -0.0026    0.0006    0.0006  -64.4819   -0.1969   -0.0021    0.0007    0.0003
   016161616 9   -64.9844   -0.2036   -0.0035    0.0009    0.0020  -64.4819   -0.1969   -0.0021    0.0007    0.0003
   01616161611   -66.2892   -0.2134   -0.0088    0.0010    0.0086  -64.4819   -0.1969   -0.0021    0.0007    0.0003
   112121212 0   -81.1018   -0.1855    0.0024    0.0021    0.0007  -79.8504   -0.1127    0.0120    0.0042    0.0013
   112121313 0    -0.5463    0.0105    0.0028    0.0009    0.0003    0.0000    0.0000    0.0000    0.0000    0.0000
   112121414 0    -0.5887   -0.0276   -0.0034   -0.0007   -0.0002    0.0000    0.0000    0.0000    0.0000    0.0000
   112121515 0    -0.2720   -0.0016    0.0003    0.0002    0.0001    0.0000    0.0000    0.0000    0.0000    0.0000
   112121616 0     1.6581   -0.0139   -0.0008   -0.0010   -0.0001    0.0000    0.0000    0.0000    0.0000    0.0000
   113131313 0   -81.8997   -0.3330   -0.0218   -0.0039   -0.0009  -80.7818   -0.2934   -0.0165   -0.0027   -0.0006
   113131414 0    -1.0953    0.0095    0.0025    0.0008    0.0002    0.0000    0.0000    0.0000    0.0000    0.0000
   113131515 0    -0.5684   -0.0222   -0.0033   -0.0008   -0.0002    0.0000    0.0000    0.0000    0.0000    0.0000
   113131616 0     0.5164    0.0102    0.0005    0.0000    0.0000    0.0000    0.0000    0.0000    0.0000    0.0000
   114141414 0   -79.5707   -0.3546   -0.0250   -0.0046   -0.0011  -78.9849   -0.3180   -0.0197   -0.0033   -0.0007
   114141515 0    -0.4266   -0.0152   -0.0022   -0.0005   -0.0001    0.0000    0.0000    0.0000    0.0000    0.0000
   114141616 0     0.6012   -0.0059   -0.0004   -0.0005    0.0000    0.0000    0.0000    0.0000    0.0000    0.0000
   115151515 0   -81.9390   -0.4050   -0.0329   -0.0065   -0.0017  -80.8737   -0.3855   -0.0299   -0.0057   -0.0014
   115151616 0     0.2662    0.0008   -0.0001   -0.0001    0.0000    0.0000    0.0000    0.0000    0.0000    0.0000
   116161616 0   -65.6095   -0.2829   -0.0127    0.0025    0.0040  -64.4819   -0.1969   -0.0021    0.0007    0.0003
   112131213 1   -80.6164   -0.2089   -0.0032    0.0005    0.0003  -80.3161   -0.2030   -0.0022    0.0007    0.0003
   112131314 1    -0.0353    0.0040    0.0007    0.0002    0.0000    0.0000    0.0000    0.0000    0.0000    0.0000
   112131415 1    -0.1168   -0.0091   -0.0015   -0.0004   -0.0001    0.0000    0.0000    0.0000    0.0000    0.0000
   113141314 1   -80.0344   -0.3088   -0.0189   -0.0032   -0.0008  -79.8834   -0.3057   -0.0181   -0.0030   -0.0007
   113141415 1    -0.0301    0.0020    0.0003    0.0001    0.0000    0.0000    0.0000    0.0000    0.0000    0.0000
   114151415 1   -79.9682   -0.3468   -0.0244   -0.0045   -0.0011  -79.9293   -0.3517   -0.0248   -0.0045   -0.0011
   112121212 2   -80.2732   -0.1190    0.0114    0.0041    0.0013  -79.8504   -0.1127    0.0120    0.0042    0.0013
   112121213 2    -0.0837   -0.0064   -0.0012   -0.0003   -0.0001    0.0000    0.0000    0.0000    0.0000    0.0000
   112121214 2    -0.2708   -0.0135   -0.0017   -0.0003   -0.0001    0.0000    0.0000    0.0000    0.0000    0.0000
   112121313 2    -0.0649    0.0032    0.0007    0.0002    0.0001    0.0000    0.0000    0.0000    0.0000    0.0000
   112121314 2    -0.1647   -0.0004    0.0001    0.0001    0.0000    0.0000    0.0000    0.0000    0.0000    0.0000
   112121315 2    -0.1602    0.0039    0.0010    0.0003    0.0001    0.0000    0.0000    0.0000    0.0000    0.0000
   112121414 2    -0.2046   -0.0096   -0.0013   -0.0003   -0.0001    0.0000    0.0000    0.0000    0.0000    0.0000
   112121415 2     0.0912    0.0022    0.0001    0.0000    0.0000    0.0000    0.0000    0.0000    0.0000    0.0000
   112121616 2     0.3601    0.0036    0.0007    0.0001    0.0000    0.0000    0.0000    0.0000    0.0000    0.0000
   112131213 2   -80.3559   -0.2119   -0.0038    0.0003    0.0002  -80.3161   -0.2030   -0.0022    0.0007    0.0003
   112131214 2     0.3077    0.0140    0.0020    0.0004    0.0001    0.0000    0.0000    0.0000    0.0000    0.0000
   112131313 2     0.0875    0.0046    0.0006    0.0001    0.0000    0.0000    0.0000    0.0000    0.0000    0.0000
   112131314 2     0.0842    0.0012    0.0002    0.0000    0.0000    0.0000    0.0000    0.0000    0.0000    0.0000
   112131315 2     0.0762   -0.0040   -0.0008   -0.0002   -0.0001    0.0000    0.0000    0.0000    0.0000    0.0000
   112131414 2     0.0163   -0.0029   -0.0006   -0.0002    0.0000    0.0000    0.0000    0.0000    0.0000    0.0000
   112131415 2    -0.1007   -0.0100   -0.0016   -0.0004   -0.0001    0.0000    0.0000    0.0000    0.0000    0.0000
   112131616 2    -0.2385   -0.0020   -0.0004    0.0000    0.0000    0.0000    0.0000    0.0000    0.0000    0.0000
   112141214 2   -79.8292   -0.2242   -0.0048    0.0003    0.0002  -79.4177   -0.2154   -0.0038    0.0004    0.0003
   112141313 2    -0.2035   -0.0063   -0.0009   -0.0002   -0.0001    0.0000    0.0000    0.0000    0.0000    0.0000
   112141314 2    -0.1515    0.0013    0.0004    0.0001    0.0000    0.0000    0.0000    0.0000    0.0000    0.0000
   112141315 2    -0.2321   -0.0048   -0.0006   -0.0001    0.0000    0.0000    0.0000    0.0000    0.0000    0.0000
   112141414 2    -0.1761   -0.0040   -0.0005   -0.0001    0.0000    0.0000    0.0000    0.0000    0.0000    0.0000
   112141415 2     0.2508    0.0084    0.0012    0.0003    0.0001    0.0000    0.0000    0.0000    0.0000    0.0000
   112141616 2     0.4262   -0.0009    0.0000   -0.0002    0.0000    0.0000    0.0000    0.0000    0.0000    0.0000
   113131313 2   -81.2038   -0.3009   -0.0176   -0.0030   -0.0007  -80.7818   -0.2934   -0.0165   -0.0027   -0.0006
   113131314 2    -0.1403    0.0013    0.0003    0.0001    0.0000    0.0000    0.0000    0.0000    0.0000    0.0000
   113131315 2    -0.3696   -0.0097   -0.0013   -0.0003   -0.0001    0.0000    0.0000    0.0000    0.0000    0.0000
   113131414 2    -0.2849   -0.0052   -0.0007   -0.0002    0.0000    0.0000    0.0000    0.0000    0.0000    0.0000
   113131415 2     0.3211    0.0096    0.0014    0.0003    0.0001    0.0000    0.0000    0.0000    0.0000    0.0000
   113131616 2     0.2493    0.0036    0.0005    0.0001    0.0000    0.0000    0.0000    0.0000    0.0000    0.0000
   113141314 2   -80.0698   -0.3137   -0.0195   -0.0034   -0.0008  -79.8834   -0.3057   -0.0181   -0.0030   -0.0007
   113141315 2    -0.1865   -0.0089   -0.0014   -0.0003   -0.0001    0.0000    0.0000    0.0000    0.0000    0.0000
   113141414 2    -0.3008   -0.0026   -0.0002    0.0000    0.0000    0.0000    0.0000    0.0000    0.0000    0.0000
   113141415 2     0.2529   -0.0001   -0.0001   -0.0001    0.0000    0.0000    0.0000    0.0000    0.0000    0.0000
   113141616 2     0.0388   -0.0007   -0.0002   -0.0001    0.0000    0.0000    0.0000    0.0000    0.0000    0.0000
   113151315 2   -81.5351   -0.3638   -0.0271   -0.0052   -0.0013  -80.8278   -0.3394   -0.0232   -0.0042   -0.0010
   113151414 2    -0.2881   -0.0025   -0.0004   -0.0001    0.0000    0.0000    0.0000    0.0000    0.0000    0.0000
   113151415 2     0.6174    0.0087    0.0014    0.0003    0.0001    0.0000    0.0000    0.0000    0.0000    0.0000
   113151616 2     0.1446    0.0010   -0.0001   -0.0001    0.0000    0.0000    0.0000    0.0000    0.0000    0.0000
   114141414 2   -79.0748   -0.3191   -0.0200   -0.0034   -0.0008  -78.9849   -0.3180   -0.0197   -0.0033   -0.0007
   114141415 2     0.1443    0.0077    0.0011    0.0002    0.0001    0.0000    0.0000    0.0000    0.0000    0.0000
   114141616 2     0.1066   -0.0005   -0.0001   -0.0001    0.0000    0.0000    0.0000    0.0000    0.0000    0.0000
   114151415 2   -80.3089   -0.3684   -0.0277   -0.0053   -0.0013  -79.9293   -0.3517   -0.0248   -0.0045   -0.0011
   114151616 2    -0.1844    0.0000    0.0000    0.0001    0.0000    0.0000    0.0000    0.0000    0.0000    0.0000
   116161616 2   -65.3785   -0.2357   -0.0080    0.0020    0.0025  -64.4819   -0.1969   -0.0021    0.0007    0.0003
   112131213 3   -80.2351   -0.1848    0.0005    0.0014    0.0005  -80.3161   -0.2030   -0.0022    0.0007    0.0003
   112131214 3     0.1439    0.0099    0.0015    0.0004    0.0001    0.0000    0.0000    0.0000    0.0000    0.0000
   112131215 3    -0.1593   -0.0075   -0.0012   -0.0003   -0.0001    0.0000    0.0000    0.0000    0.0000    0.0000
   112131314 3    -0.0492   -0.0033   -0.0006   -0.0001    0.0000    0.0000    0.0000    0.0000    0.0000    0.0000
   112131315 3    -0.0265   -0.0010   -0.0001    0.0000    0.0000    0.0000    0.0000    0.0000    0.0000    0.0000
   112141214 3   -79.3323   -0.1989   -0.0015    0.0010    0.0004  -79.4177   -0.2154   -0.0038    0.0004    0.0003
   112141215 3    -0.1659   -0.0128   -0.0021   -0.0005   -0.0001    0.0000    0.0000    0.0000    0.0000    0.0000
   112141314 3     0.0179    0.0051    0.0009    0.0002    0.0001    0.0000    0.0000    0.0000    0.0000    0.0000
   112141315 3     0.0208    0.0046    0.0008    0.0002    0.0001    0.0000    0.0000    0.0000    0.0000    0.0000
   112151215 3   -80.2094   -0.2324   -0.0066   -0.0003    0.0001  -80.3621   -0.2491   -0.0090   -0.0008   -0.0001
   112151314 3    -0.0239    0.0001    0.0000    0.0000    0.0000    0.0000    0.0000    0.0000    0.0000    0.0000
   112151315 3     0.0285   -0.0024   -0.0005   -0.0001    0.0000    0.0000    0.0000    0.0000    0.0000    0.0000
   113141314 3   -79.8354   -0.2913   -0.0160   -0.0025   -0.0006  -79.8834   -0.3057   -0.0181   -0.0030   -0.0007
   113141315 3    -0.0216    0.0010    0.0003    0.0001    0.0000    0.0000    0.0000    0.0000    0.0000    0.0000
   113151315 3   -80.8940   -0.3360   -0.0229   -0.0042   -0.0010  -80.8278   -0.3394   -0.0232   -0.0042   -0.0010
   112121212 4   -79.8610   -0.1019    0.0137    0.0046    0.0014  -79.8504   -0.1127    0.0120    0.0042    0.0013
   112121213 4     0.0370   -0.0008   -0.0003   -0.0001    0.0000    0.0000    0.0000    0.0000    0.0000    0.0000
   112121214 4    -0.1971   -0.0132   -0.0020   -0.0005   -0.0001    0.0000    0.0000    0.0000    0.0000    0.0000
   112121215 4     0.0619    0.0037    0.0004    0.0001    0.0000    0.0000    0.0000    0.0000    0.0000    0.0000
   112121313 4    -0.0457    0.0003    0.0002    0.0001    0.0000    0.0000    0.0000    0.0000    0.0000    0.0000
   112121314 4    -0.1599   -0.0009    0.0001    0.0001    0.0000    0.0000    0.0000    0.0000    0.0000    0.0000
   112121616 4     0.2234    0.0024    0.0004    0.0000    0.0000    0.0000    0.0000    0.0000    0.0000    0.0000
   112131213 4   -80.1946   -0.1896   -0.0003    0.0012    0.0004  -80.3161   -0.2030   -0.0022    0.0007    0.0003
   112131214 4     0.2062    0.0037    0.0003    0.0000    0.0000    0.0000    0.0000    0.0000    0.0000    0.0000
   112131215 4    -0.2961   -0.0139   -0.0020   -0.0005   -0.0001    0.0000    0.0000    0.0000    0.0000    0.0000
   112131313 4     0.0698    0.0030    0.0004    0.0001    0.0000    0.0000    0.0000    0.0000    0.0000    0.0000
   112131314 4     0.1761    0.0070    0.0011    0.0003    0.0001    0.0000    0.0000    0.0000    0.0000    0.0000
   112131616 4    -0.1617   -0.0009   -0.0002    0.0000    0.0000    0.0000    0.0000    0.0000    0.0000    0.0000
   112141214 4   -79.3321   -0.2020   -0.0018    0.0009    0.0004  -79.4177   -0.2154   -0.0038    0.0004    0.0003
   112141215 4     0.1846    0.0070    0.0009    0.0002    0.0000    0.0000    0.0000    0.0000    0.0000    0.0000
   112141313 4    -0.0667   -0.0026   -0.0005   -0.0001    0.0000    0.0000    0.0000    0.0000    0.0000    0.0000
   112141314 4    -0.1714   -0.0069   -0.0011   -0.0003   -0.0001    0.0000    0.0000    0.0000    0.0000    0.0000
   112141616 4     0.1590    0.0003    0.0001    0.0000    0.0000    0.0000    0.0000    0.0000    0.0000    0.0000
   112151215 4   -80.4972   -0.2458   -0.0085   -0.0007   -0.0001  -80.3621   -0.2491   -0.0090   -0.0008   -0.0001
   112151313 4     0.1369    0.0049    0.0008    0.0002    0.0001    0.0000    0.0000    0.0000    0.0000    0.0000
   112151314 4     0.2270    0.0080    0.0013    0.0003    0.0001    0.0000    0.0000    0.0000    0.0000    0.0000
   112151616 4    -0.1687   -0.0017   -0.0002    0.0000    0.0000    0.0000    0.0000    0.0000    0.0000    0.0000
   113131313 4   -80.9051   -0.2937   -0.0167   -0.0028   -0.0007  -80.7818   -0.2934   -0.0165   -0.0027   -0.0006
   113131314 4    -0.4656   -0.0096   -0.0013   -0.0003   -0.0001    0.0000    0.0000    0.0000    0.0000    0.0000
   113131616 4     0.1172    0.0019    0.0003    0.0000    0.0000    0.0000    0.0000    0.0000    0.0000    0.0000
   113141314 4   -80.6306   -0.3163   -0.0199   -0.0035   -0.0008  -79.8834   -0.3057   -0.0181   -0.0030   -0.0007
   113141616 4     0.1637    0.0005    0.0000    0.0000    0.0000    0.0000    0.0000    0.0000    0.0000    0.0000
   116161616 4   -64.7998   -0.2046   -0.0032    0.0007    0.0005  -64.4819   -0.1969   -0.0021    0.0007    0.0003
   112131213 5   -80.2049   -0.1829    0.0007    0.0014    0.0005  -80.3161   -0.2030   -0.0022    0.0007    0.0003
   112131214 5     0.0027    0.0030    0.0005    0.0001    0.0000    0.0000    0.0000    0.0000    0.0000    0.0000
   112141214 5   -79.2971   -0.2014   -0.0020    0.0008    0.0004  -79.4177   -0.2154   -0.0038    0.0004    0.0003
   112121212 6   -79.7023   -0.1007    0.0136    0.0045    0.0014  -79.8504   -0.1127    0.0120    0.0042    0.0013
   112121213 6     0.1060    0.0072    0.0010    0.0002    0.0001    0.0000    0.0000    0.0000    0.0000    0.0000
   112121616 6     0.1506    0.0016    0.0003    0.0000    0.0000    0.0000    0.0000    0.0000    0.0000    0.0000
   112131213 6   -80.7211   -0.2083   -0.0032    0.0005    0.0003  -80.3161   -0.2030   -0.0022    0.0007    0.0003
   112131616 6    -0.2282   -0.0031   -0.0005   -0.0001    0.0000    0.0000    0.0000    0.0000    0.0000    0.0000
   116161616 6   -64.5655   -0.1917   -0.0013    0.0009    0.0005  -64.4819   -0.1969   -0.0021    0.0007    0.0003
   116161616 8   -64.4764   -0.1887   -0.0011    0.0010    0.0008  -64.4819   -0.1969   -0.0021    0.0007    0.0003
   11616161610   -64.4582   -0.1949   -0.0026    0.0009    0.0016  -64.4819   -0.1969   -0.0021    0.0007    0.0003
   9 0 0 0 0 0      .0