#FIG 2.0
80 2
5 1 0 2 0 0 0 0 0.000 1 0 0 567.500 191.500 520 159 510 189 520 224
5 1 0 2 0 0 0 0 0.000 0 0 0 472.500 191.500 520 159 530 194 520 224
2 1 0 2 0 0 0 0 0.000 1 0
	0 0 2.000 8.000 16.000
	 470 279 470 244 9999 9999
2 1 0 2 0 0 0 0 0.000 1 0
	0 0 2.000 8.000 16.000
	 510 199 510 194 9999 9999
2 1 0 2 0 0 0 0 0.000 1 0
	0 0 2.000 8.000 16.000
	 530 189 530 194 9999 9999
2 1 0 2 0 0 0 0 0.000 1 0
	0 0 2.000 8.000 16.000
	 560 74 565 119 9999 9999
2 1 0 2 0 0 0 0 0.000 1 0
	0 0 2.000 8.000 16.000
	 570 159 575 114 9999 9999
2 1 0 2 0 0 0 0 0.000 1 0
	0 0 2.000 8.000 16.000
	 470 159 470 139 9999 9999
2 1 0 2 0 0 0 0 0.000 0 0
	 459 159 480 159 9999 9999
2 1 0 2 0 0 0 0 0.000 0 0
	 459 114 480 114 9999 9999
2 1 0 2 0 0 0 0 0.000 0 0
	 570 159 560 79 9999 9999
2 1 0 2 0 0 0 0 0.000 0 0
	 570 159 580 79 9999 9999
2 1 1 2 0 0 0 0 4.000 0 0
	 520 159 570 159 9999 9999
2 1 1 2 0 0 0 0 4.000 0 0
	 470 224 520 224 9999 9999
2 1 0 2 0 0 0 0 0.000 0 0
	 470 279 470 79 9999 9999
2 1 0 2 0 0 0 0 0.000 0 0
	 164 279 164 79 9999 9999
2 1 0 2 0 0 0 0 0.000 0 0
	 329 279 329 79 9999 9999
2 1 0 2 0 0 0 0 0.000 0 0
	 405 279 405 79 9999 9999
2 1 1 2 0 0 0 0 4.000 0 0
	 164 179 239 179 9999 9999
2 1 1 2 0 0 0 0 4.000 0 0
	 329 179 405 179 9999 9999
2 1 0 2 0 0 0 0 0.000 0 0
	 239 174 269 79 9999 9999
2 1 0 2 0 0 0 0 0.000 0 0
	 239 179 205 79 9999 9999
2 1 0 2 0 0 0 0 0.000 0 0
	 149 114 179 114 9999 9999
2 1 0 2 0 0 0 0 0.000 0 0
	 149 159 179 159 9999 9999
2 1 0 2 0 0 0 0 0.000 0 0
	 315 114 344 114 9999 9999
2 1 0 2 0 0 0 0 0.000 0 0
	 315 159 344 159 9999 9999
2 1 0 2 0 0 0 0 0.000 0 0
	 389 114 420 114 9999 9999
2 1 0 2 0 0 0 0 0.000 0 0
	 389 159 420 159 9999 9999
2 1 0 2 0 0 0 0 0.000 1 0
	0 0 2.000 8.000 16.000
	 164 259 164 219 9999 9999
2 1 0 2 0 0 0 0 0.000 1 0
	0 0 2.000 8.000 16.000
	 164 159 164 134 9999 9999
2 1 0 2 0 0 0 0 0.000 1 0
	0 0 2.000 8.000 16.000
	 329 159 329 134 9999 9999
2 1 0 2 0 0 0 0 0.000 1 0
	0 0 2.000 8.000 16.000
	 405 159 405 134 9999 9999
2 1 0 2 0 0 0 0 0.000 1 0
	0 0 2.000 8.000 16.000
	 239 179 255 124 9999 9999
2 1 0 2 0 0 0 0 0.000 1 0
	0 0 2.000 8.000 16.000
	 205 79 221 129 9999 9999
2 1 0 2 0 0 0 0 0.000 1 0
	0 0 2.000 8.000 16.000
	 329 259 329 219 9999 9999
2 1 0 2 0 0 0 0 0.000 1 0
	0 0 2.000 8.000 16.000
	 405 259 405 219 9999 9999
