#FIG 2.0
80 2
5 1 0 2 0 0 0 0 0.000 1 0 0 224.000 139.000 299 179 309 139 299 99
5 1 0 2 0 0 0 0 0.000 1 0 0 134.000 119.000 119 99 109 119 119 139
5 1 0 2 0 0 0 0 0.000 1 0 0 104.000 119.000 119 139 129 119 119 99
5 1 0 2 0 0 0 0 0.000 1 0 0 94.000 159.000 79 139 69 159 79 179
5 1 0 2 0 0 0 0 0.000 1 0 0 64.000 159.000 79 179 89 159 79 139
5 1 0 2 0 0 0 0 0.000 1 0 0 253.167 379.000 299 419 314 379 299 339
5 1 0 2 0 0 0 0 0.000 1 0 0 344.833 379.000 299 339 284 379 299 419
5 1 0 2 0 0 0 0 0.000 1 0 0 53.167 379.000 99 419 114 379 99 339
5 1 0 2 0 0 0 0 0.000 1 0 0 144.833 379.000 99 339 84 379 99 419
2 1 0 2 0 0 0 0 0.000 0 1
	0 0 2.000 8.000 16.000
	 284 374 284 379 9999 9999
2 1 0 2 0 0 0 0 0.000 0 1
	0 0 2.000 8.000 16.000
	 84 374 84 379 9999 9999
2 1 0 2 0 0 0 0 0.000 0 1
	0 0 2.000 8.000 16.000
	 239 389 239 369 9999 9999
2 1 0 2 0 0 0 0 0.000 0 1
	0 0 2.000 8.000 16.000
	 39 359 39 379 9999 9999
2 1 0 2 0 0 0 0 0.000 0 1
	0 0 2.000 8.000 16.000
	 299 139 299 159 9999 9999
2 1 0 2 0 0 0 0 0.000 0 1
	0 0 2.000 8.000 16.000
	 239 139 239 159 9999 9999
2 1 0 2 0 0 0 0 0.000 0 0
	 299 179 299 99 9999 9999
2 1 0 2 0 0 0 0 0.000 0 0
	 239 419 199 299 9999 9999
2 1 0 2 0 0 0 0 0.000 0 0
	 199 459 239 339 9999 9999
2 1 0 2 0 0 0 0 0.000 0 0
	 239 339 239 419 9999 9999
2 1 0 2 0 0 0 0 0.000 0 0
	 159 219 159 59 9999 9999
2 1 0 2 0 0 0 0 0.000 0 0
	 39 219 39 59 9999 9999
2 1 0 2 0 0 0 0 0.000 0 0
	 354 459 354 299 9999 9999
2 1 0 2 0 0 0 0 0.000 0 0
	 359 219 359 59 9999 9999
2 1 0 2 0 0 0 0 0.000 0 0
	 239 219 239 59 9999 9999
2 1 0 2 0 0 0 0 0.000 0 0
	 154 459 154 299 9999 9999
2 1 0 2 0 0 0 0 0.000 0 0
	 39 459 39 299 9999 9999
3 2 0 2 0 0 0 0 0.000 0 0
	 39 179 49 169 59 179 69 169 79 179 9999 9999
	 0.000 0.000 42.375 171.500 44.875 169.000 54.500 169.000 53.500 179.000 64.500 179.000 63.500 169.000 73.125 169.000 75.625 171.500 0.000 0.000
3 2 0 2 0 0 0 0 0.000 0 0
	 119 99 129 89 139 99 149 89 159 99 9999 9999
	 80.000 -80.000 122.375 91.500 124.875 89.000 134.500 89.000 133.500 99.000 144.500 99.000 143.500 89.000 153.125 89.000 155.625 91.500 80.000 -80.000
3 2 0 2 0 0 0 0 0.000 0 0
	 79 139 89 129 99 139 109 129 119 139 9999 9999
	 40.000 -40.000 82.375 131.500 84.875 129.000 94.500 129.000 93.500 139.000 104.500 139.000 103.500 129.000 113.125 129.000 115.625 131.500 40.000 -40.000
3 2 0 2 0 0 0 0 0.000 0 0
	 314 379 324 369 334 379 344 369 354 379 9999 9999
	 275.000 200.000 317.375 371.500 319.875 369.000 329.500 369.000 328.500 379.000 339.500 379.000 338.500 369.000 348.125 369.000 350.625 371.500 275.000 200.000
3 2 0 2 0 0 0 0 0.000 0 0
	 239 339 249 329 259 339 269 329 279 339 289 329 299 339 9999 9999
	 200.000 160.000 242.375 331.500 244.875 329.000 254.500 329.000 253.500 339.000 264.500 339.000 263.500 329.000 274.500 329.000 273.500 339.000 284.500 339.000 283.500 329.000 293.125 329.000 295.625 331.500 200.000 160.000
3 2 0 2 0 0 0 0 0.000 0 0
	 239 419 249 409 259 419 269 409 279 419 289 409 299 419 9999 9999
	 200.000 240.000 242.375 411.500 244.875 409.000 254.500 409.000 253.500 419.000 264.500 419.000 263.500 409.000 274.500 409.000 273.500 419.000 284.500 419.000 283.500 409.000 293.125 409.000 295.625 411.500 200.000 240.000
3 2 0 2 0 0 0 0 0.000 0 0
	 299 99 309 89 319 99 329 89 339 99 349 89 359 99 9999 9999
	 260.000 -80.000 302.375 91.500 304.875 89.000 314.500 89.000 313.500 99.000 324.500 99.000 323.500 89.000 334.500 89.000 333.500 99.000 344.500 99.000 343.500 89.000 353.125 89.000 355.625 91.500 260.000 -80.000
3 2 0 2 0 0 0 0 0.000 0 0
	 239 139 249 129 259 139 269 129 279 139 289 129 299 139 9999 9999
	 200.000 -40.000 242.375 131.500 244.875 129.000 254.500 129.000 253.500 139.000 264.500 139.000 263.500 129.000 274.500 129.000 273.500 139.000 284.500 139.000 283.500 129.000 293.125 129.000 295.625 131.500 200.000 -40.000
3 2 0 2 0 0 0 0 0.000 0 0
	 239 179 249 169 259 179 269 169 279 179 289 169 299 179 9999 9999
	 200.000 0.000 242.375 171.500 244.875 169.000 254.500 169.000 253.500 179.000 264.500 179.000 263.500 169.000 274.500 169.000 273.500 179.000 284.500 179.000 283.500 169.000 293.125 169.000 295.625 171.500 200.000 0.000
3 2 0 2 0 0 0 0 0.000 0 0
	 114 379 124 369 134 379 144 369 154 379 9999 9999
	 75.000 200.000 117.375 371.500 119.875 369.000 129.500 369.000 128.500 379.000 139.500 379.000 138.500 369.000 148.125 369.000 150.625 371.500 75.000 200.000
3 2 0 2 0 0 0 0 0.000 0 0
	 39 339 49 329 59 339 69 329 79 339 89 329 99 339 9999 9999
	 0.000 160.000 42.375 331.500 44.875 329.000 54.500 329.000 53.500 339.000 64.500 339.000 63.500 329.000 74.500 329.000 73.500 339.000 84.500 339.000 83.500 329.000 93.125 329.000 95.625 331.500 0.000 160.000
3 2 0 2 0 0 0 0 0.000 0 0
	 39 419 49 409 59 419 69 409 79 419 89 409 99 419 9999 9999
	 0.000 240.000 42.375 411.500 44.875 409.000 54.500 409.000 53.500 419.000 64.500 419.000 63.500 409.000 74.500 409.000 73.500 419.000 84.500 419.000 83.500 409.000 93.125 409.000 95.625 411.500 0.000 240.000
4 0 0 20 0 0 0 0.000 1 22 28 294 459 (d)
4 0 0 20 0 0 0 0.000 1 22 27 89 459 (c)
4 0 0 20 0 0 0 0.000 1 22 28 294 239 (b)
4 0 0 20 0 0 0 0.000 1 22 27 89 239 (a)
