#FIG 2.0
80 2
5 1 0 2 0 0 0 0 0.000 1 0 0 265.038 159.000 210 119 197 159 210 199
5 1 0 2 0 0 0 0 0.000 0 0 0 159.857 159.000 210 119 224 159 210 199
5 1 0 2 0 0 0 0 0.000 1 0 0 586.143 159.000 536 119 522 159 536 199
5 1 0 2 0 0 0 0 0.000 0 0 0 480.962 159.000 536 119 549 159 536 199
1 3 0 2 0 0 0 0 0.000 1 0.000 630 159 14 21 630 159 617 164
2 1 0 2 0 0 0 0 0.000 0 0
	 170 259 170 59 9999 9999
2 1 0 2 0 0 0 0 0.000 0 0
	 251 259 251 59 9999 9999
2 1 0 2 0 0 0 0 0.000 0 0
	 332 259 332 59 9999 9999
2 1 0 2 0 0 0 0 0.000 0 0
	 413 259 413 59 9999 9999
2 1 0 2 0 0 0 0 0.000 0 0
	 495 259 495 59 9999 9999
2 1 0 2 0 0 0 0 0.000 0 0
	 576 259 576 59 9999 9999
2 1 1 2 0 0 0 0 4.000 0 0
	 170 199 210 199 9999 9999
2 1 1 2 0 0 0 0 4.000 0 0
	 210 119 251 119 9999 9999
2 1 1 2 0 0 0 0 4.000 0 0
	 332 199 413 199 9999 9999
2 1 1 2 0 0 0 0 4.000 0 0
	 332 119 413 119 9999 9999
2 1 1 2 0 0 0 0 4.000 0 0
	 495 199 536 199 9999 9999
2 1 1 2 0 0 0 0 4.000 0 0
	 495 119 536 119 9999 9999
2 1 1 2 0 0 0 0 4.000 0 0
	 576 159 617 159 9999 9999
2 1 0 2 0 0 0 0 0.000 1 0
	0 0 2.000 8.000 16.000
	 197 154 197 159 9999 9999
2 1 0 2 0 0 0 0 0.000 1 0
	0 0 2.000 8.000 16.000
	 224 159 224 154 9999 9999
2 1 0 2 0 0 0 0 0.000 1 0
	0 0 2.000 8.000 16.000
	 332 179 332 139 9999 9999
2 1 0 2 0 0 0 0 0.000 1 0
	0 0 2.000 8.000 16.000
	 413 179 413 139 9999 9999
2 1 0 2 0 0 0 0 0.000 1 0
	0 0 2.000 8.000 16.000
	 495 179 495 139 9999 9999
2 1 0 2 0 0 0 0 0.000 1 0
	0 0 2.000 8.000 16.000
	 522 154 522 159 9999 9999
2 1 0 2 0 0 0 0 0.000 1 0
	0 0 2.000 8.000 16.000
	 549 159 549 154 9999 9999
2 1 0 2 0 0 0 0 0.000 1 0
	0 0 2.000 8.000 16.000
	 644 154 644 159 9999 9999
2 1 0 2 0 0 0 0 0.000 1 0
	0 0 2.000 8.000 16.000
	 251 259 251 219 9999 9999
2 1 0 2 0 0 0 0 0.000 1 0
	0 0 2.000 8.000 16.000
	 170 259 170 219 9999 9999
2 1 0 2 0 0 0 0 0.000 1 0
	0 0 2.000 8.000 16.000
	 170 119 170 79 9999 9999
2 1 0 2 0 0 0 0 0.000 1 0
	0 0 2.000 8.000 16.000
	 251 119 251 79 9999 9999
2 1 0 2 0 0 0 0 0.000 1 0
	0 0 2.000 8.000 16.000
	 332 259 332 219 9999 9999
2 1 0 2 0 0 0 0 0.000 1 0
	0 0 2.000 8.000 16.000
	 413 254 413 219 9999 9999
2 1 0 2 0 0 0 0 0.000 1 0
	0 0 2.000 8.000 16.000
	 332 114 332 79 9999 9999
2 1 0 2 0 0 0 0 0.000 1 0
	0 0 2.000 8.000 16.000
	 413 119 413 79 9999 9999
2 1 0 2 0 0 0 0 0.000 1 0
	0 0 2.000 8.000 16.000
	 495 254 495 219 9999 9999
2 1 0 2 0 0 0 0 0.000 1 0
	0 0 2.000 8.000 16.000
	 576 259 576 219 9999 9999
2 1 0 2 0 0 0 0 0.000 1 0
	0 0 2.000 8.000 16.000
	 495 119 495 79 9999 9999
2 1 0 2 0 0 0 0 0.000 1 0
	0 0 2.000 8.000 16.000
	 576 114 576 74 9999 9999
4 0 0 20 0 0 0 0.000 1 22 27 197 299 (a)
4 0 0 20 0 0 0 0.000 1 22 28 359 299 (b)
4 0 0 20 0 0 0 0.000 1 22 27 562 299 (c)
