#FIG 2.0
80 2
5 1 0 2 0 0 0 0 0.000 1 0 0 272.684 88.000 263 61 244 88 263 115
5 1 0 2 0 0 0 0 0.000 0 0 0 243.964 88.000 263 61 277 88 263 115
5 1 0 2 0 0 0 0 0.000 0 0 0 316.964 88.000 336 61 350 88 336 115
5 1 0 2 0 0 0 0 0.000 1 0 0 347.250 88.000 336 61 318 88 336 115
1 3 0 2 0 0 0 0 0.000 1 0.000 538 86 15 14 538 86 525 86
1 3 0 2 0 0 0 0 0.000 1 0.000 437 86 15 14 437 86 423 86
2 1 0 2 0 0 0 0 0.000 1 0
	0 0 2.000 8.000 16.000
	 553 82 553 86 9999 9999
2 1 0 2 0 0 0 0 0.000 1 0
	0 0 2.000 8.000 16.000
	 423 82 423 86 9999 9999
2 1 1 2 0 0 0 0 4.000 0 0
	 451 86 525 86 9999 9999
2 1 1 2 0 0 0 0 4.000 0 0
	 267 115 339 115 9999 9999
2 1 1 2 0 0 0 0 4.000 0 0
	 263 61 336 61 9999 9999
2 1 0 2 0 0 0 0 0.000 1 0
	0 0 2.000 8.000 16.000
	 277 84 277 88 9999 9999
2 1 0 2 0 0 0 0 0.000 1 0
	0 0 2.000 8.000 16.000
	 244 88 244 84 9999 9999
2 1 0 2 0 0 0 0 0.000 1 0
	0 0 2.000 8.000 16.000
	 318 84 318 88 9999 9999
2 1 0 1 0 0 0 0 0.000 0 0
	 350 88 350 88 9999 9999
2 1 0 2 0 0 0 0 0.000 1 0
	0 0 2.000 8.000 16.000
	 350 91 350 88 9999 9999
2 1 0 2 0 0 0 0 0.000 1 0
	0 0 2.000 8.000 16.000
	 510 254 510 214 9999 9999
2 1 0 2 0 0 0 0 0.000 1 0
	0 0 2.000 8.000 16.000
	 510 332 510 308 9999 9999
2 1 0 2 0 0 0 0 0.000 1 0
	0 0 2.000 8.000 16.000
	 437 329 437 308 9999 9999
2 1 0 2 0 0 0 0 0.000 1 0
	0 0 2.000 8.000 16.000
	 437 254 437 214 9999 9999
2 1 1 2 0 0 0 0 4.000 0 0
	 437 267 510 267 9999 9999
2 1 0 2 0 0 0 0 0.000 0 0
	 510 199 510 336 9999 9999
2 1 0 2 0 0 0 0 0.000 0 0
	 437 199 437 336 9999 9999
2 1 0 2 0 0 0 0 0.000 0 0
	 321 336 321 241 9999 9999
2 1 0 2 0 0 0 0 0.000 1 0
	0 0 2.000 8.000 16.000
	 321 299 321 254 9999 9999
2 1 0 2 0 0 0 0 0.000 1 0
	0 0 2.000 8.000 16.000
	 249 295 249 254 9999 9999
2 1 0 2 0 0 0 0 0.000 1 0
	0 0 2.000 8.000 16.000
	 249 237 249 214 9999 9999
2 1 0 2 0 0 0 0 0.000 1 0
	0 0 2.000 8.000 16.000
	 321 325 321 308 9999 9999
2 1 0 2 0 0 0 0 0.000 1 0
	0 0 2.000 8.000 16.000
	 249 322 249 308 9999 9999
2 1 0 2 0 0 0 0 0.000 0 0
	 313 282 328 282 9999 9999
2 1 0 2 0 0 0 0 0.000 0 0
	 313 251 328 251 9999 9999
2 1 0 2 0 0 0 0 0.000 0 0
	 241 282 256 282 9999 9999
2 1 0 2 0 0 0 0 0.000 0 0
	 241 251 256 251 9999 9999
2 1 1 2 0 0 0 0 4.000 0 0
	 249 295 321 295 9999 9999
2 1 1 2 0 0 0 0 4.000 0 0
	 249 241 321 241 9999 9999
2 1 0 2 0 0 0 0 0.000 0 0
	 249 199 249 336 9999 9999
2 1 0 2 0 0 0 0 0.000 0 0
	 321 199 321 336 9999 9999
2 1 0 2 0 0 0 0 0.000 1 0
	0 0 2.000 8.000 16.000
	 321 241 321 214 9999 9999
