#FIG 2.0
80 2
5 1 0 2 0 0 0 0 0.000 1 0 0 169.000 139.000 139 99 119 139 139 179
5 1 0 2 0 0 0 0 0.000 0 0 0 109.000 139.000 139 99 159 139 139 179
5 1 0 2 0 0 0 0 0.000 0 0 0 569.000 139.000 539 179 519 139 539 99
5 1 0 2 0 0 0 0 0.000 1 0 0 509.000 139.000 539 179 559 139 539 99
5 1 0 2 0 0 0 0 0.000 1 0 0 389.000 139.000 359 99 339 139 359 179
5 1 0 2 0 0 0 0 0.000 0 0 0 329.000 139.000 359 99 379 139 359 179
1 3 0 2 0 0 0 0 0.000 1 0.000 619 154 11 11 619 154 614 164
2 1 0 2 0 0 0 0 0.000 1 0
	0 0 2.000 8.000 16.000
	 159 129 154 114 9999 9999
2 1 0 2 0 0 0 0 0.000 1 0
	0 0 2.000 8.000 16.000
	 149 169 154 154 9999 9999
2 1 0 2 0 0 0 0 0.000 1 0
	0 0 2.000 8.000 16.000
	 639 139 614 159 9999 9999
2 1 0 2 0 0 0 0 0.000 1 0
	0 0 2.000 8.000 16.000
	 639 239 639 199 9999 9999
2 1 0 2 0 0 0 0 0.000 1 0
	0 0 2.000 8.000 16.000
	 599 89 599 59 9999 9999
2 1 0 2 0 0 0 0 0.000 1 0
	0 0 2.000 8.000 16.000
	 599 159 599 119 9999 9999
2 1 0 2 0 0 0 0 0.000 1 0
	0 0 2.000 8.000 16.000
	 559 134 559 144 9999 9999
2 1 0 2 0 0 0 0 0.000 1 0
	0 0 2.000 8.000 16.000
	 519 139 519 134 9999 9999
2 1 0 1 0 0 0 0 0.000 0 0
	 519 139 519 139 9999 9999
2 1 0 2 0 0 0 0 0.000 1 0
	0 0 2.000 8.000 16.000
	 119 134 119 139 9999 9999
2 1 0 2 0 0 0 0 0.000 1 0
	0 0 2.000 8.000 16.000
	 79 159 79 119 9999 9999
2 1 0 2 0 0 0 0 0.000 0 0
	 599 109 599 39 9999 9999
2 1 0 2 0 0 0 0 0.000 0 0
	 639 239 639 139 9999 9999
2 1 0 2 0 0 0 0 0.000 0 0
	 639 139 599 179 9999 9999
2 1 0 2 0 0 0 0 0.000 0 0
	 79 219 79 59 9999 9999
2 1 0 2 0 0 0 0 0.000 0 0
	 219 219 219 59 9999 9999
2 1 0 2 0 0 0 0 0.000 1 0
	0 0 2.000 8.000 16.000
	 79 219 79 199 9999 9999
2 1 0 2 0 0 0 0 0.000 1 0
	0 0 2.000 8.000 16.000
	 219 219 219 199 9999 9999
2 1 0 2 0 0 0 0 0.000 1 0
	0 0 2.000 8.000 16.000
	 79 79 79 59 9999 9999
2 1 0 2 0 0 0 0 0.000 1 0
	0 0 2.000 8.000 16.000
	 219 79 219 59 9999 9999
2 1 0 2 0 0 0 0 0.000 0 0
	 79 239 79 39 9999 9999
2 1 0 2 0 0 0 0 0.000 0 0
	 219 239 219 39 9999 9999
2 1 0 2 0 0 0 0 0.000 0 0
	 699 239 699 39 9999 9999
2 1 0 2 0 0 0 0 0.000 1 0
	0 0 2.000 8.000 16.000
	 699 79 699 59 9999 9999
2 1 0 2 0 0 0 0 0.000 1 0
	0 0 2.000 8.000 16.000
	 699 219 699 199 9999 9999
2 1 0 2 0 0 0 0 0.000 0 0
	 699 219 699 59 9999 9999
2 1 0 2 0 0 0 0 0.000 0 0
	 599 99 599 179 9999 9999
2 1 0 2 0 0 0 0 0.000 0 0
	 299 219 299 59 9999 9999
2 1 0 2 0 0 0 0 0.000 0 0
	 439 219 439 59 9999 9999
2 1 0 2 0 0 0 0 0.000 1 0
	0 0 2.000 8.000 16.000
	 299 219 299 199 9999 9999
2 1 0 2 0 0 0 0 0.000 1 0
	0 0 2.000 8.000 16.000
	 439 219 439 199 9999 9999
2 1 0 2 0 0 0 0 0.000 1 0
	0 0 2.000 8.000 16.000
	 299 79 299 59 9999 9999
2 1 0 2 0 0 0 0 0.000 1 0
	0 0 2.000 8.000 16.000
	 439 79 439 59 9999 9999
2 1 0 2 0 0 0 0 0.000 0 0
	 299 239 299 39 9999 9999
2 1 0 2 0 0 0 0 0.000 0 0
	 439 239 439 39 9999 9999
2 1 0 2 0 0 0 0 0.000 1 0
	0 0 2.000 8.000 16.000
	 339 139 339 134 9999 9999
2 1 0 2 0 0 0 0 0.000 1 0
	0 0 2.000 8.000 16.000
	 299 159 299 119 9999 9999
2 1 0 2 0 0 0 0 0.000 1 0
	0 0 2.000 8.000 16.000
	 374 119 379 129 9999 9999
2 1 0 2 0 0 0 0 0.000 1 0
	0 0 2.000 8.000 16.000
	 374 159 369 169 9999 9999
3 2 0 2 0 0 0 0 0.000 0 0
	 639 139 649 129 659 139 669 129 679 139 689 129 699 139 9999 9999
	 500.000 40.000 642.375 131.500 644.875 129.000 654.500 129.000 653.500 139.000 664.500 139.000 663.500 129.000 674.500 129.000 673.500 139.000 684.500 139.000 683.500 129.000 693.125 129.000 695.625 131.500 500.000 40.000
3 2 0 2 0 0 0 0 0.000 0 0
	 79 99 89 89 99 99 109 89 119 99 129 89 139 99 9999 9999
	 -60.000 0.000 82.375 91.500 84.875 89.000 94.500 89.000 93.500 99.000 104.500 99.000 103.500 89.000 114.500 89.000 113.500 99.000 124.500 99.000 123.500 89.000 133.125 89.000 135.625 91.500 -60.000 0.000
3 2 0 2 0 0 0 0 0.000 0 0
	 139 179 129 189 119 179 109 189 99 179 89 189 79 179 9999 9999
	 278.000 278.000 135.000 187.000 133.000 189.000 123.000 189.000 124.000 179.000 113.000 179.000 114.000 189.000 103.000 189.000 104.000 179.000 94.000 179.000 95.000 189.000 85.000 189.000 83.000 187.000 278.000 278.000
3 2 0 2 0 0 0 0 0.000 0 0
	 159 139 169 129 179 139 189 129 199 139 209 129 219 139 9999 9999
	 20.000 40.000 162.375 131.500 164.875 129.000 174.500 129.000 173.500 139.000 184.500 139.000 183.500 129.000 194.500 129.000 193.500 139.000 204.500 139.000 203.500 129.000 213.125 129.000 215.625 131.500 20.000 40.000
3 2 0 2 0 0 0 0 0.000 0 0
	 539 99 549 89 559 99 569 89 579 99 589 89 599 99 9999 9999
	 400.000 0.000 543.000 91.000 545.000 89.000 555.000 89.000 554.000 99.000 565.000 99.000 564.000 89.000 575.000 89.000 574.000 99.000 584.000 99.000 583.000 89.000 593.000 89.000 595.000 91.000 400.000 0.000
3 2 0 2 0 0 0 0 0.000 0 0
	 599 179 589 189 579 179 569 189 559 179 549 189 539 179 9999 9999
	 738.000 278.000 595.000 186.000 593.000 189.000 583.000 189.000 584.000 179.000 574.000 179.000 574.000 189.000 564.000 189.000 565.000 179.000 554.000 179.000 555.000 189.000 545.000 189.000 543.000 186.000 738.000 278.000
3 2 0 2 0 0 0 0 0.000 0 0
	 299 99 309 89 319 99 329 89 339 99 349 89 359 99 9999 9999
	 160.000 0.000 302.375 91.500 304.875 89.000 314.500 89.000 313.500 99.000 324.500 99.000 323.500 89.000 334.500 89.000 333.500 99.000 344.500 99.000 343.500 89.000 353.125 89.000 355.625 91.500 160.000 0.000
3 2 0 2 0 0 0 0 0.000 0 0
	 359 179 349 189 339 179 329 189 319 179 309 189 299 179 9999 9999
	 498.000 278.000 355.000 187.000 353.000 189.000 343.000 189.000 344.000 179.000 333.000 179.000 334.000 189.000 323.000 189.000 324.000 179.000 314.000 179.000 315.000 189.000 305.000 189.000 303.000 187.000 498.000 278.000
3 2 0 2 0 0 0 0 0.000 0 0
	 379 139 389 129 399 139 409 129 419 139 429 129 439 139 9999 9999
	 240.000 40.000 382.375 131.500 384.875 129.000 394.500 129.000 393.500 139.000 404.500 139.000 403.500 129.000 414.500 129.000 413.500 139.000 424.500 139.000 423.500 129.000 433.125 129.000 435.625 131.500 240.000 40.000
4 0 0 18 0 0 0 0.000 1 13 51 579 279 Folded
4 0 0 18 0 0 0 0.000 1 13 29 339 279 2-6
4 0 0 18 0 0 0 0.000 1 13 29 119 279 2-5
