#FIG 2.0
80 2
5 1 0 2 0 0 0 0 0.000 0 0 0 617.143 179.000 567 219 553 179 567 139
5 1 0 2 0 0 0 0 0.000 0 0 0 516.857 179.000 567 139 581 179 567 219
2 1 1 2 0 0 0 0 4.000 0 0
	 569 139 634 139 9999 9999
2 1 0 2 0 0 0 0 0.000 0 0
	 99 79 99 279 9999 9999
2 1 0 2 0 0 0 0 0.000 0 0
	 199 79 199 279 9999 9999
2 1 1 2 0 0 0 0 4.000 0 0
	 99 179 199 179 9999 9999
2 1 0 2 0 0 0 0 0.000 1 0
	0 0 2.000 8.000 16.000
	 99 159 99 99 9999 9999
2 1 0 2 0 0 0 0 0.000 1 0
	0 0 2.000 8.000 16.000
	 199 159 199 99 9999 9999
2 1 0 2 0 0 0 0 0.000 1 0
	0 0 2.000 8.000 16.000
	 99 269 99 239 9999 9999
2 1 0 2 0 0 0 0 0.000 1 0
	0 0 2.000 8.000 16.000
	 199 274 199 239 9999 9999
2 1 0 2 0 0 0 0 0.000 1 0
	0 0 2.000 8.000 16.000
	 498 134 498 99 9999 9999
2 1 0 2 0 0 0 0 0.000 1 0
	0 0 2.000 8.000 16.000
	 498 259 498 239 9999 9999
2 1 0 2 0 0 0 0 0.000 0 0
	 491 199 505 199 9999 9999
2 1 0 2 0 0 0 0 0.000 0 0
	 491 179 505 179 9999 9999
2 1 1 2 0 0 0 0 4.000 0 0
	 498 219 567 219 9999 9999
2 1 0 2 0 0 0 0 0.000 0 0
	 498 279 498 79 9999 9999
2 1 1 2 0 0 0 0 4.000 0 0
	 498 159 556 159 9999 9999
2 1 0 2 0 0 0 0 0.000 1 0
	0 0 2.000 8.000 16.000
	 553 174 553 179 9999 9999
2 1 0 2 0 0 0 0 0.000 1 0
	0 0 2.000 8.000 16.000
	 581 179 581 174 9999 9999
2 1 0 2 0 0 0 0 0.000 1 0
	0 0 2.000 8.000 16.000
	 498 214 498 179 9999 9999
2 1 0 2 0 0 0 0 0.000 0 0
	 634 79 634 279 9999 9999
2 1 0 2 0 0 0 0 0.000 1 0
	0 0 2.000 8.000 16.000
	 634 279 634 239 9999 9999
2 1 0 2 0 0 0 0 0.000 1 0
	0 0 2.000 8.000 16.000
	 634 139 634 99 9999 9999
2 1 0 2 0 0 0 0 0.000 1 0
	0 0 2.000 8.000 16.000
	 399 224 399 159 9999 9999
2 1 0 2 0 0 0 0 0.000 1 0
	0 0 2.000 8.000 16.000
	 299 219 299 159 9999 9999
2 1 0 2 0 0 0 0 0.000 1 0
	0 0 2.000 8.000 16.000
	 399 134 399 99 9999 9999
2 1 0 2 0 0 0 0 0.000 1 0
	0 0 2.000 8.000 16.000
	 299 134 299 99 9999 9999
2 1 0 2 0 0 0 0 0.000 1 0
	0 0 2.000 8.000 16.000
	 399 264 399 239 9999 9999
2 1 0 2 0 0 0 0 0.000 1 0
	0 0 2.000 8.000 16.000
	 299 259 299 239 9999 9999
2 1 0 2 0 0 0 0 0.000 0 0
	 389 199 409 199 9999 9999
2 1 0 2 0 0 0 0 0.000 0 0
	 389 154 409 154 9999 9999
2 1 0 2 0 0 0 0 0.000 0 0
	 289 199 309 199 9999 9999
2 1 0 2 0 0 0 0 0.000 0 0
	 289 154 309 154 9999 9999
2 1 1 2 0 0 0 0 4.000 0 0
	 299 219 399 219 9999 9999
2 1 1 2 0 0 0 0 4.000 0 0
	 299 139 399 139 9999 9999
2 1 0 2 0 0 0 0 0.000 0 0
	 399 79 399 279 9999 9999
2 1 0 2 0 0 0 0 0.000 0 0
	 299 79 299 279 9999 9999
