#FIG 2.0
80 2
2 1 0 2 0 0 0 0 0.000 0 0
	 226 75 226 253 9999 9999
2 1 0 2 0 0 0 0 0.000 0 0
	 138 75 138 253 9999 9999
2 1 0 2 0 0 0 0 0.000 1 0
	0 0 2.000 8.000 16.000
	 138 146 138 93 9999 9999
2 1 0 2 0 0 0 0 0.000 1 0
	0 0 2.000 8.000 16.000
	 138 244 138 217 9999 9999
2 1 0 2 0 0 0 0 0.000 1 0
	0 0 2.000 8.000 16.000
	 639 244 639 217 9999 9999
2 1 0 2 0 0 0 0 0.000 1 0
	0 0 2.000 8.000 16.000
	 639 146 639 93 9999 9999
2 1 0 2 0 0 0 0 0.000 0 0
	 639 75 639 253 9999 9999
2 1 0 2 0 0 0 0 0.000 0 0
	 467 75 467 253 9999 9999
2 1 0 2 0 0 0 0 0.000 0 0
	 552 75 552 253 9999 9999
2 1 1 2 0 0 0 0 4.000 0 0
	 552 128 639 128 9999 9999
2 1 1 2 0 0 0 0 4.000 0 0
	 467 200 552 200 9999 9999
2 1 0 2 0 0 0 0 0.000 0 0
	 544 142 561 142 9999 9999
2 1 0 2 0 0 0 0 0.000 0 0
	 544 182 561 182 9999 9999
2 1 0 2 0 0 0 0 0.000 1 0
	0 0 2.000 8.000 16.000
	 467 235 467 217 9999 9999
2 1 0 2 0 0 0 0 0.000 1 0
	0 0 2.000 8.000 16.000
	 552 240 552 217 9999 9999
2 1 0 2 0 0 0 0 0.000 1 0
	0 0 2.000 8.000 16.000
	 467 124 467 93 9999 9999
2 1 0 2 0 0 0 0 0.000 1 0
	0 0 2.000 8.000 16.000
	 552 124 552 93 9999 9999
2 1 0 2 0 0 0 0 0.000 1 0
	0 0 2.000 8.000 16.000
	 552 204 552 146 9999 9999
2 1 1 2 0 0 0 0 4.000 0 0
	 138 164 225 164 9999 9999
2 1 0 2 0 0 0 0 0.000 0 0
	 312 75 312 253 9999 9999
2 1 1 2 0 0 0 0 4.000 0 0
	 226 128 312 128 9999 9999
2 1 1 2 0 0 0 0 4.000 0 0
	 226 200 312 200 9999 9999
2 1 0 2 0 0 0 0 0.000 0 0
	 303 142 321 142 9999 9999
2 1 0 2 0 0 0 0 0.000 0 0
	 303 182 321 182 9999 9999
2 1 0 2 0 0 0 0 0.000 1 0
	0 0 2.000 8.000 16.000
	 226 235 226 217 9999 9999
2 1 0 2 0 0 0 0 0.000 1 0
	0 0 2.000 8.000 16.000
	 312 240 312 217 9999 9999
2 1 0 2 0 0 0 0 0.000 1 0
	0 0 2.000 8.000 16.000
	 226 124 226 93 9999 9999
2 1 0 2 0 0 0 0 0.000 1 0
	0 0 2.000 8.000 16.000
	 312 124 312 93 9999 9999
2 1 0 2 0 0 0 0 0.000 1 0
	0 0 2.000 8.000 16.000
	 312 204 312 146 9999 9999
4 0 0 20 0 0 0 0.000 1 22 28 544 299 (b)
4 0 0 20 0 0 0 0.000 1 22 27 214 299 (a)
