#FIG 2.0
80 2
1 3 0 2 0 0 0 0 0.000 1 0.000 380 363 19 18 380 363 362 363
1 3 0 2 0 0 0 0 0.000 1 0.000 140 363 19 18 140 363 121 363
1 3 0 2 0 0 0 0 0.000 1 0.000 510 363 19 18 510 363 491 363
2 1 1 2 0 0 0 0 4.000 0 0
	 399 363 491 363 9999 9999
2 1 0 2 0 0 0 0 0.000 1 0
	0 0 2.000 8.000 16.000
	 218 291 241 331 9999 9999
2 1 0 2 0 0 0 0 0.000 1 0
	0 0 2.000 8.000 16.000
	 255 363 278 318 9999 9999
2 1 0 2 0 0 0 0 0.000 0 0
	 255 363 218 291 9999 9999
2 1 0 2 0 0 0 0 0.000 0 0
	 255 363 292 291 9999 9999
2 1 1 2 0 0 0 0 4.000 0 0
	 163 363 255 363 9999 9999
2 1 0 2 0 0 0 0 0.000 1 0
	0 0 2.000 8.000 16.000
	 528 22 551 62 9999 9999
2 1 0 2 0 0 0 0 0.000 1 0
	0 0 2.000 8.000 16.000
	 565 94 588 49 9999 9999
2 1 0 2 0 0 0 0 0.000 0 0
	 565 94 528 22 9999 9999
2 1 0 2 0 0 0 0 0.000 0 0
	 565 94 602 22 9999 9999
2 1 0 2 0 0 0 0 0.000 0 0
	 464 76 482 76 9999 9999
2 1 0 2 0 0 0 0 0.000 0 0
	 464 35 482 35 9999 9999
2 1 1 2 0 0 0 0 4.000 0 0
	 473 94 565 94 9999 9999
2 1 0 2 0 0 0 0 0.000 1 0
	0 0 2.000 8.000 16.000
	 473 94 473 40 9999 9999
2 1 0 2 0 0 0 0 0.000 1 0
	0 0 2.000 8.000 16.000
	 473 197 473 165 9999 9999
2 1 0 2 0 0 0 0 0.000 1 0
	0 0 2.000 8.000 16.000
	 380 192 380 165 9999 9999
2 1 0 2 0 0 0 0 0.000 1 0
	0 0 2.000 8.000 16.000
	 380 94 380 40 9999 9999
2 1 1 2 0 0 0 0 4.000 0 0
	 380 148 473 148 9999 9999
2 1 0 2 0 0 0 0 0.000 0 0
	 473 22 473 201 9999 9999
2 1 0 2 0 0 0 0 0.000 0 0
	 380 22 380 201 9999 9999
2 1 0 2 0 0 0 0 0.000 1 0
	0 0 2.000 8.000 16.000
	 232 76 260 139 9999 9999
2 1 0 2 0 0 0 0 0.000 0 0
	 232 76 288 201 9999 9999
2 1 0 2 0 0 0 0 0.000 0 0
	 232 201 232 76 9999 9999
2 1 0 2 0 0 0 0 0.000 1 0
	0 0 2.000 8.000 16.000
	 232 152 232 94 9999 9999
2 1 0 2 0 0 0 0 0.000 1 0
	0 0 2.000 8.000 16.000
	 140 148 140 94 9999 9999
2 1 0 2 0 0 0 0 0.000 1 0
	0 0 2.000 8.000 16.000
	 140 71 140 40 9999 9999
2 1 0 2 0 0 0 0 0.000 1 0
	0 0 2.000 8.000 16.000
	 232 188 232 165 9999 9999
2 1 0 2 0 0 0 0 0.000 1 0
	0 0 2.000 8.000 16.000
	 140 183 140 165 9999 9999
2 1 0 2 0 0 0 0 0.000 0 0
	 223 130 241 130 9999 9999
2 1 0 2 0 0 0 0 0.000 0 0
	 223 89 241 89 9999 9999
2 1 0 2 0 0 0 0 0.000 0 0
	 130 130 149 130 9999 9999
2 1 0 2 0 0 0 0 0.000 0 0
	 130 89 149 89 9999 9999
2 1 1 2 0 0 0 0 4.000 0 0
	 140 148 232 148 9999 9999
2 1 1 2 0 0 0 0 4.000 0 0
	 140 76 232 76 9999 9999
2 1 0 2 0 0 0 0 0.000 0 0
	 140 22 140 201 9999 9999
2 1 0 2 0 0 0 0 0.000 0 0
	 371 35 389 35 9999 9999
2 1 0 2 0 0 0 0 0.000 0 0
	 371 76 389 76 9999 9999
2 1 0 2 0 0 0 0 0.000 1 0
	0 0 2.000 8.000 16.000
	 121 358 121 363 9999 9999
2 1 0 2 0 0 0 0 0.000 1 0
	0 0 2.000 8.000 16.000
	 362 358 362 363 9999 9999
2 1 0 2 0 0 0 0 0.000 1 0
	0 0 2.000 8.000 16.000
	 528 358 528 363 9999 9999
4 0 0 20 0 0 0 0.000 1 22 22 172 237 (i)
4 0 0 20 0 0 0 0.000 1 22 28 436 237 (ii)
4 0 0 20 0 0 0 0.000 1 22 34 177 417 (iii)
4 0 0 20 0 0 0 0.000 1 22 33 436 417 (iv)
