     0.3377E-13    0.3923E-28    0.3377E-13    0.3923E-28
     0.4247E-05    0.6202E-12    0.4247E-05    0.6202E-12
     0.3388E-04    0.3945E-10    0.3388E-04    0.3945E-10
     0.1142E-03    0.4484E-09    0.1142E-03    0.4484E-09
     0.2706E-03    0.2518E-08    0.2706E-03    0.2518E-08
     0.5284E-03    0.9610E-08    0.5283E-03    0.9610E-08
     0.9128E-03    0.2874E-07    0.9128E-03    0.2874E-07
     0.1449E-02    0.7268E-07    0.1449E-02    0.7268E-07
     0.2163E-02    0.1627E-06    0.2163E-02    0.1627E-06
     0.3080E-02    0.3318E-06    0.3080E-02    0.3318E-06
     0.4225E-02    0.6293E-06    0.4224E-02    0.6293E-06
     0.5623E-02    0.1126E-05    0.5622E-02    0.1126E-05
     0.7301E-02    0.1923E-05    0.7299E-02    0.1923E-05
     0.9283E-02    0.3156E-05    0.9279E-02    0.3156E-05
     0.1159E-01    0.5014E-05    0.1159E-01    0.5014E-05
     0.1426E-01    0.7750E-05    0.1425E-01    0.7750E-05
     0.1731E-01    0.1170E-04    0.1730E-01    0.1170E-04
     0.2077E-01    0.1733E-04    0.2075E-01    0.1733E-04
     0.2465E-01    0.2524E-04    0.2463E-01    0.2524E-04
     0.2900E-01    0.3623E-04    0.2897E-01    0.3623E-04
     0.3384E-01    0.5139E-04    0.3378E-01    0.5139E-04
     0.3918E-01    0.7217E-04    0.3911E-01    0.7217E-04
     0.4507E-01    0.1005E-03    0.4497E-01    0.1005E-03
     0.5152E-01    0.1390E-03    0.5138E-01    0.1390E-03
     0.5857E-01    0.1912E-03    0.5838E-01    0.1912E-03
     0.6624E-01    0.2620E-03    0.6598E-01    0.2620E-03
     0.7458E-01    0.3577E-03    0.7422E-01    0.3577E-03
     0.8360E-01    0.4873E-03    0.8311E-01    0.4873E-03
     0.9336E-01    0.6627E-03    0.9269E-01    0.6627E-03
     0.1039E+00    0.9001E-03    0.1030E+00    0.9001E-03
   0.10962E+00  0.10498E-02  0.10857E+00  0.10539E-02
   0.11323E+00  0.18919E-02  0.10878E+00  0.10293E-02
   0.11667E+00  0.27234E-02  0.10884E+00  0.10111E-02
   0.11988E+00  0.35370E-02  0.10867E+00  0.99283E-03
   0.12299E+00  0.43430E-02  0.10841E+00  0.97622E-03
   0.12602E+00  0.51397E-02  0.10807E+00  0.96048E-03
   0.12897E+00  0.59263E-02  0.10766E+00  0.94528E-03
   0.13185E+00  0.67026E-02  0.10719E+00  0.93041E-03
   0.13468E+00  0.74682E-02  0.10666E+00  0.91574E-03
   0.13744E+00  0.82227E-02  0.10609E+00  0.90120E-03
   0.14016E+00  0.89659E-02  0.10547E+00  0.88671E-03
   0.14283E+00  0.96973E-02  0.10481E+00  0.87223E-03
   0.14546E+00  0.10417E-01  0.10412E+00  0.85775E-03
   0.14804E+00  0.11123E-01  0.10339E+00  0.84323E-03
   0.15059E+00  0.11818E-01  0.10262E+00  0.82866E-03
   0.15310E+00  0.12498E-01  0.10183E+00  0.81405E-03
   0.15557E+00  0.13166E-01  0.10101E+00  0.79937E-03
   0.15801E+00  0.13819E-01  0.10016E+00  0.78462E-03
   0.16042E+00  0.14458E-01  0.99289E-01  0.76982E-03
   0.16279E+00  0.15083E-01  0.98392E-01  0.75496E-03
   0.16514E+00  0.15692E-01  0.97472E-01  0.74004E-03
   0.16746E+00  0.16286E-01  0.96531E-01  0.72507E-03
   0.16976E+00  0.16864E-01  0.95570E-01  0.71007E-03
   0.17203E+00  0.17426E-01  0.94589E-01  0.69503E-03
   0.17427E+00  0.17972E-01  0.93590E-01  0.67996E-03
   0.17649E+00  0.18501E-01  0.92574E-01  0.66488E-03
   0.17869E+00  0.19012E-01  0.91541E-01  0.64979E-03
   0.18086E+00  0.19506E-01  0.90493E-01  0.63471E-03
   0.18302E+00  0.19982E-01  0.89429E-01  0.61965E-03
   0.18515E+00  0.20439E-01  0.88351E-01  0.60461E-03
   0.18726E+00  0.20878E-01  0.87259E-01  0.58962E-03
   0.18936E+00  0.21298E-01  0.86154E-01  0.57467E-03
   0.19144E+00  0.21699E-01  0.85037E-01  0.55979E-03
   0.19350E+00  0.22080E-01  0.83908E-01  0.54498E-03
   0.19554E+00  0.22441E-01  0.82767E-01  0.53027E-03
   0.19756E+00  0.22782E-01  0.81616E-01  0.51565E-03
   0.19957E+00  0.23103E-01  0.80455E-01  0.50114E-03
   0.20157E+00  0.23403E-01  0.79284E-01  0.48675E-03
   0.20355E+00  0.23681E-01  0.78104E-01  0.47251E-03
   0.20552E+00  0.23939E-01  0.76915E-01  0.45840E-03
   0.20747E+00  0.24175E-01  0.75718E-01  0.44446E-03
   0.20941E+00  0.24389E-01  0.74513E-01  0.43068E-03
   0.21134E+00  0.24582E-01  0.73301E-01  0.41708E-03
   0.21326E+00  0.24752E-01  0.72082E-01  0.40367E-03
   0.21516E+00  0.24901E-01  0.70857E-01  0.39046E-03
   0.21706E+00  0.25026E-01  0.69625E-01  0.37746E-03
   0.21894E+00  0.25129E-01  0.68388E-01  0.36467E-03
   0.22081E+00  0.25210E-01  0.67145E-01  0.35210E-03
   0.22267E+00  0.25268E-01  0.65897E-01  0.33977E-03
   0.22452E+00  0.25303E-01  0.64645E-01  0.32767E-03
   0.22637E+00  0.25315E-01  0.63388E-01  0.31582E-03
   0.22820E+00  0.25304E-01  0.62127E-01  0.30422E-03
   0.23002E+00  0.25270E-01  0.60863E-01  0.29288E-03
   0.23184E+00  0.25214E-01  0.59595E-01  0.28179E-03
   0.23364E+00  0.25134E-01  0.58324E-01  0.27097E-03
   0.23544E+00  0.25032E-01  0.57050E-01  0.26041E-03
   0.23723E+00  0.24907E-01  0.55774E-01  0.25012E-03
   0.23901E+00  0.24759E-01  0.54496E-01  0.24010E-03
   0.24078E+00  0.24588E-01  0.53216E-01  0.23036E-03
   0.24255E+00  0.24395E-01  0.51934E-01  0.22088E-03
   0.24430E+00  0.24179E-01  0.50651E-01  0.21168E-03
   0.24605E+00  0.23942E-01  0.49367E-01  0.20275E-03
   0.24779E+00  0.23682E-01  0.48081E-01  0.19409E-03
   0.24953E+00  0.23400E-01  0.46795E-01  0.18571E-03
   0.25126E+00  0.23097E-01  0.45508E-01  0.17758E-03
   0.25298E+00  0.22772E-01  0.44221E-01  0.16973E-03
   0.25469E+00  0.22426E-01  0.42934E-01  0.16213E-03
   0.25639E+00  0.22059E-01  0.41647E-01  0.15479E-03
   0.25809E+00  0.21671E-01  0.40361E-01  0.14771E-03
   0.25978E+00  0.21262E-01  0.39074E-01  0.14088E-03
   0.26146E+00  0.20834E-01  0.37788E-01  0.13429E-03
   0.26314E+00  0.20385E-01  0.36503E-01  0.12795E-03
   0.26481E+00  0.19917E-01  0.35219E-01  0.12184E-03
   0.26647E+00  0.19429E-01  0.33936E-01  0.11597E-03
   0.26813E+00  0.18922E-01  0.32654E-01  0.11032E-03
   0.26978E+00  0.18396E-01  0.31373E-01  0.10489E-03
   0.27142E+00  0.17851E-01  0.30093E-01  0.99684E-04
   0.27306E+00  0.17289E-01  0.28815E-01  0.94685E-04
   0.27469E+00  0.16708E-01  0.27539E-01  0.89889E-04
   0.27631E+00  0.16110E-01  0.26264E-01  0.85293E-04
   0.27793E+00  0.15494E-01  0.24992E-01  0.80890E-04
   0.27954E+00  0.14862E-01  0.23721E-01  0.76674E-04
   0.28114E+00  0.14212E-01  0.22451E-01  0.72640E-04
   0.28274E+00  0.13546E-01  0.21184E-01  0.68782E-04
   0.28433E+00  0.12865E-01  0.19919E-01  0.65095E-04
   0.28591E+00  0.12167E-01  0.18657E-01  0.61572E-04
   0.28749E+00  0.11454E-01  0.17396E-01  0.58208E-04
   0.28906E+00  0.10725E-01  0.16138E-01  0.54997E-04
   0.29063E+00  0.99818E-02  0.14881E-01  0.51935E-04
   0.29218E+00  0.92238E-02  0.13628E-01  0.49015E-04
   0.29374E+00  0.84514E-02  0.12376E-01  0.46233E-04
   0.29529E+00  0.76650E-02  0.11127E-01  0.43583E-04
   0.29683E+00  0.68648E-02  0.98809E-02  0.41061E-04
   0.29836E+00  0.60512E-02  0.86369E-02  0.38661E-04
   0.29989E+00  0.52243E-02  0.73954E-02  0.36378E-04
   0.30142E+00  0.43844E-02  0.61564E-02  0.34209E-04
   0.30294E+00  0.35319E-02  0.49200E-02  0.32148E-04
   0.30445E+00  0.26669E-02  0.36861E-02  0.30191E-04
   0.30596E+00  0.17898E-02  0.24548E-02  0.28334E-04
   0.30746E+00  0.90073E-03  0.12261E-02  0.26573E-04
   0.30896E+00  0.20128E-16  0.27197E-16  0.24903E-04
