  0.1100E+00  0.2326E+00  0.2527E+00  0.2125E+00
  0.2100E+00  0.2326E+00  0.2527E+00  0.2124E+00
  0.3100E+00  0.2324E+00  0.2525E+00  0.2123E+00
  0.4100E+00  0.2322E+00  0.2524E+00  0.2121E+00
  0.5100E+00  0.2320E+00  0.2521E+00  0.2119E+00
  0.6100E+00  0.2317E+00  0.2518E+00  0.2116E+00
  0.7100E+00  0.2314E+00  0.2515E+00  0.2113E+00
  0.8100E+00  0.2310E+00  0.2511E+00  0.2109E+00
  0.9100E+00  0.2306E+00  0.2507E+00  0.2105E+00
  0.1010E+01  0.2301E+00  0.2502E+00  0.2100E+00
  0.1110E+01  0.2296E+00  0.2497E+00  0.2095E+00
  0.1210E+01  0.2290E+00  0.2491E+00  0.2089E+00
  0.1310E+01  0.2284E+00  0.2485E+00  0.2083E+00
  0.1410E+01  0.2277E+00  0.2479E+00  0.2076E+00
  0.1510E+01  0.2270E+00  0.2472E+00  0.2069E+00
  0.1610E+01  0.2263E+00  0.2464E+00  0.2061E+00
  0.1710E+01  0.2255E+00  0.2456E+00  0.2053E+00
  0.1810E+01  0.2246E+00  0.2447E+00  0.2045E+00
  0.1910E+01  0.2237E+00  0.2439E+00  0.2036E+00
  0.2010E+01  0.2228E+00  0.2429E+00  0.2026E+00
  0.2110E+01  0.2218E+00  0.2420E+00  0.2017E+00
  0.2210E+01  0.2208E+00  0.2409E+00  0.2006E+00
  0.2310E+01  0.2197E+00  0.2399E+00  0.1996E+00
  0.2410E+01  0.2186E+00  0.2388E+00  0.1984E+00
  0.2510E+01  0.2175E+00  0.2376E+00  0.1973E+00
  0.2610E+01  0.2163E+00  0.2365E+00  0.1961E+00
  0.2710E+01  0.2151E+00  0.2353E+00  0.1949E+00
  0.2810E+01  0.2138E+00  0.2340E+00  0.1936E+00
  0.2910E+01  0.2125E+00  0.2327E+00  0.1923E+00
  0.3010E+01  0.2112E+00  0.2314E+00  0.1910E+00
  0.3110E+01  0.2098E+00  0.2301E+00  0.1896E+00
  0.3210E+01  0.2085E+00  0.2287E+00  0.1882E+00
  0.3310E+01  0.2070E+00  0.2273E+00  0.1868E+00
  0.3410E+01  0.2056E+00  0.2258E+00  0.1853E+00
  0.3510E+01  0.2041E+00  0.2243E+00  0.1839E+00
  0.3610E+01  0.2026E+00  0.2228E+00  0.1823E+00
  0.3710E+01  0.2010E+00  0.2213E+00  0.1808E+00
  0.3810E+01  0.1995E+00  0.2197E+00  0.1792E+00
  0.3910E+01  0.1979E+00  0.2181E+00  0.1776E+00
  0.4010E+01  0.1962E+00  0.2165E+00  0.1760E+00
  0.4110E+01  0.1946E+00  0.2149E+00  0.1743E+00
  0.4210E+01  0.1929E+00  0.2132E+00  0.1726E+00
  0.4310E+01  0.1912E+00  0.2116E+00  0.1709E+00
  0.4410E+01  0.1895E+00  0.2098E+00  0.1692E+00
  0.4510E+01  0.1878E+00  0.2081E+00  0.1674E+00
  0.4610E+01  0.1860E+00  0.2064E+00  0.1657E+00
  0.4710E+01  0.1843E+00  0.2046E+00  0.1639E+00
  0.4810E+01  0.1825E+00  0.2028E+00  0.1621E+00
  0.4910E+01  0.1807E+00  0.2010E+00  0.1603E+00
  0.5010E+01  0.1788E+00  0.1992E+00  0.1584E+00
  0.5110E+01  0.1770E+00  0.1974E+00  0.1566E+00
  0.5210E+01  0.1751E+00  0.1956E+00  0.1547E+00
  0.5310E+01  0.1733E+00  0.1937E+00  0.1528E+00
  0.5410E+01  0.1714E+00  0.1918E+00  0.1509E+00
  0.5510E+01  0.1695E+00  0.1900E+00  0.1490E+00
  0.5610E+01  0.1676E+00  0.1881E+00  0.1471E+00
  0.5710E+01  0.1657E+00  0.1862E+00  0.1451E+00
  0.5810E+01  0.1637E+00  0.1843E+00  0.1432E+00
  0.5910E+01  0.1618E+00  0.1824E+00  0.1412E+00
  0.6010E+01  0.1599E+00  0.1804E+00  0.1393E+00
  0.6110E+01  0.1579E+00  0.1785E+00  0.1373E+00
  0.6210E+01  0.1559E+00  0.1765E+00  0.1353E+00
  0.6310E+01  0.1540E+00  0.1746E+00  0.1333E+00
  0.6410E+01  0.1520E+00  0.1726E+00  0.1313E+00
  0.6510E+01  0.1500E+00  0.1706E+00  0.1293E+00
  0.6610E+01  0.1480E+00  0.1687E+00  0.1273E+00
  0.6710E+01  0.1460E+00  0.1667E+00  0.1252E+00
  0.6810E+01  0.1440E+00  0.1647E+00  0.1232E+00
  0.6910E+01  0.1419E+00  0.1627E+00  0.1212E+00
  0.7010E+01  0.1399E+00  0.1607E+00  0.1191E+00
  0.7110E+01  0.1378E+00  0.1587E+00  0.1170E+00
  0.7210E+01  0.1358E+00  0.1567E+00  0.1149E+00
  0.7310E+01  0.1337E+00  0.1546E+00  0.1128E+00
  0.7410E+01  0.1317E+00  0.1526E+00  0.1107E+00
  0.7510E+01  0.1296E+00  0.1505E+00  0.1086E+00
  0.7610E+01  0.1275E+00  0.1485E+00  0.1065E+00
  0.7710E+01  0.1254E+00  0.1464E+00  0.1044E+00
  0.7810E+01  0.1233E+00  0.1443E+00  0.1022E+00
  0.7910E+01  0.1211E+00  0.1422E+00  0.1000E+00
  0.8010E+01  0.1189E+00  0.1401E+00  0.9782E-01
  0.8110E+01  0.1168E+00  0.1379E+00  0.9559E-01
  0.8210E+01  0.1146E+00  0.1358E+00  0.9334E-01
  0.8310E+01  0.1123E+00  0.1336E+00  0.9106E-01
  0.8410E+01  0.1101E+00  0.1313E+00  0.8875E-01
  0.8510E+01  0.1078E+00  0.1291E+00  0.8641E-01
  0.8610E+01  0.1052E+00  0.1267E+00  0.8393E-01
  0.8710E+01  0.1030E+00  0.1245E+00  0.8154E-01
  0.8810E+01  0.9572E-01  0.1183E+00  0.7737E-01
  0.8910E+01  0.8845E-01  0.1120E+00  0.7313E-01
  0.9010E+01  0.8125E-01  0.1057E+00  0.6882E-01
  0.9110E+01  0.7408E-01  0.9913E-01  0.6441E-01
  0.9210E+01  0.6695E-01  0.9242E-01  0.5988E-01
  0.9310E+01  0.5982E-01  0.8545E-01  0.5519E-01
  0.9410E+01  0.5264E-01  0.7810E-01  0.5026E-01
  0.9510E+01  0.4536E-01  0.7020E-01  0.4500E-01
  0.9610E+01  0.3779E-01  0.6139E-01  0.3918E-01
  0.9710E+01  0.2955E-01  0.5090E-01  0.3232E-01
  0.9810E+01  0.1927E-01  0.3594E-01  0.2270E-01
  0.9910E+01  0.8381E-02  0.1703E-01  0.1072E-01
  0.1001E+02  0.5059E-02  0.1054E-01  0.6633E-02
  