   0.10962E+00  0.00000E+00  0.00000E+00  0.00000E+00
   0.11323E+00  0.56464E-03  0.12212E-02  0.76841E-03
   0.11667E+00  0.11351E-02  0.24417E-02  0.15363E-02
   0.11988E+00  0.17110E-02  0.36610E-02  0.23034E-02
   0.12299E+00  0.22918E-02  0.48795E-02  0.30700E-02
   0.12602E+00  0.28775E-02  0.60974E-02  0.38362E-02
   0.12897E+00  0.34681E-02  0.73147E-02  0.46021E-02
   0.13185E+00  0.40636E-02  0.85314E-02  0.53677E-02
   0.13468E+00  0.46642E-02  0.97476E-02  0.61331E-02
   0.13744E+00  0.52701E-02  0.10963E-01  0.68983E-02
   0.14016E+00  0.58814E-02  0.12179E-01  0.76633E-02
   0.14283E+00  0.64984E-02  0.13393E-01  0.84283E-02
   0.14546E+00  0.71212E-02  0.14608E-01  0.91932E-02
   0.14804E+00  0.77500E-02  0.15822E-01  0.99582E-02
   0.15059E+00  0.83852E-02  0.17036E-01  0.10723E-01
   0.15310E+00  0.90269E-02  0.18250E-01  0.11489E-01
   0.15557E+00  0.96755E-02  0.19463E-01  0.12254E-01
   0.15801E+00  0.10331E-01  0.20677E-01  0.13020E-01
   0.16042E+00  0.10994E-01  0.21890E-01  0.13786E-01
   0.16279E+00  0.11664E-01  0.23104E-01  0.14553E-01
   0.16514E+00  0.12342E-01  0.24317E-01  0.15320E-01
   0.16746E+00  0.13029E-01  0.25531E-01  0.16088E-01
   0.16976E+00  0.13723E-01  0.26745E-01  0.16856E-01
   0.17203E+00  0.14427E-01  0.27959E-01  0.17626E-01
   0.17427E+00  0.15139E-01  0.29174E-01  0.18396E-01
   0.17649E+00  0.15860E-01  0.30389E-01  0.19167E-01
   0.17869E+00  0.16591E-01  0.31604E-01  0.19939E-01
   0.18086E+00  0.17331E-01  0.32820E-01  0.20713E-01
   0.18302E+00  0.18081E-01  0.34037E-01  0.21487E-01
   0.18515E+00  0.18842E-01  0.35255E-01  0.22263E-01
   0.18726E+00  0.19613E-01  0.36473E-01  0.23041E-01
   0.18936E+00  0.20394E-01  0.37693E-01  0.23820E-01
   0.19144E+00  0.21187E-01  0.38913E-01  0.24600E-01
   0.19350E+00  0.21991E-01  0.40134E-01  0.25382E-01
   0.19554E+00  0.22806E-01  0.41357E-01  0.26166E-01
   0.19756E+00  0.23633E-01  0.42581E-01  0.26952E-01
   0.19957E+00  0.24472E-01  0.43806E-01  0.27740E-01
   0.20157E+00  0.25323E-01  0.45032E-01  0.28529E-01
   0.20355E+00  0.26186E-01  0.46260E-01  0.29321E-01
   0.20552E+00  0.27061E-01  0.47489E-01  0.30115E-01
   0.20747E+00  0.27950E-01  0.48719E-01  0.30911E-01
   0.20941E+00  0.28851E-01  0.49951E-01  0.31709E-01
   0.21134E+00  0.29765E-01  0.51185E-01  0.32509E-01
   0.21326E+00  0.30692E-01  0.52420E-01  0.33312E-01
   0.21516E+00  0.31632E-01  0.53657E-01  0.34117E-01
   0.21706E+00  0.32585E-01  0.54896E-01  0.34924E-01
   0.21894E+00  0.33552E-01  0.56136E-01  0.35734E-01
   0.22081E+00  0.34533E-01  0.57378E-01  0.36546E-01
   0.22267E+00  0.35527E-01  0.58621E-01  0.37360E-01
   0.22452E+00  0.36534E-01  0.59866E-01  0.38177E-01
   0.22637E+00  0.37555E-01  0.61113E-01  0.38995E-01
   0.22820E+00  0.38589E-01  0.62362E-01  0.39817E-01
   0.23002E+00  0.39637E-01  0.63612E-01  0.40640E-01
   0.23184E+00  0.40699E-01  0.64864E-01  0.41466E-01
   0.23364E+00  0.41774E-01  0.66117E-01  0.42294E-01
   0.23544E+00  0.42862E-01  0.67372E-01  0.43124E-01
   0.23723E+00  0.43964E-01  0.68628E-01  0.43956E-01
   0.23901E+00  0.45079E-01  0.69886E-01  0.44790E-01
   0.24078E+00  0.46207E-01  0.71145E-01  0.45626E-01
   0.24255E+00  0.47348E-01  0.72405E-01  0.46465E-01
   0.24430E+00  0.48502E-01  0.73667E-01  0.47305E-01
   0.24605E+00  0.49669E-01  0.74930E-01  0.48146E-01
   0.24779E+00  0.50848E-01  0.76194E-01  0.48990E-01
   0.24953E+00  0.52040E-01  0.77459E-01  0.49835E-01
   0.25126E+00  0.53244E-01  0.78726E-01  0.50681E-01
   0.25298E+00  0.54460E-01  0.79993E-01  0.51529E-01
   0.25469E+00  0.55688E-01  0.81261E-01  0.52378E-01
   0.25639E+00  0.56927E-01  0.82530E-01  0.53229E-01
   0.25809E+00  0.58179E-01  0.83800E-01  0.54081E-01
   0.25978E+00  0.59441E-01  0.85070E-01  0.54934E-01
   0.26146E+00  0.60714E-01  0.86341E-01  0.55788E-01
   0.26314E+00  0.61999E-01  0.87612E-01  0.56642E-01
   0.26481E+00  0.63294E-01  0.88884E-01  0.57498E-01
   0.26647E+00  0.64599E-01  0.90156E-01  0.58354E-01
   0.26813E+00  0.65915E-01  0.91429E-01  0.59212E-01
   0.26978E+00  0.67240E-01  0.92702E-01  0.60069E-01
   0.27142E+00  0.68575E-01  0.93975E-01  0.60927E-01
   0.27306E+00  0.69920E-01  0.95248E-01  0.61786E-01
   0.27469E+00  0.71274E-01  0.96521E-01  0.62645E-01
   0.27631E+00  0.72637E-01  0.97794E-01  0.63504E-01
   0.27793E+00  0.74009E-01  0.99067E-01  0.64364E-01
   0.27954E+00  0.75389E-01  0.10034E+00  0.65224E-01
   0.28114E+00  0.76778E-01  0.10161E+00  0.66084E-01
   0.28274E+00  0.78176E-01  0.10289E+00  0.66943E-01
   0.28433E+00  0.79581E-01  0.10416E+00  0.67803E-01
   0.28591E+00  0.80994E-01  0.10543E+00  0.68663E-01
   0.28749E+00  0.82414E-01  0.10670E+00  0.69523E-01
   0.28906E+00  0.83842E-01  0.10797E+00  0.70382E-01
   0.29063E+00  0.85277E-01  0.10924E+00  0.71241E-01
   0.29218E+00  0.86720E-01  0.11051E+00  0.72100E-01
   0.29374E+00  0.88169E-01  0.11178E+00  0.72959E-01
   0.29529E+00  0.89624E-01  0.11305E+00  0.73817E-01
   0.29683E+00  0.91086E-01  0.11432E+00  0.74675E-01
   0.29836E+00  0.92554E-01  0.11559E+00  0.75532E-01
   0.29989E+00  0.94029E-01  0.11686E+00  0.76389E-01
   0.30142E+00  0.95509E-01  0.11812E+00  0.77246E-01
   0.30294E+00  0.96995E-01  0.11939E+00  0.78101E-01
   0.30445E+00  0.98487E-01  0.12065E+00  0.78957E-01
   0.30596E+00  0.99984E-01  0.12192E+00  0.79811E-01
   0.30746E+00  0.10149E+00  0.12318E+00  0.80666E-01
   0.30896E+00  0.10299E+00  0.12445E+00  0.81519E-01
    0.31000E+00   0.10334E+00   0.12478E+00   0.81874E-01   0.24747E-04
    0.32000E+00   0.10667E+00   0.12804E+00   0.85287E-01   0.23317E-04
    0.33000E+00   0.11001E+00   0.13130E+00   0.88695E-01   0.22008E-04
    0.34000E+00   0.11334E+00   0.13456E+00   0.92098E-01   0.20804E-04
    0.35000E+00   0.11667E+00   0.13783E+00   0.95497E-01   0.19697E-04
    0.36000E+00   0.12001E+00   0.14110E+00   0.98892E-01   0.18675E-04
    0.37000E+00   0.12334E+00   0.14438E+00   0.10228E+00   0.17730E-04
    0.38000E+00   0.12667E+00   0.14765E+00   0.10567E+00   0.16854E-04
    0.39000E+00   0.13001E+00   0.15094E+00   0.10906E+00   0.16042E-04
    0.40000E+00   0.13334E+00   0.15422E+00   0.11244E+00   0.15287E-04
    0.41000E+00   0.13667E+00   0.15751E+00   0.11582E+00   0.14584E-04
    0.42000E+00   0.14000E+00   0.16080E+00   0.11920E+00   0.13929E-04
    0.43000E+00   0.14334E+00   0.16409E+00   0.12258E+00   0.13316E-04
    0.44000E+00   0.14667E+00   0.16738E+00   0.12595E+00   0.12743E-04
    0.45000E+00   0.15000E+00   0.17067E+00   0.12932E+00   0.12206E-04
    0.46000E+00   0.15334E+00   0.17397E+00   0.13269E+00   0.11703E-04
    0.47000E+00   0.15667E+00   0.17727E+00   0.13606E+00   0.11230E-04
    0.48000E+00   0.16000E+00   0.18057E+00   0.13943E+00   0.10785E-04
    0.49000E+00   0.16334E+00   0.18387E+00   0.14279E+00   0.10366E-04
    0.50000E+00   0.16667E+00   0.18717E+00   0.14616E+00   0.99709E-05
    0.51000E+00   0.17000E+00   0.19048E+00   0.14952E+00   0.95982E-05
    0.52000E+00   0.17334E+00   0.19378E+00   0.15288E+00   0.92460E-05
    0.53000E+00   0.17667E+00   0.19709E+00   0.15624E+00   0.89130E-05
    0.54000E+00   0.18000E+00   0.20040E+00   0.15960E+00   0.85976E-05
    0.55000E+00   0.18334E+00   0.20371E+00   0.16296E+00   0.82988E-05
    0.56000E+00   0.18667E+00   0.20702E+00   0.16631E+00   0.80154E-05
    0.57000E+00   0.19000E+00   0.21033E+00   0.16967E+00   0.77463E-05
    0.58000E+00   0.19334E+00   0.21364E+00   0.17303E+00   0.74906E-05
    0.59000E+00   0.19667E+00   0.21695E+00   0.17638E+00   0.72474E-05
    0.60000E+00   0.20000E+00   0.22026E+00   0.17973E+00   0.70159E-05
    0.61000E+00   0.20334E+00   0.22358E+00   0.18309E+00   0.67954E-05
    0.62000E+00   0.20667E+00   0.22689E+00   0.18644E+00   0.65852E-05
    0.63000E+00   0.21000E+00   0.23021E+00   0.18979E+00   0.63847E-05
    0.64000E+00   0.21334E+00   0.23353E+00   0.19314E+00   0.61933E-05
    0.65000E+00   0.21667E+00   0.23684E+00   0.19649E+00   0.60104E-05
    0.66000E+00   0.22000E+00   0.24016E+00   0.19984E+00   0.58355E-05
    0.67000E+00   0.22334E+00   0.24348E+00   0.20319E+00   0.56682E-05
    0.68000E+00   0.22667E+00   0.24680E+00   0.20653E+00   0.55081E-05
    0.69000E+00   0.23000E+00   0.25012E+00   0.20988E+00   0.53547E-05
    0.70000E+00   0.23333E+00   0.25344E+00   0.21323E+00   0.52077E-05
    0.71000E+00   0.23667E+00   0.25676E+00   0.21658E+00   0.50667E-05
    0.72000E+00   0.24000E+00   0.26008E+00   0.21992E+00   0.49314E-05
    0.73000E+00   0.24333E+00   0.26340E+00   0.22327E+00   0.48015E-05
    0.74000E+00   0.24667E+00   0.26672E+00   0.22661E+00   0.46768E-05
    0.75000E+00   0.25000E+00   0.27004E+00   0.22996E+00   0.45568E-05
    0.76000E+00   0.25333E+00   0.27336E+00   0.23330E+00   0.44415E-05
    0.77000E+00   0.25667E+00   0.27669E+00   0.23665E+00   0.43305E-05
    0.78000E+00   0.26000E+00   0.28001E+00   0.23999E+00   0.42237E-05
    0.79000E+00   0.26333E+00   0.28333E+00   0.24333E+00   0.41208E-05
    0.80000E+00   0.26667E+00   0.28666E+00   0.24668E+00   0.40217E-05
    0.81000E+00   0.27000E+00   0.28998E+00   0.25002E+00   0.39262E-05
    0.82000E+00   0.27333E+00   0.29330E+00   0.25336E+00   0.38340E-05
    0.83000E+00   0.27667E+00   0.29663E+00   0.25670E+00   0.37451E-05
    0.84000E+00   0.28000E+00   0.29995E+00   0.26004E+00   0.36593E-05
    0.85000E+00   0.28333E+00   0.30328E+00   0.26339E+00   0.35765E-05
    0.86000E+00   0.28667E+00   0.30660E+00   0.26673E+00   0.34964E-05
    0.87000E+00   0.29000E+00   0.30993E+00   0.27007E+00   0.34191E-05
    0.88000E+00   0.29333E+00   0.31326E+00   0.27341E+00   0.33443E-05
    0.89000E+00   0.29667E+00   0.31658E+00   0.27675E+00   0.32720E-05
    0.90000E+00   0.30000E+00   0.31991E+00   0.28009E+00   0.32020E-05
    0.91000E+00   0.30333E+00   0.32324E+00   0.28343E+00   0.31343E-05
    0.92000E+00   0.30667E+00   0.32656E+00   0.28677E+00   0.30687E-05
    0.93000E+00   0.31000E+00   0.32989E+00   0.29011E+00   0.30052E-05
    0.94000E+00   0.31333E+00   0.33322E+00   0.29345E+00   0.29437E-05
    0.95000E+00   0.31667E+00   0.33655E+00   0.29679E+00   0.28840E-05
    0.96000E+00   0.32000E+00   0.33987E+00   0.30013E+00   0.28262E-05
    0.97000E+00   0.32333E+00   0.34320E+00   0.30346E+00   0.27702E-05
    0.98000E+00   0.32667E+00   0.34653E+00   0.30680E+00   0.27158E-05
    0.99000E+00   0.33000E+00   0.34986E+00   0.31014E+00   0.26630E-05
    0.10000E+01   0.33333E+00   0.35319E+00   0.31348E+00   0.26117E-05
    0.10100E+01   0.33667E+00   0.35651E+00   0.31682E+00   0.25620E-05
    0.10200E+01   0.34000E+00   0.35984E+00   0.32016E+00   0.25137E-05
    0.10300E+01   0.34333E+00   0.36317E+00   0.32349E+00   0.24667E-05
    0.10400E+01   0.34667E+00   0.36650E+00   0.32683E+00   0.24211E-05
    0.10500E+01   0.35000E+00   0.36983E+00   0.33017E+00   0.23768E-05
    0.10600E+01   0.35333E+00   0.37316E+00   0.33351E+00   0.23336E-05
    0.10700E+01   0.35667E+00   0.37649E+00   0.33684E+00   0.22917E-05
    0.10800E+01   0.36000E+00   0.37982E+00   0.34018E+00   0.22509E-05
    0.10900E+01   0.36333E+00   0.38315E+00   0.34352E+00   0.22112E-05
    0.11000E+01   0.36667E+00   0.38648E+00   0.34685E+00   0.21725E-05
    0.11100E+01   0.37000E+00   0.38981E+00   0.35019E+00   0.21349E-05
    0.11200E+01   0.37333E+00   0.39314E+00   0.35353E+00   0.20983E-05
    0.11300E+01   0.37667E+00   0.39647E+00   0.35686E+00   0.20626E-05
    0.11400E+01   0.38000E+00   0.39980E+00   0.36020E+00   0.20278E-05
    0.11500E+01   0.38333E+00   0.40313E+00   0.36354E+00   0.19939E-05
    0.11600E+01   0.38667E+00   0.40646E+00   0.36687E+00   0.19609E-05
    0.11700E+01   0.39000E+00   0.40979E+00   0.37021E+00   0.19287E-05
    0.11800E+01   0.39333E+00   0.41312E+00   0.37354E+00   0.18973E-05
    0.11900E+01   0.39667E+00   0.41645E+00   0.37688E+00   0.18666E-05
    0.12000E+01   0.40000E+00   0.41978E+00   0.38021E+00   0.18368E-05
    0.12100E+01   0.40333E+00   0.42312E+00   0.38355E+00   0.18076E-05
    0.12200E+01   0.40667E+00   0.42645E+00   0.38689E+00   0.17792E-05
    0.12300E+01   0.41000E+00   0.42978E+00   0.39022E+00   0.17514E-05
    0.12400E+01   0.41333E+00   0.43311E+00   0.39356E+00   0.17243E-05
    0.12500E+01   0.41667E+00   0.43644E+00   0.39689E+00   0.16978E-05
    0.12600E+01   0.42000E+00   0.43977E+00   0.40023E+00   0.16719E-05
    0.12700E+01   0.42333E+00   0.44310E+00   0.40356E+00   0.16466E-05
    0.12800E+01   0.42667E+00   0.44644E+00   0.40690E+00   0.16220E-05
    0.12900E+01   0.43000E+00   0.44977E+00   0.41023E+00   0.15978E-05
    0.13000E+01   0.43333E+00   0.45310E+00   0.41357E+00   0.15742E-05
    0.13100E+01   0.43667E+00   0.45643E+00   0.41690E+00   0.15512E-05
    0.13200E+01   0.44000E+00   0.45976E+00   0.42024E+00   0.15286E-05
    0.13300E+01   0.44333E+00   0.46310E+00   0.42357E+00   0.15066E-05
    0.13400E+01   0.44667E+00   0.46643E+00   0.42690E+00   0.14850E-05
    0.13500E+01   0.45000E+00   0.46976E+00   0.43024E+00   0.14639E-05
    0.13600E+01   0.45333E+00   0.47309E+00   0.43357E+00   0.14433E-05
    0.13700E+01   0.45667E+00   0.47642E+00   0.43691E+00   0.14231E-05
    0.13800E+01   0.46000E+00   0.47976E+00   0.44024E+00   0.14033E-05
    0.13900E+01   0.46333E+00   0.48309E+00   0.44358E+00   0.13840E-05
    0.14000E+01   0.46667E+00   0.48642E+00   0.44691E+00   0.13650E-05
    0.14100E+01   0.47000E+00   0.48975E+00   0.45024E+00   0.13465E-05
    0.14200E+01   0.47333E+00   0.49309E+00   0.45358E+00   0.13283E-05
    0.14300E+01   0.47667E+00   0.49642E+00   0.45691E+00   0.13105E-05
    0.14400E+01   0.48000E+00   0.49975E+00   0.46025E+00   0.12931E-05
    0.14500E+01   0.48333E+00   0.50309E+00   0.46358E+00   0.12760E-05
    0.14600E+01   0.48667E+00   0.50642E+00   0.46691E+00   0.12593E-05
    0.14700E+01   0.49000E+00   0.50975E+00   0.47025E+00   0.12429E-05
    0.14800E+01   0.49333E+00   0.51308E+00   0.47358E+00   0.12268E-05
    0.14900E+01   0.49667E+00   0.51642E+00   0.47692E+00   0.12110E-05
    0.15000E+01   0.50000E+00   0.51975E+00   0.48025E+00   0.11956E-05
    0.15100E+01   0.50333E+00   0.52308E+00   0.48358E+00   0.11804E-05
    0.15200E+01   0.50667E+00   0.52642E+00   0.48692E+00   0.11656E-05
    0.15300E+01   0.51000E+00   0.52975E+00   0.49025E+00   0.11510E-05
    0.15400E+01   0.51333E+00   0.53308E+00   0.49358E+00   0.11367E-05
    0.15500E+01   0.51667E+00   0.53642E+00   0.49692E+00   0.11227E-05
    0.15600E+01   0.52000E+00   0.53975E+00   0.50025E+00   0.11089E-05
    0.15700E+01   0.52333E+00   0.54308E+00   0.50358E+00   0.10954E-05
    0.15800E+01   0.52667E+00   0.54642E+00   0.50692E+00   0.10822E-05
    0.15900E+01   0.53000E+00   0.54975E+00   0.51025E+00   0.10691E-05
    0.16000E+01   0.53333E+00   0.55308E+00   0.51358E+00   0.10564E-05
    0.16100E+01   0.53667E+00   0.55642E+00   0.51692E+00   0.10438E-05
    0.16200E+01   0.54000E+00   0.55975E+00   0.52025E+00   0.10315E-05
    0.16300E+01   0.54333E+00   0.56308E+00   0.52358E+00   0.10194E-05
    0.16400E+01   0.54667E+00   0.56642E+00   0.52692E+00   0.10076E-05
    0.16500E+01   0.55000E+00   0.56975E+00   0.53025E+00   0.99589E-06
    0.16600E+01   0.55333E+00   0.57308E+00   0.53358E+00   0.98443E-06
    0.16700E+01   0.55667E+00   0.57642E+00   0.53692E+00   0.97317E-06
    0.16800E+01   0.56000E+00   0.57975E+00   0.54025E+00   0.96211E-06
    0.16900E+01   0.56333E+00   0.58308E+00   0.54358E+00   0.95124E-06
    0.17000E+01   0.56667E+00   0.58642E+00   0.54691E+00   0.94056E-06
    0.17100E+01   0.57000E+00   0.58975E+00   0.55025E+00   0.93006E-06
    0.17200E+01   0.57333E+00   0.59309E+00   0.55358E+00   0.91974E-06
    0.17300E+01   0.57667E+00   0.59642E+00   0.55691E+00   0.90960E-06
    0.17400E+01   0.58000E+00   0.59975E+00   0.56025E+00   0.89962E-06
    0.17500E+01   0.58333E+00   0.60309E+00   0.56358E+00   0.88982E-06
    0.17600E+01   0.58667E+00   0.60642E+00   0.56691E+00   0.88017E-06
    0.17700E+01   0.59000E+00   0.60976E+00   0.57024E+00   0.87069E-06
    0.17800E+01   0.59333E+00   0.61309E+00   0.57358E+00   0.86136E-06
    0.17900E+01   0.59667E+00   0.61642E+00   0.57691E+00   0.85219E-06
    0.18000E+01   0.60000E+00   0.61976E+00   0.58024E+00   0.84316E-06
    0.18100E+01   0.60333E+00   0.62309E+00   0.58357E+00   0.83428E-06
    0.18200E+01   0.60667E+00   0.62643E+00   0.58691E+00   0.82554E-06
    0.18300E+01   0.61000E+00   0.62976E+00   0.59024E+00   0.81695E-06
    0.18400E+01   0.61333E+00   0.63309E+00   0.59357E+00   0.80849E-06
    0.18500E+01   0.61667E+00   0.63643E+00   0.59690E+00   0.80016E-06
    0.18600E+01   0.62000E+00   0.63976E+00   0.60024E+00   0.79197E-06
    0.18700E+01   0.62333E+00   0.64310E+00   0.60357E+00   0.78390E-06
    0.18800E+01   0.62667E+00   0.64643E+00   0.60690E+00   0.77596E-06
    0.18900E+01   0.63000E+00   0.64976E+00   0.61023E+00   0.76814E-06
    0.19000E+01   0.63333E+00   0.65310E+00   0.61357E+00   0.76044E-06
    0.19100E+01   0.63667E+00   0.65643E+00   0.61690E+00   0.75286E-06
    0.19200E+01   0.64000E+00   0.65977E+00   0.62023E+00   0.74540E-06
    0.19300E+01   0.64333E+00   0.66310E+00   0.62356E+00   0.73805E-06
    0.19400E+01   0.64667E+00   0.66644E+00   0.62690E+00   0.73081E-06
    0.19500E+01   0.65000E+00   0.66977E+00   0.63023E+00   0.72368E-06
    0.19600E+01   0.65333E+00   0.67311E+00   0.63356E+00   0.71665E-06
    0.19700E+01   0.65667E+00   0.67644E+00   0.63689E+00   0.70973E-06
    0.19800E+01   0.66000E+00   0.67977E+00   0.64023E+00   0.70292E-06
    0.19900E+01   0.66333E+00   0.68311E+00   0.64356E+00   0.69620E-06
    0.20000E+01   0.66667E+00   0.68644E+00   0.64689E+00   0.68958E-06

