#FIG 3.2
Landscape
Center
Inches
Letter  
100.00
Single
-2
1200 2
1 3 0 2 0 7 0 0 -1 0.000 1 0.0000 5100 3000 605 605 5100 3000 4500 2925
1 3 0 2 0 7 0 0 -1 0.000 1 0.0000 10200 3000 605 605 10200 3000 9600 2925
2 1 0 2 0 7 0 0 -1 0.000 0 0 -1 0 0 2
	 2700 1800 2700 4500
2 1 0 2 0 7 0 0 -1 0.000 0 0 -1 0 0 2
	 2700 2100 2700 1500
2 1 0 2 0 7 0 0 -1 0.000 0 0 -1 1 0 2
	0 0 2.00 120.00 240.00
	 2700 4200 2700 3900
2 1 0 2 0 7 0 0 -1 0.000 0 0 -1 1 0 2
	0 0 2.00 120.00 240.00
	 2700 2100 2700 1800
2 1 0 2 0 7 0 0 -1 0.000 0 0 -1 1 0 2
	0 0 2.00 120.00 240.00
	 5700 2925 5700 3000
2 1 0 2 0 7 0 0 -1 0.000 0 0 -1 0 0 2
	 7800 1500 7800 4200
2 1 0 2 0 7 0 0 -1 0.000 0 0 -1 1 0 2
	0 0 2.00 120.00 240.00
	 7800 4500 7800 3900
2 1 0 2 0 7 0 0 -1 0.000 0 0 -1 1 0 2
	0 0 2.00 120.00 240.00
	 7800 2100 7800 1725
2 1 0 2 0 7 0 0 -1 0.000 0 0 -1 1 0 2
	0 0 2.00 120.00 240.00
	 10800 2850 10800 3000
3 2 0 2 0 7 0 0 -1 0.000 0 0 0 7
	 2700 3000 3000 2850 3300 3150 3600 2850 3900 3150 4200 2850
	 4500 3000
	 0.000 -1.000 -1.000 -1.000 -1.000 -1.000 0.000
3 2 0 2 0 7 0 0 -1 0.000 0 0 0 7
	 7800 3000 8100 2850 8400 3150 8700 2850 9000 3150 9300 2850
	 9600 3000
	 0.000 -1.000 -1.000 -1.000 -1.000 -1.000 0.000
4 0 0 0 0 0 20 0.0000 4 255 240 3900 5400 a)\001
4 0 0 0 0 0 20 0.0000 4 255 240 9000 5400 b)\001
4 0 0 0 0 32 20 0.0000 4 195 690 11100 3000 L S X\001
4 0 0 0 0 32 20 0.0000 4 195 960 8100 4500 N L S X\001
4 0 0 0 0 32 20 0.0000 4 195 960 3000 4500 N L S X\001
4 0 0 0 0 32 20 0.0000 4 195 195 6000 3000 N\001
