        911          5
  0.100000000000000        9.75332079274140     
  0.101000000000000        9.81405915905699     
  0.102000000000000        9.86423495057621     
  0.103000000000000        9.91385550945068     
  0.104000000000000        9.97292801176641     
  0.105000000000000        10.0314594728581     
  0.106000000000000        10.0794567524047     
  0.107000000000000        10.1369265593167     
  0.108000000000000        10.1938754564257     
  0.109000000000000        10.2403098649869     
  0.110000000000000        10.2962360690017     
  0.111000000000000        10.3516602193711     
  0.112000000000000        10.4065883378867     
  0.113000000000000        10.4610263210680     
  0.114000000000000        10.5149799438524     
  0.115000000000000        10.5684548631451     
  0.116000000000000        10.6214566212354     
  0.117000000000000        10.6739906490860     
  0.118000000000000        10.7360622695003     
  0.119000000000000        10.7876767001732     
  0.120000000000000        10.8388390566318     
  0.121000000000000        10.8995543550693     
  0.122000000000000        10.9498275150778     
  0.123000000000000        11.0096633622844     
  0.124000000000000        11.0690666308941     
  0.125000000000000        11.1180419661443     
  0.126000000000000        11.1765939266741     
  0.127000000000000        11.2347269868126     
  0.128000000000000        11.2924455387886     
  0.129000000000000        11.3397538948661     
  0.130000000000000        11.3966562894079     
  0.131000000000000        11.4531568808707     
  0.132000000000000        11.5092597537342     
  0.133000000000000        11.5749689203666     
  0.134000000000000        11.6302883228302     
  0.135000000000000        11.6852218346275     
  0.136000000000000        11.7397732623930     
  0.137000000000000        11.8039463475290     
  0.138000000000000        11.8577447677920     
  0.139000000000000        11.9111721388272     
  0.140000000000000        11.9742320156570     
  0.141000000000000        12.0369278941226     
  0.142000000000000        12.0892632122812     
  0.143000000000000        12.1512413517609     
  0.144000000000000        12.2028656390749     
  0.145000000000000        12.2641393468957     
  0.146000000000000        12.3250656952911     
  0.147000000000000        12.3856478529246     
  0.148000000000000        12.4458889382190     
  0.149000000000000        12.5057920204872     
  0.150000000000000        12.5653601210295     
  0.151000000000000        12.6245962141993     
  0.152000000000000        12.6835032284384     
  0.153000000000000        12.7420840472830     
  0.154000000000000        12.8003415103406     
  0.155000000000000        12.8682784142399     
  0.156000000000000        12.9258975135546     
  0.157000000000000        12.9832015217002     
  0.158000000000000        13.0501931118080     
  0.159000000000000        13.1068749175729     
  0.160000000000000        13.1732495340806     
  0.161000000000000        13.2293195186100     
  0.162000000000000        13.2950873914159     
  0.163000000000000        13.3505556364896     
  0.164000000000000        13.4157267023003     
  0.165000000000000        13.4806030025156     
  0.166000000000000        13.5451869167045     
  0.167000000000000        13.5994807910213     
  0.168000000000000        13.6634869388717     
  0.169000000000000        13.7272076415620     
  0.170000000000000        13.7906451489320     
  0.171000000000000        13.8538016799709     
  0.172000000000000        13.9166794234181     
  0.173000000000000        13.9792805383495     
  0.174000000000000        14.0416071547478     
  0.175000000000000        14.1036613740597     
  0.176000000000000        14.1754452697387     
  0.177000000000000        14.2369608877753     
  0.178000000000000        14.2982102472129     
  0.179000000000000        14.3591953406527     
  0.180000000000000        14.4299181347453     
  0.181000000000000        14.4903805706708     
  0.182000000000000        14.5605845646077     
  0.183000000000000        14.6205320081901     
  0.184000000000000        14.6902247689546     
  0.185000000000000        14.7496646907764     
  0.186000000000000        14.8188535942952     
  0.187000000000000        14.8777932773312     
  0.188000000000000        14.9464855152918     
  0.189000000000000        15.0149320615681     
  0.190000000000000        15.0731346479234     
  0.191000000000000        15.1410949848721     
  0.192000000000000        15.2088147620502     
  0.193000000000000        15.2762956485775     
  0.194000000000000        15.3435392934115     
  0.195000000000000        15.4105473256938     
  0.196000000000000        15.4773213550882     
  0.197000000000000        15.5438629721122     
  0.198000000000000        15.6101737484602     
  0.199000000000000        15.6762552373202     
  0.200000000000000        15.7421089736839     
  0.201000000000000        15.8077364746492     
  0.202000000000000        15.8731392397171     
  0.203000000000000        15.9383187510818     
  0.204000000000000        16.0132764739144     
  0.205000000000000        16.0780138566412     
  0.206000000000000        16.1425323312153     
  0.207000000000000        16.2168333133834     
  0.208000000000000        16.2809182029463     
  0.209000000000000        16.3547883840143     
  0.210000000000000        16.4184452252573     
  0.211000000000000        16.4918900801496     
  0.212000000000000        16.5551242872100     
  0.213000000000000        16.6281491702363     
  0.214000000000000        16.6909660385360     
  0.215000000000000        16.7635761871515     
  0.216000000000000        16.8359808970815     
  0.217000000000000        16.8981814354969     
  0.218000000000000        16.9701790559536     
  0.219000000000000        17.0419749986006     
  0.220000000000000        17.1135704903831     
  0.221000000000000        17.1849667452436     
  0.222000000000000        17.2561649643167     
  0.223000000000000        17.3271663361222     
  0.224000000000000        17.3979720367530     
  0.225000000000000        17.4685832300601     
  0.226000000000000        17.5390010678335     
  0.227000000000000        17.6092266899804     
  0.228000000000000        17.6792612246996     
  0.229000000000000        17.7491057886520     
  0.230000000000000        17.8187614871289     
  0.231000000000000        17.8882294142165     
  0.232000000000000        17.9675106529575     
  0.233000000000000        18.0366062755096     
  0.234000000000000        18.1055173433014     
  0.235000000000000        18.1842449071845     
  0.236000000000000        18.2527900075842     
  0.237000000000000        18.3211536746461     
  0.238000000000000        18.3993369283807     
  0.239000000000000        18.4673407788055     
  0.240000000000000        18.5451662260840     
  0.241000000000000        18.6228142606625     
  0.242000000000000        18.6902858634045     
  0.243000000000000        18.7675820057226     
  0.244000000000000        18.8447036497080     
  0.245000000000000        18.9116517482579     
  0.246000000000000        18.9884272452002     
  0.247000000000000        19.0650310754165     
  0.248000000000000        19.1414641649631     
  0.249000000000000        19.2077274311886     
  0.250000000000000        19.2838217828515     
  0.251000000000000        19.3597481202340     
  0.252000000000000        19.4355073352544     
  0.253000000000000        19.5111003115781     
  0.254000000000000        19.5865279247261     
  0.255000000000000        19.6617910421817     
  0.256000000000000        19.7468905234956     
  0.257000000000000        19.8218272203890     
  0.258000000000000        19.8966019768552     
  0.259000000000000        19.9712156292596     
  0.260000000000000        20.0456690064373     
  0.261000000000000        20.1299629297899     
  0.262000000000000        20.2040982133803     
  0.263000000000000        20.2780756640262     
  0.264000000000000        20.3618960813916     
  0.265000000000000        20.4355602580771     
  0.266000000000000        20.5190689797090     
  0.267000000000000        20.5924230250261     
  0.268000000000000        20.6756231659661     
  0.269000000000000        20.7486701677501     
  0.270000000000000        20.8315647889655     
  0.271000000000000        20.9043077816479     
  0.272000000000000        20.9868998913621     
  0.273000000000000        21.0693418572808     
  0.274000000000000        21.1516344122627     
  0.275000000000000        21.2237782829295     
  0.276000000000000        21.3057741897413     
  0.277000000000000        21.3876228470709     
  0.278000000000000        21.4693249632774     
  0.279000000000000        21.5508812407775     
  0.280000000000000        21.6322923761173     
  0.281000000000000        21.7135590600416     
  0.282000000000000        21.7946819775629     
  0.283000000000000        21.8756618080290     
  0.284000000000000        21.9564992251899     
  0.285000000000000        22.0371948972631     
  0.286000000000000        22.1177494869986     
  0.287000000000000        22.1981636517424     
  0.288000000000000        22.2884380434995     
  0.289000000000000        22.3685733089951     
  0.290000000000000        22.4485700897362     
  0.291000000000000        22.5284290220711     
  0.292000000000000        22.6181507372483     
  0.293000000000000        22.6977358614752     
  0.294000000000000        22.7871850159752     
  0.295000000000000        22.8664988170438     
  0.296000000000000        22.9556778761048     
  0.297000000000000        23.0347227997649     
  0.298000000000000        23.1236341898677     
  0.299000000000000        23.2024126435469     
  0.300000000000000        23.2910587532791     
  0.301000000000000        23.3795731069350     
  0.302000000000000        23.4579562878309     
  0.303000000000000        23.5462088747785     
  0.304000000000000        23.6343314421348     
  0.305000000000000        23.7223245598507     
  0.306000000000000        23.8101887935191     
  0.307000000000000        23.8879247044226     
  0.308000000000000        23.9755328495799     
  0.309000000000000        24.0630137817922     
  0.310000000000000        24.1503680496887     
  0.311000000000000        24.2375961977712     
  0.312000000000000        24.3246987664585     
  0.313000000000000        24.4116762921299     
  0.314000000000000        24.4985293071683     
  0.315000000000000        24.5952583400025     
  0.316000000000000        24.6818639151491     
  0.317000000000000        24.7683465532538     
  0.318000000000000        24.8547067711317     
  0.319000000000000        24.9409450818080     
  0.320000000000000        25.0370619945573     
  0.321000000000000        25.1230580149424     
  0.322000000000000        25.2089336448535     
  0.323000000000000        25.3046893825453     
  0.324000000000000        25.3903257226753     
  0.325000000000000        25.4858431563405     
  0.326000000000000        25.5712421711135     
  0.327000000000000        25.6665232510793     
  0.328000000000000        25.7516868768702     
  0.329000000000000        25.8467335257012     
  0.330000000000000        25.9416636714044     
  0.331000000000000        26.0264777844633     
  0.332000000000000        26.1211763320464     
  0.333000000000000        26.2157597780405     
  0.334000000000000        26.3002285830838     
  0.335000000000000        26.3945832045977     
  0.336000000000000        26.4888240968195     
  0.337000000000000        26.5829517108332     
  0.338000000000000        26.6769664946017     
  0.339000000000000        26.7608688929963     
  0.340000000000000        26.8546593478282     
  0.341000000000000        26.9483382978778     
  0.342000000000000        27.0419061789249     
  0.343000000000000        27.1353634237771     
  0.344000000000000        27.2287104622994     
  0.345000000000000        27.3219477214424     
  0.346000000000000        27.4250756252707     
  0.347000000000000        27.5180945949901     
  0.348000000000000        27.6110050489758     
  0.349000000000000        27.7038074027989     
  0.350000000000000        27.7965020692535     
  0.351000000000000        27.8990894583829     
  0.352000000000000        27.9915699775061     
  0.353000000000000        28.0839440312432     
  0.354000000000000        28.1762120215410     
  0.355000000000000        28.2783743476981     
  0.356000000000000        28.3704314063899     
  0.357000000000000        28.4723835916933     
  0.358000000000000        28.5642312951102     
  0.359000000000000        28.6659749055925     
  0.360000000000000        28.7576148095650     
  0.361000000000000        28.8591513909491     
  0.362000000000000        28.9505850311858     
  0.363000000000000        29.0519161092587     
  0.364000000000000        29.1431450017164     
  0.365000000000000        29.2442720826946     
  0.366000000000000        29.3452977239388     
  0.367000000000000        29.4362222948251     
  0.368000000000000        29.5370461623825     
  0.369000000000000        29.6377696913140     
  0.370000000000000        29.7383932440172     
  0.371000000000000        29.8289171806053     
  0.372000000000000        29.9293418589280     
  0.373000000000000        30.0296676345910     
  0.374000000000000        30.1298948609769     
  0.375000000000000        30.2300238892641     
  0.376000000000000        30.3300550684472     
  0.377000000000000        30.4299887453558     
  0.378000000000000        30.5298252646741     
  0.379000000000000        30.6295649689593     
  0.380000000000000        30.7292081986605     
  0.381000000000000        30.8287552921376     
  0.382000000000000        30.9282065856788     
  0.383000000000000        31.0275624135193     
  0.384000000000000        31.1268231078589     
  0.385000000000000        31.2259889988796     
  0.386000000000000        31.3350604147633     
  0.387000000000000        31.4340376817088     
  0.388000000000000        31.5329211239490     
  0.389000000000000        31.6317110637679     
  0.390000000000000        31.7404078215171     
  0.391000000000000        31.8390117156323     
  0.392000000000000        31.9375230626498     
  0.393000000000000        32.0459421772226     
  0.394000000000000        32.1442693721361     
  0.395000000000000        32.2425049583244     
  0.396000000000000        32.3506492448853     
  0.397000000000000        32.4487025390965     
  0.398000000000000        32.5566651464300     
  0.399000000000000        32.6545373705680     
  0.400000000000000        32.7623195134174     
  0.401000000000000        32.8600118751246     
  0.402000000000000        32.9676147540905     
  0.403000000000000        33.0651284469844     
  0.404000000000000        33.1725532487588     
  0.405000000000000        33.2798894526633     
  0.406000000000000        33.3771373502588     
  0.407000000000000        33.4842972314311     
  0.408000000000000        33.5913693844049     
  0.409000000000000        33.6983540957570     
  0.410000000000000        33.7952516504302     
  0.411000000000000        33.9020623317463     
  0.412000000000000        34.0087864214191     
  0.413000000000000        34.1154241995676     
  0.414000000000000        34.2219759447290     
  0.415000000000000        34.3184419338712     
  0.416000000000000        34.4248224424054     
  0.417000000000000        34.5311177441988     
  0.418000000000000        34.6373281115865     
  0.419000000000000        34.7434538153843     
  0.420000000000000        34.8494951249003     
  0.421000000000000        34.9554523079471     
  0.422000000000000        35.0613256308534     
  0.423000000000000        35.1671153584762     
  0.424000000000000        35.2728217542118     
  0.425000000000000        35.3784450800077     
  0.426000000000000        35.4839855963737     
  0.427000000000000        35.5894435623935     
  0.428000000000000        35.7048192357353     
  0.429000000000000        35.8101128726633     
  0.430000000000000        35.9153247280483     
  0.431000000000000        36.0204550553787     
  0.432000000000000        36.1255041067711     
  0.433000000000000        36.2404721329809     
  0.434000000000000        36.3453593834125     
  0.435000000000000        36.4501661061304     
  0.436000000000000        36.5548925478685     
  0.437000000000000        36.6695389540412     
  0.438000000000000        36.7741055687526     
  0.439000000000000        36.8885926348072     
  0.440000000000000        36.9930003937193     
  0.441000000000000        37.0973290857231     
  0.442000000000000        37.2115789497819     
  0.443000000000000        37.3157502235983     
  0.444000000000000        37.4298431436231     
  0.445000000000000        37.5338579450651     
  0.446000000000000        37.6477948619003     
  0.447000000000000        37.7516541268809     
  0.448000000000000        37.8654359715446     
  0.449000000000000        37.9691406262239     
  0.450000000000000        38.0827683200543     
  0.451000000000000        38.1863192809840     
  0.452000000000000        38.2997937357823     
  0.453000000000000        38.4131919100480     
  0.454000000000000        38.5165140282185     
  0.455000000000000        38.6297603135782     
  0.456000000000000        38.7429309882666     
  0.457000000000000        38.8460262732873     
  0.458000000000000        38.9590463885156     
  0.459000000000000        39.0719915527071     
  0.460000000000000        39.1848619835058     
  0.461000000000000        39.2876578974523     
  0.462000000000000        39.4003795099911     
  0.463000000000000        39.5130270354795     
  0.464000000000000        39.6256006871945     
  0.465000000000000        39.7381006773413     
  0.466000000000000        39.8505272170605     
  0.467000000000000        39.9628805164357     
  0.468000000000000        40.0651607845016     
  0.469000000000000        40.1773682292506     
  0.470000000000000        40.2895030576411     
  0.471000000000000        40.4015654756042     
  0.472000000000000        40.5135556880511     
  0.473000000000000        40.6254738988805     
  0.474000000000000        40.7373203109857     
  0.475000000000000        40.8490951262614     
  0.476000000000000        40.9607985456110     
  0.477000000000000        41.0724307689533     
  0.478000000000000        41.1939919952296     
  0.479000000000000        41.3054824224104     
  0.480000000000000        41.4169022475022     
  0.481000000000000        41.5282516665539     
  0.482000000000000        41.6395308746642     
  0.483000000000000        41.7507400659872     
  0.484000000000000        41.8618794337396     
  0.485000000000000        41.9829491702069     
  0.486000000000000        42.0939494667497     
  0.487000000000000        42.2048805138104     
  0.488000000000000        42.3157425009191     
  0.489000000000000        42.4365356167001     
  0.490000000000000        42.5472600488778     
  0.491000000000000        42.6579159842830     
  0.492000000000000        42.7785036088592     
  0.493000000000000        42.8890231076680     
  0.494000000000000        42.9994746648956     
  0.495000000000000        43.1198584638584     
  0.496000000000000        43.2301746870093     
  0.497000000000000        43.3504235159426     
  0.498000000000000        43.4606051314009     
  0.499000000000000        43.5707197132799     
  0.500000000000000        43.6907674406345     
  0.501000000000000        43.8007484916841     
  0.502000000000000        43.9206630438186     
  0.503000000000000        44.0305112736037     
  0.504000000000000        44.1502933567860     
  0.505000000000000        44.2700094682988     
  0.506000000000000        44.3796597822677     
  0.507000000000000        44.4992444720152     
  0.508000000000000        44.6087637100667     
  0.509000000000000        44.7282176681552     
  0.510000000000000        44.8476065172269     
  0.511000000000000        44.9569304274460     
  0.512000000000000        45.0761895682000     
  0.513000000000000        45.1953841081047     
  0.514000000000000        45.3045142150093     
  0.515000000000000        45.4235800560010     
  0.516000000000000        45.5425817974106     
  0.517000000000000        45.6615196048167     
  0.518000000000000        45.7703936430511     
  0.519000000000000        45.8892040762031     
  0.520000000000000        46.0079510676246     
  0.521000000000000        46.1266347799348     
  0.522000000000000        46.2452553750249     
  0.523000000000000        46.3538130140625     
  0.524000000000000        46.4723078574965     
  0.525000000000000        46.5907400650615     
  0.526000000000000        46.7091097957824     
  0.527000000000000        46.8274172079790     
  0.528000000000000        46.9456624592702     
  0.529000000000000        47.0638457065787     
  0.530000000000000        47.1819671061351     
  0.531000000000000        47.3000268134825     
  0.532000000000000        47.4180249834807     
  0.533000000000000        47.5359617703106     
  0.534000000000000        47.6538373274783     
  0.535000000000000        47.7716518078191     
  0.536000000000000        47.8894053635024     
  0.537000000000000        48.0070981460350     
  0.538000000000000        48.1247303062657     
  0.539000000000000        48.2423019943894     
  0.540000000000000        48.3598133599509     
  0.541000000000000        48.4872645518488     
  0.542000000000000        48.6046557183400     
  0.543000000000000        48.7219870070434     
  0.544000000000000        48.8392585649434     
  0.545000000000000        48.9564705383944     
  0.546000000000000        49.0836230731244     
  0.547000000000000        49.2007163142388     
  0.548000000000000        49.3177504062240     
  0.549000000000000        49.4347254929517     
  0.550000000000000        49.5616417176821     
  0.551000000000000        49.6784992230680     
  0.552000000000000        49.7952981511579     
  0.553000000000000        49.9220386434006     
  0.554000000000000        50.0387208406477     
  0.555000000000000        50.1553448831581     
  0.556000000000000        50.2819109106010     
  0.557000000000000        50.3984190620599     
  0.558000000000000        50.5248694760354     
  0.559000000000000        50.6412622904496     
  0.560000000000000        50.7675976426487     
  0.561000000000000        50.8838756694069     
  0.562000000000000        51.0000965069298     
  0.563000000000000        51.1262602908576     
  0.564000000000000        51.2523671562684     
  0.565000000000000        51.3684172376819     
  0.566000000000000        51.4944106690621     
  0.567000000000000        51.6103475838210     
  0.568000000000000        51.7362281148220     
  0.569000000000000        51.8520523943824     
  0.570000000000000        51.9778205542775     
  0.571000000000000        52.1035327257430     
  0.572000000000000        52.2191890394787     
  0.573000000000000        52.3447896256512     
  0.574000000000000        52.4703346138973     
  0.575000000000000        52.5858241333270     
  0.576000000000000        52.7112583125266     
  0.577000000000000        52.8366372795614     
  0.578000000000000        52.9619611619791     
  0.579000000000000        53.0772300868128     
  0.580000000000000        53.2024441805837     
  0.581000000000000        53.3276035693039     
  0.582000000000000        53.4527083784800     
  0.583000000000000        53.5777587331153     
  0.584000000000000        53.6927547577130     
  0.585000000000000        53.8176965762791     
  0.586000000000000        53.9425843123249     
  0.587000000000000        54.0674180888703     
  0.588000000000000        54.1921980284461     
  0.589000000000000        54.3169242530972     
  0.590000000000000        54.4415968843850     
  0.591000000000000        54.5662160433905     
  0.592000000000000        54.6907818507164     
  0.593000000000000        54.8152944264907     
  0.594000000000000        54.9397538903684     
  0.595000000000000        55.0641603615348     
  0.596000000000000        55.1885139587081     
  0.597000000000000        55.3128148001414     
  0.598000000000000        55.4370630036263     
  0.599000000000000        55.5612586864944     
  0.600000000000000        55.6854019656207     
  0.601000000000000        55.8094929574258     
  0.602000000000000        55.9335317778784     
  0.603000000000000        56.0575185424975     
  0.604000000000000        56.1914533663558     
  0.605000000000000        56.3153363640811     
  0.606000000000000        56.4391676498595     
  0.607000000000000        56.5629473374375     
  0.608000000000000        56.6866755401244     
  0.609000000000000        56.8203523707948     
  0.610000000000000        56.9439779418910     
  0.611000000000000        57.0675523654253     
  0.612000000000000        57.2010757529824     
  0.613000000000000        57.3245482157214     
  0.614000000000000        57.4479698643788     
  0.615000000000000        57.5713408092701     
  0.616000000000000        57.7046611602926     
  0.617000000000000        57.8279310269271     
  0.618000000000000        57.9611505182409     
  0.619000000000000        58.0843197428893     
  0.620000000000000        58.2074388091182     
  0.621000000000000        58.3405078247664     
  0.622000000000000        58.4635268972674     
  0.623000000000000        58.5964961336518     
  0.624000000000000        58.7194156405497     
  0.625000000000000        58.8522855241923     
  0.626000000000000        58.9751058904144     
  0.627000000000000        59.1078768446564     
  0.628000000000000        59.2305984919665     
  0.629000000000000        59.3632709370027     
  0.630000000000000        59.4858942840346     
  0.631000000000000        59.6184686369461     
  0.632000000000000        59.7509940992369     
  0.633000000000000        59.8734707740245     
  0.634000000000000        60.0058987640466     
  0.635000000000000        60.1382781716630     
  0.636000000000000        60.2606090988571     
  0.637000000000000        60.3928916472386     
  0.638000000000000        60.5251259180448     
  0.639000000000000        60.6473120121432     
  0.640000000000000        60.7794500300327     
  0.641000000000000        60.9115400718462     
  0.642000000000000        61.0435822373521     
  0.643000000000000        61.1655766259560     
  0.644000000000000        61.2975233367034     
  0.645000000000000        61.4294224682807     
  0.646000000000000        61.5612741190173     
  0.647000000000000        61.6930783868878     
  0.648000000000000        61.8148353695134     
  0.649000000000000        61.9465451641639     
  0.650000000000000        62.0782078677594     
  0.651000000000000        62.2098235768724     
  0.652000000000000        62.3413923877290     
  0.653000000000000        62.4729143962114     
  0.654000000000000        62.6043896978589     
  0.655000000000000        62.7358183878704     
  0.656000000000000        62.8672005611055     
  0.657000000000000        62.9985363120866     
  0.658000000000000        63.1298257350003     
  0.659000000000000        63.2610689236995     
  0.660000000000000        63.3922659717048     
  0.661000000000000        63.5234169722064     
  0.662000000000000        63.6545220180653     
  0.663000000000000        63.7855812018154     
  0.664000000000000        63.9165946156653     
  0.665000000000000        64.0475623514993     
  0.666000000000000        64.1784845008795     
  0.667000000000000        64.3093611550474     
  0.668000000000000        64.4501924049251     
  0.669000000000000        64.5809783411177     
  0.670000000000000        64.7117190539137     
  0.671000000000000        64.8424146332878     
  0.672000000000000        64.9730651689017     
  0.673000000000000        65.1136707501058     
  0.674000000000000        65.2442314659408     
  0.675000000000000        65.3747474051392     
  0.676000000000000        65.5052186561271     
  0.677000000000000        65.6456453070252     
  0.678000000000000        65.7760274456505     
  0.679000000000000        65.9063651595180     
  0.680000000000000        66.0366585358422     
  0.681000000000000        66.1769076615379     
  0.682000000000000        66.3071126232228     
  0.683000000000000        66.4372735072179     
  0.684000000000000        66.5773903995493     
  0.685000000000000        66.7074633859502     
  0.686000000000000        66.8474925518614     
  0.687000000000000        66.9774779824332     
  0.688000000000000        67.1074197625271     
  0.689000000000000        67.2473179767163     
  0.690000000000000        67.3771727092883     
  0.691000000000000        67.5169840442450     
  0.692000000000000        67.6467520653053     
  0.693000000000000        67.7864768559054     
  0.694000000000000        67.9161584992010     
  0.695000000000000        68.0557970780681     
  0.696000000000000        68.1853926751044     
  0.697000000000000        68.3249453726311     
  0.698000000000000        68.4644552526937     
  0.699000000000000        68.5939223970633     
  0.700000000000000        68.7333468872385     
  0.701000000000000        68.8627288044460     
  0.702000000000000        69.0020682296422     
  0.703000000000000        69.1413652435147     
  0.704000000000000        69.2706199264832     
  0.705000000000000        69.4098323587011     
  0.706000000000000        69.5490026200560     
  0.707000000000000        69.6781307901723     
  0.708000000000000        69.8172169484113     
  0.709000000000000        69.9562611738728     
  0.710000000000000        70.0852635453963     
  0.711000000000000        70.2242241415625     
  0.712000000000000        70.3631430406939     
  0.713000000000000        70.5020203208569     
  0.714000000000000        70.6308560598619     
  0.715000000000000        70.7696503352656     
  0.716000000000000        70.9084032243713     
  0.717000000000000        71.0471148042306     
  0.718000000000000        71.1857851516445     
  0.719000000000000        71.3144143431642     
  0.720000000000000        71.4530024550926     
  0.721000000000000        71.5915495634857     
  0.722000000000000        71.7300557441530     
  0.723000000000000        71.8685210726593     
  0.724000000000000        72.0069456243255     
  0.725000000000000        72.1453294742298     
  0.726000000000000        72.2836726972090     
  0.727000000000000        72.4119753678591     
  0.728000000000000        72.5502375605371     
  0.729000000000000        72.6884593493614     
  0.730000000000000        72.8266408082135     
  0.731000000000000        72.9647820107386     
  0.732000000000000        73.1028830303470     
  0.733000000000000        73.2409439402150     
  0.734000000000000        73.3789648132860     
  0.735000000000000        73.5169457222716     
  0.736000000000000        73.6548867396526     
  0.737000000000000        73.7927879376802     
  0.738000000000000        73.9306493883766     
  0.739000000000000        74.0784711635366     
  0.740000000000000        74.2162533347284     
  0.741000000000000        74.3539959732943     
  0.742000000000000        74.4916991503523     
  0.743000000000000        74.6293629367966     
  0.744000000000000        74.7669874032989     
  0.745000000000000        74.9045726203094     
  0.746000000000000        75.0421186580575     
  0.747000000000000        75.1796255865532     
  0.748000000000000        75.3270934755876     
  0.749000000000000        75.4645223947344     
  0.750000000000000        75.6019124133504     
  0.751000000000000        75.7392636005770     
  0.752000000000000        75.8765760253404     
  0.753000000000000        76.0238497563533     
  0.754000000000000        76.1610848621152     
  0.755000000000000        76.2982814109141     
  0.756000000000000        76.4354394708267     
  0.757000000000000        76.5825591097197     
  0.758000000000000        76.7196403952506     
  0.759000000000000        76.8566833948690     
  0.760000000000000        76.9936881758166     
  0.761000000000000        77.1406548051292     
  0.762000000000000        77.2775833496369     
  0.763000000000000        77.4144738759653     
  0.764000000000000        77.5613264505363     
  0.765000000000000        77.6981411395687     
  0.766000000000000        77.8349180090797     
  0.767000000000000        77.9816571248855     
  0.768000000000000        78.1183585526017     
  0.769000000000000        78.2650223576451     
  0.770000000000000        78.4016486052335     
  0.771000000000000        78.5382373603877     
  0.772000000000000        78.6847886879313     
  0.773000000000000        78.8213026524923     
  0.774000000000000        78.9677793185036     
  0.775000000000000        79.1042187502037     
  0.776000000000000        79.2406210116380     
  0.777000000000000        79.3869861666591     
  0.778000000000000        79.5233142789283     
  0.779000000000000        79.6696054119156     
  0.780000000000000        79.8058596289011     
  0.781000000000000        79.9520769929757     
  0.782000000000000        80.0882575670417     
  0.783000000000000        80.2344014138138     
  0.784000000000000        80.3705085958200     
  0.785000000000000        80.5165791754019     
  0.786000000000000        80.6526132147163     
  0.787000000000000        80.7986107757352     
  0.788000000000000        80.9345719202470     
  0.789000000000000        81.0804967098570     
  0.790000000000000        81.2263852059888     
  0.791000000000000        81.3622374698840     
  0.792000000000000        81.5080535626042     
  0.793000000000000        81.6438335450306     
  0.794000000000000        81.7895774778657     
  0.795000000000000        81.9352854216335     
  0.796000000000000        82.0709574366804     
  0.797000000000000        82.2165935831759     
  0.798000000000000        82.3521939211134     
  0.799000000000000        82.4977585103110     
  0.800000000000000        82.6432874104121     
  0.801000000000000        82.7787806808861     
  0.802000000000000        82.9242383810294     
  0.803000000000000        83.0696605699656     
  0.804000000000000        83.2050473066469     
  0.805000000000000        83.3503986498541     
  0.806000000000000        83.4957146581980     
  0.807000000000000        83.6409953901195     
  0.808000000000000        83.7762409038906     
  0.809000000000000        83.9214512576151     
  0.810000000000000        84.0666265092294     
  0.811000000000000        84.2017667165027     
  0.812000000000000        84.3468719370384     
  0.813000000000000        84.4919422282741     
  0.814000000000000        84.6369776474827     
  0.815000000000000        84.7719782517731     
  0.816000000000000        84.9169440980904     
  0.817000000000000        85.0618752432174     
  0.818000000000000        85.2067717437742     
  0.819000000000000        85.3516336562198     
  0.820000000000000        85.4864610368522     
  0.821000000000000        85.6312539418094     
  0.822000000000000        85.7760124270698     
  0.823000000000000        85.9207365484528     
  0.824000000000000        86.0654263616197     
  0.825000000000000        86.2100819220744     
  0.826000000000000        86.3447032851635     
  0.827000000000000        86.4892905060774     
  0.828000000000000        86.6338436398511     
  0.829000000000000        86.7783627413641     
  0.830000000000000        86.9228478653417     
  0.831000000000000        87.0672990663554     
  0.832000000000000        87.2117163988235     
  0.833000000000000        87.3560999170115     
  0.834000000000000        87.4904496750332     
  0.835000000000000        87.6347657268510     
  0.836000000000000        87.7790481262763     
  0.837000000000000        87.9232969269706     
  0.838000000000000        88.0675121824458     
  0.839000000000000        88.2116939460646     
  0.840000000000000        88.3558422710418     
  0.841000000000000        88.4999572104437     
  0.842000000000000        88.6440388171901     
  0.843000000000000        88.7880871440537     
  0.844000000000000        88.9321022436615     
  0.845000000000000        89.0760841684948     
  0.846000000000000        89.2200329708899     
  0.847000000000000        89.3639487030393     
  0.848000000000000        89.5078314169913     
  0.849000000000000        89.6516811646510     
  0.850000000000000        89.7954979977811     
  0.851000000000000        89.9392819680021     
  0.852000000000000        90.0830331267930     
  0.853000000000000        90.2267515254920     
  0.854000000000000        90.3704372152967     
  0.855000000000000        90.5140902472648     
  0.856000000000000        90.6577106723149     
  0.857000000000000        90.8012985412267     
  0.858000000000000        90.9448539046418     
  0.859000000000000        91.0883768130638     
  0.860000000000000        91.2318673168595     
  0.861000000000000        91.3753254662589     
  0.862000000000000        91.5187513113559     
  0.863000000000000        91.6621449021088     
  0.864000000000000        91.8055062883409     
  0.865000000000000        91.9588355197411     
  0.866000000000000        92.1021326458640     
  0.867000000000000        92.2453977161310     
  0.868000000000000        92.3886307798303     
  0.869000000000000        92.5318318861177     
  0.870000000000000        92.6750010840171     
  0.871000000000000        92.8181384224209     
  0.872000000000000        92.9612439500906     
  0.873000000000000        93.1143177156570     
  0.874000000000000        93.2573597676214     
  0.875000000000000        93.4003701543551     
  0.876000000000000        93.5433489241010     
  0.877000000000000        93.6862961249729     
  0.878000000000000        93.8292118049573     
  0.879000000000000        93.9820960119126     
  0.880000000000000        94.1249487935706     
  0.881000000000000        94.2677701975362     
  0.882000000000000        94.4105602712885     
  0.883000000000000        94.5533190621810     
  0.884000000000000        94.7060466174420     
  0.885000000000000        94.8487429841753     
  0.886000000000000        94.9914082093603     
  0.887000000000000        95.1340423398530     
  0.888000000000000        95.2866454223858     
  0.889000000000000        95.4292175035686     
  0.890000000000000        95.5717586298890     
  0.891000000000000        95.7142688477126     
  0.892000000000000        95.8667482032836     
  0.893000000000000        96.0091967427255     
  0.894000000000000        96.1516145120409     
  0.895000000000000        96.3040015571127     
  0.896000000000000        96.4463579237041     
  0.897000000000000        96.5886836574591     
  0.898000000000000        96.7309788039030     
  0.899000000000000        96.8832434084429     
  0.900000000000000        97.0254775163679     
  0.901000000000000        97.1676811728500     
  0.902000000000000        97.3198544229438     
  0.903000000000000        97.4619973115879     
  0.904000000000000        97.6041098836044     
  0.905000000000000        97.7561921836999     
  0.906000000000000        97.8982442564658     
  0.907000000000000        98.0502661463784     
  0.908000000000000        98.1922578978000     
  0.909000000000000        98.3342195549786     
  0.910000000000000        98.4861511620488     
  0.911000000000000        98.6280527630320     
  0.912000000000000        98.7699244018369     
  0.913000000000000        98.9217661222599     
  0.914000000000000        99.0635779679854     
  0.915000000000000        99.2153599825865     
  0.916000000000000        99.3571122095248     
  0.917000000000000        99.5088346921517     
  0.918000000000000        99.6505274737080     
  0.919000000000000        99.7921905973246     
  0.920000000000000        99.9438241060232     
  0.921000000000000        100.085428042716     
  0.922000000000000        100.237002450207     
  0.923000000000000        100.378547371191     
  0.924000000000000        100.530062848257     
  0.925000000000000        100.671548923883     
  0.926000000000000        100.823005640443     
  0.927000000000000        100.964433040203     
  0.928000000000000        101.115831165322     
  0.929000000000000        101.257200057854     
  0.930000000000000        101.408539759748     
  0.931000000000000        101.559850312847     
  0.932000000000000        101.701131758887     
  0.933000000000000        101.852384139504     
  0.934000000000000        101.993607496225     
  0.935000000000000        102.144801870478     
  0.936000000000000        102.285967303585     
  0.937000000000000        102.437103836764     
  0.938000000000000        102.588211511133     
  0.939000000000000        102.729290367705     
  0.940000000000000        102.880340447395     
  0.941000000000000        103.021361791012     
  0.942000000000000        103.172354439267     
  0.943000000000000        103.323318432769     
  0.944000000000000        103.464253812026     
  0.945000000000000        103.615160617446     
  0.946000000000000        103.766038889339     
  0.947000000000000        103.906888667914     
  0.948000000000000        104.057709993280     
  0.949000000000000        104.208502905451     
  0.950000000000000        104.349267444338     
  0.951000000000000        104.500003649757     
  0.952000000000000        104.650711561425     
  0.953000000000000        104.801391218964     
  0.954000000000000        104.942042661895     
  0.955000000000000        105.092665929645     
  0.956000000000000        105.243261061545     
  0.957000000000000        105.393828096829     
  0.958000000000000        105.534367074635     
  0.959000000000000        105.684878034007     
  0.960000000000000        105.835361013894     
  0.961000000000000        105.984816053147     
  0.962000000000000        106.133243190528     
  0.963000000000000        106.281642464702     
  0.964000000000000        106.431013914239     
  0.965000000000000        106.579357577619     
  0.966000000000000        106.728673493227     
  0.967000000000000        106.877961699355     
  0.968000000000000        107.026222234203     
  0.969000000000000        107.175455135880     
  0.970000000000000        107.324660442403     
  0.971000000000000        107.474838191695     
  0.972000000000000        107.623988421592     
  0.973000000000000        107.773111169836     
  0.974000000000000        107.923206474079     
  0.975000000000000        108.072274371884     
  0.976000000000000        108.222314900724     
  0.977000000000000        108.372328097981     
  0.978000000000000        108.522314000949     
  0.979000000000000        108.672272646833     
  0.980000000000000        108.822204072749     
  0.981000000000000        108.972108315724     
  0.982000000000000        109.122985412699     
  0.983000000000000        109.272835400524     
  0.984000000000000        109.423658315965     
  0.985000000000000        109.574454195698     
  0.986000000000000        109.725223076315     
  0.987000000000000        109.875964994318     
  0.988000000000000        110.026679986125     
  0.989000000000000        110.177368088069     
  0.990000000000000        110.329029336394     
  0.991000000000000        110.479663767262     
  0.992000000000000        110.631271416746     
  0.993000000000000        110.782852320839     
  0.994000000000000        110.934406515445     
  0.995000000000000        111.085934036387     
  0.996000000000000        111.237434919402     
  0.997000000000000        111.388909200143     
  0.998000000000000        111.541356914182     
  0.999000000000000        111.692778097006     
   1.00000000000000        111.845172784019     
   1.00100000000000        111.997541010543     
   1.00200000000000        112.149882811818     
   1.00300000000000        112.302198223001     
   1.00400000000000        112.454487279167     
   1.00500000000000        112.607750015312     
   1.00600000000000        112.759986466348     
   1.00700000000000        112.913196667107     
   1.00800000000000        113.066380652341     
   1.00900000000000        113.219538456719     
   1.01000000000000        113.372670114834     
