0.1000E-01  0.1383E+03  0.1554E-01  0.2011E+02  0.4878E-01  0.1438E+01
0.2000E-01  0.1396E+03  0.4304E-01  0.2935E+02  0.5893E-01  0.1515E+01
0.3000E-01  0.1405E+03  0.8084E-01  0.3875E+02  0.6772E-01  0.1598E+01
0.4000E-01  0.1414E+03  0.1293E+00  0.4849E+02  0.7575E-01  0.1667E+01
0.5000E-01  0.1422E+03  0.1887E+00  0.5853E+02  0.8322E-01  0.1723E+01
0.6000E-01  0.1429E+03  0.2595E+00  0.6889E+02  0.9029E-01  0.1770E+01
0.7000E-01  0.1436E+03  0.3420E+00  0.7967E+02  0.9710E-01  0.1812E+01
0.8000E-01  0.1443E+03  0.4367E+00  0.9101E+02  0.1038E+00  0.1852E+01
0.9000E-01  0.1450E+03  0.5445E+00  0.1031E+03  0.1104E+00  0.1893E+01
0.1000E+00  0.1456E+03  0.6661E+00  0.1161E+03  0.1172E+00  0.1937E+01
0.1100E+00  0.1463E+03  0.8029E+00  0.1303E+03  0.1242E+00  0.1983E+01
0.1200E+00  0.1470E+03  0.9562E+00  0.1458E+03  0.1314E+00  0.2033E+01
0.1300E+00  0.1476E+03  0.1128E+01  0.1629E+03  0.1389E+00  0.2087E+01
0.1400E+00  0.1483E+03  0.1319E+01  0.1818E+03  0.1467E+00  0.2145E+01
0.1500E+00  0.1490E+03  0.1532E+01  0.2027E+03  0.1549E+00  0.2205E+01
0.1600E+00  0.1497E+03  0.1770E+01  0.2257E+03  0.1634E+00  0.2267E+01
0.1700E+00  0.1504E+03  0.2035E+01  0.2511E+03  0.1724E+00  0.2331E+01
0.1800E+00  0.1511E+03  0.2329E+01  0.2789E+03  0.1817E+00  0.2395E+01
0.1900E+00  0.1518E+03  0.2656E+01  0.3092E+03  0.1913E+00  0.2458E+01
0.2000E+00  0.1526E+03  0.3017E+01  0.3423E+03  0.2013E+00  0.2521E+01
0.2100E+00  0.1533E+03  0.3417E+01  0.3780E+03  0.2115E+00  0.2581E+01
0.2200E+00  0.1541E+03  0.3858E+01  0.4166E+03  0.2220E+00  0.2640E+01
0.2300E+00  0.1549E+03  0.4344E+01  0.4581E+03  0.2328E+00  0.2695E+01
0.2400E+00  0.1557E+03  0.4877E+01  0.5024E+03  0.2438E+00  0.2747E+01
0.2500E+00  0.1566E+03  0.5462E+01  0.5496E+03  0.2550E+00  0.2795E+01
0.2600E+00  0.1575E+03  0.6100E+01  0.5996E+03  0.2664E+00  0.2840E+01
0.2700E+00  0.1584E+03  0.6795E+01  0.6524E+03  0.2778E+00  0.2880E+01
0.2800E+00  0.1594E+03  0.7550E+01  0.7079E+03  0.2894E+00  0.2917E+01
0.2900E+00  0.1603E+03  0.8369E+01  0.7660E+03  0.3011E+00  0.2949E+01
0.3000E+00  0.1613E+03  0.9254E+01  0.8267E+03  0.3128E+00  0.2978E+01
0.3100E+00  0.1624E+03  0.1021E+02  0.8899E+03  0.3245E+00  0.3003E+01
0.3200E+00  0.1635E+03  0.1123E+02  0.9553E+03  0.3362E+00  0.3024E+01
0.3300E+00  0.1646E+03  0.1233E+02  0.1023E+04  0.3479E+00  0.3042E+01
0.3400E+00  0.1657E+03  0.1351E+02  0.1093E+04  0.3596E+00  0.3056E+01
0.3500E+00  0.1669E+03  0.1476E+02  0.1164E+04  0.3711E+00  0.3067E+01
0.3600E+00  0.1681E+03  0.1609E+02  0.1237E+04  0.3826E+00  0.3075E+01
0.3700E+00  0.1694E+03  0.1751E+02  0.1312E+04  0.3940E+00  0.3080E+01
0.3800E+00  0.1707E+03  0.1901E+02  0.1388E+04  0.4052E+00  0.3082E+01
0.3900E+00  0.1720E+03  0.2059E+02  0.1465E+04  0.4163E+00  0.3082E+01
0.4000E+00  0.1734E+03  0.2226E+02  0.1543E+04  0.4273E+00  0.3080E+01
0.4100E+00  0.1748E+03  0.2402E+02  0.1621E+04  0.4380E+00  0.3075E+01
0.4200E+00  0.1763E+03  0.2587E+02  0.1701E+04  0.4486E+00  0.3068E+01
0.4300E+00  0.1778E+03  0.2780E+02  0.1781E+04  0.4590E+00  0.3060E+01
0.4400E+00  0.1793E+03  0.2982E+02  0.1860E+04  0.4692E+00  0.3050E+01
0.4500E+00  0.1808E+03  0.3194E+02  0.1940E+04  0.4792E+00  0.3038E+01
0.4600E+00  0.1824E+03  0.3414E+02  0.2020E+04  0.4890E+00  0.3025E+01
0.4700E+00  0.1841E+03  0.3643E+02  0.2100E+04  0.4985E+00  0.3011E+01
0.4800E+00  0.1857E+03  0.3880E+02  0.2179E+04  0.5078E+00  0.2995E+01
0.4900E+00  0.1874E+03  0.4127E+02  0.2258E+04  0.5169E+00  0.2979E+01
0.5000E+00  0.1892E+03  0.4382E+02  0.2337E+04  0.5258E+00  0.2962E+01
0.5100E+00  0.1909E+03  0.4646E+02  0.2414E+04  0.5345E+00  0.2945E+01
0.5200E+00  0.1927E+03  0.4919E+02  0.2491E+04  0.5430E+00  0.2927E+01
0.5300E+00  0.1946E+03  0.5200E+02  0.2568E+04  0.5513E+00  0.2908E+01
0.5400E+00  0.1964E+03  0.5489E+02  0.2644E+04  0.5593E+00  0.2890E+01
0.5500E+00  0.1983E+03  0.5787E+02  0.2719E+04  0.5673E+00  0.2871E+01
0.5600E+00  0.2003E+03  0.6093E+02  0.2794E+04  0.5750E+00  0.2853E+01
0.5700E+00  0.2022E+03  0.6408E+02  0.2869E+04  0.5827E+00  0.2835E+01
0.5800E+00  0.2042E+03  0.6731E+02  0.2944E+04  0.5902E+00  0.2818E+01
0.5900E+00  0.2062E+03  0.7062E+02  0.3018E+04  0.5976E+00  0.2802E+01
0.6000E+00  0.2083E+03  0.7402E+02  0.3093E+04  0.6050E+00  0.2786E+01
0.6100E+00  0.2103E+03  0.7750E+02  0.3169E+04  0.6124E+00  0.2772E+01
0.6200E+00  0.2124E+03  0.8106E+02  0.3246E+04  0.6198E+00  0.2759E+01
0.6300E+00  0.2146E+03  0.8471E+02  0.3325E+04  0.6273E+00  0.2747E+01
0.6400E+00  0.2167E+03  0.8845E+02  0.3405E+04  0.6348E+00  0.2738E+01
0.6500E+00  0.2189E+03  0.9228E+02  0.3489E+04  0.6425E+00  0.2730E+01
0.6600E+00  0.2211E+03  0.9620E+02  0.3575E+04  0.6504E+00  0.2725E+01
0.6700E+00  0.2233E+03  0.1002E+03  0.3666E+04  0.6586E+00  0.2723E+01
0.6800E+00  0.2255E+03  0.1044E+03  0.3761E+04  0.6671E+00  0.2723E+01
0.6900E+00  0.2278E+03  0.1086E+03  0.3862E+04  0.6760E+00  0.2727E+01
0.7000E+00  0.2301E+03  0.1129E+03  0.3969E+04  0.6853E+00  0.2733E+01
0.7100E+00  0.2324E+03  0.1174E+03  0.4084E+04  0.6952E+00  0.2744E+01
0.7200E+00  0.2348E+03  0.1220E+03  0.4207E+04  0.7056E+00  0.2759E+01
0.7300E+00  0.2371E+03  0.1268E+03  0.4341E+04  0.7167E+00  0.2778E+01
0.7400E+00  0.2395E+03  0.1317E+03  0.4485E+04  0.7285E+00  0.2801E+01
0.7500E+00  0.2419E+03  0.1367E+03  0.4642E+04  0.7412E+00  0.2829E+01
0.7600E+00  0.2444E+03  0.1420E+03  0.4813E+04  0.7547E+00  0.2863E+01
0.7700E+00  0.2468E+03  0.1474E+03  0.4999E+04  0.7692E+00  0.2901E+01
0.7800E+00  0.2493E+03  0.1531E+03  0.5203E+04  0.7847E+00  0.2945E+01
0.7900E+00  0.2519E+03  0.1590E+03  0.5426E+04  0.8013E+00  0.2995E+01
0.8000E+00  0.2544E+03  0.1652E+03  0.5670E+04  0.8191E+00  0.3051E+01
0.8100E+00  0.2570E+03  0.1716E+03  0.5936E+04  0.8382E+00  0.3113E+01
0.8200E+00  0.2597E+03  0.1784E+03  0.6228E+04  0.8585E+00  0.3181E+01
0.8300E+00  0.2623E+03  0.1855E+03  0.6548E+04  0.8802E+00  0.3256E+01
0.8400E+00  0.2651E+03  0.1929E+03  0.6897E+04  0.9034E+00  0.3336E+01
0.8500E+00  0.2678E+03  0.2008E+03  0.7278E+04  0.9281E+00  0.3423E+01
0.8600E+00  0.2706E+03  0.2091E+03  0.7695E+04  0.9542E+00  0.3516E+01
0.8700E+00  0.2735E+03  0.2179E+03  0.8149E+04  0.9820E+00  0.3615E+01
0.8800E+00  0.2764E+03  0.2272E+03  0.8645E+04  0.1011E+01  0.3720E+01
0.8900E+00  0.2793E+03  0.2371E+03  0.9184E+04  0.1042E+01  0.3830E+01
0.9000E+00  0.2824E+03  0.2477E+03  0.9770E+04  0.1075E+01  0.3945E+01
0.9100E+00  0.2855E+03  0.2589E+03  0.1041E+05  0.1110E+01  0.4065E+01
0.9200E+00  0.2886E+03  0.2708E+03  0.1110E+05  0.1146E+01  0.4189E+01
0.9300E+00  0.2919E+03  0.2836E+03  0.1185E+05  0.1184E+01  0.4318E+01
0.9400E+00  0.2952E+03  0.2972E+03  0.1266E+05  0.1224E+01  0.4449E+01
0.9500E+00  0.2986E+03  0.3117E+03  0.1354E+05  0.1266E+01  0.4584E+01
0.9600E+00  0.3021E+03  0.3273E+03  0.1448E+05  0.1309E+01  0.4721E+01
0.9700E+00  0.3057E+03  0.3439E+03  0.1551E+05  0.1355E+01  0.4859E+01
0.9800E+00  0.3094E+03  0.3618E+03  0.1661E+05  0.1402E+01  0.4999E+01
0.9900E+00  0.3132E+03  0.3809E+03  0.1779E+05  0.1451E+01  0.5139E+01
0.1000E+01  0.3172E+03  0.4013E+03  0.1907E+05  0.1502E+01  0.5279E+01
