    0.020    25.18     0.00     4.28     4.49
    0.030    31.89     0.00     4.69     5.05
    0.040    38.14     0.00     5.06     5.61
    0.050    43.96     0.00     5.41     6.19
    0.060    49.39     0.00     5.76     6.79
    0.070    54.45     0.00     6.11     7.42
    0.080    59.17     0.00     6.47     8.07
    0.090    63.59     0.00     6.86     8.76
    0.100    67.72     0.00     7.29     9.48
    0.110    71.61     0.00     7.76    10.25
    0.120    75.27     0.00     8.27    11.06
    0.130    78.73     0.00     8.84    11.92
    0.140    81.91   107.81     9.41    12.83
    0.150    84.82   110.18     9.99    13.80
    0.160    87.56   112.42    10.61    14.81
    0.170    90.14   114.55    11.28    15.89
    0.180    92.60   116.59    12.02    17.02
    0.190    94.95   118.56    12.82    18.21
    0.200    97.21   120.46    13.69    19.46
    0.210    99.54   122.43    14.63    20.82
    0.220   101.79   124.34    15.63    22.25
    0.230   103.97   126.20    16.70    23.74
    0.240   106.09   128.02    17.84    25.29
    0.250   108.15   129.80    19.04    26.90
    0.260   110.16   131.54    20.31    28.57
    0.270   112.11   133.23    21.64    30.29
    0.280   114.02   134.90    23.03    32.08
    0.290   115.89   136.53    24.48    33.93
    0.300   117.72   138.13    25.99    35.82
    0.310   119.52   139.71    27.56    37.77
    0.320   121.29   141.27    29.17    39.78
    0.330   123.02   142.80    30.85    41.83
    0.340   124.72   144.31    32.58    43.94
    0.350   126.39   145.79    34.36    46.09
    0.360   128.03   147.25    36.20    48.30
    0.370   129.64   148.69    38.08    50.56
    0.380   131.22   150.10    40.02    52.86
    0.390   132.78   151.50    42.01    55.21
    0.400   134.31   152.88    44.05    57.60
    0.410   135.83   154.24    46.12    60.03
    0.420   137.32   155.58    48.24    62.50
    0.430   138.79   156.91    50.41    65.02
    0.440   140.23   158.21    52.62    67.58
    0.450   141.66   159.51    54.88    70.18
    0.460   143.07   160.78    57.17    72.82
    0.470   144.46   162.04    59.51    75.49
    0.480   145.83   163.29    61.89    78.21
    0.490   147.18   164.52    64.31    80.96
    0.500   148.52   165.74    66.77    83.75
    0.510   149.84   166.94    69.26    86.56
    0.520   151.15   168.14    71.78    89.42
    0.530   152.44   169.32    74.34    92.31
    0.540   153.71   170.49    76.94    95.23
    0.550   154.97   171.64    79.58    98.18
    0.560   156.22   172.79    82.24   101.17
    0.570   157.45   173.92    84.94   104.18
    0.580   158.67   175.04    87.68   107.23
    0.590   159.88   176.15    90.44   110.30
    0.600   161.07   177.25    93.24   113.41
    0.610   162.25   178.34    96.06   116.54
    0.620   163.42   179.42    98.91   119.70
    0.630   164.58   180.49   101.80   122.89
    0.640   165.73   181.55   104.71   126.10
    0.650   166.86   182.60   107.65   129.34
    0.660   167.99   183.65   110.61   132.61
    0.670   169.11   184.68   113.61   135.90
    0.680   170.21   185.71   116.63   139.21
    0.690   171.30   186.72   119.68   142.55
    0.700   172.39   187.73   122.75   145.92
    0.710   173.47   188.73   125.84   149.30
    0.720   174.53   189.72   128.96   152.71
    0.730   175.59   190.71   132.11   156.14
    0.740   176.63   191.68   135.27   159.59
    0.750   177.67   192.65   138.46   163.07
    0.760   178.70   193.61   141.68   166.56
    0.770   179.73   194.57   144.91   170.08
    0.780   180.74   195.51   148.17   173.62
    0.790   181.75   196.46   151.45   177.18
    0.800   182.74   197.39   154.75   180.75
    0.810   183.74   198.32   158.07   184.34
    0.820   184.72   199.24   161.41   187.96
    0.830   185.69   200.15   164.77   191.59
    0.840   186.66   201.06   168.14   195.24
    0.850   187.62   201.96   171.54   198.91
    0.860   188.58   202.86   174.96   202.59
    0.870   189.52   203.74   178.39   206.29
    0.880   190.47   204.63   181.85   210.01
    0.890   191.40   205.51   185.32   213.75
    0.900   192.33   206.38   188.81   217.50
    0.910   193.25   207.24   192.31   221.27
    0.920   194.16   208.11   195.84   225.05
    0.930   195.07   208.96   199.37   228.85
    0.940   195.97   209.81   202.93   232.66
    0.950   196.87   210.66   206.50   236.50
    0.960   197.76   211.49   210.09   240.34
    0.970   198.65   212.33   213.69   244.20
    0.980   199.52   213.16   217.31   248.07
    0.990   200.40   213.99   220.94   251.96
    1.000   201.27   214.81   224.59   255.86
    1.010   202.13   215.62   228.25   259.77
    1.020   202.99   216.43   231.93   263.70
    1.030   203.84   217.24   235.62   267.63
    1.040   204.69   218.04   239.32   271.59
    1.050   205.53   218.83   243.04   275.55
    1.060   206.36   219.63   246.77   279.53
    1.070   207.20   220.42   250.51   283.52
    1.080   208.02   221.20   254.27   287.52
    1.090   208.84   221.98   258.04   291.53
    1.100   209.66   222.75   261.82   295.55
    1.110   210.47   223.52   265.62   299.59
    1.120   211.29   224.29   269.43   303.64
    1.130   212.09   225.06   273.24   307.70
    1.140   212.88   225.81   277.07   311.76
    1.150   213.68   226.57   280.92   315.84
    1.160   214.47   227.32   284.77   319.93
    1.170   215.26   228.06   288.63   324.03
    1.180   216.04   228.81   292.51   328.15
    1.190   216.82   229.55   296.40   332.26
    1.200   217.60   230.29   300.30   336.40
    1.210   218.37   231.02   304.20   340.54
    1.220   219.13   231.75   308.12   344.69
    1.230   219.89   232.47   312.05   348.85
    1.240   220.65   233.20   315.99   353.02
    1.250   221.41   233.92   319.94   357.20
    1.260   222.15   234.63   323.90   361.38
    1.270   222.90   235.34   327.87   365.58
    1.280   223.65   236.05   331.84   369.78
    1.290   224.39   236.75   335.83   373.99
    1.300   225.12   237.45   339.83   378.21
