    0.020    20.28     0.00     3.63     3.72
    0.030    26.48     0.00     4.58     4.75
    0.040    32.20     0.00     5.43     5.71
    0.050    37.49     0.00     6.20     6.61
    0.060    42.37     0.00     6.90     7.46
    0.070    46.88     0.00     7.54     8.26
    0.080    51.06     0.00     8.13     9.01
    0.090    54.94     0.00     8.67     9.73
    0.100    58.55     0.00     9.19    10.41
    0.110    61.93     0.00     9.68    11.07
    0.120    65.08     0.00    10.14    11.70
    0.130    68.05     0.00    10.60    12.32
    0.140    70.86     0.00    11.05    12.93
    0.150    73.52     0.00    11.49    13.52
    0.160    76.06     0.00    11.94    14.12
    0.170    78.50     0.00    12.39    14.72
    0.180    80.82   106.94    12.83    15.32
    0.190    83.01   108.71    13.24    15.93
    0.200    85.14   110.44    13.65    16.56
    0.210    87.53   112.39    14.04    17.24
    0.220    89.84   114.30    14.44    17.94
    0.230    92.09   116.17    14.86    18.66
    0.240    94.28   118.00    15.30    19.41
    0.250    96.42   119.79    15.76    20.18
    0.260    98.50   121.55    16.23    20.98
    0.270   100.54   123.28    16.72    21.79
    0.280   102.53   124.98    17.23    22.62
    0.290   104.49   126.65    17.75    23.47
    0.300   106.40   128.29    18.29    24.34
    0.310   108.29   129.92    18.85    25.22
    0.320   110.14   131.52    19.42    26.12
    0.330   111.95   133.10    20.00    27.04
    0.340   113.75   134.66    20.60    27.97
    0.350   115.31   136.02    21.26    28.90
    0.360   115.08   135.82    22.34    29.70
    0.370   114.81   135.58    23.37    30.45
    0.380   114.49   135.30    24.35    31.15
    0.390   114.12   134.98    25.30    31.82
    0.400   113.69   134.60    26.21    32.45
    0.410   113.06   134.05    27.12    33.05
    0.420   112.33   133.42    28.01    33.63
    0.430   111.54   132.73    28.90    34.20
    0.440   110.70   132.01    29.78    34.78
    0.450   109.86   131.27    30.64    35.35
    0.460   109.02   130.55    31.50    35.94
    0.470   108.23   129.86    32.35    36.54
    0.480   107.48   129.22    33.19    37.16
    0.490   106.80   128.63    34.01    37.78
    0.500   106.18   128.10    34.83    38.42
    0.510   105.96   127.91    35.59    39.07
    0.520   105.78   127.76    36.34    39.73
    0.530   105.63   127.63    37.09    40.39
    0.540   105.49   127.51    37.83    41.05
    0.550   105.35   127.38    38.58    41.71
    0.560   105.19   127.25    39.32    42.38
    0.570   105.01   127.10    40.06    43.04
    0.580   104.80   126.92    40.81    43.71
    0.590   104.55   126.70    41.55    44.37
    0.600   104.25   126.44    42.30    45.03
    0.610   103.68   125.96    43.07    45.68
    0.620   103.08   125.45    43.83    46.33
    0.630   102.45   124.91    44.59    46.97
    0.640   101.80   124.35    45.34    47.62
    0.650   101.12   123.77    46.09    48.26
    0.660   100.42   123.18    46.83    48.89
    0.670    99.70   122.57    47.57    49.53
    0.680    98.98   121.95    48.30    50.16
    0.690    98.24   121.33    49.03    50.79
    0.700    97.49   120.69    49.75    51.42
    0.710    96.75   120.07    50.47    52.06
    0.720    95.99   119.43    51.19    52.69
    0.730    95.21   118.78    51.90    53.32
    0.740    94.42   118.12    52.61    53.95
    0.750    93.62   117.44    53.31    54.58
    0.760    92.80   116.76    54.01    55.20
    0.770    91.97   116.07    54.69    55.82
    0.780    91.14   115.38    55.37    56.44
    0.790    90.30   114.68    56.05    57.04
    0.800    89.46   113.99    56.71    57.65
    0.810    88.66   113.32    57.33    58.22
    0.820    87.85   112.66    57.96    58.79
    0.830    87.05   112.00    58.58    59.37
    0.840    86.25   111.35    59.21    59.95
    0.850    85.46   110.70    59.84    60.54
    0.860    84.67   110.05    60.48    61.14
    0.870    83.89   109.42    61.14    61.76
    0.880    83.11   108.79    61.80    62.38
    0.890    82.35   108.17    62.47    63.02
    0.900    81.59   107.56    63.15    63.67
    0.910    80.89   106.99    63.87    64.37
    0.920    80.20   106.44    64.59    65.06
    0.930    79.53   105.90    65.32    65.76
    0.940    78.86     0.00    66.03    66.46
    0.950    78.20     0.00    66.74    67.15
    0.960    77.53     0.00    67.44    67.84
    0.970    76.87     0.00    68.14    68.51
    0.980    76.21     0.00    68.82    69.18
    0.990    75.53     0.00    69.49    69.83
    1.000    74.85     0.00    70.15    70.48
    1.010    74.03     0.00    70.74    71.05
    1.020    73.21     0.00    71.32    71.61
    1.030    72.38     0.00    71.89    72.17
    1.040    71.56     0.00    72.46    72.73
    1.050    70.74     0.00    73.03    73.28
    1.060    69.94     0.00    73.60    73.83
    1.070    69.15     0.00    74.17    74.39
    1.080    68.40     0.00    74.74    74.96
    1.090    67.68     0.00    75.33    75.53
    1.100    67.06     0.00    75.94    76.13
    1.110    66.65     0.00    76.63    76.82
    1.120    66.27     0.00    77.34    77.51
    1.130    65.91     0.00    78.05    78.22
    1.140    65.57     0.00    78.77    78.94
    1.150    65.23     0.00    79.49    79.66
    1.160    64.91     0.00    80.22    80.38
    1.170    64.58     0.00    80.95    81.10
    1.180    64.24     0.00    81.68    81.83
    1.190    63.89     0.00    82.40    82.55
    1.200    63.52     0.00    83.12    83.26
    1.210    63.12     0.00    83.84    83.97
    1.220    62.68     0.00    84.54    84.68
    1.230    62.20     0.00    85.24    85.37
    1.240    61.66     0.00    85.93    86.06
    1.250    61.06     0.00    86.62    86.73
    1.260    60.39     0.00    87.29    87.40
    1.270    59.64     0.00    87.95    88.06
    1.280    58.79     0.00    88.60    88.70
    1.290    57.83     0.00    89.24    89.33
    1.300    56.77     0.00    89.87    89.96
