    0.020    20.28     0.00     3.63     3.72
    0.030    26.48     0.00     4.58     4.75
    0.040    32.20     0.00     5.43     5.71
    0.050    37.49     0.00     6.20     6.61
    0.060    42.37     0.00     6.90     7.46
    0.070    46.88     0.00     7.54     8.26
    0.080    51.06     0.00     8.13     9.01
    0.090    54.94     0.00     8.67     9.73
    0.100    58.55     0.00     9.19    10.41
    0.110    61.93     0.00     9.68    11.07
    0.120    65.08     0.00    10.14    11.70
    0.130    68.05     0.00    10.60    12.32
    0.140    70.86     0.00    11.05    12.93
    0.150    73.52     0.00    11.49    13.52
    0.160    76.06     0.00    11.94    14.12
    0.170    78.50     0.00    12.39    14.72
    0.180    80.82   106.94    12.83    15.32
    0.190    83.01   108.71    13.24    15.93
    0.200    85.14   110.44    13.65    16.56
    0.210    87.48   112.36    14.08    17.27
    0.220    89.77   114.24    14.51    17.98
    0.230    92.00   116.10    14.94    18.72
    0.240    94.19   117.92    15.38    19.47
    0.250    96.33   119.72    15.83    20.24
    0.260    98.43   121.49    16.30    21.03
    0.270   100.48   123.23    16.78    21.83
    0.280   102.50   124.94    17.27    22.65
    0.290   104.47   126.63    17.77    23.48
    0.300   106.40   128.29    18.29    24.34
    0.310   108.29   129.92    18.85    25.22
    0.320   110.14   131.52    19.42    26.12
    0.330   111.95   133.10    20.00    27.04
    0.340   113.75   134.66    20.60    27.97
    0.350   115.51   136.20    21.21    28.91
    0.360   117.25   137.72    21.83    29.87
    0.370   118.97   139.23    22.47    30.84
    0.380   120.66   140.72    23.11    31.83
    0.390   122.33   142.20    23.77    32.82
    0.400   123.99   143.66    24.43    33.83
    0.410   125.63   145.12    25.10    34.84
    0.420   127.26   146.57    25.77    35.86
    0.430   128.87   148.00    26.45    36.90
    0.440   130.46   149.42    27.15    37.94
    0.450   132.03   150.83    27.85    38.99
    0.460   133.59   152.23    28.56    40.06
    0.470   135.13   153.61    29.28    41.13
    0.480   136.65   154.98    30.01    42.22
    0.490   138.17   156.35    30.75    43.31
    0.500   139.67   157.70    31.49    44.42
    0.510   141.16   159.05    32.25    45.53
    0.520   142.64   160.39    33.01    46.66
    0.530   144.11   161.73    33.77    47.79
    0.540   145.58   163.06    34.55    48.94
    0.550   147.03   164.38    35.33    50.09
    0.560   148.48   165.70    36.12    51.26
    0.570   149.91   167.01    36.91    52.43
    0.580   151.34   168.31    37.72    53.62
    0.590   152.75   169.60    38.53    54.81
    0.600   154.15   170.88    39.35    56.01
    0.610   155.49   172.11    40.20    57.22
    0.620   156.82   173.33    41.05    58.43
    0.630   158.13   174.54    41.92    59.65
    0.640   159.43   175.74    42.79    60.88
    0.650   160.71   176.92    43.67    62.11
    0.660   161.99   178.10    44.56    63.35
    0.670   163.26   179.27    45.45    64.60
    0.680   164.53   180.44    46.34    65.85
    0.690   165.79   181.61    47.24    67.11
    0.700   167.05   182.77    48.14    68.37
    0.710   168.38   184.01    49.01    69.66
    0.720   169.71   185.24    49.89    70.95
    0.730   171.04   186.47    50.77    72.25
    0.740   172.36   187.71    51.65    73.55
    0.750   173.68   188.93    52.53    74.85
    0.760   175.00   190.16    53.41    76.16
    0.770   176.30   191.37    54.29    77.48
    0.780   177.60   192.58    55.18    78.79
    0.790   178.88   193.78    56.07    80.11
    0.800   180.15   194.96    56.96    81.42
    0.810   181.37   196.10    57.85    82.71
    0.820   182.57   197.23    58.74    84.00
    0.830   183.76   198.34    59.63    85.29
    0.840   184.93   199.44    60.54    86.58
    0.850   186.08   200.51    61.45    87.87
    0.860   187.22   201.58    62.37    89.16
    0.870   188.34   202.63    63.29    90.46
    0.880   189.45   203.67    64.23    91.76
    0.890   190.54   204.69    65.17    93.06
    0.900   191.61   205.71    66.12    94.37
    0.910   192.66   206.69    67.11    95.69
    0.920   193.69   207.66    68.10    97.02
    0.930   194.71   208.62    69.11    98.36
    0.940   195.72   209.57    70.12    99.69
    0.950   196.72   210.52    71.14   101.04
    0.960   197.70   211.44    72.17   102.38
    0.970   198.68   212.37    73.20   103.73
    0.980   199.65   213.28    74.24   105.09
    0.990   200.61   214.19    75.29   106.44
    1.000   201.57   215.09    76.34   107.80
    1.010   202.51   215.99    77.39   109.16
    1.020   203.46   216.88    78.45   110.53
    1.030   204.40   217.77    79.51   111.89
    1.040   205.34   218.65    80.57   113.26
    1.050   206.27   219.54    81.63   114.64
    1.060   207.20   220.42    82.69   116.01
    1.070   208.13   221.30    83.76   117.39
    1.080   209.06   222.18    84.83   118.77
    1.090   209.98   223.05    85.90   120.15
    1.100   210.90   223.93    86.97   121.54
    1.110   211.82   224.80    88.03   122.92
    1.120   212.74   225.67    89.10   124.31
    1.130   213.65   226.54    90.18   125.70
    1.140   214.56   227.40    91.25   127.09
    1.150   215.46   228.26    92.32   128.48
    1.160   216.35   229.10    93.40   129.86
    1.170   217.24   229.95    94.48   131.25
    1.180   218.11   230.78    95.56   132.64
    1.190   218.97   231.60    96.65   134.02
    1.200   219.83   232.41    97.74   135.41
    1.210   220.68   233.22    98.83   136.79
    1.220   221.52   234.02    99.92   138.17
    1.230   222.35   234.81   101.02   139.56
    1.240   223.17   235.59   102.12   140.93
    1.250   223.98   236.37   103.22   142.31
    1.260   224.77   237.13   104.33   143.68
    1.270   225.57   237.88   105.44   145.06
    1.280   226.34   238.62   106.55   146.42
    1.290   227.12   239.36   107.67   147.80
    1.300   227.87   240.08   108.78   149.16
