Companeros de lucha!
no cambia mucho con el pot ncsf a.

Aqui estan los resuldados en materia beta-stabile por
la versio' a del nijmegen pot. 

But first, thanks a lot again for the nice stay 
in Barcelona. Fue una visita mol agraidable, y
gracias una otra vez por todo.

Bueno, the results for version a are included below,
together with those from the e version.

I'll send you need a new draft for the manuscript as
soon as possible, but most likely not before Artur leaves
for Granada.

A presto, y un gran abrazo
martino
    
pot nscf a

    densita                             E/A
    0.300   110.45   131.79    29.03    36.28
    0.310   109.87   131.28    31.35    38.19
    0.320   109.23   130.73    33.64    40.08
    0.330   108.53   130.13    35.89    41.95
    0.340   107.79   129.49    38.11    43.79
    0.350   107.00   128.81    40.30    45.62
    0.360   106.16   128.08    42.45    47.43
    0.370   105.28   127.33    44.57    49.23
    0.380   104.35   126.53    46.68    51.01
    0.390   103.38   125.70    48.74    52.78
    0.400   102.37   124.84    50.79    54.53
    0.410   101.24   123.87    52.79    56.25
    0.420   100.09   122.89    54.78    57.96
    0.430    98.92   121.90    56.75    59.68
    0.440    97.73   120.90    58.69    61.39
    0.450    96.54   119.89    60.63    63.11
    0.460    95.34   118.88    62.56    64.83
    0.470    94.14   117.88    64.47    66.55
    0.480    92.93   116.87    66.37    68.28
    0.490    91.72   115.86    68.27    70.01
    0.500    90.50   114.85    70.16    71.75
    0.510    89.35   113.89    72.05    73.51
    0.520    88.17   112.93    73.93    75.27
    0.530    86.98   111.94    75.80    77.03
    0.540    85.75   110.94    77.68    78.80
    0.550    84.50   109.92    79.54    80.56
    0.560    83.22   108.88    81.40    82.32
    0.570    81.91   107.82    83.25    84.09
    0.580    80.57   106.74    85.10    85.86
    0.590    79.20     0.00    86.93    87.63
    0.600    77.81     0.00    88.77    89.41
    0.610    76.38     0.00    90.60    91.18
    0.620    74.98     0.00    92.43    92.96
    0.630    73.81     0.00    94.26    94.76
    0.640    72.63     0.00    96.08    96.54
    0.650    71.46     0.00    97.90    98.32
    0.660    70.29     0.00    99.70   100.08
    0.670    69.12     0.00   101.49   101.84
    0.680    67.95     0.00   103.27   103.60
    0.690    66.77     0.00   105.02   105.32
    0.700    65.59     0.00   106.75   107.02
    0.710    64.42     0.00   108.47   108.72
    0.720    63.25     0.00   110.19   110.42
    0.730    62.10     0.00   111.90   112.11
    0.740    60.95     0.00   113.61   113.80
    0.750    59.81     0.00   115.31   115.48
    0.760    58.68     0.00   116.99   117.15
    0.770    57.55     0.00   118.69   118.84
    0.780    56.44     0.00   120.37   120.50
    0.790    55.33     0.00   122.04   122.17
    0.800    54.22     0.00   123.71   123.82
    0.810    53.09     0.00   125.34   125.44
    0.820    51.97     0.00   126.99   127.08
    0.830    50.87     0.00   128.63   128.71
    0.840    49.80     0.00   130.27   130.35
    0.850    48.76     0.00   131.92   131.99
    0.860    47.76     0.00   133.58   133.65
    0.870    46.80     0.00   135.25   135.30
    0.880    45.88     0.00   136.92   136.97
    0.890    45.00     0.00   138.61   138.66
    0.900    44.15     0.00   140.29   140.33
    0.910    43.28     0.00   141.93   141.97
    0.920    42.39     0.00   143.55   143.59
    0.930    41.48     0.00   145.13   145.16
    0.940    40.56     0.00   146.68   146.71
    0.950    39.61     0.00   148.20   148.23
    0.960    38.64     0.00   149.68   149.70
    0.970    37.65     0.00   151.12   151.14
    0.980    36.65     0.00   152.54   152.55
    0.990    35.66     0.00   153.92   153.94
    1.000    34.67     0.00   155.29   155.31



************   version e

density       e/a

0.200000E-01  0.449000E+01
0.300000E-01  0.505000E+01
0.400000E-01  0.561000E+01
0.500000E-01  0.619000E+01
0.600000E-01  0.679000E+01
0.700000E-01  0.742000E+01
0.800000E-01  0.807000E+01
0.900000E-01  0.876000E+01
0.100000E+00  0.948000E+01
0.110000E+00  0.102500E+02
0.120000E+00  0.110600E+02
0.130000E+00  0.119200E+02
0.140000E+00  0.128300E+02
0.150000E+00  0.138000E+02
0.160000E+00  0.148100E+02
0.170000E+00  0.158900E+02
0.180000E+00  0.170200E+02
0.190000E+00  0.182100E+02
0.200000E+00  0.194600E+02
0.210000E+00  0.208300E+02
0.220000E+00  0.222600E+02
0.230000E+00  0.237500E+02
0.240000E+00  0.253000E+02
0.250000E+00  0.269100E+02
0.260000E+00  0.285800E+02
0.270000E+00  0.303300E+02
0.280000E+00  0.323800E+02
0.290000E+00  0.343700E+02
0.300000E+00  0.363200E+02
0.310000E+00  0.382500E+02
0.320000E+00  0.401400E+02
0.330000E+00  0.420000E+02
0.340000E+00  0.438400E+02
0.350000E+00  0.456600E+02
0.360000E+00  0.474500E+02
0.370000E+00  0.492200E+02
0.380000E+00  0.509800E+02
0.390000E+00  0.527200E+02
0.400000E+00  0.544400E+02
0.410000E+00  0.561200E+02
0.420000E+00  0.578000E+02
0.430000E+00  0.594600E+02
0.440000E+00  0.611300E+02
0.450000E+00  0.628000E+02
0.460000E+00  0.644600E+02
0.470000E+00  0.661300E+02
0.480000E+00  0.678000E+02
0.490000E+00  0.694700E+02
0.500000E+00  0.711500E+02
0.510000E+00  0.728300E+02
0.520000E+00  0.745100E+02
0.530000E+00  0.761900E+02
0.540000E+00  0.778700E+02
0.550000E+00  0.795500E+02
0.560000E+00  0.812300E+02
0.570000E+00  0.829000E+02
0.580000E+00  0.845700E+02
0.590000E+00  0.862500E+02
0.600000E+00  0.879200E+02
0.610000E+00  0.895900E+02
0.620000E+00  0.912600E+02
0.630000E+00  0.929300E+02
0.640000E+00  0.946000E+02
0.650000E+00  0.962800E+02
0.660000E+00  0.979600E+02
0.670000E+00  0.996300E+02
0.680000E+00  0.101300E+03
0.690000E+00  0.102950E+03
0.700000E+00  0.104600E+03
0.710000E+00  0.106240E+03
0.720000E+00  0.107890E+03
0.730000E+00  0.109530E+03
0.740000E+00  0.111180E+03
0.750000E+00  0.112820E+03
0.760000E+00  0.114460E+03
0.770000E+00  0.116090E+03
0.780000E+00  0.117700E+03
0.790000E+00  0.119300E+03
0.800000E+00  0.120880E+03
0.810000E+00  0.122320E+03
0.820000E+00  0.123750E+03
0.830000E+00  0.125170E+03
0.840000E+00  0.126610E+03
0.850000E+00  0.128060E+03
0.860000E+00  0.129550E+03
0.870000E+00  0.131060E+03
0.880000E+00  0.132620E+03
0.890000E+00  0.134210E+03
0.900000E+00  0.135830E+03
0.910000E+00  0.137560E+03
0.920000E+00  0.139300E+03
0.930000E+00  0.141040E+03
0.940000E+00  0.142770E+03
0.950000E+00  0.144480E+03
0.960000E+00  0.146170E+03
0.970000E+00  0.147820E+03
0.980000E+00  0.149420E+03
0.990000E+00  0.150980E+03
0.100000E+01  0.152490E+03
0.101000E+01  0.154000E+03
0.102000E+01  0.155490E+03
0.103000E+01  0.156970E+03
0.104000E+01  0.158450E+03
0.105000E+01  0.159930E+03
0.106000E+01  0.161410E+03
0.107000E+01  0.162900E+03
0.108000E+01  0.164390E+03
0.109000E+01  0.165890E+03
0.110000E+01  0.167390E+03
0.111000E+01  0.168900E+03
0.112000E+01  0.170410E+03
0.113000E+01  0.171920E+03
0.114000E+01  0.173420E+03
0.115000E+01  0.174910E+03
0.116000E+01  0.176400E+03
0.117000E+01  0.177870E+03
0.118000E+01  0.179330E+03
0.119000E+01  0.180770E+03
0.120000E+01  0.182200E+03
0.121000E+01  0.183600E+03
