    0.200     0.00     0.00     0.00     0.00     0.00     0.00
    0.210     0.00     0.00     0.00     0.00     0.00     0.00
    0.220     0.00     0.00     0.00     0.00     0.00     0.00
    0.230     0.00     0.00     0.00     0.00     0.00     0.00
    0.240     0.00     0.00     0.00     0.00     0.00     0.00
    0.250     0.00     0.00     0.00     0.00     0.00     0.00
    0.260     0.00     0.00     0.00     0.00     0.00     0.00
    0.270    -0.04     0.03    -0.12    -0.06    -0.04     0.01
    0.280    -0.57     0.45    -1.43    -0.77    -0.52     0.19
    0.290    -1.09     0.97    -2.65    -1.45    -1.00     0.45
    0.300    -1.61     1.55    -3.83    -2.11    -1.48     0.78
    0.310    -2.13     2.19    -5.01    -2.74    -1.95     1.17
    0.320    -2.65     2.87    -6.23    -3.35    -2.41     1.62
    0.330    -3.18     3.59    -7.51    -3.95    -2.87     2.11
    0.340    -3.71     4.32    -8.88    -4.55    -3.32     2.64
    0.350    -4.25     5.06   -10.35    -5.13    -3.76     3.20
    0.360    -4.78     5.82   -11.93    -5.71    -4.19     3.80
    0.370    -5.32     6.60   -13.60    -6.28    -4.62     4.43
    0.380    -5.86     7.39   -15.36    -6.84    -5.05     5.08
    0.390    -6.40     8.20   -17.21    -7.40    -5.47     5.77
    0.400    -6.94     9.03   -19.12    -7.95    -5.89     6.48
    0.410    -7.49     9.96   -21.55    -8.48    -6.33     7.22
    0.420    -8.03    10.92   -23.90    -8.98    -6.76     8.00
    0.430    -8.55    11.90   -26.14    -9.47    -7.20     8.80
    0.440    -9.06    12.90   -28.27    -9.93    -7.63     9.63
    0.450    -9.55    13.91   -30.28   -10.37    -8.06    10.49
    0.460   -10.03    14.93   -32.19   -10.79    -8.49    11.36
    0.470   -10.50    15.96   -34.01   -11.20    -8.91    12.26
    0.480   -10.96    16.99   -35.76   -11.58    -9.33    13.17
    0.490   -11.41    18.02   -37.45   -11.96    -9.75    14.10
    0.500   -11.85    19.05   -39.11   -12.32   -10.17    15.05
    0.510   -12.27    20.02   -40.58   -12.67   -10.36    16.08
    0.520   -12.69    21.00   -42.12   -13.00   -10.57    17.13
    0.530   -13.10    22.00   -43.73   -13.33   -10.81    18.18
    0.540   -13.51    23.03   -45.42   -13.64   -11.12    19.23
    0.550   -13.91    24.07   -47.20   -13.96   -11.49    20.29
    0.560   -14.31    25.14   -49.08   -14.26   -11.92    21.36
    0.570   -14.71    26.24   -51.06   -14.56   -12.42    22.41
    0.580   -15.10    27.36   -53.12   -14.86   -12.97    23.47
    0.590   -15.49    28.49   -55.28   -15.16   -13.55    24.52
    0.600   -15.87    29.65   -57.51   -15.45   -14.15    25.56
    0.610   -16.25    30.82   -59.83   -15.76   -14.96    26.33
    0.620   -16.62    32.00   -62.20   -16.07   -15.59    27.10
    0.630   -16.98    33.19   -64.63   -16.37   -16.01    27.89
    0.640   -17.34    34.39   -67.09   -16.67   -16.17    28.72
    0.650   -17.70    35.60   -69.59   -16.96   -16.08    29.61
    0.660   -18.05    36.81   -72.14   -17.24   -15.74    30.62
    0.670   -18.30    37.87   -74.55   -17.48   -15.63    31.51
    0.680   -18.49    38.85   -76.86   -17.70   -15.67    32.30
    0.690   -18.66    39.81   -79.18   -17.92   -15.66    33.13
    0.700   -18.81    40.76   -81.49   -18.14   -15.62    33.98
    0.710   -18.95    41.67   -83.78   -18.36   -15.56    35.09
    0.720   -19.08    42.58   -86.07   -18.58   -15.47    36.04
    0.730   -19.20    43.48   -88.36   -18.80   -15.36    36.82
    0.740   -19.31    44.36   -90.63   -19.01   -15.28    37.38
    0.750   -19.40    45.22   -92.88   -19.22   -15.27    37.74
    0.760   -19.47    46.05   -95.12   -19.41   -15.38    37.87
    0.770   -19.53    46.84   -97.33   -19.60   -15.65    37.78
    0.780   -19.57    47.57   -99.51   -19.77   -16.12    37.49
    0.790   -19.58    48.25  -101.64   -19.92   -16.83    37.02
    0.800   -19.57    48.87  -103.74   -20.06   -17.80    36.39
    0.810   -19.45    49.13  -105.66   -20.10   -18.94    35.43
    0.820   -19.31    49.38  -107.55   -20.14   -20.19    34.48
    0.830   -19.15    49.67  -109.42   -20.18   -21.48    33.62
    0.840   -18.99    50.02  -111.26   -20.25   -22.78    32.93
    0.850   -18.83    50.48  -113.10   -20.34   -24.03    32.47
    0.860   -18.67    51.07  -114.93   -20.46   -25.18    32.27
    0.870   -18.53    51.80  -116.75   -20.62   -26.20    32.37
    0.880   -18.39    52.68  -118.58   -20.82   -27.03    32.78
    0.890   -18.27    53.70  -120.40   -21.05   -27.63    33.51
    0.900   -18.16    54.86  -122.22   -21.31   -27.97    34.53
    0.910   -18.12    56.32  -124.07   -21.65   -27.57    36.40
    0.920   -18.06    57.82  -125.89   -21.99   -26.80    38.40
    0.930   -18.00    59.32  -127.66   -22.33   -25.67    40.46
    0.940   -17.91    60.81  -129.40   -22.68   -24.23    42.51
    0.950   -17.78    62.24  -131.08   -23.02   -22.53    44.48
    0.960   -17.62    63.59  -132.71   -23.35   -20.61    46.29
    0.970   -17.41    64.83  -134.28   -23.68   -18.56    47.88
    0.980   -17.15    65.94  -135.79   -23.99   -16.46    49.18
    0.990   -16.82    66.91  -137.23   -24.30   -14.39    50.14
    1.000   -16.43    67.73  -138.60   -24.61   -12.48    50.71
    1.010   -15.95    68.56  -140.05   -24.93   -12.06    50.59
    1.020   -15.44    69.37  -141.50   -25.27   -12.00    50.27
    1.030   -14.91    70.18  -142.95   -25.64   -12.32    49.80
    1.040   -14.38    70.99  -144.40   -26.03   -13.01    49.26
    1.050   -13.85    71.82  -145.87   -26.44   -14.05    48.70
    1.060   -13.35    72.67  -147.35   -26.88   -15.39    48.19
    1.070   -12.88    73.54  -148.84   -27.35   -17.00    47.75
    1.080   -12.45    74.43  -150.33   -27.83   -18.83    47.43
    1.090   -12.06    75.34  -151.83   -28.33   -20.82    47.23
    1.100   -11.72    76.26  -153.33   -28.84   -22.91    47.16
    1.110   -11.43    77.17  -154.81   -29.36   -25.05    47.21
    1.120   -11.17    78.07  -156.29   -29.87   -27.18    47.37
    1.130   -10.95    78.95  -157.74   -30.38   -29.26    47.58
    1.140   -10.75    79.79  -159.16   -30.87   -31.21    47.83
    1.150   -10.56    80.59  -160.55   -31.34   -33.01    48.07
    1.160   -10.36    81.35  -161.91   -31.78   -34.58    48.26
    1.170   -10.15    82.05  -163.24   -32.17   -35.89    48.37
    1.180    -9.90    82.71  -164.54   -32.50   -36.90    48.35
    1.190    -9.60    83.33  -165.81   -32.78   -37.55    48.17
