    0.200   -23.75   -98.18   -38.52   -34.88   -22.86   -18.26
    0.210   -23.05   -99.13   -39.78   -35.38   -23.01   -18.53
    0.220   -22.19   -99.89   -40.99   -35.78   -23.14   -18.70
    0.230   -21.19  -100.46   -42.14   -36.10   -23.24   -18.80
    0.240   -20.04  -100.84   -43.23   -36.33   -23.32   -18.82
    0.250   -18.76  -101.05   -44.27   -36.49   -23.39   -18.78
    0.260   -17.33  -101.09   -45.27   -36.57   -23.43   -18.67
    0.270   -15.83  -100.91   -46.56   -36.56   -23.41   -18.48
    0.280   -14.92  -100.19   -47.32   -36.37   -22.86   -17.99
    0.290   -13.94   -99.38   -47.31   -36.12   -22.33   -17.52
    0.300   -12.90   -98.49   -47.10   -35.81   -21.80   -17.05
    0.310   -11.80   -97.52   -46.81   -35.46   -21.25   -16.58
    0.320   -10.66   -96.47   -46.45   -35.07   -20.69   -16.08
    0.330    -9.47   -95.34   -46.04   -34.64   -20.11   -15.55
    0.340    -8.24   -94.12   -45.59   -34.17   -19.50   -14.99
    0.350    -6.98   -92.83   -45.11   -33.67   -18.86   -14.39
    0.360    -5.70   -91.46   -44.58   -33.15   -18.20   -13.77
    0.370    -4.39   -90.02   -44.03   -32.62   -17.51   -13.12
    0.380    -3.05   -88.52   -43.45   -32.07   -16.80   -12.46
    0.390    -1.68   -86.95   -42.85   -31.53   -16.06   -11.79
    0.400    -0.29   -85.31   -42.22   -31.00   -15.31   -11.13
    0.410     1.07   -83.62   -41.48   -30.63   -14.43   -10.38
    0.420     2.48   -81.89   -40.74   -30.31   -13.57    -9.68
    0.430     3.94   -80.10   -40.00   -30.02   -12.73    -9.03
    0.440     5.45   -78.27   -39.26   -29.78   -11.93    -8.43
    0.450     7.01   -76.38   -38.53   -29.56   -11.16    -7.88
    0.460     8.63   -74.45   -37.79   -29.38   -10.42    -7.38
    0.470    10.29   -72.47   -37.04   -29.22    -9.72    -6.92
    0.480    12.01   -70.44   -36.28   -29.07    -9.04    -6.50
    0.490    13.76   -68.37   -35.50   -28.94    -8.40    -6.12
    0.500    15.56   -66.24   -34.70   -28.81    -7.77    -5.78
    0.510    17.41   -64.08   -33.90   -28.61    -7.22    -5.56
    0.520    19.28   -61.86   -33.06   -28.40    -6.65    -5.37
    0.530    21.18   -59.59   -32.17   -28.17    -6.06    -5.21
    0.540    23.11   -57.27   -31.24   -27.93    -5.43    -5.07
    0.550    25.05   -54.91   -30.27   -27.66    -4.78    -4.96
    0.560    27.01   -52.51   -29.25   -27.37    -4.10    -4.86
    0.570    28.99   -50.07   -28.20   -27.06    -3.40    -4.79
    0.580    30.98   -47.59   -27.10   -26.72    -2.68    -4.74
    0.590    32.99   -45.07   -25.96   -26.36    -1.94    -4.71
    0.600    35.01   -42.52   -24.79   -25.98    -1.20    -4.71
    0.610    37.04   -39.93   -23.58   -25.56    -0.55    -4.63
    0.620    39.09   -37.31   -22.35   -25.13     0.06    -4.57
    0.630    41.15   -34.66   -21.08   -24.69     0.63    -4.55
    0.640    43.23   -31.98   -19.78   -24.24     1.16    -4.57
    0.650    45.32   -29.26   -18.46   -23.78     1.63    -4.64
    0.660    47.43   -26.52   -17.11   -23.30     2.06    -4.77
    0.670    49.31   -24.01   -15.79   -23.37     2.53    -4.76
    0.680    51.05   -21.64   -14.48   -22.71     3.02    -4.68
    0.690    52.78   -19.27   -13.16   -21.82     3.47    -4.62
    0.700    54.49   -16.91   -11.83   -20.83     3.87    -4.58
    0.710    56.19   -14.60   -10.50   -19.80     4.22    -4.72
    0.720    57.86   -12.31    -9.16   -18.73     4.53    -4.81
    0.730    59.53   -10.05    -7.80   -17.64     4.82    -4.83
    0.740    61.19    -7.80    -6.44   -16.54     5.10    -4.77
    0.750    62.84    -5.55    -5.08   -15.43     5.35    -4.60
    0.760    64.48    -3.26    -3.72   -14.31     5.60    -4.33
    0.770    66.11    -0.93    -2.37   -13.20     5.83    -3.95
    0.780    67.74     1.48    -1.03   -12.10     6.05    -3.46
    0.790    69.37     3.98     0.27   -10.99     6.25    -2.87
    0.800    70.99     6.60     1.55    -9.90     6.44    -2.20
    0.810    72.63    10.01     2.64    -8.85     6.62    -1.18
    0.820    74.25    13.47     3.70    -7.80     6.77    -0.20
    0.830    75.87    16.88     4.76    -6.74     6.91     0.69
    0.840    77.47    20.18     5.82    -5.67     7.05     1.44
    0.850    79.07    23.31     6.90    -4.58     7.22     2.02
    0.860    80.65    26.21     8.02    -3.46     7.42     2.40
    0.870    82.23    28.85     9.18    -2.30     7.67     2.57
    0.880    83.80    31.24    10.37    -1.12     7.99     2.52
    0.890    85.36    33.36    11.62     0.10     8.38     2.27
    0.900    86.92    35.23    12.91     1.35     8.85     1.83
    0.910    88.49    36.50    14.31     2.69     9.67     0.83
    0.920    90.06    37.72    15.72     4.05    10.56    -0.18
    0.930    91.62    38.92    17.12     5.42    11.52    -1.17
    0.940    93.18    40.16    18.50     6.79    12.52    -2.08
    0.950    94.73    41.49    19.85     8.16    13.54    -2.88
    0.960    96.26    42.94    21.16     9.53    14.55    -3.52
    0.970    97.77    44.58    22.42    10.89    15.54    -3.98
    0.980    99.25    46.42    23.62    12.23    16.49    -4.22
    0.990   100.70    48.48    24.76    13.55    17.37    -4.24
    1.000   102.12    50.77    25.84    14.84    18.18    -4.04
    1.010   103.43    52.93    26.99    16.11    18.75    -3.60
    1.020   104.71    55.08    28.14    17.36    19.31    -3.13
    1.030   105.94    57.19    29.28    18.59    19.86    -2.65
    1.040   107.15    59.23    30.44    19.80    20.42    -2.16
    1.050   108.33    61.20    31.60    21.00    21.00    -1.65
    1.060   109.50    63.07    32.77    22.18    21.61    -1.12
    1.070   110.66    64.86    33.95    23.34    22.24    -0.53
    1.080   111.83    66.58    35.13    24.49    22.89     0.11
    1.090   113.00    68.24    36.32    25.62    23.56     0.83
    1.100   114.19    69.85    37.51    26.75    24.24     1.65
    1.110   115.40    71.45    38.69    27.87    24.90     2.58
    1.120   116.63    73.06    39.87    28.98    25.54     3.61
    1.130   117.89    74.70    41.04    30.09    26.15     4.74
    1.140   119.17    76.40    42.20    31.21    26.69     5.93
    1.150   120.47    78.17    43.35    32.33    27.17     7.14
    1.160   121.80    80.04    44.49    33.47    27.55     8.31
    1.170   123.14    82.00    45.63    34.62    27.84     9.35
    1.180   124.51    84.06    46.78    35.80    28.01    10.16
    1.190   125.89    86.23    47.95    37.00    28.05    10.62


