  0.0200  0.0198  0.0002  0.0002  0.0000  0.0000  0.0000  0.0000
  0.0300  0.0297  0.0003  0.0003  0.0000  0.0000  0.0000  0.0000
  0.0400  0.0394  0.0006  0.0006  0.0000  0.0000  0.0000  0.0000
  0.0500  0.0491  0.0009  0.0009  0.0000  0.0000  0.0000  0.0000
  0.0600  0.0587  0.0013  0.0013  0.0000  0.0000  0.0000  0.0000
  0.0700  0.0683  0.0017  0.0017  0.0000  0.0000  0.0000  0.0000
  0.0800  0.0778  0.0022  0.0022  0.0000  0.0000  0.0000  0.0000
  0.0900  0.0873  0.0027  0.0027  0.0000  0.0000  0.0000  0.0000
  0.1000  0.0968  0.0032  0.0032  0.0000  0.0000  0.0000  0.0000
  0.1100  0.1062  0.0038  0.0038  0.0000  0.0000  0.0000  0.0000
  0.1200  0.1156  0.0044  0.0044  0.0000  0.0000  0.0000  0.0000
  0.1300  0.1249  0.0051  0.0051  0.0000  0.0000  0.0000  0.0000
  0.1400  0.1342  0.0058  0.0057  0.0001  0.0000  0.0000  0.0000
  0.1500  0.1434  0.0066  0.0064  0.0003  0.0000  0.0000  0.0000
  0.1600  0.1525  0.0075  0.0070  0.0005  0.0000  0.0000  0.0000
  0.1700  0.1615  0.0085  0.0076  0.0008  0.0000  0.0000  0.0000
  0.1800  0.1706  0.0094  0.0083  0.0011  0.0000  0.0000  0.0000
  0.1900  0.1796  0.0104  0.0089  0.0015  0.0000  0.0000  0.0000
  0.2000  0.1886  0.0114  0.0096  0.0019  0.0000  0.0000  0.0000
  0.2100  0.1975  0.0125  0.0103  0.0023  0.0000  0.0000  0.0000
  0.2200  0.2063  0.0137  0.0110  0.0027  0.0000  0.0000  0.0000
  0.2300  0.2152  0.0148  0.0117  0.0032  0.0000  0.0000  0.0000
  0.2400  0.2239  0.0161  0.0124  0.0036  0.0000  0.0000  0.0000
  0.2500  0.2327  0.0173  0.0132  0.0041  0.0000  0.0000  0.0000
  0.2600  0.2414  0.0186  0.0139  0.0046  0.0000  0.0000  0.0000
  0.2700  0.2498  0.0199  0.0146  0.0051  0.0002  0.0000  0.0000
  0.2800  0.2548  0.0223  0.0143  0.0049  0.0030  0.0000  0.0000
  0.2900  0.2597  0.0246  0.0141  0.0048  0.0058  0.0000  0.0000
  0.3000  0.2645  0.0269  0.0138  0.0046  0.0086  0.0000  0.0000
  0.3100  0.2693  0.0293  0.0135  0.0044  0.0114  0.0000  0.0000
  0.3200  0.2740  0.0316  0.0132  0.0041  0.0143  0.0000  0.0000
  0.3300  0.2786  0.0341  0.0128  0.0039  0.0173  0.0000  0.0000
  0.3400  0.2831  0.0365  0.0125  0.0037  0.0204  0.0000  0.0000
  0.3500  0.2875  0.0390  0.0121  0.0034  0.0235  0.0000  0.0000
  0.3600  0.2918  0.0416  0.0117  0.0032  0.0267  0.0000  0.0000
  0.3700  0.2959  0.0442  0.0113  0.0029  0.0299  0.0000  0.0000
  0.3800  0.2999  0.0468  0.0109  0.0027  0.0333  0.0000  0.0000
  0.3900  0.3038  0.0495  0.0105  0.0024  0.0366  0.0000  0.0000
  0.4000  0.3077  0.0523  0.0101  0.0021  0.0401  0.0000  0.0000
  0.4100  0.3112  0.0551  0.0096  0.0019  0.0437  0.0000  0.0000
  0.4200  0.3147  0.0580  0.0091  0.0016  0.0473  0.0000  0.0000
  0.4300  0.3183  0.0609  0.0087  0.0013  0.0508  0.0000  0.0000
  0.4400  0.3219  0.0637  0.0082  0.0011  0.0544  0.0000  0.0000
  0.4500  0.3254  0.0666  0.0078  0.0009  0.0579  0.0000  0.0000
  0.4600  0.3291  0.0696  0.0074  0.0007  0.0614  0.0000  0.0000
  0.4700  0.3327  0.0725  0.0071  0.0006  0.0649  0.0000  0.0000
  0.4800  0.3363  0.0754  0.0067  0.0004  0.0683  0.0000  0.0000
  0.4900  0.3399  0.0784  0.0063  0.0003  0.0718  0.0000  0.0000
  0.5000  0.3434  0.0814  0.0060  0.0002  0.0752  0.0000  0.0000
  0.5100  0.3470  0.0844  0.0057  0.0001  0.0786  0.0000  0.0000
  0.5200  0.3506  0.0874  0.0054  0.0000  0.0820  0.0000  0.0000
  0.5300  0.3540  0.0905  0.0051  0.0000  0.0854  0.0000  0.0000
  0.5400  0.3574  0.0937  0.0048  0.0000  0.0889  0.0000  0.0000
  0.5500  0.3608  0.0969  0.0045  0.0000  0.0924  0.0000  0.0000
  0.5600  0.3640  0.1001  0.0042  0.0000  0.0959  0.0000  0.0000
  0.5700  0.3672  0.1033  0.0039  0.0000  0.0994  0.0000  0.0000
  0.5800  0.3703  0.1066  0.0036  0.0000  0.1030  0.0000  0.0000
  0.5900  0.3734  0.1100  0.0034  0.0000  0.1066  0.0000  0.0000
  0.6000  0.3764  0.1134  0.0031  0.0000  0.1103  0.0000  0.0000
  0.6100  0.3793  0.1168  0.0028  0.0000  0.1139  0.0000  0.0000
  0.6200  0.3821  0.1203  0.0026  0.0000  0.1177  0.0000  0.0000
  0.6300  0.3849  0.1237  0.0024  0.0000  0.1214  0.0000  0.0000
  0.6400  0.3876  0.1273  0.0021  0.0000  0.1251  0.0000  0.0000
  0.6500  0.3903  0.1308  0.0019  0.0000  0.1289  0.0000  0.0000
  0.6600  0.3929  0.1344  0.0017  0.0000  0.1327  0.0000  0.0000
  0.6700  0.3951  0.1377  0.0016  0.0000  0.1362  0.0010  0.0000
  0.6800  0.3971  0.1409  0.0014  0.0000  0.1395  0.0025  0.0000
  0.6900  0.3989  0.1441  0.0013  0.0000  0.1428  0.0042  0.0000
  0.7000  0.4008  0.1473  0.0012  0.0000  0.1461  0.0059  0.0000
  0.7100  0.4025  0.1505  0.0011  0.0000  0.1494  0.0077  0.0000
  0.7200  0.4041  0.1537  0.0010  0.0000  0.1527  0.0095  0.0000
  0.7300  0.4057  0.1569  0.0009  0.0000  0.1560  0.0114  0.0000
  0.7400  0.4072  0.1601  0.0008  0.0000  0.1593  0.0133  0.0000
  0.7500  0.4087  0.1633  0.0007  0.0000  0.1626  0.0153  0.0000
  0.7600  0.4101  0.1666  0.0006  0.0000  0.1659  0.0174  0.0000
  0.7700  0.4115  0.1698  0.0005  0.0000  0.1692  0.0195  0.0000
  0.7800  0.4129  0.1729  0.0005  0.0000  0.1725  0.0217  0.0000
  0.7900  0.4142  0.1761  0.0004  0.0000  0.1757  0.0240  0.0000
  0.8000  0.4155  0.1792  0.0004  0.0000  0.1788  0.0264  0.0000
  0.8100  0.4170  0.1821  0.0003  0.0000  0.1818  0.0292  0.0000
  0.8200  0.4185  0.1849  0.0003  0.0000  0.1846  0.0320  0.0000
  0.8300  0.4199  0.1877  0.0002  0.0000  0.1875  0.0350  0.0000
  0.8400  0.4213  0.1905  0.0002  0.0000  0.1903  0.0380  0.0000
  0.8500  0.4226  0.1933  0.0001  0.0000  0.1931  0.0410  0.0000
  0.8600  0.4239  0.1961  0.0001  0.0000  0.1960  0.0440  0.0000
  0.8700  0.4251  0.1989  0.0001  0.0000  0.1989  0.0471  0.0000
  0.8800  0.4263  0.2019  0.0001  0.0000  0.2018  0.0501  0.0000
  0.8900  0.4274  0.2048  0.0001  0.0000  0.2048  0.0530  0.0000
  0.9000  0.4284  0.2078  0.0000  0.0000  0.2078  0.0560  0.0000
  0.9100  0.4294  0.2110  0.0000  0.0000  0.2110  0.0587  0.0000
  0.9200  0.4303  0.2142  0.0000  0.0000  0.2142  0.0614  0.0000
  0.9300  0.4312  0.2174  0.0000  0.0000  0.2173  0.0641  0.0000
  0.9400  0.4321  0.2205  0.0000  0.0000  0.2205  0.0669  0.0000
  0.9500  0.4329  0.2236  0.0000  0.0000  0.2236  0.0698  0.0000
  0.9600  0.4338  0.2267  0.0000  0.0000  0.2267  0.0728  0.0000
  0.9700  0.4346  0.2297  0.0000  0.0000  0.2297  0.0759  0.0000
  0.9800  0.4354  0.2327  0.0000  0.0000  0.2327  0.0792  0.0000
  0.9900  0.4362  0.2355  0.0000  0.0000  0.2355  0.0828  0.0000
  1.0000  0.4370  0.2383  0.0000  0.0000  0.2383  0.0865  0.0000
  1.0100  0.4375  0.2411  0.0000  0.0000  0.2411  0.0903  0.0000
  1.0200  0.4380  0.2440  0.0000  0.0000  0.2440  0.0941  0.0000
  1.0300  0.4383  0.2468  0.0000  0.0000  0.2468  0.0981  0.0000
  1.0400  0.4387  0.2496  0.0000  0.0000  0.2496  0.1022  0.0000
  1.0500  0.4390  0.2523  0.0000  0.0000  0.2523  0.1064  0.0000
  1.0600  0.4393  0.2551  0.0000  0.0000  0.2551  0.1106  0.0000
  1.0700  0.4396  0.2578  0.0000  0.0000  0.2578  0.1148  0.0000
  1.0800  0.4399  0.2605  0.0000  0.0000  0.2605  0.1192  0.0000
  1.0900  0.4402  0.2631  0.0000  0.0000  0.2631  0.1235  0.0000
  1.1000  0.4406  0.2658  0.0000  0.0000  0.2658  0.1279  0.0000
  1.1100  0.4413  0.2682  0.0000  0.0000  0.2682  0.1323  0.0000
  1.1200  0.4422  0.2705  0.0000  0.0000  0.2706  0.1367  0.0000
  1.1300  0.4430  0.2729  0.0000  0.0000  0.2730  0.1412  0.0000
  1.1400  0.4437  0.2754  0.0000  0.0000  0.2754  0.1456  0.0000
  1.1500  0.4444  0.2778  0.0000  0.0000  0.2778  0.1499  0.0000
  1.1600  0.4451  0.2803  0.0000  0.0000  0.2803  0.1543  0.0000
  1.1700  0.4456  0.2828  0.0000  0.0000  0.2829  0.1587  0.0000
  1.1800  0.4460  0.2854 -0.0001  0.0000  0.2855  0.1631  0.0000
  1.1900  0.4463  0.2880 -0.0001  0.0000  0.2881  0.1676  0.0000
  1.2000  0.4465  0.2907 -0.0001  0.0000  0.2908  0.1720  0.0000
  1.2100  0.4465  0.2934 -0.0001  0.0000  0.2935  0.1765  0.0000
  1.2200  0.4464  0.2961 -0.0001  0.0000  0.2962  0.1812  0.0000
