#FIG 3.2
Landscape
Center
Inches
Letter  
100.00
Single
-2
1200 2
2 2 0 2 0 7 50 0 10 0.000 0 0 -1 0 0 5
	 1800 2700 3600 2700 3600 3900 1800 3900 1800 2700
2 2 0 2 0 7 50 0 10 0.000 0 0 -1 0 0 5
	 5400 2700 6300 2700 6300 3900 5400 3900 5400 2700
2 2 0 2 0 7 50 0 10 0.000 0 0 -1 0 0 5
	 8700 2700 9600 2700 9600 3900 8700 3900 8700 2700
2 2 0 2 0 7 50 0 10 0.000 0 0 -1 0 0 5
	 9900 2700 10800 2700 10800 3900 9900 3900 9900 2700
2 1 0 2 0 7 50 0 10 0.000 0 0 -1 0 0 2
	 2100 5400 2100 3900
2 1 0 2 0 7 50 0 10 0.000 0 0 -1 0 0 2
	 2100 2625 2100 1200
2 1 0 2 0 7 50 0 10 0.000 0 0 -1 0 0 2
	 2100 2700 2100 2175
2 1 0 2 0 7 50 0 10 0.000 0 0 -1 0 0 2
	 3300 2625 3300 1200
2 1 0 2 0 7 50 0 10 0.000 0 0 -1 0 0 2
	 3300 5400 3300 3900
2 1 0 2 0 7 50 0 10 0.000 0 0 -1 0 0 2
	 5850 5400 5850 3900
2 1 0 2 0 7 50 0 10 0.000 0 0 -1 0 0 2
	 5850 2700 5850 1200
2 1 0 2 0 7 50 0 10 0.000 0 0 -1 0 0 2
	 9150 2700 9150 1200
2 1 0 2 0 7 50 0 10 0.000 0 0 -1 0 0 2
	 9150 5400 9150 3900
2 1 0 2 0 7 50 0 10 0.000 0 0 -1 0 0 2
	 10350 2700 10350 1200
2 1 0 2 0 7 50 0 10 0.000 0 0 -1 0 0 2
	 10350 5400 10350 3900
2 1 0 2 0 7 50 0 10 0.000 0 0 -1 0 0 2
	 6900 5400 6900 1200
4 0 0 50 0 0 20 0.0000 4 135 135 1800 4800 a\001
4 0 0 50 0 0 20 0.0000 4 195 135 3000 4800 b\001
4 0 0 50 0 0 20 0.0000 4 195 135 1725 2100 d\001
4 0 0 50 0 0 20 0.0000 4 135 120 3000 2100 e\001
4 0 0 50 0 0 20 0.0000 4 135 135 5550 2100 a\001
4 0 0 50 0 0 20 0.0000 4 135 135 5550 4800 a\001
4 0 0 50 0 0 20 0.0000 4 195 135 6600 4800 b\001
4 0 0 50 0 0 20 0.0000 4 135 135 8850 4800 a\001
4 0 0 50 0 0 20 0.0000 4 195 135 10050 4800 b\001
4 0 0 50 0 0 20 0.0000 4 135 135 8850 2100 a\001
4 0 0 50 0 0 20 0.0000 4 195 135 10050 2100 b\001
4 0 0 50 0 0 20 0.0000 4 195 135 6600 2100 b\001
4 0 0 50 0 0 20 0.0000 4 255 345 2550 6300 (a)\001
4 0 0 50 0 0 20 0.0000 4 255 345 6300 6300 (b)\001
4 0 0 50 0 0 20 0.0000 4 255 330 9675 6300 (c)\001
