#FIG 3.2
Landscape
Center
Inches
Letter  
100.00
Single
-2
1200 2
2 2 0 2 0 7 50 0 10 0.000 0 0 -1 0 0 5
	 1200 1800 3900 1800 3900 3000 1200 3000 1200 1800
2 2 0 2 0 7 50 0 10 0.000 0 0 -1 0 0 5
	 5100 1800 6900 1800 6900 3000 5100 3000 5100 1800
2 1 0 2 0 7 50 0 10 0.000 0 0 -1 0 0 2
	 1500 4200 1500 3000
2 1 0 2 0 7 50 0 10 0.000 0 0 -1 0 0 2
	 3600 4200 3600 3000
2 1 0 2 0 7 50 0 10 0.000 0 0 -1 0 0 2
	 2550 4200 2550 3000
2 1 0 2 0 7 50 0 10 0.000 0 0 -1 0 0 2
	 2550 1800 2550 600
2 1 0 2 0 7 50 0 10 0.000 0 0 -1 0 0 2
	 1500 1800 1500 600
2 1 0 2 0 7 50 0 10 0.000 0 0 -1 0 0 2
	 3600 1800 3600 600
2 1 0 2 0 7 50 0 10 0.000 0 0 -1 0 0 2
	 5400 4200 5400 3000
2 1 0 2 0 7 50 0 10 0.000 0 0 -1 0 0 2
	 6600 4200 6600 3000
2 1 0 2 0 7 50 0 10 0.000 0 0 -1 0 0 2
	 6600 1800 6600 600
2 1 0 2 0 7 50 0 10 0.000 0 0 -1 0 0 2
	 5400 1800 5400 600
2 1 0 2 0 7 50 0 10 0.000 0 0 -1 0 0 2
	 7800 4200 7800 600
2 1 0 2 0 7 50 0 10 0.000 0 0 -1 0 0 2
	 9600 4200 9600 3000
2 1 0 2 0 7 50 0 10 0.000 0 0 -1 0 0 2
	 9600 1800 9600 600
2 2 0 2 0 7 50 0 10 0.000 0 0 -1 0 0 5
	 9000 1800 10200 1800 10200 3000 9000 3000 9000 1800
2 1 0 2 0 7 50 0 10 0.000 0 0 -1 0 0 2
	 10800 4200 10800 600
2 1 0 2 0 7 50 0 10 0.000 0 0 -1 0 0 2
	 12000 4200 12000 600
2 2 0 2 0 7 50 0 10 0.000 0 0 -1 0 0 5
	 1200 7200 2700 7200 2700 8700 1200 8700 1200 7200
2 2 0 2 0 7 50 0 10 0.000 0 0 -1 0 0 5
	 3000 7200 3900 7200 3900 8700 3000 8700 3000 7200
2 2 0 2 0 7 50 0 10 0.000 0 0 -1 0 0 5
	 5100 7200 6000 7200 6000 8700 5100 8700 5100 7200
2 2 0 2 0 7 50 0 10 0.000 0 0 -1 0 0 5
	 6300 7200 7200 7200 7200 8700 6300 8700 6300 7200
2 2 0 2 0 7 50 0 10 0.000 0 0 -1 0 0 5
	 9000 7200 9900 7200 9900 8700 9000 8700 9000 7200
2 2 0 2 0 7 50 0 10 0.000 0 0 -1 0 0 5
	 10200 7200 11100 7200 11100 8700 10200 8700 10200 7200
2 2 0 2 0 7 50 0 10 0.000 0 0 -1 0 0 5
	 11400 7200 12300 7200 12300 8700 11400 8700 11400 7200
2 1 0 2 0 7 50 0 10 0.000 0 0 -1 0 0 2
	 7800 9900 7800 6300
2 1 0 2 0 7 50 0 10 0.000 0 0 -1 0 0 2
	 6750 7200 6750 6000
2 1 0 2 0 7 50 0 10 0.000 0 0 -1 0 0 2
	 5550 7200 5550 6000
2 1 0 2 0 7 50 0 10 0.000 0 0 -1 0 0 2
	 5550 9900 5550 8700
2 1 0 2 0 7 50 0 10 0.000 0 0 -1 0 0 2
	 3450 9900 3450 8700
2 1 0 2 0 7 50 0 10 0.000 0 0 -1 0 0 2
	 3450 7200 3450 6000
2 1 0 2 0 7 50 0 10 0.000 0 0 -1 0 0 2
	 2400 7200 2400 6000
2 1 0 2 0 7 50 0 10 0.000 0 0 -1 0 0 2
	 1500 7200 1500 6000
2 1 0 2 0 7 50 0 10 0.000 0 0 -1 0 0 2
	 2400 9900 2400 8700
2 1 0 2 0 7 50 0 10 0.000 0 0 -1 0 0 2
	 1500 9900 1500 8700
2 1 0 2 0 7 50 0 10 0.000 0 0 -1 0 0 2
	 9450 9900 9450 8700
2 1 0 2 0 7 50 0 10 0.000 0 0 -1 0 0 2
	 10650 9900 10650 8700
2 1 0 2 0 7 50 0 10 0.000 0 0 -1 0 0 2
	 11850 9900 11850 8700
2 1 0 2 0 7 50 0 10 0.000 0 0 -1 0 0 2
	 9450 7200 9450 6000
2 1 0 2 0 7 50 0 10 0.000 0 0 -1 0 0 2
	 10650 7200 10650 6000
2 1 0 2 0 7 50 0 10 0.000 0 0 -1 0 0 2
	 11850 7200 11850 6000
2 1 0 2 0 7 50 0 10 0.000 0 0 -1 0 0 2
	 6750 9900 6750 8700
2 1 0 2 0 7 50 0 10 0.000 0 0 -1 0 0 2
	 7800 9900 7800 6000
2 1 0 2 0 7 50 0 10 0.000 0 0 -1 0 0 1
	 7800 6000
4 0 0 50 0 0 20 0.0000 4 135 135 1200 3600 a\001
4 0 0 50 0 0 20 0.0000 4 135 120 3225 3600 c\001
4 0 0 50 0 0 20 0.0000 4 195 135 1200 1200 d\001
4 0 0 50 0 0 20 0.0000 4 135 120 2175 1200 e\001
4 0 0 50 0 0 20 0.0000 4 195 90 3300 1200 f\001
4 0 0 50 0 0 20 0.0000 4 195 135 5100 1200 d\001
4 0 0 50 0 0 20 0.0000 4 135 120 6300 1200 e\001
4 0 0 50 0 0 20 0.0000 4 135 135 5100 3600 a\001
4 0 0 50 0 0 20 0.0000 4 195 135 6300 3600 b\001
4 0 0 50 0 0 20 0.0000 4 135 120 7500 3600 c\001
4 0 0 50 0 0 20 0.0000 4 135 120 7500 1200 c\001
4 0 0 50 0 0 20 0.0000 4 135 135 9300 1200 a\001
4 0 0 50 0 0 20 0.0000 4 135 135 9300 3600 a\001
4 0 0 50 0 0 20 0.0000 4 195 135 10500 1200 b\001
4 0 0 50 0 0 20 0.0000 4 195 135 10500 3600 b\001
4 0 0 50 0 0 20 0.0000 4 135 120 11700 1200 c\001
4 0 0 50 0 0 20 0.0000 4 135 120 11700 3600 c\001
4 0 0 50 0 0 20 0.0000 4 195 135 2175 3600 b\001
4 0 0 50 0 0 20 0.0000 4 135 135 1200 9300 a\001
4 0 0 50 0 0 20 0.0000 4 195 135 2100 9300 b\001
4 0 0 50 0 0 20 0.0000 4 135 120 3150 9300 c\001
4 0 0 50 0 0 20 0.0000 4 135 120 3150 6600 c\001
4 0 0 50 0 0 20 0.0000 4 135 120 2100 6600 e\001
4 0 0 50 0 0 20 0.0000 4 195 135 1200 6600 d\001
4 0 0 50 0 0 20 0.0000 4 135 120 7500 6600 c\001
4 0 0 50 0 0 20 0.0000 4 135 120 7500 9300 c\001
4 0 0 50 0 0 20 0.0000 4 195 135 6450 9300 b\001
4 0 0 50 0 0 20 0.0000 4 135 135 5250 9300 a\001
4 0 0 50 0 0 20 0.0000 4 135 135 9150 9300 a\001
4 0 0 50 0 0 20 0.0000 4 195 135 10350 9300 b\001
4 0 0 50 0 0 20 0.0000 4 135 120 11550 9300 c\001
4 0 0 50 0 0 20 0.0000 4 135 135 9150 6600 a\001
4 0 0 50 0 0 20 0.0000 4 195 135 10350 6600 b\001
4 0 0 50 0 0 20 0.0000 4 135 120 11550 6600 c\001
4 0 0 50 0 0 20 0.0000 4 255 345 2400 5100 (a)\001
4 0 0 50 0 0 20 0.0000 4 255 345 6450 5100 (b)\001
4 0 0 50 0 0 20 0.0000 4 255 330 10650 5100 (c)\001
4 0 0 50 0 0 20 0.0000 4 255 345 2400 10800 (d)\001
4 0 0 50 0 0 20 0.0000 4 255 330 6600 10800 (e)\001
4 0 0 50 0 0 20 0.0000 4 255 300 10575 10800 (f)\001
4 0 0 50 0 0 20 0.0000 4 135 135 5250 6600 a\001
4 0 0 50 0 0 20 0.0000 4 195 135 6450 6600 b\001
