#FIG 3.2
Landscape
Center
Inches
Letter  
100.00
Single
-2
1200 2
5 1 1 2 0 7 50 0 -1 6.000 0 0 0 0 2700.000 3225.000 2400 3000 2700 2850 3000 3000
5 1 1 2 0 7 50 0 -1 6.000 0 0 0 0 11100.000 2925.000 10800 2700 11100 2550 11400 2700
5 1 1 2 0 7 50 0 -1 6.000 0 0 0 0 11100.000 5625.000 10800 5400 11100 5250 11400 5400
1 2 0 2 0 7 50 0 -1 6.000 1 0.0000 6975 4650 1650 300 5325 4350 8625 4950
2 1 0 2 0 7 50 0 10 0.000 0 0 -1 0 0 2
	 1500 2100 1500 7200
2 1 0 2 0 7 50 0 10 0.000 0 0 -1 0 0 2
	 2700 2100 2700 7200
2 1 0 2 0 7 50 0 10 0.000 0 0 -1 0 0 2
	 3900 2100 3900 7200
2 1 0 2 0 7 50 0 10 0.000 0 0 -1 0 0 2
	 5700 2100 5700 7200
2 1 0 2 0 7 50 0 10 0.000 0 0 -1 0 0 2
	 6900 2100 6900 7200
2 1 0 2 0 7 50 0 10 0.000 0 0 -1 0 0 2
	 8100 2100 8100 7200
2 1 0 2 0 7 50 0 10 0.000 0 0 -1 0 0 2
	 9900 2100 9900 7200
2 1 0 2 0 7 50 0 10 0.000 0 0 -1 0 0 2
	 11100 2100 11100 7200
2 1 0 2 0 7 50 0 10 0.000 0 0 -1 0 0 2
	 12300 2100 12300 7200
2 1 1 2 0 7 50 0 10 6.000 0 0 -1 0 0 2
	 1500 6000 2700 6000
2 1 1 2 0 7 50 0 10 6.000 0 0 -1 0 0 2
	 2700 4650 3900 4650
2 1 1 2 0 7 50 0 10 6.000 0 0 -1 0 0 2
	 6900 6600 8100 6600
2 1 1 2 0 7 50 0 10 6.000 0 0 -1 0 0 2
	 6900 5400 8100 5400
2 1 1 2 0 7 50 0 10 6.000 0 0 -1 0 0 2
	 5700 2700 6900 2700
2 1 1 2 0 7 50 0 10 6.000 0 0 -1 0 0 2
	 5700 3900 6900 3900
2 1 1 2 0 7 50 0 10 6.000 0 0 -1 0 0 2
	 9900 3900 11100 3900
2 1 1 2 0 7 50 0 10 6.000 0 0 -1 0 0 2
	 9900 6600 11100 6600
2 1 1 2 0 7 50 0 -1 6.000 0 0 -1 0 0 2
	 1425 3000 2400 3000
2 1 1 2 0 7 50 0 -1 6.000 0 0 -1 0 0 2
	 2925 3000 3900 3000
2 1 1 2 0 7 50 0 -1 6.000 0 0 -1 0 0 2
	 9900 2700 10800 2700
2 1 1 2 0 7 50 0 -1 6.000 0 0 -1 0 0 2
	 11400 2700 12300 2700
2 1 1 2 0 7 50 0 -1 6.000 0 0 -1 0 0 2
	 9900 5400 10800 5400
2 1 1 2 0 7 50 0 -1 6.000 0 0 -1 0 0 2
	 11400 5400 12300 5400
4 0 0 50 0 0 20 0.0000 4 30 90 1200 6900 -\001
4 0 0 50 0 0 20 0.0000 4 30 90 2400 6900 -\001
4 0 0 50 0 0 20 0.0000 4 30 90 3600 6900 -\001
4 0 0 50 0 0 20 0.0000 4 120 150 1200 5700 +\001
4 0 0 50 0 0 20 0.0000 4 120 150 2400 5700 +\001
4 0 0 50 0 0 20 0.0000 4 30 90 2400 4500 -\001
4 0 0 50 0 0 20 0.0000 4 120 150 3600 4500 +\001
4 0 0 50 0 0 20 0.0000 4 30 90 1200 2400 -\001
4 0 0 50 0 0 20 0.0000 4 30 90 2400 2400 -\001
4 0 0 50 0 0 20 0.0000 4 30 90 3600 2400 -\001
4 0 0 50 0 0 20 0.0000 4 195 210 2025 6600 V\001
4 0 0 50 0 0 20 0.0000 4 195 270 3225 5100 W\001
4 0 0 50 0 0 20 0.0000 4 195 210 3225 3600 V\001
4 0 0 50 0 0 20 0.0000 4 30 90 5400 6900 -\001
4 0 0 50 0 0 20 0.0000 4 30 90 6600 6900 -\001
4 0 0 50 0 0 20 0.0000 4 30 90 7800 6900 -\001
4 0 0 50 0 0 20 0.0000 4 120 150 6600 6300 +\001
4 0 0 50 0 0 20 0.0000 4 120 150 7800 6300 +\001
4 0 0 50 0 0 20 0.0000 4 30 90 6600 5250 -\001
4 0 0 50 0 0 20 0.0000 4 30 90 7800 5175 -\001
4 0 0 50 0 0 20 0.0000 4 120 150 5400 3600 +\001
4 0 0 50 0 0 20 0.0000 4 120 150 6600 3600 +\001
4 0 0 50 0 0 20 0.0000 4 30 90 5400 2400 -\001
4 0 0 50 0 0 20 0.0000 4 30 90 6600 2400 -\001
4 0 0 50 0 0 20 0.0000 4 30 90 7800 2400 -\001
4 0 0 50 0 0 20 0.0000 4 30 90 9600 2400 -\001
4 0 0 50 0 0 20 0.0000 4 30 90 10800 2400 -\001
4 0 0 50 0 0 20 0.0000 4 30 90 12000 2400 -\001
4 0 0 50 0 0 20 0.0000 4 120 150 9600 3600 +\001
4 0 0 50 0 0 20 0.0000 4 30 90 10800 3600 -\001
4 0 0 50 0 0 20 0.0000 4 30 90 9600 5100 -\001
4 0 0 50 0 0 20 0.0000 4 120 150 12000 5100 +\001
4 0 0 50 0 0 20 0.0000 4 120 150 9600 6300 +\001
4 0 0 50 0 0 20 0.0000 4 120 150 10800 6300 +\001
4 0 0 50 0 0 20 0.0000 4 30 90 9600 6900 -\001
4 0 0 50 0 0 20 0.0000 4 30 90 10800 6900 -\001
4 0 0 50 0 0 20 0.0000 4 30 90 12000 6900 -\001
4 0 0 50 0 0 20 0.0000 4 255 345 2400 8100 (a)\001
4 0 0 50 0 0 20 0.0000 4 255 345 6600 8100 (b)\001
4 0 0 50 0 0 20 0.0000 4 255 330 10800 8100 (c)\001
