#FIG 3.2
Landscape
Center
Inches
Letter  
100.00
Single
-2
1200 2
2 1 0 2 0 7 50 0 -1 6.000 0 0 -1 0 0 2
	 2400 7200 2400 3300
2 1 0 2 0 7 50 0 -1 6.000 0 0 -1 0 0 2
	 3900 7200 3900 3300
2 1 0 2 0 7 50 0 -1 6.000 0 0 -1 0 0 2
	 5400 7200 5400 3300
2 1 1 2 0 7 50 0 -1 6.000 0 0 -1 0 0 2
	 2400 6000 3900 6000
2 1 1 2 0 7 50 0 -1 6.000 0 0 -1 0 0 2
	 2400 4500 3900 4500
4 0 0 50 0 0 20 0.0000 4 30 90 2100 6900 -\001
4 0 0 50 0 0 20 0.0000 4 30 90 3600 6900 -\001
4 0 0 50 0 0 20 0.0000 4 120 150 5100 6900 +\001
4 0 0 50 0 0 20 0.0000 4 120 150 2100 5400 +\001
4 0 0 50 0 0 20 0.0000 4 30 90 3600 5400 -\001
4 0 0 50 0 0 20 0.0000 4 30 90 2100 3600 -\001
4 0 0 50 0 0 20 0.0000 4 30 90 3600 3600 -\001
4 0 0 50 0 0 20 0.0000 4 120 150 5100 3600 +\001
