   2.00000E+00  1.25540E-01  2.85478E+03  3.14489E+02  1.42739E+03
   1.99000E+00  1.26926E-01  2.80983E+03  3.15081E+02  1.41197E+03
   1.98000E+00  1.28286E-01  2.76534E+03  3.15639E+02  1.39664E+03
   1.97000E+00  1.29621E-01  2.72132E+03  3.16166E+02  1.38138E+03
   1.96000E+00  1.30930E-01  2.67776E+03  3.16660E+02  1.36620E+03
   1.95000E+00  1.32213E-01  2.63465E+03  3.17124E+02  1.35110E+03
   1.94000E+00  1.33471E-01  2.59201E+03  3.17557E+02  1.33609E+03
   1.93000E+00  1.34704E-01  2.54981E+03  3.17961E+02  1.32115E+03
   1.92000E+00  1.35911E-01  2.50807E+03  3.18335E+02  1.30629E+03
   1.91000E+00  1.37093E-01  2.46678E+03  3.18680E+02  1.29151E+03
   1.90000E+00  1.38249E-01  2.42594E+03  3.18997E+02  1.27681E+03
   1.89000E+00  1.39381E-01  2.38555E+03  3.19286E+02  1.26220E+03
   1.88000E+00  1.40487E-01  2.34560E+03  3.19548E+02  1.24766E+03
   1.87000E+00  1.41568E-01  2.30610E+03  3.19784E+02  1.23321E+03
   1.86000E+00  1.42625E-01  2.26703E+03  3.19993E+02  1.21883E+03
   1.85000E+00  1.43657E-01  2.22841E+03  3.20177E+02  1.20454E+03
   1.84000E+00  1.44664E-01  2.19022E+03  3.20335E+02  1.19034E+03
   1.83000E+00  1.45647E-01  2.15246E+03  3.20469E+02  1.17621E+03
   1.82000E+00  1.46605E-01  2.11514E+03  3.20578E+02  1.16216E+03
   1.81000E+00  1.47539E-01  2.07825E+03  3.20663E+02  1.14820E+03
   1.80000E+00  1.48450E-01  2.04178E+03  3.20725E+02  1.13432E+03
   1.79000E+00  1.49336E-01  2.00574E+03  3.20764E+02  1.12053E+03
   1.78000E+00  1.50199E-01  1.97013E+03  3.20780E+02  1.10681E+03
   1.77000E+00  1.51038E-01  1.93493E+03  3.20774E+02  1.09318E+03
   1.76000E+00  1.51854E-01  1.90016E+03  3.20745E+02  1.07964E+03
   1.75000E+00  1.52647E-01  1.86580E+03  3.20696E+02  1.06617E+03
   1.74000E+00  1.53416E-01  1.83186E+03  3.20625E+02  1.05279E+03
   1.73000E+00  1.54163E-01  1.79833E+03  3.20533E+02  1.03949E+03
   1.72000E+00  1.54887E-01  1.76521E+03  3.20420E+02  1.02628E+03
   1.71000E+00  1.55589E-01  1.73249E+03  3.20288E+02  1.01315E+03
   1.70000E+00  1.56268E-01  1.70019E+03  3.20135E+02  1.00011E+03
   1.69000E+00  1.56925E-01  1.66828E+03  3.19963E+02  9.87149E+02
   1.68000E+00  1.57560E-01  1.63678E+03  3.19771E+02  9.74273E+02
   1.67000E+00  1.58172E-01  1.60567E+03  3.19561E+02  9.61481E+02
   1.66000E+00  1.58764E-01  1.57497E+03  3.19331E+02  9.48774E+02
   1.65000E+00  1.59333E-01  1.54465E+03  3.19083E+02  9.36152E+02
   1.64000E+00  1.59882E-01  1.51473E+03  3.18817E+02  9.23615E+02
   1.63000E+00  1.60409E-01  1.48520E+03  3.18533E+02  9.11163E+02
   1.62000E+00  1.60915E-01  1.45605E+03  3.18232E+02  8.98796E+02
   1.61000E+00  1.61400E-01  1.42729E+03  3.17912E+02  8.86514E+02
   1.60000E+00  1.61864E-01  1.39891E+03  3.17576E+02  8.74317E+02
   1.59000E+00  1.62308E-01  1.37091E+03  3.17222E+02  8.62206E+02
   1.58000E+00  1.62731E-01  1.34329E+03  3.16852E+02  8.50181E+02
   1.57000E+00  1.63134E-01  1.31604E+03  3.16465E+02  8.38241E+02
   1.56000E+00  1.63517E-01  1.28916E+03  3.16062E+02  8.26386E+02
   1.55000E+00  1.63879E-01  1.26266E+03  3.15642E+02  8.14618E+02
   1.54000E+00  1.64222E-01  1.23652E+03  3.15206E+02  8.02935E+02
   1.53000E+00  1.64546E-01  1.21075E+03  3.14755E+02  7.91339E+02
   1.52000E+00  1.64849E-01  1.18534E+03  3.14288E+02  7.79828E+02
   1.51000E+00  1.65133E-01  1.16029E+03  3.13805E+02  7.68404E+02
   1.50000E+00  1.65398E-01  1.13560E+03  3.13307E+02  7.57066E+02
   1.49000E+00  1.65644E-01  1.11126E+03  3.12794E+02  7.45815E+02
   1.48000E+00  1.65870E-01  1.08728E+03  3.12266E+02  7.34650E+02
   1.47000E+00  1.66078E-01  1.06365E+03  3.11724E+02  7.23571E+02
   1.46000E+00  1.66267E-01  1.04037E+03  3.11166E+02  7.12580E+02
   1.45000E+00  1.66437E-01  1.01743E+03  3.10594E+02  7.01675E+02
   1.44000E+00  1.66589E-01  9.94833E+02  3.10007E+02  6.90856E+02
   1.43000E+00  1.66722E-01  9.72579E+02  3.09407E+02  6.80125E+02
   1.42000E+00  1.66837E-01  9.50663E+02  3.08792E+02  6.69481E+02
   1.41000E+00  1.66934E-01  9.29082E+02  3.08163E+02  6.58923E+02
   1.40000E+00  1.67013E-01  9.07835E+02  3.07520E+02  6.48453E+02
   1.39000E+00  1.67073E-01  8.86918E+02  3.06863E+02  6.38070E+02
   1.38000E+00  1.67116E-01  8.66329E+02  3.06192E+02  6.27775E+02
   1.37000E+00  1.67141E-01  8.46066E+02  3.05508E+02  6.17567E+02
   1.36000E+00  1.67148E-01  8.26126E+02  3.04811E+02  6.07446E+02
   1.35000E+00  1.67138E-01  8.06507E+02  3.04100E+02  5.97413E+02
   1.34000E+00  1.67111E-01  7.87206E+02  3.03375E+02  5.87467E+02
   1.33000E+00  1.67066E-01  7.68220E+02  3.02638E+02  5.77609E+02
   1.32000E+00  1.67003E-01  7.49547E+02  3.01887E+02  5.67839E+02
   1.31000E+00  1.66924E-01  7.31185E+02  3.01123E+02  5.58156E+02
   1.30000E+00  1.66827E-01  7.13130E+02  3.00347E+02  5.48562E+02
   1.29000E+00  1.66714E-01  6.95381E+02  2.99557E+02  5.39055E+02
   1.28000E+00  1.66583E-01  6.77935E+02  2.98755E+02  5.29636E+02
   1.27000E+00  1.66436E-01  6.60789E+02  2.97939E+02  5.20306E+02
   1.26000E+00  1.66271E-01  6.43940E+02  2.97111E+02  5.11064E+02
   1.25000E+00  1.66091E-01  6.27387E+02  2.96271E+02  5.01909E+02
   1.24000E+00  1.65893E-01  6.11126E+02  2.95417E+02  4.92843E+02
   1.23000E+00  1.65679E-01  5.95155E+02  2.94552E+02  4.83866E+02
   1.22000E+00  1.65449E-01  5.79471E+02  2.93673E+02  4.74977E+02
   1.21000E+00  1.65202E-01  5.64073E+02  2.92783E+02  4.66176E+02
   1.20000E+00  1.64939E-01  5.48956E+02  2.91880E+02  4.57464E+02
   1.19000E+00  1.64659E-01  5.34119E+02  2.90964E+02  4.48840E+02
   1.18000E+00  1.64363E-01  5.19560E+02  2.90036E+02  4.40305E+02
   1.17000E+00  1.64051E-01  5.05274E+02  2.89096E+02  4.31858E+02
   1.16000E+00  1.63724E-01  4.91260E+02  2.88144E+02  4.23500E+02
   1.15000E+00  1.63380E-01  4.77516E+02  2.87179E+02  4.15231E+02
   1.14000E+00  1.63020E-01  4.64038E+02  2.86203E+02  4.07051E+02
   1.13000E+00  1.62644E-01  4.50825E+02  2.85214E+02  3.98960E+02
   1.12000E+00  1.62252E-01  4.37872E+02  2.84212E+02  3.90957E+02
   1.11000E+00  1.61844E-01  4.25178E+02  2.83199E+02  3.83044E+02
   1.10000E+00  1.61421E-01  4.12741E+02  2.82174E+02  3.75219E+02
   1.09000E+00  1.60982E-01  4.00557E+02  2.81136E+02  3.67483E+02
   1.08000E+00  1.60527E-01  3.88624E+02  2.80086E+02  3.59837E+02
   1.07000E+00  1.60057E-01  3.76939E+02  2.79025E+02  3.52279E+02
   1.06000E+00  1.59571E-01  3.65499E+02  2.77951E+02  3.44811E+02
   1.05000E+00  1.59069E-01  3.54303E+02  2.76865E+02  3.37431E+02
   1.04000E+00  1.58552E-01  3.43347E+02  2.75766E+02  3.30141E+02
   1.03000E+00  1.58019E-01  3.32628E+02  2.74656E+02  3.22940E+02
   1.02000E+00  1.57471E-01  3.22145E+02  2.73534E+02  3.15828E+02
   1.01000E+00  1.56907E-01  3.11893E+02  2.72399E+02  3.08805E+02
   1.00000E+00  1.56328E-01  3.01872E+02  2.71252E+02  3.01872E+02
   9.90000E-01  1.55733E-01  2.92077E+02  2.70093E+02  2.95027E+02
   9.80000E-01  1.55123E-01  2.82507E+02  2.68922E+02  2.88272E+02
   9.70000E-01  1.54498E-01  2.73158E+02  2.67738E+02  2.81606E+02
   9.60000E-01  1.53857E-01  2.64028E+02  2.66542E+02  2.75030E+02
   9.50000E-01  1.53201E-01  2.55115E+02  2.65334E+02  2.68542E+02
   9.40000E-01  1.52529E-01  2.46415E+02  2.64114E+02  2.62144E+02
   9.30000E-01  1.51842E-01  2.37926E+02  2.62881E+02  2.55834E+02
   9.20000E-01  1.51139E-01  2.29645E+02  2.61635E+02  2.49614E+02
   9.10000E-01  1.50422E-01  2.21570E+02  2.60377E+02  2.43483E+02
   9.00000E-01  1.49688E-01  2.13697E+02  2.59107E+02  2.37441E+02
   8.90000E-01  1.48939E-01  2.06024E+02  2.57823E+02  2.31488E+02
   8.80000E-01  1.48175E-01  1.98549E+02  2.56527E+02  2.25624E+02
   8.70000E-01  1.47395E-01  1.91269E+02  2.55219E+02  2.19849E+02
   8.60000E-01  1.46600E-01  1.84180E+02  2.53897E+02  2.14163E+02
   8.50000E-01  1.45789E-01  1.77281E+02  2.52562E+02  2.08565E+02
   8.40000E-01  1.44963E-01  1.70568E+02  2.51215E+02  2.03057E+02
   8.30000E-01  1.44120E-01  1.64039E+02  2.49854E+02  1.97637E+02
   8.20000E-01  1.43262E-01  1.57690E+02  2.48480E+02  1.92305E+02
   8.10000E-01  1.42389E-01  1.51521E+02  2.47093E+02  1.87062E+02
   8.00000E-01  1.41499E-01  1.45526E+02  2.45692E+02  1.81908E+02
   7.90000E-01  1.40593E-01  1.39705E+02  2.44277E+02  1.76842E+02
   7.80000E-01  1.39671E-01  1.34053E+02  2.42849E+02  1.71863E+02
   7.70000E-01  1.38733E-01  1.28569E+02  2.41407E+02  1.66973E+02
   7.60000E-01  1.37779E-01  1.23250E+02  2.39951E+02  1.62171E+02
   7.50000E-01  1.36808E-01  1.18092E+02  2.38481E+02  1.57456E+02
   7.40000E-01  1.35821E-01  1.13094E+02  2.36996E+02  1.52830E+02
   7.30000E-01  1.34817E-01  1.08252E+02  2.35497E+02  1.48290E+02
   7.20000E-01  1.33796E-01  1.03563E+02  2.33983E+02  1.43838E+02
   7.10000E-01  1.32758E-01  9.90256E+01  2.32455E+02  1.39473E+02
   7.00000E-01  1.31703E-01  9.46360E+01  2.30911E+02  1.35194E+02
   6.90000E-01  1.30630E-01  9.03918E+01  2.29351E+02  1.31003E+02
   6.80000E-01  1.29540E-01  8.62902E+01  2.27777E+02  1.26897E+02
   6.70000E-01  1.28431E-01  8.23285E+01  2.26186E+02  1.22878E+02
   6.60000E-01  1.27305E-01  7.85038E+01  2.24579E+02  1.18945E+02
   6.50000E-01  1.26160E-01  7.48134E+01  2.22956E+02  1.15098E+02
   6.40000E-01  1.24996E-01  7.12547E+01  2.21316E+02  1.11335E+02
   6.30000E-01  1.23813E-01  6.78248E+01  2.19660E+02  1.07658E+02
   6.20000E-01  1.22611E-01  6.45210E+01  2.17985E+02  1.04066E+02
   6.10000E-01  1.21388E-01  6.13405E+01  2.16293E+02  1.00558E+02
   6.00000E-01  1.20146E-01  5.82806E+01  2.14584E+02  9.71344E+01
   5.90000E-01  1.18883E-01  5.53386E+01  2.12855E+02  9.37943E+01
   5.80000E-01  1.17598E-01  5.25118E+01  2.11108E+02  9.05375E+01
   5.70000E-01  1.16292E-01  4.97973E+01  2.09341E+02  8.73636E+01
   5.60000E-01  1.14964E-01  4.71924E+01  2.07554E+02  8.42722E+01
   5.50000E-01  1.13613E-01  4.46946E+01  2.05747E+02  8.12628E+01
   5.40000E-01  1.12238E-01  4.23009E+01  2.03920E+02  7.83350E+01
   5.30000E-01  1.10840E-01  4.00087E+01  2.02070E+02  7.54882E+01
   5.20000E-01  1.09417E-01  3.78154E+01  2.00199E+02  7.27219E+01
   5.10000E-01  1.07968E-01  3.57181E+01  1.98305E+02  7.00355E+01
   5.00000E-01  1.06494E-01  3.37143E+01  1.96388E+02  6.74285E+01
   4.90000E-01  1.04992E-01  3.18011E+01  1.94446E+02  6.49002E+01
   4.80000E-01  1.03464E-01  2.99760E+01  1.92480E+02  6.24500E+01
   4.70000E-01  1.01906E-01  2.82363E+01  1.90488E+02  6.00771E+01
   4.60000E-01  1.00320E-01  2.65792E+01  1.88471E+02  5.77809E+01
   4.50000E-01  9.87039E-02  2.50022E+01  1.86426E+02  5.55604E+01
   4.40000E-01  9.70575E-02  2.35026E+01  1.84354E+02  5.34149E+01
   4.30000E-01  9.53803E-02  2.20777E+01  1.82253E+02  5.13434E+01
   4.20000E-01  9.36719E-02  2.07249E+01  1.80123E+02  4.93450E+01
   4.10000E-01  9.19322E-02  1.94416E+01  1.77964E+02  4.74185E+01
   4.00000E-01  9.01613E-02  1.82251E+01  1.75775E+02  4.55628E+01
   3.90000E-01  8.83598E-02  1.70729E+01  1.73555E+02  4.37767E+01
   3.80000E-01  8.65284E-02  1.59824E+01  1.71306E+02  4.20589E+01
   3.70000E-01  8.46686E-02  1.49509E+01  1.69026E+02  4.04079E+01
   3.60000E-01  8.27821E-02  1.39759E+01  1.66715E+02  3.88220E+01
   3.50000E-01  8.08716E-02  1.30549E+01  1.64376E+02  3.72998E+01
   3.40000E-01  7.89401E-02  1.21854E+01  1.62009E+02  3.58394E+01
   3.30000E-01  7.69915E-02  1.13648E+01  1.59614E+02  3.44389E+01
   3.20000E-01  7.50301E-02  1.05908E+01  1.57194E+02  3.30963E+01
   3.10000E-01  7.30610E-02  9.86098E+00  1.54750E+02  3.18096E+01
   3.00000E-01  7.10893E-02  9.17301E+00  1.52285E+02  3.05767E+01
   2.90000E-01  6.91208E-02  8.52468E+00  1.49801E+02  2.93954E+01
   2.80000E-01  6.71607E-02  7.91384E+00  1.47299E+02  2.82637E+01
   2.70000E-01  6.52142E-02  7.33843E+00  1.44781E+02  2.71794E+01
   2.60000E-01  6.32853E-02  6.79650E+00  1.42248E+02  2.61404E+01
   2.50000E-01  6.13766E-02  6.28621E+00  1.39699E+02  2.51448E+01
   2.40000E-01  5.94886E-02  5.80582E+00  1.37134E+02  2.41909E+01
   2.36431E-01  5.77502E-02  5.66917E+00  1.35577E+02  2.39781E+01 
   2.34358E-01  5.85178E-02  5.56155E+00  1.35729E+02  2.37309E+01
   2.32300E-01  5.92964E-02  5.45466E+00  1.35882E+02  2.34811E+01  
   2.30254E-01  6.00862E-02  5.34848E+00  1.36034E+02  2.32286E+01 
   2.28221E-01  6.08875E-02  5.24300E+00  1.36187E+02  2.29734E+01
   2.26200E-01  6.17007E-02  5.13818E+00  1.36339E+02  2.27152E+01  
   2.24191E-01  6.25260E-02  5.03402E+00  1.36491E+02  2.24541E+01  
   2.22194E-01  6.33638E-02  4.93048E+00  1.36644E+02  2.21900E+01  
   2.20208E-01  6.42143E-02  4.82756E+00  1.36796E+02  2.19227E+01  
   2.18233E-01  6.50780E-02  4.72522E+00  1.36949E+02  2.16522E+01  
   2.16268E-01  6.59551E-02  4.62345E+00  1.37101E+02  2.13784E+01  
   2.14313E-01  6.68461E-02  4.52223E+00  1.37254E+02  2.11011E+01  
   2.12367E-01  6.77513E-02  4.42154E+00  1.37407E+02  2.08202E+01  
   2.10431E-01  6.86712E-02  4.32135E+00  1.37559E+02  2.05357E+01  
   2.08504E-01  6.96061E-02  4.22166E+00  1.37712E+02  2.02474E+01  
   2.06585E-01  7.05565E-02  4.12243E+00  1.37865E+02  1.99551E+01  
   2.00000E-01  7.22281E-02  3.80217E+00  1.37547E+02  1.90109E+01
   1.90000E-01  6.92476E-02  3.39486E+00  1.34301E+02  1.78677E+01
   1.80000E-01  6.61881E-02  3.02319E+00  1.30961E+02  1.67955E+01
   1.70000E-01  6.30225E-02  2.68513E+00  1.27504E+02  1.57949E+01
   1.60000E-01  5.97226E-02  2.37851E+00  1.23899E+02  1.48657E+01
   1.50000E-01  5.62643E-02  2.10085E+00  1.20109E+02  1.40057E+01
   1.40000E-01  5.26384E-02  1.84931E+00  1.16088E+02  1.32094E+01
   1.30000E-01  4.88777E-02  1.62033E+00  1.11770E+02  1.24641E+01
   1.20000E-01  4.51549E-02  1.40845E+00  1.07053E+02  1.17371E+01
   1.10000E-01  4.20836E-02  1.20313E+00  1.01721E+02  1.09376E+01
   1.00000E-01  3.88663E-02  1.01774E+00  9.59618E+01  1.01774E+01

