0.100000E-01  -.208472E+01
0.200000E-01  -.399817E+01
0.300000E-01  -.574654E+01
0.400000E-01  -.733571E+01
0.500000E-01  -.877132E+01
0.600000E-01  -.100587E+02
0.700000E-01  -.112030E+02
0.800000E-01  -.122091E+02
0.900000E-01  -.130816E+02
0.100000E+00  -.138250E+02
0.110000E+00  -.144435E+02
0.120000E+00  -.149413E+02
0.130000E+00  -.153222E+02
0.140000E+00  -.155899E+02
0.150000E+00  -.157480E+02
0.160000E+00  -.158000E+02
0.170000E+00  -.157491E+02
0.180000E+00  -.155985E+02
0.190000E+00  -.153511E+02
0.200000E+00  -.150100E+02
0.210000E+00  -.145778E+02
0.220000E+00  -.140574E+02
0.230000E+00  -.134511E+02
0.240000E+00  -.127615E+02
0.250000E+00  -.119911E+02
0.260000E+00  -.111420E+02
0.270000E+00  -.102165E+02
0.280000E+00  -.921667E+01
0.290000E+00  -.814461E+01
0.300000E+00  -.700227E+01
0.310000E+00  -.579155E+01
0.320000E+00  -.451429E+01
0.330000E+00  -.317224E+01
0.340000E+00  -.176710E+01
0.350000E+00  -.300544E+00
0.360000E+00  0.122586E+01
0.370000E+00  0.281058E+01
0.380000E+00  0.445212E+01
0.390000E+00  0.614905E+01
0.400000E+00  0.790000E+01
0.410000E+00  0.970362E+01
0.420000E+00  0.115586E+02
0.430000E+00  0.134637E+02
0.440000E+00  0.154177E+02
0.450000E+00  0.174195E+02
0.460000E+00  0.194679E+02
0.470000E+00  0.215617E+02
0.480000E+00  0.237000E+02
0.490000E+00  0.258817E+02
0.500000E+00  0.281058E+02
0.510000E+00  0.303713E+02
0.520000E+00  0.326773E+02
0.530000E+00  0.350228E+02
0.540000E+00  0.374071E+02
0.550000E+00  0.398292E+02
0.560000E+00  0.422882E+02
0.570000E+00  0.447835E+02
0.580000E+00  0.473141E+02
0.590000E+00  0.498794E+02
0.600000E+00  0.524786E+02
0.610000E+00  0.551109E+02
0.620000E+00  0.577757E+02
0.630000E+00  0.604723E+02
0.640000E+00  0.632000E+02
0.650000E+00  0.659582E+02
0.660000E+00  0.687462E+02
0.670000E+00  0.715635E+02
0.680000E+00  0.744095E+02
0.690000E+00  0.772835E+02
0.700000E+00  0.801850E+02
0.710000E+00  0.831135E+02
0.720000E+00  0.860684E+02
0.730000E+00  0.890493E+02
0.740000E+00  0.920555E+02
0.750000E+00  0.950867E+02
0.760000E+00  0.981423E+02
0.770000E+00  0.101222E+03
0.780000E+00  0.104325E+03
0.790000E+00  0.107451E+03
0.800000E+00  0.110600E+03
0.810000E+00  0.113771E+03
0.820000E+00  0.116964E+03
0.830000E+00  0.120178E+03
0.840000E+00  0.123413E+03
0.850000E+00  0.126669E+03
0.860000E+00  0.129945E+03
0.870000E+00  0.133242E+03
0.880000E+00  0.136557E+03
0.890000E+00  0.139892E+03
0.900000E+00  0.143246E+03
0.910000E+00  0.146618E+03
0.920000E+00  0.150008E+03
0.930000E+00  0.153416E+03
0.940000E+00  0.156842E+03
0.950000E+00  0.160285E+03
0.960000E+00  0.163745E+03
0.970000E+00  0.167222E+03
0.980000E+00  0.170715E+03
0.990000E+00  0.174225E+03
0.100000E+01  0.177750E+03
0.101000E+01  0.181291E+03
0.102000E+01  0.184847E+03
0.103000E+01  0.188418E+03
0.104000E+01  0.192004E+03
0.105000E+01  0.195605E+03
0.106000E+01  0.199220E+03
0.107000E+01  0.202849E+03
0.108000E+01  0.206493E+03
0.109000E+01  0.210149E+03
0.110000E+01  0.213820E+03
0.111000E+01  0.217503E+03
0.112000E+01  0.221200E+03
0.113000E+01  0.224910E+03
0.114000E+01  0.228632E+03
0.115000E+01  0.232366E+03
0.116000E+01  0.236113E+03
0.117000E+01  0.239872E+03
0.118000E+01  0.243643E+03
0.119000E+01  0.247426E+03
0.120000E+01  0.251220E+03
0.121000E+01  0.255026E+03
0.122000E+01  0.258842E+03
0.123000E+01  0.262670E+03
0.124000E+01  0.266509E+03
0.125000E+01  0.270358E+03
0.126000E+01  0.274218E+03
0.127000E+01  0.278089E+03
0.128000E+01  0.281969E+03
0.129000E+01  0.285860E+03
0.130000E+01  0.289761E+03
0.131000E+01  0.293671E+03
0.132000E+01  0.297591E+03
0.133000E+01  0.301521E+03
0.134000E+01  0.305460E+03
0.135000E+01  0.309409E+03
0.136000E+01  0.313367E+03
0.137000E+01  0.317333E+03
0.138000E+01  0.321309E+03
0.139000E+01  0.325293E+03
0.140000E+01  0.329286E+03
0.141000E+01  0.333288E+03
0.142000E+01  0.337298E+03
0.143000E+01  0.341316E+03
0.144000E+01  0.345343E+03
0.145000E+01  0.349377E+03
0.146000E+01  0.353420E+03
0.147000E+01  0.357471E+03
0.148000E+01  0.361529E+03
0.149000E+01  0.365595E+03
0.150000E+01  0.369668E+03
0.151000E+01  0.373750E+03
0.152000E+01  0.377838E+03
0.153000E+01  0.381934E+03
0.154000E+01  0.386037E+03
0.155000E+01  0.390147E+03
0.156000E+01  0.394264E+03
0.157000E+01  0.398387E+03
0.158000E+01  0.402518E+03
0.159000E+01  0.406656E+03
0.160000E+01  0.410800E+03
0.161000E+01  0.414951E+03
0.162000E+01  0.419108E+03
0.163000E+01  0.423272E+03
0.164000E+01  0.427442E+03
0.165000E+01  0.431618E+03
0.166000E+01  0.435801E+03
0.167000E+01  0.439989E+03
0.168000E+01  0.444184E+03
0.169000E+01  0.448384E+03
0.170000E+01  0.452591E+03
0.171000E+01  0.456803E+03
0.172000E+01  0.461021E+03
0.173000E+01  0.465245E+03
0.174000E+01  0.469475E+03
0.175000E+01  0.473710E+03
0.176000E+01  0.477950E+03
0.177000E+01  0.482196E+03
0.178000E+01  0.486447E+03
0.179000E+01  0.490704E+03
0.180000E+01  0.494965E+03
0.181000E+01  0.499232E+03
0.182000E+01  0.503504E+03
0.183000E+01  0.507781E+03
0.184000E+01  0.512064E+03
0.185000E+01  0.516351E+03
0.186000E+01  0.520643E+03
0.187000E+01  0.524939E+03
0.188000E+01  0.529241E+03
0.189000E+01  0.533547E+03
0.190000E+01  0.537858E+03
0.191000E+01  0.542174E+03
0.192000E+01  0.546494E+03
0.193000E+01  0.550819E+03
0.194000E+01  0.555148E+03
0.195000E+01  0.559482E+03
0.196000E+01  0.563820E+03
0.197000E+01  0.568162E+03
0.198000E+01  0.572508E+03
0.199000E+01  0.576859E+03
0.200000E+01  0.581214E+03
