Hi again Vijay,
here are the numbers for the data you wanted.
I also lloked up the results we discussed with Baldo this summer.
In that case we included only partial waves up to l=4, while
in the calcs of the paper we have up to l < 10.
We did that since Marcello Baldo and Fiorella Burgio just included
results up to l=4, else it would be hard to make
a reasonable comparison. At least that is what I seem to recall.

The results below are always in the following format

density in units of fm^-3 and then the energy in MeV or just the proton 
fractions.
enjoy and send my greetings to Geoff R.
morten

****** potential energy for symmetric nm with v18 (fig 8)

   density       energy
        .080     -24.726
        .100     -27.935
        .120     -30.822
        .140     -33.748
        .160     -36.384
        .180     -38.701
        .200     -40.876
        .220     -42.881
        .240     -44.608
        .260     -46.079
        .280     -47.383
        .300     -48.597
        .320     -49.683
        .340     -50.632
        .360     -51.445
        .380     -52.164
        .400     -52.828
        .420     -53.476
        .440     -54.063
        .460     -54.581
        .480     -55.034
        .500     -55.403
        .520     -55.671
        .540     -55.828
        .560     -55.779
        .580     -55.617
        .600     -55.362
        .620     -55.033
        .640     -54.699
        .660     -54.336
        .680     -53.920
        .700     -53.449
        .720     -52.916
        .740     -52.278
        .760     -51.585
        .780     -50.845
        .800     -50.067
        .820     -49.258
        .840     -48.379
        .860     -47.489
        .880     -46.614
        .900     -45.775
        .920     -44.989
        .940     -44.336
        .960     -43.896
        .980     -43.533
       1.000     -43.235
       1.020     -42.989
       1.040     -42.781
       1.060     -42.603
       1.080     -42.444
       1.100     -42.286
       1.120     -42.115
       1.140     -41.916
       1.160     -41.676
       1.180     -41.382
       1.200     -40.960
       1.220     -40.428
       1.240     -39.818
       1.260     -39.127
       1.280     -38.354
       1.300     -37.497
       1.320     -36.554
       1.340     -35.523
       1.360     -34.402
       1.380     -33.189
       1.400     -31.883
       1.420     -30.482
       1.440     -28.983
       1.460     -27.385

**********   potential energy for pure neutron matter (fig 9)
        .080     -13.751
        .100     -16.223
        .120     -18.469
        .140     -20.450
        .160     -22.256
        .180     -23.893
        .200     -25.288
        .220     -26.473
        .240     -27.525
        .260     -28.446
        .280     -29.196
        .300     -29.741
        .320     -30.131
        .340     -30.405
        .360     -30.584
        .380     -30.642
        .400     -30.571
        .420     -30.362
        .440     -30.036
        .460     -29.602
        .480     -29.051
        .500     -28.411
        .520     -27.700
        .540     -26.936
        .560     -26.207
        .580     -25.434
        .600     -24.604
        .620     -23.706
        .640     -22.708
        .660     -21.616
        .680     -20.430
        .700     -19.147
        .720     -17.758
        .740     -16.158
        .760     -14.472
        .780     -12.723
        .800     -10.935
        .820      -9.131
        .840      -7.599
        .860      -6.079
        .880      -4.506
        .900      -2.840
        .920      -1.045
        .940        .993
        .960       3.392
        .980       5.988
       1.000       8.777
       1.020      11.756
       1.040      14.921
       1.060      18.286
       1.080      21.886
       1.100      25.649
       1.120      29.561
       1.140      33.607
       1.160      37.772
       1.180      42.041
       1.200      46.339
       1.220      50.684
       1.240      55.105
       1.260      59.601
       1.280      64.168
       1.300      68.802
       1.320      73.502
       1.340      78.264
       1.360      83.085
       1.380      87.962
       1.400      92.893
       1.420      97.874
       1.440     102.903
       1.460     107.976

 **************   symmetry energy for v18 (fig 10)
       .0148      3.8575
       .0297      7.7150
       .0445     11.5724
       .0593     15.4299
       .0741     18.3969
       .0890     20.0338
       .1038     21.6205
       .1186     23.1310
       .1335     24.5642
       .1483     25.9391
       .1631     27.2688
       .1779     28.5752
       .1928     29.9066
       .2076     31.2630
       .2224     32.5865
       .2372     33.8072
       .2521     34.9316
       .2669     35.9951
       .2817     36.9984
       .2966     37.9470
       .3114     38.8885
       .3262     39.8502
       .3410     40.9384
       .3559     42.1271
       .3707     43.3457
       .3855     44.5723
       .4004     45.7339
       .4152     46.8050
       .4300     47.8629
       .4448     48.9213
       .4597     49.9936
       .4745     51.1491
       .4893     52.3531
       .5042     53.5830
       .5190     54.8343
       .5338     56.1022
       .5486     57.3914
       .5635     58.6942
       .5783     59.9950
       .5931     61.2859
       .6079     62.5590
       .6228     63.8061
       .6376     64.9677
       .6524     66.0817
       .6673     67.1630
       .6821     68.2142
       .6969     69.2378
       .7117     70.2364
       .7266     71.2022
       .7414     72.1385
       .7562     73.0614
       .7711     73.9764
       .7859     74.8891
       .8007     75.8049
       .8155     76.7294
       .8304     77.6908
       .8452     78.6871
       .8600     79.7024
       .8749     80.7377
       .8897     81.7940
       .9045     82.8721
       .9193     83.9731
       .9342     85.0978
       .9490     86.2451
       .9638     87.4183
       .9786     88.6186
       .9935     89.8472
      1.0083     91.1054
      1.0231     92.3942
      1.0380     93.7149
      1.0528     95.0687
      1.0676     96.3815
      1.0824     97.7174
      1.0973     99.1021
      1.1121    100.5443
      1.1269    102.0528
      1.1418    103.6364
      1.1566    105.3039
      1.1714    107.0641
      1.1862    108.9258
      1.2011    111.1306
      1.2159    113.4584
      1.2307    115.8843
      1.2456    118.3995
      1.2604    120.9952
      1.2752    123.6627
      1.2900    126.3931
      1.3049    129.1778
      1.3197    132.0079
      1.3345    134.8747
      1.3493    137.7694
      1.3642    140.6833
      1.3790    143.6075
      1.3938    146.5332
      1.4087    149.4518
      1.4235    152.3545
      1.4383    155.2324
      1.4531    158.0768
      1.4680    160.8789
      1.4828    163.6300


******   proton fractions for v18 (fig 11)

   .1000   .22828E-01
   .1250   .25367E-01
   .1500   .27417E-01
   .1750   .29816E-01
   .2000   .33116E-01
   .2250   .37725E-01
   .2500   .41755E-01
   .2750   .45237E-01
   .3000   .48354E-01
   .3250   .51367E-01
   .3500   .54698E-01
   .3750   .58229E-01
   .4000   .61710E-01
   .4250   .64980E-01
   .4500   .68346E-01
   .4750   .72075E-01
   .5000   .76215E-01
   .5250   .80520E-01
   .5500   .84920E-01
   .5750   .89337E-01
   .6000   .93640E-01
   .6250   .97736E-01
   .6500   .10131E+00
   .6750   .10462E+00
   .7000   .10770E+00
   .7250   .11057E+00
   .7500   .11326E+00
   .7750   .11582E+00
   .8000   .11825E+00
   .8250   .12059E+00
   .8500   .12285E+00
   .8750   .12506E+00
   .9000   .12725E+00
   .9250   .12945E+00
   .9500   .13154E+00
   .9750   .13364E+00
  1.0000   .13587E+00
  1.0250   .13830E+00
  1.0500   .14098E+00
  1.0750   .14405E+00
  1.1000   .14747E+00
  1.1250   .15124E+00
  1.1500   .15538E+00
  1.1750   .15987E+00
  1.2000   .16494E+00
  1.2250   .17052E+00
  1.2500   .17634E+00
  1.2750   .18233E+00
  1.3000   .18842E+00
  1.3250   .19455E+00
  1.3500   .20066E+00
  1.3750   .20671E+00
  1.4000   .21266E+00
  1.4250   .21849E+00
  1.4500   .22415E+00



******** eos for beta-stable matter (fig 12)

 .1 .71
 .125 1.03
 .15 1.34
 .175 1.73
 .2 2.23
 .225 2.87
 .25 3.65
 .275 4.53
 .3 5.49
 .325 6.54
 .35 7.66
 .375 8.87
 .4 10.21
 .425 11.72
 .45 13.42
 .475 15.31
 .5 17.4
 .525 19.7
 .55 22.2
 .575 24.89
 .6 27.76
 .625 30.82
 .65 34.08
 .675 37.53
 .7 41.15
 .725 44.94
 .75 48.86
 .775 52.93
 .8 57.17
 .825 61.56
 .85 66.12
 .875 70.84
 .9 75.7
 .925 80.7
 .95 85.85
 .975 91.15
 1.0 96.6
 1.025 102.2
 1.05 107.95
 1.075 113.83
 1.1 119.88
 1.125 126.13
 1.15 132.62
 1.175 139.37
 1.2 146.07
 1.225 152.38
 1.25 158.84
 1.275 166.13
 1.3 173.81
 1.325 181.58
 1.35 189.52
 1.375 197.85
 1.4 206.73
 1.425 216.38













