   0.6153999999999999      -61.19000000000000    
   0.7026000000000000      -25.91000000000000    
   0.7906000000000000      -6.093000000000000    
   0.8774000000000000       7.292000000000000    
   0.9614000000000000       17.52000000000000    
    1.042000000000000       25.92000000000000    
    1.117000000000000       33.14000000000000    
    1.187000000000000       39.48999999999999    
    1.252000000000000       45.09000000000000    
    1.312000000000000       50.12000000000000    
    1.366000000000000       54.58000000000000    
    1.414000000000000       58.52000000000000    
    1.457000000000000       62.02999999999999    
    1.496000000000000       65.09000000000000    
    1.530000000000000       67.75999999999999    
    1.560000000000000       70.06000000000000    
    1.586000000000000       72.02000000000000    
    1.608000000000000       73.68000000000001    
    1.628000000000000       75.08000000000000    
    1.644000000000000       76.25000000000000    
    1.658000000000000       77.19000000000000    
    1.670000000000000       77.95000000000000    
    1.680000000000000       78.56000000000000    
    1.688000000000000       79.03000000000000    
    1.695000000000000       79.36999999999999    
    1.700000000000000       79.60000000000001    
    1.704000000000000       79.77000000000000    
    1.708000000000000       79.84999999999999    
    1.710000000000000       79.86000000000000    
    1.712000000000000       79.84000000000000    
    1.713000000000000       79.78000000000000    
    1.714000000000000       79.67999999999999    
    1.714000000000000       79.55000000000000    
    1.714000000000000       79.40000000000001    
    1.713000000000000       79.21000000000001    
    1.713000000000000       79.02000000000000    
    1.711000000000000       78.81000000000000    
    1.710000000000000       78.56999999999999    
    1.709000000000000       78.31000000000000    
    1.707000000000000       78.03000000000000    
    1.705000000000000       77.71000000000001    
    1.702000000000000       77.37000000000000    
    1.700000000000000       77.01000000000001    
    1.697000000000000       76.62000000000000    
    1.693000000000000       76.20999999999999    
    1.690000000000000       75.77000000000001    
    1.686000000000000       75.31000000000000    
    1.682000000000000       74.83000000000000    
    1.678000000000000       74.36000000000000    
    1.674000000000000       73.89000000000000    
