   0.3300000000000000       1.164000000000000    
   0.3600000000000000       1.180000000000000    
   0.3900000000000000       1.255000000000000    
   0.4200000000000000       1.347000000000000    
   0.4500000000000000       1.440000000000000    
   0.4800000000000000       1.528000000000000    
   0.5100000000000000       1.609000000000000    
   0.5400000000000000       1.681000000000000    
   0.5700000000000000       1.744000000000000    
   0.6000000000000000       1.800000000000000    
   0.6300000000000000       1.848000000000000    
   0.6600000000000000       1.889000000000000    
   0.6899999999999999       1.924000000000000    
   0.7200000000000000       1.954000000000000    
   0.7500000000000000       1.980000000000000    
   0.7800000000000000       2.001000000000000    
   0.8100000000000001       2.019000000000000    
   0.8400000000000000       2.034000000000000    
   0.8700000000000000       2.047000000000000    
   0.9000000000000000       2.057000000000000    
   0.9300000000000000       2.065000000000000    
   0.9600000000000000       2.072000000000000    
   0.9900000000000000       2.077000000000000    
    1.020000000000000       2.081000000000000    
    1.050000000000000       2.084000000000000    
    1.080000000000000       2.086000000000000    
    1.110000000000000       2.087000000000000    
    1.140000000000000       2.088000000000000    
    1.170000000000000       2.088000000000000    
    1.200000000000000       2.088000000000000    
    1.230000000000000       2.087000000000000    
    1.260000000000000       2.086000000000000    
    1.290000000000000       2.084000000000000    
    1.320000000000000       2.082000000000000    
    1.350000000000000       2.080000000000000    
    1.380000000000000       2.078000000000000    
    1.410000000000000       2.076000000000000    
    1.440000000000000       2.073000000000000    
    1.470000000000000       2.071000000000000    
    1.500000000000000       2.068000000000000    
    1.530000000000000       2.066000000000000    
    1.560000000000000       2.063000000000000    
    1.590000000000000       2.061000000000000    
    1.620000000000000       2.059000000000000    
    1.650000000000000       2.057000000000000    
    1.680000000000000       2.056000000000000    
    1.710000000000000       2.054000000000000    
    1.740000000000000       2.053000000000000    
    1.770000000000000       2.051000000000000    
    1.800000000000000       2.050000000000000    
