    2.000000000000000       1427.390000000000    
    1.990000000000000       1411.970000000000    
    1.980000000000000       1396.640000000000    
    1.970000000000000       1381.380000000000    
    1.960000000000000       1366.200000000000    
    1.950000000000000       1351.100000000000    
    1.940000000000000       1336.090000000000    
    1.930000000000000       1321.150000000000    
    1.920000000000000       1306.290000000000    
    1.910000000000000       1291.510000000000    
    1.900000000000000       1276.810000000000    
    1.890000000000000       1262.200000000000    
    1.880000000000000       1247.660000000000    
    1.870000000000000       1233.210000000000    
    1.860000000000000       1218.830000000000    
    1.850000000000000       1204.540000000000    
    1.840000000000000       1190.340000000000    
    1.830000000000000       1176.210000000000    
    1.820000000000000       1162.160000000000    
    1.810000000000000       1148.200000000000    
    1.800000000000000       1134.320000000000    
    1.790000000000000       1120.530000000000    
    1.780000000000000       1106.810000000000    
    1.770000000000000       1093.180000000000    
    1.760000000000000       1079.640000000000    
    1.750000000000000       1066.170000000000    
    1.740000000000000       1052.790000000000    
    1.730000000000000       1039.490000000000    
    1.720000000000000       1026.280000000000    
    1.710000000000000       1013.150000000000    
    1.700000000000000       1000.110000000000    
    1.690000000000000       987.1490000000000    
    1.680000000000000       974.2730000000000    
    1.670000000000000       961.4810000000000    
    1.660000000000000       948.7740000000000    
    1.650000000000000       936.1520000000000    
    1.640000000000000       923.6150000000000    
    1.630000000000000       911.1630000000000    
    1.620000000000000       898.7959999999999    
    1.610000000000000       886.5140000000000    
    1.600000000000000       874.3169999999999    
    1.590000000000000       862.2059999999999    
    1.580000000000000       850.1810000000000    
    1.570000000000000       838.2410000000000    
    1.560000000000000       826.3860000000000    
    1.550000000000000       814.6179999999999    
    1.540000000000000       802.9350000000001    
    1.530000000000000       791.3389999999999    
    1.520000000000000       779.8280000000000    
    1.510000000000000       768.4040000000000    
    1.500000000000000       757.0660000000000    
    1.490000000000000       745.8149999999999    
    1.480000000000000       734.6500000000000    
    1.470000000000000       723.5710000000000    
    1.460000000000000       712.5800000000000    
    1.450000000000000       701.6750000000000    
    1.440000000000000       690.8560000000000    
    1.430000000000000       680.1250000000000    
    1.420000000000000       669.4810000000000    
    1.410000000000000       658.9230000000000    
    1.400000000000000       648.4530000000001    
    1.390000000000000       638.0700000000001    
    1.380000000000000       627.7750000000000    
    1.370000000000000       617.5670000000000    
    1.360000000000000       607.4460000000000    
    1.350000000000000       597.4130000000000    
    1.340000000000000       587.4670000000000    
    1.330000000000000       577.6090000000000    
    1.320000000000000       567.8390000000001    
    1.310000000000000       558.1559999999999    
    1.300000000000000       548.5620000000000    
    1.290000000000000       539.0550000000001    
    1.280000000000000       529.6360000000000    
    1.270000000000000       520.3059999999999    
    1.260000000000000       511.0640000000000    
    1.250000000000000       501.9090000000000    
    1.240000000000000       492.8430000000000    
    1.230000000000000       483.8660000000000    
    1.220000000000000       474.9770000000000    
    1.210000000000000       466.1760000000000    
    1.200000000000000       457.4640000000001    
    1.190000000000000       448.8400000000000    
    1.180000000000000       440.3050000000001    
    1.170000000000000       431.8580000000000    
    1.160000000000000       423.5000000000001    
    1.150000000000000       415.2310000000000    
    1.140000000000000       407.0510000000000    
    1.130000000000000       398.9600000000000    
    1.120000000000000       390.9570000000000    
    1.110000000000000       383.0440000000000    
    1.100000000000000       375.2190000000000    
    1.090000000000000       367.4830000000000    
    1.080000000000000       359.8370000000000    
    1.070000000000000       352.2790000000000    
    1.060000000000000       344.8110000000000    
    1.050000000000000       337.4310000000000    
    1.040000000000000       330.1410000000000    
    1.030000000000000       322.9400000000000    
    1.020000000000000       315.8280000000000    
    1.010000000000000       308.8050000000000    
    1.000000000000000       301.8720000000000    
   0.9900000000000000       295.0270000000000    
   0.9800000000000001       288.2720000000000    
   0.9700000000000000       281.6060000000000    
   0.9600000000000000       275.0300000000000    
   0.9500000000000000       268.5420000000000    
   0.9400000000000001       262.1440000000000    
   0.9300000000000000       255.8340000000000    
   0.9199999999999999       249.6140000000000    
   0.9099999999999999       243.4830000000000    
   0.9000000000000000       237.4410000000000    
   0.8900000000000000       231.4880000000000    
   0.8800000000000001       225.6240000000000    
   0.8699999999999999       219.8490000000000    
   0.8600000000000000       214.1630000000000    
   0.8500000000000000       208.5650000000000    
   0.8400000000000001       203.0570000000000    
   0.8300000000000001       197.6370000000000    
   0.8200000000000000       192.3050000000000    
   0.8099999999999999       187.0620000000000    
   0.8000000000000000       181.9080000000000    
   0.7900000000000000       176.8420000000000    
   0.7800000000000000       171.8630000000000    
   0.7700000000000000       166.9730000000000    
   0.7600000000000000       162.1710000000000    
   0.7500000000000000       157.4560000000000    
   0.7400000000000000       152.8300000000000    
   0.7300000000000000       148.2900000000000    
   0.7200000000000000       143.8380000000000    
   0.7100000000000000       139.4730000000000    
   0.7000000000000000       135.1940000000000    
   0.6900000000000001       131.0030000000000    
   0.6799999999999999       126.8970000000000    
   0.6700000000000000       122.8780000000000    
   0.6599999999999999       118.9450000000000    
   0.6500000000000000       115.0980000000000    
   0.6400000000000000       111.3350000000000    
   0.6300000000000000       107.6580000000000    
   0.6200000000000000       104.0660000000000    
   0.6100000000000000       100.5580000000000    
   0.6000000000000000       97.13440000000000    
   0.5900000000000001       93.79429999999999    
   0.5800000000000000       90.53750000000001    
   0.5700000000000001       87.36359999999999    
   0.5599999999999999       84.27220000000000    
   0.5500000000000000       81.26280000000000    
   0.5400000000000000       78.33499999999999    
   0.5300000000000000       75.48820000000001    
   0.5200000000000000       72.72190000000001    
   0.5100000000000000       70.03550000000000    
   0.5000000000000000       67.42850000000000    
   0.4900000000000000       64.90020000000000    
   0.4800000000000000       62.45000000000000    
   0.4700000000000000       60.07710000000000    
   0.4600000000000000       57.78090000000000    
   0.4500000000000000       55.56040000000000    
   0.4400000000000001       53.41490000000000    
   0.4300000000000000       51.34340000000000    
   0.4200000000000000       49.34500000000000    
   0.4100000000000000       47.41850000000000    
   0.4000000000000000       45.56280000000000    
   0.3900000000000000       43.77670000000001    
   0.3800000000000000       42.05890000000000    
   0.3700000000000000       40.40790000000001    
   0.3600000000000000       38.82200000000000    
   0.3500000000000000       37.29980000000000    
   0.3400000000000000       35.83940000000000    
   0.3300000000000000       34.43890000000000    
   0.3200000000000000       33.09630000000000    
   0.3100000000000000       31.80960000000000    
   0.3000000000000000       30.57670000000000    
   0.2900000000000000       29.39540000000000    
   0.2800000000000000       28.26370000000000    
   0.2700000000000000       27.17940000000000    
   0.2600000000000000       26.14040000000000    
   0.2500000000000000       25.14480000000000    
   0.2400000000000000       24.19090000000000    
   0.2364310000000000       23.97810000000000    
   0.2343580000000000       23.73090000000000    
   0.2323000000000000       23.48110000000000    
   0.2302540000000000       23.22860000000000    
   0.2282210000000000       22.97340000000000    
   0.2262000000000000       22.71520000000000    
   0.2241910000000000       22.45410000000000    
   0.2221940000000000       22.19000000000000    
   0.2202080000000000       21.92270000000000    
   0.2182330000000000       21.65220000000000    
   0.2162680000000000       21.37840000000000    
   0.2143130000000000       21.10110000000000    
   0.2123670000000000       20.82020000000000    
   0.2104310000000000       20.53570000000000    
   0.2085040000000000       20.24740000000000    
   0.2065850000000000       19.95510000000000    
   0.2000000000000000       19.01090000000000    
   0.1900000000000000       17.86770000000000    
   0.1800000000000000       16.79550000000000    
   0.1700000000000000       15.79490000000000    
   0.1600000000000000       14.86570000000000    
   0.1500000000000000       14.00570000000000    
   0.1400000000000000       13.20940000000000    
   0.1300000000000000       12.46410000000000    
   0.1200000000000000       11.73710000000000    
   0.1100000000000000       10.93760000000000    
   0.1000000000000000       10.17740000000000    
