   1.0000000000000000E-02  0.1045000000000000    
   2.0000000000000000E-02  3.2180000000000000E-02
   2.9999999999999999E-02  1.0680000000000000E-02
   4.0000000000000001E-02  1.6900000000000001E-03
   5.0000000000000003E-02  1.6900000000000001E-03
   5.9999999999999998E-02  1.6900000000000001E-03
   6.9999999999999993E-02  1.6900000000000001E-03
   8.0000000000000002E-02  1.6900000000000001E-03
   8.9999999999999997E-02  1.6900000000000001E-03
   0.1000000000000000      1.0480000000000001E-03
   0.1100000000000000      3.4799999999999996E-03
   0.1200000000000000      6.1839999999999994E-03
   0.1300000000000000      9.1059999999999995E-03
   0.1400000000000000      1.2210000000000000E-02
   0.1500000000000000      1.5459999999999998E-02
   0.1600000000000000      1.8840000000000003E-02
   0.1700000000000000      2.2339999999999999E-02
   0.1800000000000000      2.5940000000000001E-02
   0.1900000000000000      2.9620000000000000E-02
   0.2000000000000000      3.3389999999999996E-02
   0.2100000000000000      3.7219999999999996E-02
   0.2200000000000000      4.1120000000000004E-02
   0.2300000000000000      4.5079999999999995E-02
   0.2400000000000000      4.9090000000000002E-02
   0.2500000000000000      5.3149999999999996E-02
   0.2600000000000000      5.7259999999999998E-02
   0.2700000000000000      6.1399999999999996E-02
   0.2800000000000000      6.5590000000000009E-02
   0.2900000000000000      6.9800000000000001E-02
   0.3000000000000000      7.4050000000000005E-02
   0.3100000000000000      7.8329999999999997E-02
   0.3200000000000000      8.2630000000000009E-02
   0.3300000000000000      8.6950000000000000E-02
   0.3400000000000000      9.1290000000000010E-02
   0.3500000000000000      9.5649999999999999E-02
   0.3600000000000000      0.1000000000000000    
   0.3700000000000000      0.1044000000000000    
   0.3800000000000000      0.1088000000000000    
   0.3900000000000000      0.1132000000000000    
   0.4000000000000000      0.1176000000000000    
   0.4100000000000000      0.1220000000000000    
   0.4200000000000000      0.1265000000000000    
   0.4300000000000000      0.1309000000000000    
   0.4400000000000000      0.1353000000000000    
   0.4500000000000000      0.1397000000000000    
   0.4600000000000000      0.1442000000000000    
   0.4700000000000000      0.1486000000000000    
   0.4800000000000000      0.1530000000000000    
   0.4900000000000000      0.1574000000000000    
   0.5000000000000000      0.1618000000000000    
   0.5100000000000000      0.1662000000000000    
   0.5200000000000000      0.1705000000000000    
   0.5300000000000000      0.1749000000000000    
   0.5400000000000000      0.1792000000000000    
   0.5500000000000000      0.1836000000000000    
   0.5600000000000001      0.1879000000000000    
   0.5700000000000000      0.1922000000000000    
   0.5800000000000000      0.1964000000000000    
   0.5900000000000000      0.2007000000000000    
   0.6000000000000000      0.2050000000000000    
   0.6100000000000000      0.2092000000000000    
   0.6200000000000000      0.2134000000000000    
   0.6300000000000000      0.2176000000000000    
   0.6400000000000000      0.2217000000000000    
   0.6500000000000000      0.2259000000000000    
   0.6600000000000000      0.2300000000000000    
   0.6700000000000000      0.2341000000000000    
   0.6800000000000000      0.2381000000000000    
   0.6899999999999999      0.2422000000000000    
   0.7000000000000000      0.2462000000000000    
   0.7100000000000000      0.2502000000000000    
   0.7200000000000000      0.2541000000000000    
   0.7300000000000000      0.2580000000000000    
   0.7400000000000000      0.2619000000000000    
   0.7500000000000000      0.2658000000000000    
   0.7600000000000000      0.2697000000000000    
   0.7700000000000000      0.2735000000000000    
   0.7800000000000000      0.2773000000000000    
   0.7900000000000000      0.2810000000000000    
   0.8000000000000000      0.2848000000000000    
   0.8100000000000001      0.2885000000000000    
   0.8200000000000000      0.2922000000000000    
   0.8300000000000000      0.2958000000000000    
   0.8400000000000000      0.2994000000000000    
   0.8500000000000000      0.3030000000000000    
   0.8600000000000000      0.3065000000000000    
   0.8700000000000000      0.3101000000000000    
   0.8800000000000000      0.3136000000000000    
   0.8900000000000000      0.3170000000000000    
   0.9000000000000000      0.3205000000000000    
   0.9100000000000000      0.3239000000000000    
   0.9200000000000000      0.3272000000000000    
   0.9300000000000000      0.3306000000000000    
   0.9399999999999999      0.3339000000000000    
   0.9500000000000000      0.3372000000000000    
   0.9600000000000000      0.3404000000000000    
   0.9700000000000000      0.3436000000000000    
   0.9800000000000000      0.3468000000000000    
   0.9900000000000000      0.3500000000000000    
    1.000000000000000      0.3531000000000000    
    1.010000000000000      0.3562000000000000    
    1.020000000000000      0.3593000000000000    
    1.030000000000000      0.3623000000000000    
    1.040000000000000      0.3653000000000000    
    1.050000000000000      0.3683000000000000    
    1.060000000000000      0.3713000000000000    
    1.070000000000000      0.3742000000000000    
    1.080000000000000      0.3771000000000000    
    1.090000000000000      0.3800000000000000    
    1.100000000000000      0.3828000000000000    
    1.110000000000000      0.3856000000000000    
    1.120000000000000      0.3884000000000000    
    1.130000000000000      0.3912000000000000    
    1.140000000000000      0.3939000000000000    
    1.150000000000000      0.3966000000000000    
    1.160000000000000      0.3993000000000000    
    1.170000000000000      0.4019000000000000    
    1.180000000000000      0.4046000000000000    
    1.190000000000000      0.4072000000000000    
    1.200000000000000      0.4098000000000000    
    1.210000000000000      0.4123000000000000    
    1.220000000000000      0.4149000000000000    
    1.230000000000000      0.4174000000000000    
    1.240000000000000      0.4198000000000000    
    1.250000000000000      0.4223000000000000    
    1.260000000000000      0.4248000000000000    
    1.270000000000000      0.4272000000000000    
    1.280000000000000      0.4296000000000000    
    1.290000000000000      0.4319000000000000    
    1.300000000000000      0.4343000000000000    
    1.310000000000000      0.4366000000000000    
    1.320000000000000      0.4390000000000000    
    1.330000000000000      0.4413000000000000    
    1.340000000000000      0.4435000000000000    
    1.350000000000000      0.4458000000000000    
    1.360000000000000      0.4480000000000000    
    1.370000000000000      0.4503000000000000    
    1.380000000000000      0.4525000000000000    
    1.390000000000000      0.4546000000000000    
    1.400000000000000      0.4568000000000000    
    1.410000000000000      0.4590000000000000    
    1.420000000000000      0.4611000000000000    
    1.430000000000000      0.4632000000000000    
    1.440000000000000      0.4654000000000000    
    1.450000000000000      0.4675000000000000    
    1.460000000000000      0.4695000000000000    
    1.470000000000000      0.4716000000000000    
    1.480000000000000      0.4737000000000000    
    1.490000000000000      0.4757000000000000    
    1.500000000000000      0.4777000000000000    
    1.510000000000000      0.4798000000000000    
    1.520000000000000      0.4818000000000000    
    1.530000000000000      0.4838000000000000    
    1.540000000000000      0.4858000000000000    
    1.550000000000000      0.4878000000000000    
    1.560000000000000      0.4897000000000000    
    1.570000000000000      0.4917000000000000    
    1.580000000000000      0.4937000000000000    
    1.590000000000000      0.4956000000000000    
    1.600000000000000      0.4976000000000000    
    1.610000000000000      0.4995000000000000    
    1.620000000000000      0.5014000000000000    
    1.630000000000000      0.5034000000000000    
    1.640000000000000      0.5053000000000000    
    1.650000000000000      0.5072000000000000    
    1.660000000000000      0.5091000000000000    
    1.670000000000000      0.5111000000000000    
    1.680000000000000      0.5130000000000000    
    1.690000000000000      0.5149000000000000    
    1.700000000000000      0.5168000000000000    
    1.710000000000000      0.5187000000000000    
    1.720000000000000      0.5206000000000000    
    1.730000000000000      0.5225000000000000    
    1.740000000000000      0.5245000000000000    
    1.750000000000000      0.5264000000000000    
    1.760000000000000      0.5283000000000000    
    1.770000000000000      0.5302000000000000    
    1.780000000000000      0.5321000000000000    
    1.790000000000000      0.5340000000000000    
    1.800000000000000      0.5360000000000000    
    1.810000000000000      0.5379000000000000    
    1.820000000000000      0.5399000000000000    
    1.830000000000000      0.5417999999999999    
    1.840000000000000      0.5438000000000000    
    1.850000000000000      0.5457000000000000    
    1.860000000000000      0.5477000000000000    
    1.870000000000000      0.5497000000000000    
    1.880000000000000      0.5516000000000000    
    1.890000000000000      0.5536000000000000    
    1.900000000000000      0.5556000000000000    
    1.910000000000000      0.5576000000000000    
    1.920000000000000      0.5597000000000000    
    1.930000000000000      0.5617000000000000    
    1.940000000000000      0.5638000000000000    
    1.950000000000000      0.5658000000000000    
    1.960000000000000      0.5679000000000000    
    1.970000000000000      0.5700000000000000    
    1.980000000000000      0.5721000000000001    
    1.990000000000000      0.5742000000000000    
    2.000000000000000      0.5763000000000000    
