    2.000000000000000       1.473000000000000    
    1.990000000000000       1.469000000000000    
    1.980000000000000       1.466000000000000    
    1.970000000000000       1.462000000000000    
    1.960000000000000       1.458000000000000    
    1.950000000000000       1.455000000000000    
    1.940000000000000       1.451000000000000    
    1.930000000000000       1.447000000000000    
    1.920000000000000       1.444000000000000    
    1.910000000000000       1.440000000000000    
    1.900000000000000       1.436000000000000    
    1.890000000000000       1.432000000000000    
    1.880000000000000       1.428000000000000    
    1.870000000000000       1.424000000000000    
    1.860000000000000       1.420000000000000    
    1.850000000000000       1.416000000000000    
    1.840000000000000       1.411000000000000    
    1.830000000000000       1.407000000000000    
    1.820000000000000       1.403000000000000    
    1.810000000000000       1.398000000000000    
    1.800000000000000       1.394000000000000    
    1.790000000000000       1.390000000000000    
    1.780000000000000       1.385000000000000    
    1.770000000000000       1.380000000000000    
    1.760000000000000       1.376000000000000    
    1.750000000000000       1.371000000000000    
    1.740000000000000       1.366000000000000    
    1.730000000000000       1.361000000000000    
    1.720000000000000       1.357000000000000    
    1.710000000000000       1.352000000000000    
    1.700000000000000       1.347000000000000    
    1.690000000000000       1.341000000000000    
    1.680000000000000       1.336000000000000    
    1.670000000000000       1.331000000000000    
    1.660000000000000       1.326000000000000    
    1.650000000000000       1.320000000000000    
    1.640000000000000       1.315000000000000    
    1.630000000000000       1.309000000000000    
    1.620000000000000       1.304000000000000    
    1.610000000000000       1.298000000000000    
    1.600000000000000       1.292000000000000    
    1.590000000000000       1.287000000000000    
    1.580000000000000       1.281000000000000    
    1.570000000000000       1.275000000000000    
    1.560000000000000       1.269000000000000    
    1.550000000000000       1.263000000000000    
    1.540000000000000       1.256000000000000    
    1.530000000000000       1.250000000000000    
    1.520000000000000       1.244000000000000    
    1.510000000000000       1.237000000000000    
    1.500000000000000       1.231000000000000    
    1.490000000000000       1.224000000000000    
    1.480000000000000       1.218000000000000    
    1.470000000000000       1.211000000000000    
    1.460000000000000       1.204000000000000    
    1.450000000000000       1.197000000000000    
    1.440000000000000       1.190000000000000    
    1.430000000000000       1.183000000000000    
    1.420000000000000       1.176000000000000    
    1.410000000000000       1.168000000000000    
    1.400000000000000       1.161000000000000    
    1.390000000000000       1.154000000000000    
    1.380000000000000       1.146000000000000    
    1.370000000000000       1.139000000000000    
    1.360000000000000       1.131000000000000    
    1.350000000000000       1.123000000000000    
    1.340000000000000       1.115000000000000    
    1.330000000000000       1.107000000000000    
    1.320000000000000       1.099000000000000    
    1.310000000000000       1.091000000000000    
    1.300000000000000       1.083000000000000    
    1.290000000000000       1.074000000000000    
    1.280000000000000       1.066000000000000    
    1.270000000000000       1.057000000000000    
    1.260000000000000       1.049000000000000    
    1.250000000000000       1.040000000000000    
    1.240000000000000       1.031000000000000    
    1.230000000000000       1.022000000000000    
    1.220000000000000       1.013000000000000    
    1.210000000000000       1.004000000000000    
    1.200000000000000      0.9947000000000000    
    1.190000000000000      0.9854000000000001    
    1.180000000000000      0.9760000000000000    
    1.170000000000000      0.9665000000000000    
    1.160000000000000      0.9569000000000000    
    1.150000000000000      0.9473000000000000    
    1.140000000000000      0.9375000000000000    
    1.130000000000000      0.9276000000000000    
    1.120000000000000      0.9177000000000000    
    1.110000000000000      0.9076000000000000    
    1.100000000000000      0.8975000000000000    
    1.090000000000000      0.8873000000000000    
    1.080000000000000      0.8770000000000000    
    1.070000000000000      0.8666000000000000    
    1.060000000000000      0.8561000000000000    
    1.050000000000000      0.8455000000000000    
    1.040000000000000      0.8349000000000000    
    1.030000000000000      0.8242000000000000    
    1.020000000000000      0.8134000000000000    
    1.010000000000000      0.8025000000000000    
    1.000000000000000      0.7915000000000000    
   0.9900000000000000      0.7805000000000000    
   0.9800000000000000      0.7694000000000000    
   0.9700000000000000      0.7582000000000000    
   0.9600000000000000      0.7469000000000000    
   0.9500000000000000      0.7356000000000000    
   0.9399999999999999      0.7242000000000000    
   0.9300000000000000      0.7128000000000000    
   0.9200000000000000      0.7013000000000000    
   0.9100000000000000      0.6897000000000000    
   0.9000000000000000      0.6781000000000000    
   0.8900000000000000      0.6664000000000000    
   0.8800000000000000      0.6546999999999999    
   0.8700000000000000      0.6430000000000000    
   0.8600000000000000      0.6312000000000000    
   0.8500000000000000      0.6193000000000000    
   0.8400000000000000      0.6075000000000000    
   0.8300000000000000      0.5956000000000000    
   0.8200000000000000      0.5836000000000000    
   0.8100000000000001      0.5717000000000000    
   0.8000000000000000      0.5597000000000000    
   0.7900000000000000      0.5478000000000000    
   0.7800000000000000      0.5358000000000001    
   0.7700000000000000      0.5238000000000000    
   0.7600000000000000      0.5118000000000000    
   0.7500000000000000      0.4998000000000000    
   0.7400000000000000      0.4878000000000000    
   0.7300000000000000      0.4759000000000000    
   0.7200000000000000      0.4640000000000000    
   0.7100000000000000      0.4520000000000000    
   0.7000000000000000      0.4402000000000000    
   0.6899999999999999      0.4283000000000000    
   0.6800000000000000      0.4165000000000000    
   0.6700000000000000      0.4048000000000000    
   0.6600000000000000      0.3931000000000000    
   0.6500000000000000      0.3814000000000000    
   0.6400000000000000      0.3699000000000000    
   0.6300000000000000      0.3584000000000000    
   0.6200000000000000      0.3470000000000000    
   0.6100000000000000      0.3356000000000000    
   0.6000000000000000      0.3244000000000000    
   0.5900000000000000      0.3132000000000000    
   0.5800000000000000      0.3022000000000000    
   0.5700000000000000      0.2913000000000000    
   0.5600000000000001      0.2805000000000000    
   0.5500000000000000      0.2698000000000000    
   0.5400000000000000      0.2592000000000000    
   0.5300000000000000      0.2488000000000000    
   0.5200000000000000      0.2385000000000000    
   0.5100000000000000      0.2284000000000000    
   0.5000000000000000      0.2184000000000000    
   0.4900000000000000      0.2086000000000000    
   0.4800000000000000      0.1989000000000000    
   0.4700000000000000      0.1895000000000000    
   0.4600000000000000      0.1802000000000000    
   0.4500000000000000      0.1711000000000000    
   0.4400000000000000      0.1622000000000000    
   0.4300000000000000      0.1535000000000000    
   0.4200000000000000      0.1449000000000000    
   0.4100000000000000      0.1366000000000000    
   0.4000000000000000      0.1286000000000000    
   0.3900000000000000      0.1207000000000000    
   0.3800000000000000      0.1131000000000000    
   0.3700000000000000      0.1057000000000000    
   0.3600000000000000      9.8479999999999998E-02
   0.3500000000000000      9.1549999999999992E-02
   0.3400000000000000      8.4860000000000005E-02
   0.3300000000000000      7.8420000000000004E-02
   0.3200000000000000      7.2230000000000003E-02
   0.3100000000000000      6.6299999999999998E-02
   0.3000000000000000      6.0629999999999996E-02
   0.2900000000000000      5.5230000000000001E-02
   0.2800000000000000      5.0090000000000003E-02
   0.2700000000000000      4.5219999999999996E-02
   0.2600000000000000      4.0620000000000003E-02
   0.2500000000000000      3.6299999999999999E-02
   0.2400000000000000      3.2259999999999997E-02
   0.2364000000000000      3.0890000000000001E-02
   0.2344000000000000      3.0099999999999998E-02
   0.2323000000000000      2.9339999999999998E-02
   0.2303000000000000      2.8589999999999997E-02
   0.2282000000000000      2.7860000000000003E-02
   0.2262000000000000      2.7150000000000001E-02
   0.2242000000000000      2.6450000000000001E-02
   0.2222000000000000      2.5769999999999998E-02
   0.2202000000000000      2.5100000000000001E-02
   0.2182000000000000      2.4440000000000000E-02
   0.2163000000000000      2.3810000000000001E-02
   0.2143000000000000      2.3179999999999999E-02
   0.2124000000000000      2.2570000000000000E-02
   0.2104000000000000      2.1970000000000000E-02
   0.2085000000000000      2.1389999999999999E-02
   0.2066000000000000      2.0819999999999998E-02
   0.2000000000000000      1.8950000000000002E-02
   0.1900000000000000      1.6350000000000000E-02
   0.1800000000000000      1.4060000000000000E-02
   0.1700000000000000      1.2080000000000000E-02
   0.1600000000000000      1.0409999999999999E-02
   0.1500000000000000      9.0699999999999999E-03
   0.1400000000000000      8.0759999999999998E-03
