    2.0                    1.
    1.5                    1.
    1.0                1.
   0.80000            1.
   0.7                1.
   0.5                1.
   0.400000000001     1.
   0.4000000000000000      0.1286000000000000    
   0.3900000000000000      0.1207000000000000    
   0.3800000000000000      0.1131000000000000    
   0.3700000000000000      0.1057000000000000    
   0.3600000000000000      9.8479999999999998E-02
   0.3500000000000000      9.1549999999999992E-02
   0.3400000000000000      8.4860000000000005E-02
   0.3300000000000000      7.8420000000000004E-02
   0.3200000000000000      7.2230000000000003E-02
   0.3100000000000000      6.6299999999999998E-02
   0.3000000000000000      6.0629999999999996E-02
   0.2900000000000000      5.5230000000000001E-02
   0.2800000000000000      5.0090000000000003E-02
   0.2700000000000000      4.5219999999999996E-02
   0.2600000000000000      4.0620000000000003E-02
   0.2500000000000000      3.6299999999999999E-02
   0.2400000000000000      3.2259999999999997E-02
   0.2364000000000000      3.0890000000000001E-02
   0.2344000000000000      3.0099999999999998E-02
   0.2323000000000000      2.9339999999999998E-02
   0.2303000000000000      2.8589999999999997E-02
   0.2282000000000000      2.7860000000000003E-02
   0.2262000000000000      2.7150000000000001E-02
   0.2242000000000000      2.6450000000000001E-02
   0.2222000000000000      2.5769999999999998E-02
   0.2202000000000000      2.5100000000000001E-02
   0.2182000000000000      2.4440000000000000E-02
   0.2163000000000000      2.3810000000000001E-02
   0.2143000000000000      2.3179999999999999E-02
   0.2124000000000000      2.2570000000000000E-02
   0.2104000000000000      2.1970000000000000E-02
   0.2085000000000000      2.1389999999999999E-02
   0.2066000000000000      2.0819999999999998E-02
   0.2000000000000000      1.8950000000000002E-02
   0.1900000000000000      1.6350000000000000E-02
   0.1800000000000000      1.4060000000000000E-02
   0.1700000000000000      1.2080000000000000E-02
   0.1600000000000000      1.0409999999999999E-02
   0.1500000000000000      9.0699999999999999E-03
   0.1400000000000000      8.0759999999999998E-03
