figura 19

delta =0

   1.0000000000000000E-02  6.7220000000000002E-02
   2.0000000000000000E-02  2.0910000000000002E-02
   2.9999999999999999E-02  6.9249999999999997E-03
   4.0000000000000001E-02  9.9360000000000008E-04
   5.0000000000000003E-02  9.9360000000000008E-04
   5.9999999999999998E-02  9.9360000000000008E-04
   6.9999999999999993E-02  9.9360000000000008E-04
   8.0000000000000002E-02  9.9360000000000008E-04
   8.9999999999999997E-02  9.9360000000000008E-04
   0.1000000000000000      1.8020000000000000E-03
   0.1100000000000000      4.1789999999999996E-03
   0.1200000000000000      6.9560000000000004E-03
   0.1300000000000000      1.0109999999999999E-02
   0.1400000000000000      1.3630000000000000E-02
   0.1500000000000000      1.7499999999999998E-02
   0.1600000000000000      2.1710000000000000E-02
   0.1700000000000000      2.6269999999999998E-02
   0.1800000000000000      3.1160000000000000E-02
   0.1900000000000000      3.6389999999999999E-02
   0.2000000000000000      4.1950000000000001E-02
   0.2100000000000000      4.7829999999999998E-02
   0.2200000000000000      5.4039999999999998E-02
   0.2300000000000000      6.0560000000000003E-02
   0.2400000000000000      6.7400000000000002E-02
   0.2500000000000000      7.4560000000000001E-02
   0.2600000000000000      8.2010000000000000E-02
   0.2700000000000000      8.9770000000000003E-02
   0.2800000000000000      9.7830000000000000E-02
   0.2900000000000000      0.1062000000000000    
   0.3000000000000000      0.1148000000000000    
   0.3100000000000000      0.1237000000000000    
   0.3200000000000000      0.1329000000000000    
   0.3300000000000000      0.1423000000000000    
   0.3400000000000000      0.1520000000000000    
   0.3500000000000000      0.1620000000000000    
   0.3600000000000000      0.1722000000000000    
   0.3700000000000000      0.1826000000000000    
   0.3800000000000000      0.1932000000000000    
   0.3900000000000000      0.2041000000000000    
   0.4000000000000000      0.2152000000000000    
   0.4100000000000000      0.2265000000000000    
   0.4200000000000000      0.2379000000000000    
   0.4300000000000000      0.2496000000000000    
   0.4400000000000000      0.2614000000000000    
   0.4500000000000000      0.2734000000000000    
   0.4600000000000000      0.2856000000000000    
   0.4700000000000000      0.2979000000000000    
   0.4800000000000000      0.3103000000000000    
   0.4900000000000000      0.3229000000000000    
   0.5000000000000000      0.3356000000000000    
   0.5100000000000000      0.3484000000000000    
   0.5200000000000000      0.3614000000000000    
   0.5300000000000000      0.3744000000000000    
   0.5400000000000000      0.3875000000000000    
   0.5500000000000000      0.4007000000000000    
   0.5600000000000001      0.4140000000000000    
   0.5700000000000000      0.4273000000000000    
   0.5800000000000000      0.4407000000000000    
   0.5900000000000000      0.4541000000000000    
   0.6000000000000000      0.4676000000000000    
   0.6100000000000000      0.4811000000000000    
   0.6200000000000000      0.4947000000000000    
   0.6300000000000000      0.5082000000000000    
   0.6400000000000000      0.5218000000000000    
   0.6500000000000000      0.5354000000000000    
   0.6600000000000000      0.5490000000000000    
   0.6700000000000000      0.5626000000000000    
   0.6800000000000000      0.5762000000000000    
   0.6899999999999999      0.5897000000000000    
   0.7000000000000000      0.6032999999999999    
   0.7100000000000000      0.6168000000000000    
   0.7200000000000000      0.6303000000000000    
   0.7300000000000000      0.6437000000000000    
   0.7400000000000000      0.6571000000000000    
   0.7500000000000000      0.6705000000000000    
   0.7600000000000000      0.6838000000000000    
   0.7700000000000000      0.6970000000000000    
   0.7800000000000000      0.7102000000000001    
   0.7900000000000000      0.7233000000000001    
   0.8000000000000000      0.7363000000000000    
   0.8100000000000001      0.7493000000000000    
   0.8200000000000000      0.7622000000000000    
   0.8300000000000000      0.7751000000000000    
   0.8400000000000000      0.7877999999999999    
   0.8500000000000000      0.8005000000000000    
   0.8600000000000000      0.8131000000000000    
   0.8700000000000000      0.8256000000000000    
   0.8800000000000000      0.8380000000000000    
   0.8900000000000000      0.8502999999999999    
   0.9000000000000000      0.8625000000000000    
   0.9100000000000000      0.8746000000000000    
   0.9200000000000000      0.8866000000000001    
   0.9300000000000000      0.8986000000000000    
   0.9399999999999999      0.9104000000000000    
   0.9500000000000000      0.9221000000000000    
   0.9600000000000000      0.9337000000000000    
   0.9700000000000000      0.9452000000000000    
   0.9800000000000000      0.9566000000000000    
   0.9900000000000000      0.9679000000000000    
    1.000000000000000      0.9791000000000000    
    1.010000000000000      0.9902000000000000    
    1.020000000000000       1.001000000000000    
    1.030000000000000       1.012000000000000    
    1.040000000000000       1.023000000000000    
    1.050000000000000       1.033000000000000    
    1.060000000000000       1.044000000000000    
    1.070000000000000       1.054000000000000    
    1.080000000000000       1.065000000000000    
    1.090000000000000       1.075000000000000    
    1.100000000000000       1.085000000000000    
    1.110000000000000       1.095000000000000    
    1.120000000000000       1.105000000000000    
    1.130000000000000       1.115000000000000    
    1.140000000000000       1.124000000000000    
    1.150000000000000       1.134000000000000    
    1.160000000000000       1.143000000000000    
    1.170000000000000       1.153000000000000    
    1.180000000000000       1.162000000000000    
    1.190000000000000       1.171000000000000    
    1.200000000000000       1.180000000000000    
    1.210000000000000       1.189000000000000    
    1.220000000000000       1.198000000000000    
    1.230000000000000       1.207000000000000    
    1.240000000000000       1.215000000000000    
    1.250000000000000       1.224000000000000    
    1.260000000000000       1.232000000000000    
    1.270000000000000       1.241000000000000    
    1.280000000000000       1.249000000000000    
    1.290000000000000       1.257000000000000    
    1.300000000000000       1.265000000000000    
    1.310000000000000       1.273000000000000    
    1.320000000000000       1.281000000000000    
    1.330000000000000       1.288000000000000    
    1.340000000000000       1.296000000000000    
    1.350000000000000       1.304000000000000    
    1.360000000000000       1.311000000000000    
    1.370000000000000       1.318000000000000    
    1.380000000000000       1.326000000000000    
    1.390000000000000       1.333000000000000    
    1.400000000000000       1.340000000000000    
    1.410000000000000       1.347000000000000    
    1.420000000000000       1.354000000000000    
    1.430000000000000       1.361000000000000    
    1.440000000000000       1.368000000000000    
    1.450000000000000       1.374000000000000    
    1.460000000000000       1.381000000000000    
    1.470000000000000       1.387000000000000    
    1.480000000000000       1.394000000000000    
    1.490000000000000       1.400000000000000    
    1.500000000000000       1.407000000000000    
    1.510000000000000       1.413000000000000    
    1.520000000000000       1.419000000000000    
    1.530000000000000       1.425000000000000    
    1.540000000000000       1.431000000000000    
    1.550000000000000       1.437000000000000    
    1.560000000000000       1.443000000000000    
    1.570000000000000       1.449000000000000    
    1.580000000000000       1.454000000000000    
    1.590000000000000       1.460000000000000    
    1.600000000000000       1.466000000000000    
    1.610000000000000       1.471000000000000    
    1.620000000000000       1.477000000000000    
    1.630000000000000       1.482000000000000    
    1.640000000000000       1.487000000000000    
    1.650000000000000       1.493000000000000    
    1.660000000000000       1.498000000000000    
    1.670000000000000       1.503000000000000    
    1.680000000000000       1.508000000000000    
    1.690000000000000       1.513000000000000    
    1.700000000000000       1.518000000000000    
    1.710000000000000       1.523000000000000    
    1.720000000000000       1.528000000000000    
    1.730000000000000       1.533000000000000    
    1.740000000000000       1.537000000000000    
    1.750000000000000       1.542000000000000    
    1.760000000000000       1.547000000000000    
    1.770000000000000       1.551000000000000    
    1.780000000000000       1.556000000000000    
    1.790000000000000       1.560000000000000    
    1.800000000000000       1.565000000000000    
    1.810000000000000       1.569000000000000    
    1.820000000000000       1.574000000000000    
    1.830000000000000       1.578000000000000    
    1.840000000000000       1.582000000000000    
    1.850000000000000       1.587000000000000    
    1.860000000000000       1.591000000000000    
    1.870000000000000       1.595000000000000    
    1.880000000000000       1.599000000000000    
    1.890000000000000       1.603000000000000    
    1.900000000000000       1.607000000000000    
    1.910000000000000       1.611000000000000    
    1.920000000000000       1.615000000000000    
    1.930000000000000       1.619000000000000    
    1.940000000000000       1.623000000000000    
    1.950000000000000       1.626000000000000    
    1.960000000000000       1.630000000000000    
    1.970000000000000       1.634000000000000    
    1.980000000000000       1.638000000000000    
    1.990000000000000       1.641000000000000    
    2.000000000000000       1.645000000000000    

delta =0.1

   1.0000000000000000E-02  0.1040000000000000    
   2.0000000000000000E-02  3.3329999999999999E-02
   2.9999999999999999E-02  1.1880000000000000E-02
   4.0000000000000001E-02  2.6090000000000002E-03
   5.0000000000000003E-02  2.6090000000000002E-03
   5.9999999999999998E-02  2.6090000000000002E-03
   6.9999999999999993E-02  2.6090000000000002E-03
   8.0000000000000002E-02  2.6090000000000002E-03
   8.9999999999999997E-02  2.6090000000000002E-03
   0.1000000000000000      4.3449999999999999E-04
   0.1100000000000000      2.8699999999999997E-03
   0.1200000000000000      5.6679999999999994E-03
   0.1300000000000000      8.7770000000000001E-03
   0.1400000000000000      1.2160000000000001E-02
   0.1500000000000000      1.5790000000000002E-02
   0.1600000000000000      1.9639999999999998E-02
   0.1700000000000000      2.3699999999999999E-02
   0.1800000000000000      2.7950000000000003E-02
   0.1900000000000000      3.2379999999999999E-02
   0.2000000000000000      3.6979999999999999E-02
   0.2100000000000000      4.1739999999999999E-02
   0.2200000000000000      4.6650000000000004E-02
   0.2300000000000000      5.1700000000000003E-02
   0.2400000000000000      5.6880000000000000E-02
   0.2500000000000000      6.2190000000000002E-02
   0.2600000000000000      6.7629999999999996E-02
   0.2700000000000000      7.3169999999999999E-02
   0.2800000000000000      7.8829999999999997E-02
   0.2900000000000000      8.4589999999999999E-02
   0.3000000000000000      9.0450000000000003E-02
   0.3100000000000000      9.6400000000000000E-02
   0.3200000000000000      0.1024000000000000    
   0.3300000000000000      0.1086000000000000    
   0.3400000000000000      0.1147000000000000    
   0.3500000000000000      0.1210000000000000    
   0.3600000000000000      0.1273000000000000    
   0.3700000000000000      0.1337000000000000    
   0.3800000000000000      0.1402000000000000    
   0.3900000000000000      0.1467000000000000    
   0.4000000000000000      0.1532000000000000    
   0.4100000000000000      0.1598000000000000    
   0.4200000000000000      0.1665000000000000    
   0.4300000000000000      0.1731000000000000    
   0.4400000000000000      0.1798000000000000    
   0.4500000000000000      0.1866000000000000    
   0.4600000000000000      0.1933000000000000    
   0.4700000000000000      0.2001000000000000    
   0.4800000000000000      0.2069000000000000    
   0.4900000000000000      0.2137000000000000    
   0.5000000000000000      0.2205000000000000    
   0.5100000000000000      0.2273000000000000    
   0.5200000000000000      0.2341000000000000    
   0.5300000000000000      0.2409000000000000    
   0.5400000000000000      0.2478000000000000    
   0.5500000000000000      0.2546000000000000    
   0.5600000000000001      0.2614000000000000    
   0.5700000000000000      0.2682000000000000    
   0.5800000000000000      0.2749000000000000    
   0.5900000000000000      0.2817000000000000    
   0.6000000000000000      0.2884000000000000    
   0.6100000000000000      0.2951000000000000    
   0.6200000000000000      0.3018000000000000    
   0.6300000000000000      0.3085000000000000    
   0.6400000000000000      0.3151000000000000    
   0.6500000000000000      0.3218000000000000    
   0.6600000000000000      0.3283000000000000    
   0.6700000000000000      0.3349000000000000    
   0.6800000000000000      0.3414000000000000    
   0.6899999999999999      0.3479000000000000    
   0.7000000000000000      0.3543000000000000    
   0.7100000000000000      0.3607000000000000    
   0.7200000000000000      0.3670000000000000    
   0.7300000000000000      0.3734000000000000    
   0.7400000000000000      0.3796000000000000    
   0.7500000000000000      0.3858000000000000    
   0.7600000000000000      0.3920000000000000    
   0.7700000000000000      0.3981000000000000    
   0.7800000000000000      0.4042000000000000    
   0.7900000000000000      0.4102000000000000    
   0.8000000000000000      0.4162000000000000    
   0.8100000000000001      0.4222000000000000    
   0.8200000000000000      0.4280000000000000    
   0.8300000000000000      0.4339000000000000    
   0.8400000000000000      0.4396000000000000    
   0.8500000000000000      0.4454000000000000    
   0.8600000000000000      0.4510000000000000    
   0.8700000000000000      0.4566000000000000    
   0.8800000000000000      0.4622000000000000    
   0.8900000000000000      0.4677000000000000    
   0.9000000000000000      0.4731000000000000    
   0.9100000000000000      0.4785000000000000    
   0.9200000000000000      0.4839000000000000    
   0.9300000000000000      0.4892000000000000    
   0.9399999999999999      0.4944000000000000    
   0.9500000000000000      0.4996000000000000    
   0.9600000000000000      0.5047000000000000    
   0.9700000000000000      0.5097000000000000    
   0.9800000000000000      0.5147000000000000    
   0.9900000000000000      0.5197000000000001    
    1.000000000000000      0.5246000000000000    
    1.010000000000000      0.5294000000000000    
    1.020000000000000      0.5342000000000000    
    1.030000000000000      0.5389000000000000    
    1.040000000000000      0.5436000000000000    
    1.050000000000000      0.5482000000000000    
    1.060000000000000      0.5528000000000000    
    1.070000000000000      0.5573000000000000    
    1.080000000000000      0.5617000000000000    
    1.090000000000000      0.5661000000000000    
    1.100000000000000      0.5705000000000000    
    1.110000000000000      0.5748000000000000    
    1.120000000000000      0.5790000000000000    
    1.130000000000000      0.5832000000000001    
    1.140000000000000      0.5873000000000000    
    1.150000000000000      0.5914000000000000    
    1.160000000000000      0.5954000000000000    
    1.170000000000000      0.5994000000000000    
    1.180000000000000      0.6034000000000000    
    1.190000000000000      0.6073000000000000    
    1.200000000000000      0.6111000000000000    
    1.210000000000000      0.6149000000000000    
    1.220000000000000      0.6187000000000000    
    1.230000000000000      0.6224000000000000    
    1.240000000000000      0.6260000000000000    
    1.250000000000000      0.6296000000000000    
    1.260000000000000      0.6332000000000000    
    1.270000000000000      0.6367000000000000    
    1.280000000000000      0.6402000000000000    
    1.290000000000000      0.6435999999999999    
    1.300000000000000      0.6470000000000000    
    1.310000000000000      0.6504000000000000    
    1.320000000000000      0.6536999999999999    
    1.330000000000000      0.6570000000000000    
    1.340000000000000      0.6602000000000000    
    1.350000000000000      0.6634000000000000    
    1.360000000000000      0.6665000000000000    
    1.370000000000000      0.6697000000000000    
    1.380000000000000      0.6728000000000000    
    1.390000000000000      0.6758000000000000    
    1.400000000000000      0.6788000000000000    
    1.410000000000000      0.6818000000000000    
    1.420000000000000      0.6847000000000000    
    1.430000000000000      0.6877000000000000    
    1.440000000000000      0.6906000000000000    
    1.450000000000000      0.6934000000000000    
    1.460000000000000      0.6962000000000000    
    1.470000000000000      0.6990000000000000    
    1.480000000000000      0.7018000000000000    
    1.490000000000000      0.7045000000000000    
    1.500000000000000      0.7072000000000001    
    1.510000000000000      0.7099000000000000    
    1.520000000000000      0.7126000000000000    
    1.530000000000000      0.7151999999999999    
    1.540000000000000      0.7178000000000000    
    1.550000000000000      0.7204000000000000    
    1.560000000000000      0.7230000000000000    
    1.570000000000000      0.7255000000000000    
    1.580000000000000      0.7281000000000000    
    1.590000000000000      0.7306000000000000    
    1.600000000000000      0.7331000000000000    
    1.610000000000000      0.7355000000000000    
    1.620000000000000      0.7380000000000000    
    1.630000000000000      0.7403999999999999    
    1.640000000000000      0.7428000000000000    
    1.650000000000000      0.7452000000000000    
    1.660000000000000      0.7476000000000000    
    1.670000000000000      0.7500000000000000    
    1.680000000000000      0.7524000000000000    
    1.690000000000000      0.7547000000000000    
    1.700000000000000      0.7571000000000000    
    1.710000000000000      0.7594000000000000    
    1.720000000000000      0.7617000000000000    
    1.730000000000000      0.7640000000000000    
    1.740000000000000      0.7663000000000000    
    1.750000000000000      0.7685999999999999    
    1.760000000000000      0.7709000000000000    
    1.770000000000000      0.7732000000000000    
    1.780000000000000      0.7755000000000000    
    1.790000000000000      0.7778000000000000    
    1.800000000000000      0.7801000000000000    
    1.810000000000000      0.7823000000000000    
    1.820000000000000      0.7846000000000000    
    1.830000000000000      0.7869000000000000    
    1.840000000000000      0.7891000000000000    
    1.850000000000000      0.7914000000000000    
    1.860000000000000      0.7937000000000000    
    1.870000000000000      0.7960000000000000    
    1.880000000000000      0.7983000000000000    
    1.890000000000000      0.8005000000000000    
    1.900000000000000      0.8028000000000000    
    1.910000000000000      0.8051000000000000    
    1.920000000000000      0.8074000000000000    
    1.930000000000000      0.8097000000000000    
    1.940000000000000      0.8121000000000000    
    1.950000000000000      0.8144000000000000    
    1.960000000000000      0.8167000000000000    
    1.970000000000000      0.8191000000000001    
    1.980000000000000      0.8214000000000000    
    1.990000000000000      0.8238000000000000    
    2.000000000000000      0.8262000000000000    

delta =0.2
   1.0000000000000000E-02  0.1045000000000000    
   2.0000000000000000E-02  3.2180000000000000E-02
   2.9999999999999999E-02  1.0680000000000000E-02
   4.0000000000000001E-02  1.6900000000000001E-03
   5.0000000000000003E-02  1.6900000000000001E-03
   5.9999999999999998E-02  1.6900000000000001E-03
   6.9999999999999993E-02  1.6900000000000001E-03
   8.0000000000000002E-02  1.6900000000000001E-03
   8.9999999999999997E-02  1.6900000000000001E-03
   0.1000000000000000      1.0480000000000001E-03
   0.1100000000000000      3.4799999999999996E-03
   0.1200000000000000      6.1839999999999994E-03
   0.1300000000000000      9.1059999999999995E-03
   0.1400000000000000      1.2210000000000000E-02
   0.1500000000000000      1.5459999999999998E-02
   0.1600000000000000      1.8840000000000003E-02
   0.1700000000000000      2.2339999999999999E-02
   0.1800000000000000      2.5940000000000001E-02
   0.1900000000000000      2.9620000000000000E-02
   0.2000000000000000      3.3389999999999996E-02
   0.2100000000000000      3.7219999999999996E-02
   0.2200000000000000      4.1120000000000004E-02
   0.2300000000000000      4.5079999999999995E-02
   0.2400000000000000      4.9090000000000002E-02
   0.2500000000000000      5.3149999999999996E-02
   0.2600000000000000      5.7259999999999998E-02
   0.2700000000000000      6.1399999999999996E-02
   0.2800000000000000      6.5590000000000009E-02
   0.2900000000000000      6.9800000000000001E-02
   0.3000000000000000      7.4050000000000005E-02
   0.3100000000000000      7.8329999999999997E-02
   0.3200000000000000      8.2630000000000009E-02
   0.3300000000000000      8.6950000000000000E-02
   0.3400000000000000      9.1290000000000010E-02
   0.3500000000000000      9.5649999999999999E-02
   0.3600000000000000      0.1000000000000000    
   0.3700000000000000      0.1044000000000000    
   0.3800000000000000      0.1088000000000000    
   0.3900000000000000      0.1132000000000000    
   0.4000000000000000      0.1176000000000000    
   0.4100000000000000      0.1220000000000000    
   0.4200000000000000      0.1265000000000000    
   0.4300000000000000      0.1309000000000000    
   0.4400000000000000      0.1353000000000000    
   0.4500000000000000      0.1397000000000000    
   0.4600000000000000      0.1442000000000000    
   0.4700000000000000      0.1486000000000000    
   0.4800000000000000      0.1530000000000000    
   0.4900000000000000      0.1574000000000000    
   0.5000000000000000      0.1618000000000000    
   0.5100000000000000      0.1662000000000000    
   0.5200000000000000      0.1705000000000000    
   0.5300000000000000      0.1749000000000000    
   0.5400000000000000      0.1792000000000000    
   0.5500000000000000      0.1836000000000000    
   0.5600000000000001      0.1879000000000000    
   0.5700000000000000      0.1922000000000000    
   0.5800000000000000      0.1964000000000000    
   0.5900000000000000      0.2007000000000000    
   0.6000000000000000      0.2050000000000000    
   0.6100000000000000      0.2092000000000000    
   0.6200000000000000      0.2134000000000000    
   0.6300000000000000      0.2176000000000000    
   0.6400000000000000      0.2217000000000000    
   0.6500000000000000      0.2259000000000000    
   0.6600000000000000      0.2300000000000000    
   0.6700000000000000      0.2341000000000000    
   0.6800000000000000      0.2381000000000000    
   0.6899999999999999      0.2422000000000000    
   0.7000000000000000      0.2462000000000000    
   0.7100000000000000      0.2502000000000000    
   0.7200000000000000      0.2541000000000000    
   0.7300000000000000      0.2580000000000000    
   0.7400000000000000      0.2619000000000000    
   0.7500000000000000      0.2658000000000000    
   0.7600000000000000      0.2697000000000000    
   0.7700000000000000      0.2735000000000000    
   0.7800000000000000      0.2773000000000000    
   0.7900000000000000      0.2810000000000000    
   0.8000000000000000      0.2848000000000000    
   0.8100000000000001      0.2885000000000000    
   0.8200000000000000      0.2922000000000000    
   0.8300000000000000      0.2958000000000000    
   0.8400000000000000      0.2994000000000000    
   0.8500000000000000      0.3030000000000000    
   0.8600000000000000      0.3065000000000000    
   0.8700000000000000      0.3101000000000000    
   0.8800000000000000      0.3136000000000000    
   0.8900000000000000      0.3170000000000000    
   0.9000000000000000      0.3205000000000000    
   0.9100000000000000      0.3239000000000000    
   0.9200000000000000      0.3272000000000000    
   0.9300000000000000      0.3306000000000000    
   0.9399999999999999      0.3339000000000000    
   0.9500000000000000      0.3372000000000000    
   0.9600000000000000      0.3404000000000000    
   0.9700000000000000      0.3436000000000000    
   0.9800000000000000      0.3468000000000000    
   0.9900000000000000      0.3500000000000000    
    1.000000000000000      0.3531000000000000    
    1.010000000000000      0.3562000000000000    
    1.020000000000000      0.3593000000000000    
    1.030000000000000      0.3623000000000000    
    1.040000000000000      0.3653000000000000    
    1.050000000000000      0.3683000000000000    
    1.060000000000000      0.3713000000000000    
    1.070000000000000      0.3742000000000000    
    1.080000000000000      0.3771000000000000    
    1.090000000000000      0.3800000000000000    
    1.100000000000000      0.3828000000000000    
    1.110000000000000      0.3856000000000000    
    1.120000000000000      0.3884000000000000    
    1.130000000000000      0.3912000000000000    
    1.140000000000000      0.3939000000000000    
    1.150000000000000      0.3966000000000000    
    1.160000000000000      0.3993000000000000    
    1.170000000000000      0.4019000000000000    
    1.180000000000000      0.4046000000000000    
    1.190000000000000      0.4072000000000000    
    1.200000000000000      0.4098000000000000    
    1.210000000000000      0.4123000000000000    
    1.220000000000000      0.4149000000000000    
    1.230000000000000      0.4174000000000000    
    1.240000000000000      0.4198000000000000    
    1.250000000000000      0.4223000000000000    
    1.260000000000000      0.4248000000000000    
    1.270000000000000      0.4272000000000000    
    1.280000000000000      0.4296000000000000    
    1.290000000000000      0.4319000000000000    
    1.300000000000000      0.4343000000000000    
    1.310000000000000      0.4366000000000000    
    1.320000000000000      0.4390000000000000    
    1.330000000000000      0.4413000000000000    
    1.340000000000000      0.4435000000000000    
    1.350000000000000      0.4458000000000000    
    1.360000000000000      0.4480000000000000    
    1.370000000000000      0.4503000000000000    
    1.380000000000000      0.4525000000000000    
    1.390000000000000      0.4546000000000000    
    1.400000000000000      0.4568000000000000    
    1.410000000000000      0.4590000000000000    
    1.420000000000000      0.4611000000000000    
    1.430000000000000      0.4632000000000000    
    1.440000000000000      0.4654000000000000    
    1.450000000000000      0.4675000000000000    
    1.460000000000000      0.4695000000000000    
    1.470000000000000      0.4716000000000000    
    1.480000000000000      0.4737000000000000    
    1.490000000000000      0.4757000000000000    
    1.500000000000000      0.4777000000000000    
    1.510000000000000      0.4798000000000000    
    1.520000000000000      0.4818000000000000    
    1.530000000000000      0.4838000000000000    
    1.540000000000000      0.4858000000000000    
    1.550000000000000      0.4878000000000000    
    1.560000000000000      0.4897000000000000    
    1.570000000000000      0.4917000000000000    
    1.580000000000000      0.4937000000000000    
    1.590000000000000      0.4956000000000000    
    1.600000000000000      0.4976000000000000    
    1.610000000000000      0.4995000000000000    
    1.620000000000000      0.5014000000000000    
    1.630000000000000      0.5034000000000000    
    1.640000000000000      0.5053000000000000    
    1.650000000000000      0.5072000000000000    
    1.660000000000000      0.5091000000000000    
    1.670000000000000      0.5111000000000000    
    1.680000000000000      0.5130000000000000    
    1.690000000000000      0.5149000000000000    
    1.700000000000000      0.5168000000000000    
    1.710000000000000      0.5187000000000000    
    1.720000000000000      0.5206000000000000    
    1.730000000000000      0.5225000000000000    
    1.740000000000000      0.5245000000000000    
    1.750000000000000      0.5264000000000000    
    1.760000000000000      0.5283000000000000    
    1.770000000000000      0.5302000000000000    
    1.780000000000000      0.5321000000000000    
    1.790000000000000      0.5340000000000000    
    1.800000000000000      0.5360000000000000    
    1.810000000000000      0.5379000000000000    
    1.820000000000000      0.5399000000000000    
    1.830000000000000      0.5417999999999999    
    1.840000000000000      0.5438000000000000    
    1.850000000000000      0.5457000000000000    
    1.860000000000000      0.5477000000000000    
    1.870000000000000      0.5497000000000000    
    1.880000000000000      0.5516000000000000    
    1.890000000000000      0.5536000000000000    
    1.900000000000000      0.5556000000000000    
    1.910000000000000      0.5576000000000000    
    1.920000000000000      0.5597000000000000    
    1.930000000000000      0.5617000000000000    
    1.940000000000000      0.5638000000000000    
    1.950000000000000      0.5658000000000000    
    1.960000000000000      0.5679000000000000    
    1.970000000000000      0.5700000000000000    
    1.980000000000000      0.5721000000000001    
    1.990000000000000      0.5742000000000000    
    2.000000000000000      0.5763000000000000    


delta=0.3 
   1.0000000000000000E-02  8.9749999999999996E-02
   2.0000000000000000E-02  2.6350000000000002E-02
   2.9999999999999999E-02  7.9360000000000003E-03
   4.0000000000000001E-02  5.7560000000000000E-04
   5.0000000000000003E-02  5.7560000000000000E-04
   5.9999999999999998E-02  5.7560000000000000E-04
   6.9999999999999993E-02  5.7560000000000000E-04
   8.0000000000000002E-02  5.7560000000000000E-04
   8.9999999999999997E-02  1.9969999999999997E-04
   0.1000000000000000      2.2620000000000001E-03
   0.1100000000000000      4.5739999999999999E-03
   0.1200000000000000      7.0730000000000003E-03
   0.1300000000000000      9.7140000000000004E-03
   0.1400000000000000      1.2470000000000000E-02
   0.1500000000000000      1.5310000000000001E-02
   0.1600000000000000      1.8220000000000000E-02
   0.1700000000000000      2.1190000000000001E-02
   0.1800000000000000      2.4219999999999998E-02
   0.1900000000000000      2.7279999999999999E-02
   0.2000000000000000      3.0380000000000001E-02
   0.2100000000000000      3.3500000000000002E-02
   0.2200000000000000      3.6650000000000002E-02
   0.2300000000000000      3.9829999999999997E-02
   0.2400000000000000      4.3020000000000003E-02
   0.2500000000000000      4.6230000000000000E-02
   0.2600000000000000      4.9450000000000001E-02
   0.2700000000000000      5.2680000000000005E-02
   0.2800000000000000      5.5920000000000004E-02
   0.2900000000000000      5.9170000000000000E-02
   0.3000000000000000      6.2419999999999996E-02
   0.3100000000000000      6.5680000000000002E-02
   0.3200000000000000      6.8940000000000001E-02
   0.3300000000000000      7.2209999999999996E-02
   0.3400000000000000      7.5470000000000009E-02
   0.3500000000000000      7.8729999999999994E-02
   0.3600000000000000      8.1999999999999990E-02
   0.3700000000000000      8.5260000000000002E-02
   0.3800000000000000      8.8520000000000001E-02
   0.3900000000000000      9.1769999999999990E-02
   0.4000000000000000      9.5020000000000007E-02
   0.4100000000000000      9.8260000000000000E-02
   0.4200000000000000      0.1015000000000000    
   0.4300000000000000      0.1047000000000000    
   0.4400000000000000      0.1080000000000000    
   0.4500000000000000      0.1112000000000000    
   0.4600000000000000      0.1144000000000000    
   0.4700000000000000      0.1176000000000000    
   0.4800000000000000      0.1208000000000000    
   0.4900000000000000      0.1239000000000000    
   0.5000000000000000      0.1271000000000000    
   0.5100000000000000      0.1303000000000000    
   0.5200000000000000      0.1334000000000000    
   0.5300000000000000      0.1365000000000000    
   0.5400000000000000      0.1396000000000000    
   0.5500000000000000      0.1427000000000000    
   0.5600000000000001      0.1458000000000000    
   0.5700000000000000      0.1489000000000000    
   0.5800000000000000      0.1520000000000000    
   0.5900000000000000      0.1550000000000000    
   0.6000000000000000      0.1581000000000000    
   0.6100000000000000      0.1611000000000000    
   0.6200000000000000      0.1641000000000000    
   0.6300000000000000      0.1671000000000000    
   0.6400000000000000      0.1700000000000000    
   0.6500000000000000      0.1730000000000000    
   0.6600000000000000      0.1759000000000000    
   0.6700000000000000      0.1788000000000000    
   0.6800000000000000      0.1817000000000000    
   0.6899999999999999      0.1846000000000000    
   0.7000000000000000      0.1875000000000000    
   0.7100000000000000      0.1903000000000000    
   0.7200000000000000      0.1932000000000000    
   0.7300000000000000      0.1960000000000000    
   0.7400000000000000      0.1988000000000000    
   0.7500000000000000      0.2016000000000000    
   0.7600000000000000      0.2043000000000000    
   0.7700000000000000      0.2071000000000000    
   0.7800000000000000      0.2098000000000000    
   0.7900000000000000      0.2125000000000000    
   0.8000000000000000      0.2152000000000000    
   0.8100000000000001      0.2179000000000000    
   0.8200000000000000      0.2205000000000000    
   0.8300000000000000      0.2231000000000000    
   0.8400000000000000      0.2258000000000000    
   0.8500000000000000      0.2284000000000000    
   0.8600000000000000      0.2309000000000000    
   0.8700000000000000      0.2335000000000000    
   0.8800000000000000      0.2360000000000000    
   0.8900000000000000      0.2386000000000000    
   0.9000000000000000      0.2411000000000000    
   0.9100000000000000      0.2435000000000000    
   0.9200000000000000      0.2460000000000000    
   0.9300000000000000      0.2485000000000000    
   0.9399999999999999      0.2509000000000000    
   0.9500000000000000      0.2533000000000000    
   0.9600000000000000      0.2557000000000000    
   0.9700000000000000      0.2581000000000000    
   0.9800000000000000      0.2604000000000000    
   0.9900000000000000      0.2628000000000000    
    1.000000000000000      0.2651000000000000    
    1.010000000000000      0.2674000000000000    
    1.020000000000000      0.2697000000000000    
    1.030000000000000      0.2720000000000000    
    1.040000000000000      0.2742000000000000    
    1.050000000000000      0.2764000000000000    
    1.060000000000000      0.2787000000000000    
    1.070000000000000      0.2809000000000000    
    1.080000000000000      0.2830000000000000    
    1.090000000000000      0.2852000000000000    
    1.100000000000000      0.2874000000000000    
    1.110000000000000      0.2895000000000000    
    1.120000000000000      0.2916000000000000    
    1.130000000000000      0.2937000000000000    
    1.140000000000000      0.2958000000000000    
    1.150000000000000      0.2979000000000000    
    1.160000000000000      0.3000000000000000    
    1.170000000000000      0.3020000000000000    
    1.180000000000000      0.3040000000000000    
    1.190000000000000      0.3060000000000000    
    1.200000000000000      0.3080000000000000    
    1.210000000000000      0.3100000000000000    
    1.220000000000000      0.3120000000000000    
    1.230000000000000      0.3140000000000000    
    1.240000000000000      0.3159000000000000    
    1.250000000000000      0.3178000000000000    
    1.260000000000000      0.3198000000000000    
    1.270000000000000      0.3217000000000000    
    1.280000000000000      0.3236000000000000    
    1.290000000000000      0.3254000000000000    
    1.300000000000000      0.3273000000000000    
    1.310000000000000      0.3292000000000000    
    1.320000000000000      0.3310000000000000    
    1.330000000000000      0.3329000000000000    
    1.340000000000000      0.3347000000000000    
    1.350000000000000      0.3365000000000000    
    1.360000000000000      0.3383000000000000    
    1.370000000000000      0.3401000000000000    
    1.380000000000000      0.3419000000000000    
    1.390000000000000      0.3436000000000000    
    1.400000000000000      0.3454000000000000    
    1.410000000000000      0.3472000000000000    
    1.420000000000000      0.3489000000000000    
    1.430000000000000      0.3506000000000000    
    1.440000000000000      0.3524000000000000    
    1.450000000000000      0.3541000000000000    
    1.460000000000000      0.3558000000000000    
    1.470000000000000      0.3575000000000000    
    1.480000000000000      0.3592000000000000    
    1.490000000000000      0.3609000000000000    
    1.500000000000000      0.3626000000000000    
    1.510000000000000      0.3643000000000000    
    1.520000000000000      0.3660000000000000    
    1.530000000000000      0.3676000000000000    
    1.540000000000000      0.3693000000000000    
    1.550000000000000      0.3709000000000000    
    1.560000000000000      0.3726000000000000    
    1.570000000000000      0.3742000000000000    
    1.580000000000000      0.3759000000000000    
    1.590000000000000      0.3775000000000000    
    1.600000000000000      0.3792000000000000    
    1.610000000000000      0.3808000000000000    
    1.620000000000000      0.3824000000000000    
    1.630000000000000      0.3841000000000000    
    1.640000000000000      0.3857000000000000    
    1.650000000000000      0.3873000000000000    
    1.660000000000000      0.3890000000000000    
    1.670000000000000      0.3906000000000000    
    1.680000000000000      0.3922000000000000    
    1.690000000000000      0.3938000000000000    
    1.700000000000000      0.3954000000000000    
    1.710000000000000      0.3971000000000000    
    1.720000000000000      0.3987000000000000    
    1.730000000000000      0.4003000000000000    
    1.740000000000000      0.4019000000000000    
    1.750000000000000      0.4036000000000000    
    1.760000000000000      0.4052000000000000    
    1.770000000000000      0.4068000000000000    
    1.780000000000000      0.4085000000000000    
    1.790000000000000      0.4101000000000000    
    1.800000000000000      0.4117000000000000    
    1.810000000000000      0.4134000000000000    
    1.820000000000000      0.4150000000000000    
    1.830000000000000      0.4167000000000000    
    1.840000000000000      0.4183000000000000    
    1.850000000000000      0.4200000000000000    
    1.860000000000000      0.4217000000000000    
    1.870000000000000      0.4233000000000000    
    1.880000000000000      0.4250000000000000    
    1.890000000000000      0.4267000000000000    
    1.900000000000000      0.4284000000000000    
    1.910000000000000      0.4301000000000000    
    1.920000000000000      0.4318000000000000    
    1.930000000000000      0.4335000000000000    
    1.940000000000000      0.4352000000000000    
    1.950000000000000      0.4370000000000000    
    1.960000000000000      0.4387000000000000    
    1.970000000000000      0.4404000000000000    
    1.980000000000000      0.4422000000000000    
    1.990000000000000      0.4440000000000000    
    2.000000000000000      0.4457000000000000    

baym kalogera

    2.0                    1.
    1.5                    1.
    1.0                1.
   0.80000            1.
   0.7                1.
   0.5                1.
   0.400000000001     1.
   0.4000000000000000      0.1286000000000000    
   0.3900000000000000      0.1207000000000000    
   0.3800000000000000      0.1131000000000000    
   0.3700000000000000      0.1057000000000000    
   0.3600000000000000      9.8479999999999998E-02
   0.3500000000000000      9.1549999999999992E-02
   0.3400000000000000      8.4860000000000005E-02
   0.3300000000000000      7.8420000000000004E-02
   0.3200000000000000      7.2230000000000003E-02
   0.3100000000000000      6.6299999999999998E-02
   0.3000000000000000      6.0629999999999996E-02
   0.2900000000000000      5.5230000000000001E-02
   0.2800000000000000      5.0090000000000003E-02
   0.2700000000000000      4.5219999999999996E-02
   0.2600000000000000      4.0620000000000003E-02
   0.2500000000000000      3.6299999999999999E-02
   0.2400000000000000      3.2259999999999997E-02
   0.2364000000000000      3.0890000000000001E-02
   0.2344000000000000      3.0099999999999998E-02
   0.2323000000000000      2.9339999999999998E-02
   0.2303000000000000      2.8589999999999997E-02
   0.2282000000000000      2.7860000000000003E-02
   0.2262000000000000      2.7150000000000001E-02
   0.2242000000000000      2.6450000000000001E-02
   0.2222000000000000      2.5769999999999998E-02
   0.2202000000000000      2.5100000000000001E-02
   0.2182000000000000      2.4440000000000000E-02
   0.2163000000000000      2.3810000000000001E-02
   0.2143000000000000      2.3179999999999999E-02
   0.2124000000000000      2.2570000000000000E-02
   0.2104000000000000      2.1970000000000000E-02
   0.2085000000000000      2.1389999999999999E-02
   0.2066000000000000      2.0819999999999998E-02
   0.2000000000000000      1.8950000000000002E-02
   0.1900000000000000      1.6350000000000000E-02
   0.1800000000000000      1.4060000000000000E-02
   0.1700000000000000      1.2080000000000000E-02
   0.1600000000000000      1.0409999999999999E-02
   0.1500000000000000      9.0699999999999999E-03
   0.1400000000000000      8.0759999999999998E-03


v18
    2.000000000000000       1.473000000000000    
    1.990000000000000       1.469000000000000    
    1.980000000000000       1.466000000000000    
    1.970000000000000       1.462000000000000    
    1.960000000000000       1.458000000000000    
    1.950000000000000       1.455000000000000    
    1.940000000000000       1.451000000000000    
    1.930000000000000       1.447000000000000    
    1.920000000000000       1.444000000000000    
    1.910000000000000       1.440000000000000    
    1.900000000000000       1.436000000000000    
    1.890000000000000       1.432000000000000    
    1.880000000000000       1.428000000000000    
    1.870000000000000       1.424000000000000    
    1.860000000000000       1.420000000000000    
    1.850000000000000       1.416000000000000    
    1.840000000000000       1.411000000000000    
    1.830000000000000       1.407000000000000    
    1.820000000000000       1.403000000000000    
    1.810000000000000       1.398000000000000    
    1.800000000000000       1.394000000000000    
    1.790000000000000       1.390000000000000    
    1.780000000000000       1.385000000000000    
    1.770000000000000       1.380000000000000    
    1.760000000000000       1.376000000000000    
    1.750000000000000       1.371000000000000    
    1.740000000000000       1.366000000000000    
    1.730000000000000       1.361000000000000    
    1.720000000000000       1.357000000000000    
    1.710000000000000       1.352000000000000    
    1.700000000000000       1.347000000000000    
    1.690000000000000       1.341000000000000    
    1.680000000000000       1.336000000000000    
    1.670000000000000       1.331000000000000    
    1.660000000000000       1.326000000000000    
    1.650000000000000       1.320000000000000    
    1.640000000000000       1.315000000000000    
    1.630000000000000       1.309000000000000    
    1.620000000000000       1.304000000000000    
    1.610000000000000       1.298000000000000    
    1.600000000000000       1.292000000000000    
    1.590000000000000       1.287000000000000    
    1.580000000000000       1.281000000000000    
    1.570000000000000       1.275000000000000    
    1.560000000000000       1.269000000000000    
    1.550000000000000       1.263000000000000    
    1.540000000000000       1.256000000000000    
    1.530000000000000       1.250000000000000    
    1.520000000000000       1.244000000000000    
    1.510000000000000       1.237000000000000    
    1.500000000000000       1.231000000000000    
    1.490000000000000       1.224000000000000    
    1.480000000000000       1.218000000000000    
    1.470000000000000       1.211000000000000    
    1.460000000000000       1.204000000000000    
    1.450000000000000       1.197000000000000    
    1.440000000000000       1.190000000000000    
    1.430000000000000       1.183000000000000    
    1.420000000000000       1.176000000000000    
    1.410000000000000       1.168000000000000    
    1.400000000000000       1.161000000000000    
    1.390000000000000       1.154000000000000    
    1.380000000000000       1.146000000000000    
    1.370000000000000       1.139000000000000    
    1.360000000000000       1.131000000000000    
    1.350000000000000       1.123000000000000    
    1.340000000000000       1.115000000000000    
    1.330000000000000       1.107000000000000    
    1.320000000000000       1.099000000000000    
    1.310000000000000       1.091000000000000    
    1.300000000000000       1.083000000000000    
    1.290000000000000       1.074000000000000    
    1.280000000000000       1.066000000000000    
    1.270000000000000       1.057000000000000    
    1.260000000000000       1.049000000000000    
    1.250000000000000       1.040000000000000    
    1.240000000000000       1.031000000000000    
    1.230000000000000       1.022000000000000    
    1.220000000000000       1.013000000000000    
    1.210000000000000       1.004000000000000    
    1.200000000000000      0.9947000000000000    
    1.190000000000000      0.9854000000000001    
    1.180000000000000      0.9760000000000000    
    1.170000000000000      0.9665000000000000    
    1.160000000000000      0.9569000000000000    
    1.150000000000000      0.9473000000000000    
    1.140000000000000      0.9375000000000000    
    1.130000000000000      0.9276000000000000    
    1.120000000000000      0.9177000000000000    
    1.110000000000000      0.9076000000000000    
    1.100000000000000      0.8975000000000000    
    1.090000000000000      0.8873000000000000    
    1.080000000000000      0.8770000000000000    
    1.070000000000000      0.8666000000000000    
    1.060000000000000      0.8561000000000000    
    1.050000000000000      0.8455000000000000    
    1.040000000000000      0.8349000000000000    
    1.030000000000000      0.8242000000000000    
    1.020000000000000      0.8134000000000000    
    1.010000000000000      0.8025000000000000    
    1.000000000000000      0.7915000000000000    
   0.9900000000000000      0.7805000000000000    
   0.9800000000000000      0.7694000000000000    
   0.9700000000000000      0.7582000000000000    
   0.9600000000000000      0.7469000000000000    
   0.9500000000000000      0.7356000000000000    
   0.9399999999999999      0.7242000000000000    
   0.9300000000000000      0.7128000000000000    
   0.9200000000000000      0.7013000000000000    
   0.9100000000000000      0.6897000000000000    
   0.9000000000000000      0.6781000000000000    
   0.8900000000000000      0.6664000000000000    
   0.8800000000000000      0.6546999999999999    
   0.8700000000000000      0.6430000000000000    
   0.8600000000000000      0.6312000000000000    
   0.8500000000000000      0.6193000000000000    
   0.8400000000000000      0.6075000000000000    
   0.8300000000000000      0.5956000000000000    
   0.8200000000000000      0.5836000000000000    
   0.8100000000000001      0.5717000000000000    
   0.8000000000000000      0.5597000000000000    
   0.7900000000000000      0.5478000000000000    
   0.7800000000000000      0.5358000000000001    
   0.7700000000000000      0.5238000000000000    
   0.7600000000000000      0.5118000000000000    
   0.7500000000000000      0.4998000000000000    
   0.7400000000000000      0.4878000000000000    
   0.7300000000000000      0.4759000000000000    
   0.7200000000000000      0.4640000000000000    
   0.7100000000000000      0.4520000000000000    
   0.7000000000000000      0.4402000000000000    
   0.6899999999999999      0.4283000000000000    
   0.6800000000000000      0.4165000000000000    
   0.6700000000000000      0.4048000000000000    
   0.6600000000000000      0.3931000000000000    
   0.6500000000000000      0.3814000000000000    
   0.6400000000000000      0.3699000000000000    
   0.6300000000000000      0.3584000000000000    
   0.6200000000000000      0.3470000000000000    
   0.6100000000000000      0.3356000000000000    
   0.6000000000000000      0.3244000000000000    
   0.5900000000000000      0.3132000000000000    
   0.5800000000000000      0.3022000000000000    
   0.5700000000000000      0.2913000000000000    
   0.5600000000000001      0.2805000000000000    
   0.5500000000000000      0.2698000000000000    
   0.5400000000000000      0.2592000000000000    
   0.5300000000000000      0.2488000000000000    
   0.5200000000000000      0.2385000000000000    
   0.5100000000000000      0.2284000000000000    
   0.5000000000000000      0.2184000000000000    
   0.4900000000000000      0.2086000000000000    
   0.4800000000000000      0.1989000000000000    
   0.4700000000000000      0.1895000000000000    
   0.4600000000000000      0.1802000000000000    
   0.4500000000000000      0.1711000000000000    
   0.4400000000000000      0.1622000000000000    
   0.4300000000000000      0.1535000000000000    
   0.4200000000000000      0.1449000000000000    
   0.4100000000000000      0.1366000000000000    
   0.4000000000000000      0.1286000000000000    
   0.3900000000000000      0.1207000000000000    
   0.3800000000000000      0.1131000000000000    
   0.3700000000000000      0.1057000000000000    
   0.3600000000000000      9.8479999999999998E-02
   0.3500000000000000      9.1549999999999992E-02
   0.3400000000000000      8.4860000000000005E-02
   0.3300000000000000      7.8420000000000004E-02
   0.3200000000000000      7.2230000000000003E-02
   0.3100000000000000      6.6299999999999998E-02
   0.3000000000000000      6.0629999999999996E-02
   0.2900000000000000      5.5230000000000001E-02
   0.2800000000000000      5.0090000000000003E-02
   0.2700000000000000      4.5219999999999996E-02
   0.2600000000000000      4.0620000000000003E-02
   0.2500000000000000      3.6299999999999999E-02
   0.2400000000000000      3.2259999999999997E-02
   0.2364000000000000      3.0890000000000001E-02
   0.2344000000000000      3.0099999999999998E-02
   0.2323000000000000      2.9339999999999998E-02
   0.2303000000000000      2.8589999999999997E-02
   0.2282000000000000      2.7860000000000003E-02
   0.2262000000000000      2.7150000000000001E-02
   0.2242000000000000      2.6450000000000001E-02
   0.2222000000000000      2.5769999999999998E-02
   0.2202000000000000      2.5100000000000001E-02
   0.2182000000000000      2.4440000000000000E-02
   0.2163000000000000      2.3810000000000001E-02
   0.2143000000000000      2.3179999999999999E-02
   0.2124000000000000      2.2570000000000000E-02
   0.2104000000000000      2.1970000000000000E-02
   0.2085000000000000      2.1389999999999999E-02
   0.2066000000000000      2.0819999999999998E-02
   0.2000000000000000      1.8950000000000002E-02
   0.1900000000000000      1.6350000000000000E-02
   0.1800000000000000      1.4060000000000000E-02
   0.1700000000000000      1.2080000000000000E-02
   0.1600000000000000      1.0409999999999999E-02
   0.1500000000000000      9.0699999999999999E-03
   0.1400000000000000      8.0759999999999998E-03
