0.1000E-01  0.9627E+01  0.9442E+01  -.9419E+00  0.1460E+04  -.1722E+01  0.8975E-01
0.2000E-01  0.1876E+02  0.1890E+02  -.1388E-01  0.4449E+03  -.7121E+02  0.2635E-01
0.3000E-01  0.2821E+02  0.2837E+02  0.2808E+00  0.1349E+03  0.1601E+01  0.7936E-02
0.4000E-01  0.3772E+02  0.3783E+02  0.3513E+00  0.9795E+01  0.1239E+00  0.5756E-03
0.5000E-01  0.4724E+02  0.4729E+02  0.3296E+00  -.4065E+02  -.6853E+00  0.5756E-03
0.6000E-01  0.5675E+02  0.5675E+02  0.2745E+00  -.5397E+02  -.1311E+01  0.5756E-03
0.7000E-01  0.6624E+02  0.6622E+02  0.2173E+00  -.4632E+02  -.1658E+01  0.5756E-03
0.8000E-01  0.7574E+02  0.7568E+02  0.1763E+00  -.2573E+02  -.1297E+01  0.5756E-03
0.9000E-01  0.8522E+02  0.8516E+02  0.1633E+00  0.3393E+01  0.2078E+00  0.1997E-03
0.1000E+00  0.9471E+02  0.9464E+02  0.1860E+00  0.3843E+02  0.2295E+01  0.2262E-02
0.1100E+00  0.1042E+03  0.1041E+03  0.2502E+00  0.7774E+02  0.3797E+01  0.4574E-02
0.1200E+00  0.1137E+03  0.1136E+03  0.3600E+00  0.1203E+03  0.4455E+01  0.7073E-02
0.1300E+00  0.1232E+03  0.1231E+03  0.5184E+00  0.1653E+03  0.4606E+01  0.9714E-02
0.1400E+00  0.1327E+03  0.1327E+03  0.7281E+00  0.2123E+03  0.4536E+01  0.1247E-01
0.1500E+00  0.1423E+03  0.1422E+03  0.9909E+00  0.2610E+03  0.4390E+01  0.1531E-01
0.1600E+00  0.1518E+03  0.1518E+03  0.1308E+01  0.3110E+03  0.4225E+01  0.1822E-01
0.1700E+00  0.1614E+03  0.1614E+03  0.1682E+01  0.3621E+03  0.4066E+01  0.2119E-01
0.1800E+00  0.1710E+03  0.1710E+03  0.2114E+01  0.4143E+03  0.3920E+01  0.2422E-01
0.1900E+00  0.1807E+03  0.1807E+03  0.2603E+01  0.4673E+03  0.3790E+01  0.2728E-01
0.2000E+00  0.1903E+03  0.1903E+03  0.3152E+01  0.5212E+03  0.3674E+01  0.3038E-01
0.2100E+00  0.2000E+03  0.2000E+03  0.3762E+01  0.5757E+03  0.3571E+01  0.3350E-01
0.2200E+00  0.2097E+03  0.2098E+03  0.4432E+01  0.6309E+03  0.3480E+01  0.3665E-01
0.2300E+00  0.2195E+03  0.2195E+03  0.5164E+01  0.6867E+03  0.3398E+01  0.3983E-01
0.2400E+00  0.2293E+03  0.2293E+03  0.5958E+01  0.7430E+03  0.3325E+01  0.4302E-01
0.2500E+00  0.2391E+03  0.2391E+03  0.6815E+01  0.7999E+03  0.3260E+01  0.4623E-01
0.2600E+00  0.2489E+03  0.2490E+03  0.7736E+01  0.8572E+03  0.3201E+01  0.4945E-01
0.2700E+00  0.2588E+03  0.2589E+03  0.8720E+01  0.9150E+03  0.3148E+01  0.5268E-01
0.2800E+00  0.2688E+03  0.2688E+03  0.9769E+01  0.9732E+03  0.3099E+01  0.5592E-01
0.2900E+00  0.2787E+03  0.2788E+03  0.1088E+02  0.1032E+04  0.3055E+01  0.5917E-01
0.3000E+00  0.2887E+03  0.2888E+03  0.1206E+02  0.1091E+04  0.3014E+01  0.6242E-01
0.3100E+00  0.2988E+03  0.2988E+03  0.1331E+02  0.1150E+04  0.2977E+01  0.6568E-01
0.3200E+00  0.3089E+03  0.3089E+03  0.1462E+02  0.1210E+04  0.2943E+01  0.6894E-01
0.3300E+00  0.3190E+03  0.3190E+03  0.1600E+02  0.1270E+04  0.2911E+01  0.7221E-01
0.3400E+00  0.3292E+03  0.3292E+03  0.1744E+02  0.1330E+04  0.2881E+01  0.7547E-01
0.3500E+00  0.3394E+03  0.3394E+03  0.1895E+02  0.1391E+04  0.2854E+01  0.7873E-01
0.3600E+00  0.3497E+03  0.3497E+03  0.2053E+02  0.1452E+04  0.2828E+01  0.8200E-01
0.3700E+00  0.3600E+03  0.3600E+03  0.2218E+02  0.1513E+04  0.2805E+01  0.8526E-01
0.3800E+00  0.3703E+03  0.3703E+03  0.2389E+02  0.1574E+04  0.2782E+01  0.8852E-01
0.3900E+00  0.3807E+03  0.3807E+03  0.2568E+02  0.1636E+04  0.2761E+01  0.9177E-01
0.4000E+00  0.3911E+03  0.3912E+03  0.2753E+02  0.1698E+04  0.2741E+01  0.9502E-01
0.4100E+00  0.4016E+03  0.4017E+03  0.2945E+02  0.1760E+04  0.2723E+01  0.9826E-01
0.4200E+00  0.4122E+03  0.4122E+03  0.3144E+02  0.1823E+04  0.2705E+01  0.1015E+00
0.4300E+00  0.4228E+03  0.4228E+03  0.3350E+02  0.1885E+04  0.2689E+01  0.1047E+00
0.4400E+00  0.4334E+03  0.4334E+03  0.3563E+02  0.1948E+04  0.2673E+01  0.1080E+00
0.4500E+00  0.4441E+03  0.4441E+03  0.3783E+02  0.2011E+04  0.2658E+01  0.1112E+00
0.4600E+00  0.4548E+03  0.4548E+03  0.4010E+02  0.2074E+04  0.2644E+01  0.1144E+00
0.4700E+00  0.4656E+03  0.4656E+03  0.4244E+02  0.2137E+04  0.2630E+01  0.1176E+00
0.4800E+00  0.4764E+03  0.4764E+03  0.4485E+02  0.2201E+04  0.2617E+01  0.1208E+00
0.4900E+00  0.4873E+03  0.4873E+03  0.4733E+02  0.2264E+04  0.2605E+01  0.1239E+00
0.5000E+00  0.4983E+03  0.4982E+03  0.4988E+02  0.2328E+04  0.2593E+01  0.1271E+00
0.5100E+00  0.5092E+03  0.5092E+03  0.5250E+02  0.2392E+04  0.2582E+01  0.1303E+00
0.5200E+00  0.5203E+03  0.5203E+03  0.5520E+02  0.2456E+04  0.2571E+01  0.1334E+00
0.5300E+00  0.5314E+03  0.5314E+03  0.5796E+02  0.2520E+04  0.2560E+01  0.1365E+00
0.5400E+00  0.5425E+03  0.5425E+03  0.6080E+02  0.2584E+04  0.2550E+01  0.1396E+00
0.5500E+00  0.5537E+03  0.5537E+03  0.6370E+02  0.2649E+04  0.2541E+01  0.1427E+00
0.5600E+00  0.5650E+03  0.5650E+03  0.6668E+02  0.2713E+04  0.2531E+01  0.1458E+00
0.5700E+00  0.5763E+03  0.5763E+03  0.6973E+02  0.2777E+04  0.2523E+01  0.1489E+00
0.5800E+00  0.5876E+03  0.5876E+03  0.7285E+02  0.2842E+04  0.2514E+01  0.1520E+00
0.5900E+00  0.5991E+03  0.5990E+03  0.7605E+02  0.2907E+04  0.2505E+01  0.1550E+00
0.6000E+00  0.6105E+03  0.6105E+03  0.7931E+02  0.2971E+04  0.2497E+01  0.1581E+00
0.6100E+00  0.6221E+03  0.6220E+03  0.8265E+02  0.3036E+04  0.2490E+01  0.1611E+00
0.6200E+00  0.6336E+03  0.6336E+03  0.8606E+02  0.3101E+04  0.2482E+01  0.1641E+00
0.6300E+00  0.6453E+03  0.6452E+03  0.8954E+02  0.3165E+04  0.2475E+01  0.1671E+00
0.6400E+00  0.6570E+03  0.6569E+03  0.9309E+02  0.3230E+04  0.2467E+01  0.1700E+00
0.6500E+00  0.6687E+03  0.6687E+03  0.9672E+02  0.3295E+04  0.2461E+01  0.1730E+00
0.6600E+00  0.6805E+03  0.6805E+03  0.1004E+03  0.3360E+04  0.2454E+01  0.1759E+00
0.6700E+00  0.6924E+03  0.6924E+03  0.1042E+03  0.3425E+04  0.2447E+01  0.1788E+00
0.6800E+00  0.7043E+03  0.7043E+03  0.1080E+03  0.3490E+04  0.2441E+01  0.1817E+00
0.6900E+00  0.7163E+03  0.7162E+03  0.1119E+03  0.3555E+04  0.2435E+01  0.1846E+00
0.7000E+00  0.7283E+03  0.7283E+03  0.1159E+03  0.3620E+04  0.2428E+01  0.1875E+00
0.7100E+00  0.7404E+03  0.7404E+03  0.1200E+03  0.3684E+04  0.2422E+01  0.1903E+00
0.7200E+00  0.7525E+03  0.7525E+03  0.1241E+03  0.3749E+04  0.2417E+01  0.1932E+00
0.7300E+00  0.7647E+03  0.7647E+03  0.1283E+03  0.3814E+04  0.2411E+01  0.1960E+00
0.7400E+00  0.7770E+03  0.7770E+03  0.1326E+03  0.3879E+04  0.2405E+01  0.1988E+00
0.7500E+00  0.7893E+03  0.7893E+03  0.1369E+03  0.3944E+04  0.2400E+01  0.2016E+00
0.7600E+00  0.8017E+03  0.8017E+03  0.1414E+03  0.4009E+04  0.2395E+01  0.2043E+00
0.7700E+00  0.8141E+03  0.8141E+03  0.1458E+03  0.4073E+04  0.2390E+01  0.2071E+00
0.7800E+00  0.8266E+03  0.8266E+03  0.1504E+03  0.4138E+04  0.2384E+01  0.2098E+00
0.7900E+00  0.8392E+03  0.8392E+03  0.1550E+03  0.4203E+04  0.2379E+01  0.2125E+00
0.8000E+00  0.8518E+03  0.8518E+03  0.1597E+03  0.4267E+04  0.2375E+01  0.2152E+00
0.8100E+00  0.8645E+03  0.8645E+03  0.1645E+03  0.4332E+04  0.2370E+01  0.2179E+00
0.8200E+00  0.8772E+03  0.8772E+03  0.1694E+03  0.4396E+04  0.2365E+01  0.2205E+00
0.8300E+00  0.8900E+03  0.8900E+03  0.1743E+03  0.4461E+04  0.2360E+01  0.2231E+00
0.8400E+00  0.9029E+03  0.9029E+03  0.1793E+03  0.4525E+04  0.2356E+01  0.2258E+00
0.8500E+00  0.9158E+03  0.9158E+03  0.1843E+03  0.4590E+04  0.2351E+01  0.2284E+00
0.8600E+00  0.9288E+03  0.9288E+03  0.1895E+03  0.4654E+04  0.2347E+01  0.2309E+00
0.8700E+00  0.9418E+03  0.9418E+03  0.1947E+03  0.4718E+04  0.2343E+01  0.2335E+00
0.8800E+00  0.9549E+03  0.9549E+03  0.2000E+03  0.4782E+04  0.2338E+01  0.2360E+00
0.8900E+00  0.9680E+03  0.9680E+03  0.2053E+03  0.4846E+04  0.2334E+01  0.2386E+00
0.9000E+00  0.9812E+03  0.9813E+03  0.2107E+03  0.4910E+04  0.2330E+01  0.2411E+00
0.9100E+00  0.9945E+03  0.9945E+03  0.2162E+03  0.4974E+04  0.2326E+01  0.2435E+00
0.9200E+00  0.1008E+04  0.1008E+04  0.2218E+03  0.5038E+04  0.2322E+01  0.2460E+00
0.9300E+00  0.1021E+04  0.1021E+04  0.2274E+03  0.5102E+04  0.2318E+01  0.2485E+00
0.9400E+00  0.1035E+04  0.1035E+04  0.2331E+03  0.5166E+04  0.2314E+01  0.2509E+00
0.9500E+00  0.1048E+04  0.1048E+04  0.2389E+03  0.5229E+04  0.2310E+01  0.2533E+00
0.9600E+00  0.1062E+04  0.1062E+04  0.2448E+03  0.5293E+04  0.2307E+01  0.2557E+00
0.9700E+00  0.1075E+04  0.1075E+04  0.2507E+03  0.5356E+04  0.2303E+01  0.2581E+00
0.9800E+00  0.1089E+04  0.1089E+04  0.2567E+03  0.5419E+04  0.2299E+01  0.2604E+00
0.9900E+00  0.1103E+04  0.1103E+04  0.2627E+03  0.5483E+04  0.2296E+01  0.2628E+00
0.1000E+01  0.1117E+04  0.1117E+04  0.2688E+03  0.5546E+04  0.2292E+01  0.2651E+00
0.1010E+01  0.1131E+04  0.1131E+04  0.2750E+03  0.5609E+04  0.2289E+01  0.2674E+00
0.1020E+01  0.1145E+04  0.1145E+04  0.2813E+03  0.5672E+04  0.2285E+01  0.2697E+00
0.1030E+01  0.1159E+04  0.1159E+04  0.2876E+03  0.5735E+04  0.2282E+01  0.2720E+00
0.1040E+01  0.1173E+04  0.1173E+04  0.2940E+03  0.5797E+04  0.2278E+01  0.2742E+00
0.1050E+01  0.1187E+04  0.1187E+04  0.3005E+03  0.5860E+04  0.2275E+01  0.2764E+00
0.1060E+01  0.1201E+04  0.1201E+04  0.3071E+03  0.5923E+04  0.2272E+01  0.2787E+00
0.1070E+01  0.1215E+04  0.1215E+04  0.3137E+03  0.5985E+04  0.2268E+01  0.2809E+00
0.1080E+01  0.1230E+04  0.1230E+04  0.3204E+03  0.6048E+04  0.2265E+01  0.2830E+00
0.1090E+01  0.1244E+04  0.1244E+04  0.3271E+03  0.6110E+04  0.2262E+01  0.2852E+00
0.1100E+01  0.1258E+04  0.1258E+04  0.3339E+03  0.6172E+04  0.2259E+01  0.2874E+00
0.1110E+01  0.1273E+04  0.1273E+04  0.3408E+03  0.6234E+04  0.2256E+01  0.2895E+00
0.1120E+01  0.1287E+04  0.1287E+04  0.3478E+03  0.6296E+04  0.2253E+01  0.2916E+00
0.1130E+01  0.1302E+04  0.1302E+04  0.3548E+03  0.6358E+04  0.2250E+01  0.2937E+00
0.1140E+01  0.1317E+04  0.1317E+04  0.3619E+03  0.6420E+04  0.2247E+01  0.2958E+00
0.1150E+01  0.1332E+04  0.1332E+04  0.3691E+03  0.6482E+04  0.2244E+01  0.2979E+00
0.1160E+01  0.1346E+04  0.1346E+04  0.3763E+03  0.6544E+04  0.2241E+01  0.3000E+00
0.1170E+01  0.1361E+04  0.1361E+04  0.3836E+03  0.6606E+04  0.2238E+01  0.3020E+00
0.1180E+01  0.1376E+04  0.1376E+04  0.3910E+03  0.6667E+04  0.2236E+01  0.3040E+00
0.1190E+01  0.1391E+04  0.1391E+04  0.3985E+03  0.6729E+04  0.2233E+01  0.3060E+00
0.1200E+01  0.1406E+04  0.1406E+04  0.4060E+03  0.6790E+04  0.2230E+01  0.3080E+00
0.1210E+01  0.1421E+04  0.1421E+04  0.4135E+03  0.6851E+04  0.2227E+01  0.3100E+00
0.1220E+01  0.1437E+04  0.1437E+04  0.4212E+03  0.6913E+04  0.2225E+01  0.3120E+00
0.1230E+01  0.1452E+04  0.1452E+04  0.4289E+03  0.6974E+04  0.2222E+01  0.3140E+00
0.1240E+01  0.1467E+04  0.1467E+04  0.4367E+03  0.7035E+04  0.2220E+01  0.3159E+00
0.1250E+01  0.1483E+04  0.1483E+04  0.4445E+03  0.7096E+04  0.2217E+01  0.3178E+00
0.1260E+01  0.1498E+04  0.1498E+04  0.4525E+03  0.7157E+04  0.2215E+01  0.3198E+00
0.1270E+01  0.1514E+04  0.1514E+04  0.4604E+03  0.7218E+04  0.2212E+01  0.3217E+00
0.1280E+01  0.1529E+04  0.1529E+04  0.4685E+03  0.7279E+04  0.2210E+01  0.3236E+00
0.1290E+01  0.1545E+04  0.1545E+04  0.4766E+03  0.7340E+04  0.2207E+01  0.3254E+00
0.1300E+01  0.1560E+04  0.1560E+04  0.4848E+03  0.7400E+04  0.2205E+01  0.3273E+00
0.1310E+01  0.1576E+04  0.1576E+04  0.4931E+03  0.7461E+04  0.2203E+01  0.3292E+00
0.1320E+01  0.1592E+04  0.1592E+04  0.5014E+03  0.7522E+04  0.2200E+01  0.3310E+00
0.1330E+01  0.1608E+04  0.1608E+04  0.5098E+03  0.7583E+04  0.2198E+01  0.3329E+00
0.1340E+01  0.1624E+04  0.1624E+04  0.5182E+03  0.7643E+04  0.2196E+01  0.3347E+00
0.1350E+01  0.1640E+04  0.1640E+04  0.5268E+03  0.7704E+04  0.2194E+01  0.3365E+00
0.1360E+01  0.1656E+04  0.1656E+04  0.5354E+03  0.7764E+04  0.2192E+01  0.3383E+00
0.1370E+01  0.1672E+04  0.1672E+04  0.5440E+03  0.7825E+04  0.2190E+01  0.3401E+00
0.1380E+01  0.1688E+04  0.1688E+04  0.5527E+03  0.7886E+04  0.2187E+01  0.3419E+00
0.1390E+01  0.1705E+04  0.1705E+04  0.5615E+03  0.7946E+04  0.2185E+01  0.3436E+00
0.1400E+01  0.1721E+04  0.1721E+04  0.5704E+03  0.8007E+04  0.2184E+01  0.3454E+00
0.1410E+01  0.1737E+04  0.1737E+04  0.5793E+03  0.8067E+04  0.2182E+01  0.3472E+00
0.1420E+01  0.1754E+04  0.1754E+04  0.5883E+03  0.8128E+04  0.2180E+01  0.3489E+00
0.1430E+01  0.1770E+04  0.1770E+04  0.5974E+03  0.8188E+04  0.2178E+01  0.3506E+00
0.1440E+01  0.1787E+04  0.1787E+04  0.6065E+03  0.8249E+04  0.2176E+01  0.3524E+00
0.1450E+01  0.1804E+04  0.1804E+04  0.6157E+03  0.8310E+04  0.2174E+01  0.3541E+00
0.1460E+01  0.1820E+04  0.1820E+04  0.6250E+03  0.8370E+04  0.2173E+01  0.3558E+00
0.1470E+01  0.1837E+04  0.1837E+04  0.6343E+03  0.8431E+04  0.2171E+01  0.3575E+00
0.1480E+01  0.1854E+04  0.1854E+04  0.6437E+03  0.8491E+04  0.2169E+01  0.3592E+00
0.1490E+01  0.1871E+04  0.1871E+04  0.6532E+03  0.8552E+04  0.2168E+01  0.3609E+00
0.1500E+01  0.1888E+04  0.1888E+04  0.6627E+03  0.8613E+04  0.2166E+01  0.3626E+00
0.1510E+01  0.1905E+04  0.1905E+04  0.6723E+03  0.8674E+04  0.2164E+01  0.3643E+00
0.1520E+01  0.1922E+04  0.1922E+04  0.6820E+03  0.8735E+04  0.2163E+01  0.3660E+00
0.1530E+01  0.1939E+04  0.1939E+04  0.6917E+03  0.8796E+04  0.2162E+01  0.3676E+00
0.1540E+01  0.1956E+04  0.1956E+04  0.7016E+03  0.8857E+04  0.2160E+01  0.3693E+00
0.1550E+01  0.1974E+04  0.1974E+04  0.7114E+03  0.8918E+04  0.2159E+01  0.3709E+00
0.1560E+01  0.1991E+04  0.1991E+04  0.7214E+03  0.8979E+04  0.2157E+01  0.3726E+00
0.1570E+01  0.2008E+04  0.2008E+04  0.7314E+03  0.9040E+04  0.2156E+01  0.3742E+00
0.1580E+01  0.2026E+04  0.2026E+04  0.7415E+03  0.9102E+04  0.2155E+01  0.3759E+00
0.1590E+01  0.2043E+04  0.2043E+04  0.7516E+03  0.9163E+04  0.2154E+01  0.3775E+00
0.1600E+01  0.2061E+04  0.2061E+04  0.7618E+03  0.9225E+04  0.2153E+01  0.3792E+00
0.1610E+01  0.2079E+04  0.2079E+04  0.7721E+03  0.9287E+04  0.2152E+01  0.3808E+00
0.1620E+01  0.2096E+04  0.2096E+04  0.7825E+03  0.9348E+04  0.2151E+01  0.3824E+00
0.1630E+01  0.2114E+04  0.2114E+04  0.7929E+03  0.9410E+04  0.2150E+01  0.3841E+00
0.1640E+01  0.2132E+04  0.2132E+04  0.8034E+03  0.9473E+04  0.2149E+01  0.3857E+00
0.1650E+01  0.2150E+04  0.2150E+04  0.8139E+03  0.9535E+04  0.2148E+01  0.3873E+00
0.1660E+01  0.2168E+04  0.2168E+04  0.8246E+03  0.9597E+04  0.2147E+01  0.3890E+00
0.1670E+01  0.2186E+04  0.2186E+04  0.8353E+03  0.9660E+04  0.2146E+01  0.3906E+00
0.1680E+01  0.2204E+04  0.2204E+04  0.8460E+03  0.9723E+04  0.2145E+01  0.3922E+00
0.1690E+01  0.2222E+04  0.2222E+04  0.8569E+03  0.9786E+04  0.2145E+01  0.3938E+00
0.1700E+01  0.2241E+04  0.2241E+04  0.8678E+03  0.9849E+04  0.2144E+01  0.3954E+00
0.1710E+01  0.2259E+04  0.2259E+04  0.8788E+03  0.9913E+04  0.2143E+01  0.3971E+00
0.1720E+01  0.2277E+04  0.2277E+04  0.8898E+03  0.9976E+04  0.2143E+01  0.3987E+00
0.1730E+01  0.2296E+04  0.2296E+04  0.9009E+03  0.1004E+05  0.2142E+01  0.4003E+00
0.1740E+01  0.2314E+04  0.2314E+04  0.9121E+03  0.1010E+05  0.2142E+01  0.4019E+00
0.1750E+01  0.2333E+04  0.2333E+04  0.9234E+03  0.1017E+05  0.2141E+01  0.4036E+00
0.1760E+01  0.2352E+04  0.2352E+04  0.9347E+03  0.1023E+05  0.2141E+01  0.4052E+00
0.1770E+01  0.2370E+04  0.2370E+04  0.9461E+03  0.1030E+05  0.2141E+01  0.4068E+00
0.1780E+01  0.2389E+04  0.2389E+04  0.9576E+03  0.1036E+05  0.2140E+01  0.4085E+00
0.1790E+01  0.2408E+04  0.2408E+04  0.9691E+03  0.1043E+05  0.2140E+01  0.4101E+00
0.1800E+01  0.2427E+04  0.2427E+04  0.9808E+03  0.1049E+05  0.2140E+01  0.4117E+00
0.1810E+01  0.2446E+04  0.2446E+04  0.9925E+03  0.1056E+05  0.2140E+01  0.4134E+00
0.1820E+01  0.2465E+04  0.2465E+04  0.1004E+04  0.1063E+05  0.2140E+01  0.4150E+00
0.1830E+01  0.2484E+04  0.2484E+04  0.1016E+04  0.1069E+05  0.2140E+01  0.4167E+00
0.1840E+01  0.2503E+04  0.2503E+04  0.1028E+04  0.1076E+05  0.2140E+01  0.4183E+00
0.1850E+01  0.2522E+04  0.2522E+04  0.1040E+04  0.1083E+05  0.2140E+01  0.4200E+00
0.1860E+01  0.2541E+04  0.2542E+04  0.1052E+04  0.1090E+05  0.2140E+01  0.4217E+00
0.1870E+01  0.2561E+04  0.2561E+04  0.1064E+04  0.1096E+05  0.2140E+01  0.4233E+00
0.1880E+01  0.2580E+04  0.2580E+04  0.1076E+04  0.1103E+05  0.2141E+01  0.4250E+00
0.1890E+01  0.2600E+04  0.2600E+04  0.1089E+04  0.1110E+05  0.2141E+01  0.4267E+00
0.1900E+01  0.2619E+04  0.2619E+04  0.1101E+04  0.1117E+05  0.2141E+01  0.4284E+00
0.1910E+01  0.2639E+04  0.2639E+04  0.1114E+04  0.1124E+05  0.2142E+01  0.4301E+00
0.1920E+01  0.2659E+04  0.2659E+04  0.1126E+04  0.1131E+05  0.2142E+01  0.4318E+00
0.1930E+01  0.2678E+04  0.2678E+04  0.1139E+04  0.1138E+05  0.2143E+01  0.4335E+00
0.1940E+01  0.2698E+04  0.2698E+04  0.1151E+04  0.1145E+05  0.2144E+01  0.4352E+00
0.1950E+01  0.2718E+04  0.2718E+04  0.1164E+04  0.1152E+05  0.2144E+01  0.4370E+00
0.1960E+01  0.2738E+04  0.2738E+04  0.1177E+04  0.1159E+05  0.2145E+01  0.4387E+00
0.1970E+01  0.2758E+04  0.2758E+04  0.1190E+04  0.1167E+05  0.2146E+01  0.4404E+00
0.1980E+01  0.2778E+04  0.2778E+04  0.1203E+04  0.1174E+05  0.2147E+01  0.4422E+00
0.1990E+01  0.2798E+04  0.2798E+04  0.1216E+04  0.1181E+05  0.2148E+01  0.4440E+00
0.2000E+01  0.2818E+04  0.2818E+04  0.1229E+04  0.1189E+05  0.2149E+01  0.4457E+00
