0.1000E-01  0.9601E+01  0.9444E+01  -.7407E+00  0.1104E+04  -.1656E+01  0.6722E-01
0.2000E-01  0.1880E+02  0.1891E+02  -.2644E-01  0.3534E+03  -.2970E+02  0.2091E-01
0.3000E-01  0.2825E+02  0.2838E+02  0.2153E+00  0.1177E+03  0.1822E+01  0.6925E-02
0.4000E-01  0.3776E+02  0.3785E+02  0.2828E+00  0.1690E+02  0.2656E+00  0.9936E-03
0.5000E-01  0.4727E+02  0.4732E+02  0.2730E+00  -.2821E+02  -.5741E+00  0.9936E-03
0.6000E-01  0.5677E+02  0.5679E+02  0.2307E+00  -.4413E+02  -.1275E+01  0.9936E-03
0.7000E-01  0.6627E+02  0.6626E+02  0.1815E+00  -.4200E+02  -.1800E+01  0.9936E-03
0.8000E-01  0.7576E+02  0.7572E+02  0.1421E+00  -.2715E+02  -.1699E+01  0.9936E-03
0.9000E-01  0.8524E+02  0.8520E+02  0.1248E+00  -.2422E+01  -.1941E+00  0.9936E-03
0.1000E+00  0.9473E+02  0.9467E+02  0.1398E+00  0.3061E+02  0.2434E+01  0.1802E-02
0.1100E+00  0.1042E+03  0.1042E+03  0.1956E+00  0.7102E+02  0.4439E+01  0.4179E-02
0.1200E+00  0.1137E+03  0.1137E+03  0.3001E+00  0.1183E+03  0.5254E+01  0.6956E-02
0.1300E+00  0.1232E+03  0.1232E+03  0.4608E+00  0.1720E+03  0.5392E+01  0.1011E-01
0.1400E+00  0.1327E+03  0.1327E+03  0.6847E+00  0.2320E+03  0.5272E+01  0.1363E-01
0.1500E+00  0.1423E+03  0.1422E+03  0.9787E+00  0.2982E+03  0.5079E+01  0.1750E-01
0.1600E+00  0.1518E+03  0.1518E+03  0.1350E+01  0.3706E+03  0.4881E+01  0.2171E-01
0.1700E+00  0.1614E+03  0.1614E+03  0.1804E+01  0.4490E+03  0.4700E+01  0.2627E-01
0.1800E+00  0.1711E+03  0.1710E+03  0.2350E+01  0.5335E+03  0.4541E+01  0.3116E-01
0.1900E+00  0.1807E+03  0.1807E+03  0.2992E+01  0.6242E+03  0.4404E+01  0.3639E-01
0.2000E+00  0.1904E+03  0.1904E+03  0.3739E+01  0.7209E+03  0.4285E+01  0.4195E-01
0.2100E+00  0.2001E+03  0.2001E+03  0.4597E+01  0.8239E+03  0.4182E+01  0.4783E-01
0.2200E+00  0.2099E+03  0.2099E+03  0.5572E+01  0.9330E+03  0.4093E+01  0.5404E-01
0.2300E+00  0.2197E+03  0.2197E+03  0.6672E+01  0.1048E+04  0.4015E+01  0.6056E-01
0.2400E+00  0.2296E+03  0.2296E+03  0.7904E+01  0.1170E+04  0.3947E+01  0.6740E-01
0.2500E+00  0.2395E+03  0.2395E+03  0.9274E+01  0.1298E+04  0.3887E+01  0.7456E-01
0.2600E+00  0.2495E+03  0.2495E+03  0.1079E+02  0.1432E+04  0.3834E+01  0.8201E-01
0.2700E+00  0.2595E+03  0.2596E+03  0.1246E+02  0.1572E+04  0.3786E+01  0.8977E-01
0.2800E+00  0.2696E+03  0.2697E+03  0.1429E+02  0.1719E+04  0.3744E+01  0.9783E-01
0.2900E+00  0.2798E+03  0.2798E+03  0.1628E+02  0.1873E+04  0.3706E+01  0.1062E+00
0.3000E+00  0.2900E+03  0.2901E+03  0.1845E+02  0.2033E+04  0.3672E+01  0.1148E+00
0.3100E+00  0.3004E+03  0.3004E+03  0.2080E+02  0.2199E+04  0.3641E+01  0.1237E+00
0.3200E+00  0.3108E+03  0.3108E+03  0.2334E+02  0.2372E+04  0.3613E+01  0.1329E+00
0.3300E+00  0.3213E+03  0.3213E+03  0.2607E+02  0.2551E+04  0.3587E+01  0.1423E+00
0.3400E+00  0.3318E+03  0.3319E+03  0.2901E+02  0.2737E+04  0.3564E+01  0.1520E+00
0.3500E+00  0.3425E+03  0.3425E+03  0.3216E+02  0.2929E+04  0.3542E+01  0.1620E+00
0.3600E+00  0.3532E+03  0.3533E+03  0.3552E+02  0.3128E+04  0.3522E+01  0.1722E+00
0.3700E+00  0.3641E+03  0.3641E+03  0.3911E+02  0.3334E+04  0.3504E+01  0.1826E+00
0.3800E+00  0.3750E+03  0.3751E+03  0.4293E+02  0.3546E+04  0.3487E+01  0.1932E+00
0.3900E+00  0.3861E+03  0.3861E+03  0.4699E+02  0.3764E+04  0.3471E+01  0.2041E+00
0.4000E+00  0.3972E+03  0.3973E+03  0.5130E+02  0.3990E+04  0.3457E+01  0.2152E+00
0.4100E+00  0.4085E+03  0.4085E+03  0.5586E+02  0.4222E+04  0.3443E+01  0.2265E+00
0.4200E+00  0.4199E+03  0.4199E+03  0.6069E+02  0.4461E+04  0.3430E+01  0.2379E+00
0.4300E+00  0.4314E+03  0.4314E+03  0.6578E+02  0.4706E+04  0.3418E+01  0.2496E+00
0.4400E+00  0.4430E+03  0.4430E+03  0.7115E+02  0.4958E+04  0.3407E+01  0.2614E+00
0.4500E+00  0.4548E+03  0.4548E+03  0.7680E+02  0.5217E+04  0.3397E+01  0.2734E+00
0.4600E+00  0.4666E+03  0.4667E+03  0.8274E+02  0.5483E+04  0.3387E+01  0.2856E+00
0.4700E+00  0.4787E+03  0.4787E+03  0.8899E+02  0.5755E+04  0.3377E+01  0.2979E+00
0.4800E+00  0.4908E+03  0.4908E+03  0.9553E+02  0.6034E+04  0.3369E+01  0.3103E+00
0.4900E+00  0.5031E+03  0.5031E+03  0.1024E+03  0.6320E+04  0.3360E+01  0.3229E+00
0.5000E+00  0.5155E+03  0.5155E+03  0.1096E+03  0.6612E+04  0.3352E+01  0.3356E+00
0.5100E+00  0.5281E+03  0.5281E+03  0.1171E+03  0.6911E+04  0.3345E+01  0.3484E+00
0.5200E+00  0.5408E+03  0.5408E+03  0.1249E+03  0.7217E+04  0.3338E+01  0.3614E+00
0.5300E+00  0.5537E+03  0.5537E+03  0.1331E+03  0.7530E+04  0.3331E+01  0.3744E+00
0.5400E+00  0.5667E+03  0.5667E+03  0.1417E+03  0.7850E+04  0.3324E+01  0.3875E+00
0.5500E+00  0.5799E+03  0.5799E+03  0.1506E+03  0.8176E+04  0.3318E+01  0.4007E+00
0.5600E+00  0.5933E+03  0.5933E+03  0.1598E+03  0.8509E+04  0.3312E+01  0.4140E+00
0.5700E+00  0.6068E+03  0.6068E+03  0.1695E+03  0.8848E+04  0.3306E+01  0.4273E+00
0.5800E+00  0.6205E+03  0.6205E+03  0.1795E+03  0.9195E+04  0.3301E+01  0.4407E+00
0.5900E+00  0.6344E+03  0.6344E+03  0.1899E+03  0.9548E+04  0.3296E+01  0.4541E+00
0.6000E+00  0.6485E+03  0.6485E+03  0.2007E+03  0.9908E+04  0.3291E+01  0.4676E+00
0.6100E+00  0.6627E+03  0.6627E+03  0.2119E+03  0.1027E+05  0.3286E+01  0.4811E+00
0.6200E+00  0.6772E+03  0.6771E+03  0.2236E+03  0.1065E+05  0.3281E+01  0.4947E+00
0.6300E+00  0.6918E+03  0.6918E+03  0.2356E+03  0.1103E+05  0.3276E+01  0.5082E+00
0.6400E+00  0.7066E+03  0.7066E+03  0.2481E+03  0.1142E+05  0.3272E+01  0.5218E+00
0.6500E+00  0.7216E+03  0.7216E+03  0.2610E+03  0.1181E+05  0.3268E+01  0.5354E+00
0.6600E+00  0.7368E+03  0.7368E+03  0.2743E+03  0.1221E+05  0.3264E+01  0.5490E+00
0.6700E+00  0.7523E+03  0.7522E+03  0.2881E+03  0.1262E+05  0.3260E+01  0.5626E+00
0.6800E+00  0.7679E+03  0.7679E+03  0.3024E+03  0.1303E+05  0.3256E+01  0.5762E+00
0.6900E+00  0.7837E+03  0.7837E+03  0.3171E+03  0.1345E+05  0.3252E+01  0.5897E+00
0.7000E+00  0.7998E+03  0.7998E+03  0.3323E+03  0.1388E+05  0.3249E+01  0.6033E+00
0.7100E+00  0.8161E+03  0.8161E+03  0.3479E+03  0.1431E+05  0.3245E+01  0.6168E+00
0.7200E+00  0.8326E+03  0.8326E+03  0.3641E+03  0.1475E+05  0.3242E+01  0.6303E+00
0.7300E+00  0.8493E+03  0.8493E+03  0.3807E+03  0.1520E+05  0.3239E+01  0.6437E+00
0.7400E+00  0.8663E+03  0.8663E+03  0.3978E+03  0.1566E+05  0.3235E+01  0.6571E+00
0.7500E+00  0.8835E+03  0.8835E+03  0.4155E+03  0.1612E+05  0.3232E+01  0.6705E+00
0.7600E+00  0.9009E+03  0.9009E+03  0.4337E+03  0.1658E+05  0.3229E+01  0.6838E+00
0.7700E+00  0.9186E+03  0.9186E+03  0.4524E+03  0.1706E+05  0.3226E+01  0.6970E+00
0.7800E+00  0.9366E+03  0.9365E+03  0.4716E+03  0.1754E+05  0.3224E+01  0.7102E+00
0.7900E+00  0.9547E+03  0.9547E+03  0.4913E+03  0.1803E+05  0.3221E+01  0.7233E+00
0.8000E+00  0.9732E+03  0.9731E+03  0.5116E+03  0.1852E+05  0.3218E+01  0.7363E+00
0.8100E+00  0.9919E+03  0.9918E+03  0.5325E+03  0.1902E+05  0.3215E+01  0.7493E+00
0.8200E+00  0.1011E+04  0.1011E+04  0.5539E+03  0.1953E+05  0.3213E+01  0.7622E+00
0.8300E+00  0.1030E+04  0.1030E+04  0.5759E+03  0.2005E+05  0.3210E+01  0.7751E+00
0.8400E+00  0.1050E+04  0.1049E+04  0.5985E+03  0.2057E+05  0.3208E+01  0.7878E+00
0.8500E+00  0.1069E+04  0.1069E+04  0.6216E+03  0.2110E+05  0.3205E+01  0.8005E+00
0.8600E+00  0.1089E+04  0.1089E+04  0.6453E+03  0.2163E+05  0.3203E+01  0.8131E+00
0.8700E+00  0.1110E+04  0.1110E+04  0.6697E+03  0.2217E+05  0.3200E+01  0.8256E+00
0.8800E+00  0.1130E+04  0.1130E+04  0.6946E+03  0.2272E+05  0.3198E+01  0.8380E+00
0.8900E+00  0.1151E+04  0.1151E+04  0.7202E+03  0.2327E+05  0.3196E+01  0.8503E+00
0.9000E+00  0.1172E+04  0.1172E+04  0.7463E+03  0.2384E+05  0.3194E+01  0.8625E+00
0.9100E+00  0.1194E+04  0.1194E+04  0.7731E+03  0.2440E+05  0.3192E+01  0.8746E+00
0.9200E+00  0.1215E+04  0.1215E+04  0.8006E+03  0.2498E+05  0.3189E+01  0.8866E+00
0.9300E+00  0.1238E+04  0.1238E+04  0.8287E+03  0.2556E+05  0.3187E+01  0.8986E+00
0.9400E+00  0.1260E+04  0.1260E+04  0.8574E+03  0.2615E+05  0.3185E+01  0.9104E+00
0.9500E+00  0.1283E+04  0.1283E+04  0.8868E+03  0.2674E+05  0.3183E+01  0.9221E+00
0.9600E+00  0.1306E+04  0.1306E+04  0.9168E+03  0.2734E+05  0.3181E+01  0.9337E+00
0.9700E+00  0.1329E+04  0.1329E+04  0.9475E+03  0.2795E+05  0.3179E+01  0.9452E+00
0.9800E+00  0.1353E+04  0.1353E+04  0.9789E+03  0.2857E+05  0.3178E+01  0.9566E+00
0.9900E+00  0.1376E+04  0.1376E+04  0.1011E+04  0.2919E+05  0.3176E+01  0.9679E+00
0.1000E+01  0.1401E+04  0.1401E+04  0.1044E+04  0.2982E+05  0.3174E+01  0.9791E+00
0.1010E+01  0.1425E+04  0.1425E+04  0.1077E+04  0.3045E+05  0.3172E+01  0.9902E+00
0.1020E+01  0.1450E+04  0.1450E+04  0.1111E+04  0.3109E+05  0.3170E+01  0.1001E+01
0.1030E+01  0.1476E+04  0.1476E+04  0.1146E+04  0.3174E+05  0.3169E+01  0.1012E+01
0.1040E+01  0.1501E+04  0.1501E+04  0.1182E+04  0.3239E+05  0.3167E+01  0.1023E+01
0.1050E+01  0.1527E+04  0.1527E+04  0.1218E+04  0.3305E+05  0.3165E+01  0.1033E+01
0.1060E+01  0.1554E+04  0.1554E+04  0.1255E+04  0.3372E+05  0.3164E+01  0.1044E+01
0.1070E+01  0.1580E+04  0.1580E+04  0.1293E+04  0.3440E+05  0.3162E+01  0.1054E+01
0.1080E+01  0.1607E+04  0.1607E+04  0.1332E+04  0.3508E+05  0.3160E+01  0.1065E+01
0.1090E+01  0.1635E+04  0.1635E+04  0.1371E+04  0.3576E+05  0.3159E+01  0.1075E+01
0.1100E+01  0.1662E+04  0.1662E+04  0.1411E+04  0.3646E+05  0.3157E+01  0.1085E+01
0.1110E+01  0.1691E+04  0.1691E+04  0.1452E+04  0.3716E+05  0.3156E+01  0.1095E+01
0.1120E+01  0.1719E+04  0.1719E+04  0.1494E+04  0.3787E+05  0.3154E+01  0.1105E+01
0.1130E+01  0.1748E+04  0.1748E+04  0.1536E+04  0.3858E+05  0.3153E+01  0.1115E+01
0.1140E+01  0.1777E+04  0.1777E+04  0.1580E+04  0.3930E+05  0.3151E+01  0.1124E+01
0.1150E+01  0.1807E+04  0.1807E+04  0.1624E+04  0.4003E+05  0.3150E+01  0.1134E+01
0.1160E+01  0.1837E+04  0.1837E+04  0.1669E+04  0.4076E+05  0.3148E+01  0.1143E+01
0.1170E+01  0.1867E+04  0.1867E+04  0.1714E+04  0.4150E+05  0.3147E+01  0.1153E+01
0.1180E+01  0.1898E+04  0.1898E+04  0.1761E+04  0.4225E+05  0.3146E+01  0.1162E+01
0.1190E+01  0.1929E+04  0.1929E+04  0.1808E+04  0.4300E+05  0.3144E+01  0.1171E+01
0.1200E+01  0.1961E+04  0.1961E+04  0.1856E+04  0.4376E+05  0.3143E+01  0.1180E+01
0.1210E+01  0.1993E+04  0.1993E+04  0.1905E+04  0.4453E+05  0.3142E+01  0.1189E+01
0.1220E+01  0.2025E+04  0.2025E+04  0.1955E+04  0.4530E+05  0.3140E+01  0.1198E+01
0.1230E+01  0.2058E+04  0.2058E+04  0.2006E+04  0.4608E+05  0.3139E+01  0.1207E+01
0.1240E+01  0.2091E+04  0.2091E+04  0.2058E+04  0.4687E+05  0.3138E+01  0.1215E+01
0.1250E+01  0.2125E+04  0.2125E+04  0.2110E+04  0.4766E+05  0.3137E+01  0.1224E+01
0.1260E+01  0.2159E+04  0.2159E+04  0.2164E+04  0.4846E+05  0.3136E+01  0.1232E+01
0.1270E+01  0.2194E+04  0.2194E+04  0.2218E+04  0.4927E+05  0.3134E+01  0.1241E+01
0.1280E+01  0.2229E+04  0.2229E+04  0.2273E+04  0.5008E+05  0.3133E+01  0.1249E+01
0.1290E+01  0.2264E+04  0.2264E+04  0.2329E+04  0.5090E+05  0.3132E+01  0.1257E+01
0.1300E+01  0.2300E+04  0.2300E+04  0.2386E+04  0.5172E+05  0.3131E+01  0.1265E+01
0.1310E+01  0.2336E+04  0.2336E+04  0.2444E+04  0.5256E+05  0.3130E+01  0.1273E+01
0.1320E+01  0.2373E+04  0.2373E+04  0.2503E+04  0.5340E+05  0.3129E+01  0.1281E+01
0.1330E+01  0.2410E+04  0.2410E+04  0.2563E+04  0.5424E+05  0.3128E+01  0.1288E+01
0.1340E+01  0.2448E+04  0.2448E+04  0.2624E+04  0.5510E+05  0.3127E+01  0.1296E+01
0.1350E+01  0.2486E+04  0.2486E+04  0.2685E+04  0.5596E+05  0.3126E+01  0.1304E+01
0.1360E+01  0.2524E+04  0.2524E+04  0.2748E+04  0.5682E+05  0.3125E+01  0.1311E+01
0.1370E+01  0.2563E+04  0.2563E+04  0.2812E+04  0.5769E+05  0.3124E+01  0.1318E+01
0.1380E+01  0.2603E+04  0.2603E+04  0.2876E+04  0.5857E+05  0.3123E+01  0.1326E+01
0.1390E+01  0.2643E+04  0.2643E+04  0.2942E+04  0.5946E+05  0.3122E+01  0.1333E+01
0.1400E+01  0.2683E+04  0.2683E+04  0.3008E+04  0.6035E+05  0.3121E+01  0.1340E+01
0.1410E+01  0.2724E+04  0.2724E+04  0.3076E+04  0.6125E+05  0.3120E+01  0.1347E+01
0.1420E+01  0.2765E+04  0.2765E+04  0.3144E+04  0.6216E+05  0.3119E+01  0.1354E+01
0.1430E+01  0.2807E+04  0.2807E+04  0.3214E+04  0.6307E+05  0.3118E+01  0.1361E+01
0.1440E+01  0.2849E+04  0.2849E+04  0.3285E+04  0.6399E+05  0.3117E+01  0.1368E+01
0.1450E+01  0.2892E+04  0.2892E+04  0.3356E+04  0.6492E+05  0.3116E+01  0.1374E+01
0.1460E+01  0.2936E+04  0.2936E+04  0.3429E+04  0.6585E+05  0.3115E+01  0.1381E+01
0.1470E+01  0.2980E+04  0.2980E+04  0.3503E+04  0.6679E+05  0.3115E+01  0.1387E+01
0.1480E+01  0.3024E+04  0.3024E+04  0.3577E+04  0.6773E+05  0.3114E+01  0.1394E+01
0.1490E+01  0.3069E+04  0.3069E+04  0.3653E+04  0.6869E+05  0.3113E+01  0.1400E+01
0.1500E+01  0.3114E+04  0.3114E+04  0.3730E+04  0.6965E+05  0.3112E+01  0.1407E+01
0.1510E+01  0.3160E+04  0.3160E+04  0.3808E+04  0.7061E+05  0.3111E+01  0.1413E+01
0.1520E+01  0.3206E+04  0.3206E+04  0.3887E+04  0.7159E+05  0.3111E+01  0.1419E+01
0.1530E+01  0.3253E+04  0.3253E+04  0.3967E+04  0.7257E+05  0.3110E+01  0.1425E+01
0.1540E+01  0.3301E+04  0.3301E+04  0.4048E+04  0.7355E+05  0.3109E+01  0.1431E+01
0.1550E+01  0.3349E+04  0.3349E+04  0.4130E+04  0.7455E+05  0.3108E+01  0.1437E+01
0.1560E+01  0.3397E+04  0.3397E+04  0.4214E+04  0.7555E+05  0.3108E+01  0.1443E+01
0.1570E+01  0.3446E+04  0.3446E+04  0.4298E+04  0.7656E+05  0.3107E+01  0.1449E+01
0.1580E+01  0.3496E+04  0.3496E+04  0.4384E+04  0.7757E+05  0.3106E+01  0.1454E+01
0.1590E+01  0.3546E+04  0.3546E+04  0.4471E+04  0.7859E+05  0.3106E+01  0.1460E+01
0.1600E+01  0.3597E+04  0.3597E+04  0.4559E+04  0.7962E+05  0.3105E+01  0.1466E+01
0.1610E+01  0.3648E+04  0.3648E+04  0.4648E+04  0.8065E+05  0.3104E+01  0.1471E+01
0.1620E+01  0.3700E+04  0.3700E+04  0.4738E+04  0.8170E+05  0.3104E+01  0.1477E+01
0.1630E+01  0.3752E+04  0.3752E+04  0.4829E+04  0.8274E+05  0.3103E+01  0.1482E+01
0.1640E+01  0.3805E+04  0.3805E+04  0.4922E+04  0.8380E+05  0.3103E+01  0.1487E+01
0.1650E+01  0.3859E+04  0.3859E+04  0.5015E+04  0.8486E+05  0.3102E+01  0.1493E+01
0.1660E+01  0.3913E+04  0.3913E+04  0.5110E+04  0.8593E+05  0.3102E+01  0.1498E+01
0.1670E+01  0.3967E+04  0.3967E+04  0.5206E+04  0.8701E+05  0.3101E+01  0.1503E+01
0.1680E+01  0.4023E+04  0.4023E+04  0.5304E+04  0.8809E+05  0.3100E+01  0.1508E+01
0.1690E+01  0.4078E+04  0.4078E+04  0.5402E+04  0.8918E+05  0.3100E+01  0.1513E+01
0.1700E+01  0.4135E+04  0.4135E+04  0.5502E+04  0.9028E+05  0.3099E+01  0.1518E+01
0.1710E+01  0.4192E+04  0.4192E+04  0.5603E+04  0.9138E+05  0.3099E+01  0.1523E+01
0.1720E+01  0.4249E+04  0.4249E+04  0.5705E+04  0.9249E+05  0.3098E+01  0.1528E+01
0.1730E+01  0.4307E+04  0.4307E+04  0.5808E+04  0.9361E+05  0.3098E+01  0.1533E+01
0.1740E+01  0.4366E+04  0.4366E+04  0.5913E+04  0.9474E+05  0.3098E+01  0.1537E+01
0.1750E+01  0.4426E+04  0.4426E+04  0.6019E+04  0.9587E+05  0.3097E+01  0.1542E+01
0.1760E+01  0.4486E+04  0.4486E+04  0.6126E+04  0.9701E+05  0.3097E+01  0.1547E+01
0.1770E+01  0.4546E+04  0.4546E+04  0.6234E+04  0.9815E+05  0.3096E+01  0.1551E+01
0.1780E+01  0.4607E+04  0.4607E+04  0.6344E+04  0.9931E+05  0.3096E+01  0.1556E+01
0.1790E+01  0.4669E+04  0.4669E+04  0.6455E+04  0.1005E+06  0.3096E+01  0.1560E+01
0.1800E+01  0.4732E+04  0.4732E+04  0.6567E+04  0.1016E+06  0.3095E+01  0.1565E+01
0.1810E+01  0.4795E+04  0.4795E+04  0.6681E+04  0.1028E+06  0.3095E+01  0.1569E+01
0.1820E+01  0.4859E+04  0.4859E+04  0.6796E+04  0.1040E+06  0.3095E+01  0.1574E+01
0.1830E+01  0.4923E+04  0.4923E+04  0.6912E+04  0.1052E+06  0.3094E+01  0.1578E+01
0.1840E+01  0.4988E+04  0.4988E+04  0.7030E+04  0.1064E+06  0.3094E+01  0.1582E+01
0.1850E+01  0.5054E+04  0.5054E+04  0.7148E+04  0.1076E+06  0.3094E+01  0.1587E+01
0.1860E+01  0.5120E+04  0.5120E+04  0.7269E+04  0.1088E+06  0.3093E+01  0.1591E+01
0.1870E+01  0.5187E+04  0.5187E+04  0.7390E+04  0.1100E+06  0.3093E+01  0.1595E+01
0.1880E+01  0.5254E+04  0.5254E+04  0.7513E+04  0.1112E+06  0.3093E+01  0.1599E+01
0.1890E+01  0.5323E+04  0.5323E+04  0.7637E+04  0.1125E+06  0.3093E+01  0.1603E+01
0.1900E+01  0.5391E+04  0.5391E+04  0.7763E+04  0.1137E+06  0.3092E+01  0.1607E+01
0.1910E+01  0.5461E+04  0.5461E+04  0.7890E+04  0.1150E+06  0.3092E+01  0.1611E+01
0.1920E+01  0.5531E+04  0.5531E+04  0.8018E+04  0.1162E+06  0.3092E+01  0.1615E+01
0.1930E+01  0.5602E+04  0.5602E+04  0.8148E+04  0.1175E+06  0.3092E+01  0.1619E+01
0.1940E+01  0.5674E+04  0.5674E+04  0.8280E+04  0.1188E+06  0.3092E+01  0.1623E+01
0.1950E+01  0.5746E+04  0.5746E+04  0.8412E+04  0.1200E+06  0.3091E+01  0.1626E+01
0.1960E+01  0.5819E+04  0.5819E+04  0.8546E+04  0.1213E+06  0.3091E+01  0.1630E+01
0.1970E+01  0.5893E+04  0.5893E+04  0.8682E+04  0.1226E+06  0.3091E+01  0.1634E+01
0.1980E+01  0.5967E+04  0.5967E+04  0.8819E+04  0.1239E+06  0.3091E+01  0.1638E+01
0.1990E+01  0.6042E+04  0.6042E+04  0.8957E+04  0.1252E+06  0.3091E+01  0.1641E+01
0.2000E+01  0.6118E+04  0.6118E+04  0.9097E+04  0.1265E+06  0.3091E+01  0.1645E+01
