0.2000E+01  0.4733E+04  0.4733E+04  0.6190E+04  0.8482E+05  0.3045E+01  0.1473E+01
0.1990E+01  0.4678E+04  0.4678E+04  0.6096E+04  0.8400E+05  0.3047E+01  0.1469E+01
0.1980E+01  0.4624E+04  0.4624E+04  0.6003E+04  0.8318E+05  0.3049E+01  0.1466E+01
0.1970E+01  0.4571E+04  0.4571E+04  0.5911E+04  0.8237E+05  0.3050E+01  0.1462E+01
0.1960E+01  0.4518E+04  0.4518E+04  0.5820E+04  0.8156E+05  0.3052E+01  0.1458E+01
0.1950E+01  0.4466E+04  0.4466E+04  0.5730E+04  0.8075E+05  0.3053E+01  0.1455E+01
0.1940E+01  0.4414E+04  0.4414E+04  0.5640E+04  0.7994E+05  0.3055E+01  0.1451E+01
0.1930E+01  0.4362E+04  0.4362E+04  0.5552E+04  0.7914E+05  0.3057E+01  0.1447E+01
0.1920E+01  0.4311E+04  0.4311E+04  0.5465E+04  0.7835E+05  0.3059E+01  0.1444E+01
0.1910E+01  0.4260E+04  0.4260E+04  0.5378E+04  0.7755E+05  0.3060E+01  0.1440E+01
0.1900E+01  0.4210E+04  0.4210E+04  0.5292E+04  0.7676E+05  0.3062E+01  0.1436E+01
0.1890E+01  0.4160E+04  0.4160E+04  0.5207E+04  0.7597E+05  0.3064E+01  0.1432E+01
0.1880E+01  0.4111E+04  0.4111E+04  0.5123E+04  0.7519E+05  0.3066E+01  0.1428E+01
0.1870E+01  0.4062E+04  0.4062E+04  0.5040E+04  0.7441E+05  0.3067E+01  0.1424E+01
0.1860E+01  0.4013E+04  0.4013E+04  0.4958E+04  0.7363E+05  0.3069E+01  0.1420E+01
0.1850E+01  0.3965E+04  0.3965E+04  0.4877E+04  0.7286E+05  0.3071E+01  0.1416E+01
0.1840E+01  0.3918E+04  0.3918E+04  0.4796E+04  0.7209E+05  0.3073E+01  0.1411E+01
0.1830E+01  0.3871E+04  0.3871E+04  0.4717E+04  0.7132E+05  0.3075E+01  0.1407E+01
0.1820E+01  0.3824E+04  0.3824E+04  0.4638E+04  0.7055E+05  0.3076E+01  0.1403E+01
0.1810E+01  0.3778E+04  0.3778E+04  0.4560E+04  0.6979E+05  0.3078E+01  0.1398E+01
0.1800E+01  0.3732E+04  0.3732E+04  0.4483E+04  0.6904E+05  0.3080E+01  0.1394E+01
0.1790E+01  0.3686E+04  0.3686E+04  0.4406E+04  0.6828E+05  0.3082E+01  0.1390E+01
0.1780E+01  0.3641E+04  0.3641E+04  0.4331E+04  0.6753E+05  0.3084E+01  0.1385E+01
0.1770E+01  0.3597E+04  0.3597E+04  0.4256E+04  0.6679E+05  0.3086E+01  0.1380E+01
0.1760E+01  0.3553E+04  0.3553E+04  0.4182E+04  0.6604E+05  0.3088E+01  0.1376E+01
0.1750E+01  0.3509E+04  0.3509E+04  0.4109E+04  0.6530E+05  0.3090E+01  0.1371E+01
0.1740E+01  0.3466E+04  0.3466E+04  0.4037E+04  0.6457E+05  0.3092E+01  0.1366E+01
0.1730E+01  0.3423E+04  0.3423E+04  0.3966E+04  0.6384E+05  0.3094E+01  0.1361E+01
0.1720E+01  0.3380E+04  0.3380E+04  0.3895E+04  0.6311E+05  0.3096E+01  0.1357E+01
0.1710E+01  0.3338E+04  0.3338E+04  0.3826E+04  0.6238E+05  0.3098E+01  0.1352E+01
0.1700E+01  0.3296E+04  0.3296E+04  0.3757E+04  0.6166E+05  0.3100E+01  0.1347E+01
0.1690E+01  0.3255E+04  0.3255E+04  0.3689E+04  0.6094E+05  0.3102E+01  0.1341E+01
0.1680E+01  0.3214E+04  0.3214E+04  0.3621E+04  0.6022E+05  0.3104E+01  0.1336E+01
0.1670E+01  0.3174E+04  0.3174E+04  0.3555E+04  0.5951E+05  0.3106E+01  0.1331E+01
0.1660E+01  0.3134E+04  0.3134E+04  0.3489E+04  0.5880E+05  0.3108E+01  0.1326E+01
0.1650E+01  0.3094E+04  0.3094E+04  0.3424E+04  0.5810E+05  0.3111E+01  0.1320E+01
0.1640E+01  0.3055E+04  0.3055E+04  0.3360E+04  0.5740E+05  0.3113E+01  0.1315E+01
0.1630E+01  0.3016E+04  0.3016E+04  0.3297E+04  0.5670E+05  0.3115E+01  0.1309E+01
0.1620E+01  0.2977E+04  0.2977E+04  0.3234E+04  0.5601E+05  0.3117E+01  0.1304E+01
0.1610E+01  0.2939E+04  0.2939E+04  0.3172E+04  0.5532E+05  0.3119E+01  0.1298E+01
0.1600E+01  0.2901E+04  0.2901E+04  0.3111E+04  0.5463E+05  0.3122E+01  0.1292E+01
0.1590E+01  0.2864E+04  0.2864E+04  0.3051E+04  0.5395E+05  0.3124E+01  0.1287E+01
0.1580E+01  0.2827E+04  0.2827E+04  0.2991E+04  0.5327E+05  0.3126E+01  0.1281E+01
0.1570E+01  0.2790E+04  0.2790E+04  0.2932E+04  0.5259E+05  0.3128E+01  0.1275E+01
0.1560E+01  0.2754E+04  0.2754E+04  0.2874E+04  0.5192E+05  0.3131E+01  0.1269E+01
0.1550E+01  0.2718E+04  0.2718E+04  0.2817E+04  0.5125E+05  0.3133E+01  0.1263E+01
0.1540E+01  0.2683E+04  0.2682E+04  0.2760E+04  0.5058E+05  0.3135E+01  0.1256E+01
0.1530E+01  0.2647E+04  0.2647E+04  0.2705E+04  0.4992E+05  0.3138E+01  0.1250E+01
0.1520E+01  0.2613E+04  0.2613E+04  0.2650E+04  0.4926E+05  0.3140E+01  0.1244E+01
0.1510E+01  0.2578E+04  0.2578E+04  0.2595E+04  0.4861E+05  0.3143E+01  0.1237E+01
0.1500E+01  0.2544E+04  0.2544E+04  0.2542E+04  0.4796E+05  0.3145E+01  0.1231E+01
0.1490E+01  0.2510E+04  0.2510E+04  0.2489E+04  0.4731E+05  0.3147E+01  0.1224E+01
0.1480E+01  0.2477E+04  0.2477E+04  0.2436E+04  0.4667E+05  0.3150E+01  0.1218E+01
0.1470E+01  0.2444E+04  0.2444E+04  0.2385E+04  0.4603E+05  0.3152E+01  0.1211E+01
0.1460E+01  0.2411E+04  0.2411E+04  0.2334E+04  0.4539E+05  0.3155E+01  0.1204E+01
0.1450E+01  0.2379E+04  0.2379E+04  0.2284E+04  0.4476E+05  0.3157E+01  0.1197E+01
0.1440E+01  0.2347E+04  0.2347E+04  0.2235E+04  0.4413E+05  0.3160E+01  0.1190E+01
0.1430E+01  0.2315E+04  0.2315E+04  0.2186E+04  0.4351E+05  0.3162E+01  0.1183E+01
0.1420E+01  0.2284E+04  0.2284E+04  0.2138E+04  0.4289E+05  0.3165E+01  0.1176E+01
0.1410E+01  0.2253E+04  0.2253E+04  0.2091E+04  0.4227E+05  0.3168E+01  0.1168E+01
0.1400E+01  0.2222E+04  0.2222E+04  0.2044E+04  0.4166E+05  0.3170E+01  0.1161E+01
0.1390E+01  0.2192E+04  0.2192E+04  0.1998E+04  0.4105E+05  0.3173E+01  0.1154E+01
0.1380E+01  0.2162E+04  0.2162E+04  0.1953E+04  0.4044E+05  0.3176E+01  0.1146E+01
0.1370E+01  0.2132E+04  0.2132E+04  0.1908E+04  0.3984E+05  0.3178E+01  0.1139E+01
0.1360E+01  0.2103E+04  0.2103E+04  0.1864E+04  0.3924E+05  0.3181E+01  0.1131E+01
0.1350E+01  0.2074E+04  0.2074E+04  0.1821E+04  0.3865E+05  0.3184E+01  0.1123E+01
0.1340E+01  0.2045E+04  0.2045E+04  0.1778E+04  0.3806E+05  0.3186E+01  0.1115E+01
0.1330E+01  0.2017E+04  0.2017E+04  0.1736E+04  0.3747E+05  0.3189E+01  0.1107E+01
0.1320E+01  0.1989E+04  0.1989E+04  0.1695E+04  0.3689E+05  0.3192E+01  0.1099E+01
0.1310E+01  0.1961E+04  0.1961E+04  0.1654E+04  0.3631E+05  0.3195E+01  0.1091E+01
0.1300E+01  0.1934E+04  0.1934E+04  0.1614E+04  0.3574E+05  0.3198E+01  0.1083E+01
0.1290E+01  0.1907E+04  0.1907E+04  0.1575E+04  0.3517E+05  0.3201E+01  0.1074E+01
0.1280E+01  0.1880E+04  0.1880E+04  0.1536E+04  0.3460E+05  0.3204E+01  0.1066E+01
0.1270E+01  0.1853E+04  0.1853E+04  0.1498E+04  0.3404E+05  0.3206E+01  0.1057E+01
0.1260E+01  0.1827E+04  0.1827E+04  0.1461E+04  0.3348E+05  0.3209E+01  0.1049E+01
0.1250E+01  0.1801E+04  0.1801E+04  0.1424E+04  0.3293E+05  0.3212E+01  0.1040E+01
0.1240E+01  0.1775E+04  0.1775E+04  0.1387E+04  0.3238E+05  0.3215E+01  0.1031E+01
0.1230E+01  0.1750E+04  0.1750E+04  0.1352E+04  0.3183E+05  0.3218E+01  0.1022E+01
0.1220E+01  0.1725E+04  0.1725E+04  0.1317E+04  0.3129E+05  0.3221E+01  0.1013E+01
0.1210E+01  0.1700E+04  0.1700E+04  0.1282E+04  0.3075E+05  0.3225E+01  0.1004E+01
0.1200E+01  0.1676E+04  0.1676E+04  0.1248E+04  0.3022E+05  0.3228E+01  0.9947E+00
0.1190E+01  0.1651E+04  0.1651E+04  0.1215E+04  0.2969E+05  0.3231E+01  0.9854E+00
0.1180E+01  0.1627E+04  0.1627E+04  0.1182E+04  0.2916E+05  0.3234E+01  0.9760E+00
0.1170E+01  0.1604E+04  0.1604E+04  0.1150E+04  0.2864E+05  0.3237E+01  0.9665E+00
0.1160E+01  0.1580E+04  0.1580E+04  0.1119E+04  0.2813E+05  0.3240E+01  0.9569E+00
0.1150E+01  0.1557E+04  0.1557E+04  0.1088E+04  0.2761E+05  0.3244E+01  0.9473E+00
0.1140E+01  0.1534E+04  0.1534E+04  0.1057E+04  0.2710E+05  0.3247E+01  0.9375E+00
0.1130E+01  0.1512E+04  0.1512E+04  0.1028E+04  0.2660E+05  0.3250E+01  0.9276E+00
0.1120E+01  0.1489E+04  0.1489E+04  0.9982E+03  0.2610E+05  0.3254E+01  0.9177E+00
0.1110E+01  0.1467E+04  0.1467E+04  0.9695E+03  0.2560E+05  0.3257E+01  0.9076E+00
0.1100E+01  0.1446E+04  0.1446E+04  0.9413E+03  0.2511E+05  0.3260E+01  0.8975E+00
0.1090E+01  0.1424E+04  0.1424E+04  0.9137E+03  0.2462E+05  0.3264E+01  0.8873E+00
0.1080E+01  0.1403E+04  0.1403E+04  0.8866E+03  0.2414E+05  0.3267E+01  0.8770E+00
0.1070E+01  0.1382E+04  0.1382E+04  0.8601E+03  0.2366E+05  0.3271E+01  0.8666E+00
0.1060E+01  0.1361E+04  0.1361E+04  0.8340E+03  0.2319E+05  0.3274E+01  0.8561E+00
0.1050E+01  0.1340E+04  0.1340E+04  0.8085E+03  0.2272E+05  0.3278E+01  0.8455E+00
0.1040E+01  0.1320E+04  0.1320E+04  0.7835E+03  0.2225E+05  0.3282E+01  0.8349E+00
0.1030E+01  0.1300E+04  0.1300E+04  0.7591E+03  0.2179E+05  0.3285E+01  0.8242E+00
0.1020E+01  0.1280E+04  0.1280E+04  0.7351E+03  0.2133E+05  0.3289E+01  0.8134E+00
0.1010E+01  0.1260E+04  0.1260E+04  0.7117E+03  0.2088E+05  0.3293E+01  0.8025E+00
0.1000E+01  0.1241E+04  0.1241E+04  0.6887E+03  0.2043E+05  0.3297E+01  0.7915E+00
0.9900E+00  0.1222E+04  0.1222E+04  0.6663E+03  0.1999E+05  0.3300E+01  0.7805E+00
0.9800E+00  0.1203E+04  0.1203E+04  0.6443E+03  0.1955E+05  0.3304E+01  0.7694E+00
0.9700E+00  0.1184E+04  0.1184E+04  0.6228E+03  0.1912E+05  0.3308E+01  0.7582E+00
0.9600E+00  0.1165E+04  0.1165E+04  0.6018E+03  0.1869E+05  0.3312E+01  0.7469E+00
0.9500E+00  0.1147E+04  0.1147E+04  0.5813E+03  0.1826E+05  0.3316E+01  0.7356E+00
0.9400E+00  0.1129E+04  0.1129E+04  0.5612E+03  0.1784E+05  0.3320E+01  0.7242E+00
0.9300E+00  0.1111E+04  0.1111E+04  0.5416E+03  0.1742E+05  0.3324E+01  0.7128E+00
0.9200E+00  0.1093E+04  0.1093E+04  0.5225E+03  0.1701E+05  0.3328E+01  0.7013E+00
0.9100E+00  0.1076E+04  0.1076E+04  0.5038E+03  0.1660E+05  0.3332E+01  0.6897E+00
0.9000E+00  0.1059E+04  0.1059E+04  0.4856E+03  0.1620E+05  0.3337E+01  0.6781E+00
0.8900E+00  0.1042E+04  0.1042E+04  0.4678E+03  0.1580E+05  0.3341E+01  0.6664E+00
0.8800E+00  0.1025E+04  0.1025E+04  0.4505E+03  0.1541E+05  0.3345E+01  0.6547E+00
0.8700E+00  0.1008E+04  0.1008E+04  0.4336E+03  0.1502E+05  0.3349E+01  0.6430E+00
0.8600E+00  0.9917E+03  0.9917E+03  0.4171E+03  0.1464E+05  0.3354E+01  0.6312E+00
0.8500E+00  0.9754E+03  0.9754E+03  0.4010E+03  0.1426E+05  0.3358E+01  0.6193E+00
0.8400E+00  0.9593E+03  0.9593E+03  0.3854E+03  0.1389E+05  0.3363E+01  0.6075E+00
0.8300E+00  0.9434E+03  0.9433E+03  0.3702E+03  0.1352E+05  0.3367E+01  0.5956E+00
0.8200E+00  0.9276E+03  0.9276E+03  0.3554E+03  0.1315E+05  0.3372E+01  0.5836E+00
0.8100E+00  0.9121E+03  0.9121E+03  0.3410E+03  0.1279E+05  0.3376E+01  0.5717E+00
0.8000E+00  0.8967E+03  0.8967E+03  0.3269E+03  0.1244E+05  0.3381E+01  0.5597E+00
0.7900E+00  0.8815E+03  0.8815E+03  0.3133E+03  0.1208E+05  0.3386E+01  0.5478E+00
0.7800E+00  0.8664E+03  0.8664E+03  0.3001E+03  0.1174E+05  0.3390E+01  0.5358E+00
0.7700E+00  0.8516E+03  0.8515E+03  0.2872E+03  0.1140E+05  0.3395E+01  0.5238E+00
0.7600E+00  0.8369E+03  0.8368E+03  0.2748E+03  0.1106E+05  0.3400E+01  0.5118E+00
0.7500E+00  0.8223E+03  0.8223E+03  0.2626E+03  0.1073E+05  0.3405E+01  0.4998E+00
0.7400E+00  0.8079E+03  0.8079E+03  0.2509E+03  0.1040E+05  0.3410E+01  0.4878E+00
0.7300E+00  0.7937E+03  0.7937E+03  0.2395E+03  0.1008E+05  0.3415E+01  0.4759E+00
0.7200E+00  0.7796E+03  0.7796E+03  0.2285E+03  0.9767E+04  0.3420E+01  0.4640E+00
0.7100E+00  0.7657E+03  0.7657E+03  0.2178E+03  0.9456E+04  0.3425E+01  0.4520E+00
0.7000E+00  0.7519E+03  0.7519E+03  0.2075E+03  0.9149E+04  0.3430E+01  0.4402E+00
0.6900E+00  0.7383E+03  0.7383E+03  0.1975E+03  0.8847E+04  0.3435E+01  0.4283E+00
0.6800E+00  0.7248E+03  0.7248E+03  0.1878E+03  0.8551E+04  0.3440E+01  0.4165E+00
0.6700E+00  0.7114E+03  0.7114E+03  0.1785E+03  0.8259E+04  0.3445E+01  0.4048E+00
0.6600E+00  0.6982E+03  0.6982E+03  0.1695E+03  0.7973E+04  0.3450E+01  0.3931E+00
0.6500E+00  0.6851E+03  0.6851E+03  0.1608E+03  0.7691E+04  0.3455E+01  0.3814E+00
0.6400E+00  0.6722E+03  0.6722E+03  0.1524E+03  0.7415E+04  0.3460E+01  0.3699E+00
0.6300E+00  0.6594E+03  0.6593E+03  0.1443E+03  0.7143E+04  0.3466E+01  0.3584E+00
0.6200E+00  0.6467E+03  0.6467E+03  0.1365E+03  0.6876E+04  0.3471E+01  0.3470E+00
0.6100E+00  0.6341E+03  0.6341E+03  0.1290E+03  0.6615E+04  0.3476E+01  0.3356E+00
0.6000E+00  0.6217E+03  0.6216E+03  0.1218E+03  0.6359E+04  0.3481E+01  0.3244E+00
0.5900E+00  0.6093E+03  0.6093E+03  0.1149E+03  0.6107E+04  0.3486E+01  0.3132E+00
0.5800E+00  0.5971E+03  0.5971E+03  0.1082E+03  0.5861E+04  0.3491E+01  0.3022E+00
0.5700E+00  0.5850E+03  0.5850E+03  0.1018E+03  0.5620E+04  0.3495E+01  0.2913E+00
0.5600E+00  0.5730E+03  0.5730E+03  0.9572E+02  0.5384E+04  0.3500E+01  0.2805E+00
0.5500E+00  0.5611E+03  0.5611E+03  0.8987E+02  0.5153E+04  0.3504E+01  0.2698E+00
0.5400E+00  0.5493E+03  0.5493E+03  0.8427E+02  0.4928E+04  0.3509E+01  0.2592E+00
0.5300E+00  0.5377E+03  0.5376E+03  0.7892E+02  0.4707E+04  0.3513E+01  0.2488E+00
0.5200E+00  0.5261E+03  0.5261E+03  0.7381E+02  0.4492E+04  0.3516E+01  0.2385E+00
0.5100E+00  0.5146E+03  0.5146E+03  0.6893E+02  0.4282E+04  0.3520E+01  0.2284E+00
0.5000E+00  0.5032E+03  0.5032E+03  0.6429E+02  0.4076E+04  0.3523E+01  0.2184E+00
0.4900E+00  0.4919E+03  0.4919E+03  0.5987E+02  0.3877E+04  0.3525E+01  0.2086E+00
0.4800E+00  0.4807E+03  0.4807E+03  0.5567E+02  0.3682E+04  0.3527E+01  0.1989E+00
0.4700E+00  0.4695E+03  0.4695E+03  0.5169E+02  0.3492E+04  0.3528E+01  0.1895E+00
0.4600E+00  0.4585E+03  0.4585E+03  0.4791E+02  0.3308E+04  0.3529E+01  0.1802E+00
0.4500E+00  0.4475E+03  0.4475E+03  0.4434E+02  0.3129E+04  0.3528E+01  0.1711E+00
0.4400E+00  0.4366E+03  0.4366E+03  0.4096E+02  0.2954E+04  0.3527E+01  0.1622E+00
0.4300E+00  0.4258E+03  0.4258E+03  0.3777E+02  0.2786E+04  0.3524E+01  0.1535E+00
0.4200E+00  0.4151E+03  0.4151E+03  0.3477E+02  0.2622E+04  0.3519E+01  0.1449E+00
0.4100E+00  0.4044E+03  0.4044E+03  0.3194E+02  0.2463E+04  0.3513E+01  0.1366E+00
0.4000E+00  0.3938E+03  0.3938E+03  0.2929E+02  0.2310E+04  0.3505E+01  0.1286E+00
0.3900E+00  0.3832E+03  0.3833E+03  0.2681E+02  0.2162E+04  0.3495E+01  0.1207E+00
0.3800E+00  0.3727E+03  0.3728E+03  0.2448E+02  0.2019E+04  0.3482E+01  0.1131E+00
0.3700E+00  0.3623E+03  0.3624E+03  0.2232E+02  0.1881E+04  0.3466E+01  0.1057E+00
0.3600E+00  0.3520E+03  0.3520E+03  0.2030E+02  0.1749E+04  0.3445E+01  0.9848E-01
0.3500E+00  0.3416E+03  0.3417E+03  0.1843E+02  0.1621E+04  0.3421E+01  0.9155E-01
0.3400E+00  0.3314E+03  0.3314E+03  0.1670E+02  0.1499E+04  0.3392E+01  0.8486E-01
0.3300E+00  0.3212E+03  0.3212E+03  0.1510E+02  0.1382E+04  0.3356E+01  0.7842E-01
0.3200E+00  0.3110E+03  0.3110E+03  0.1362E+02  0.1270E+04  0.3314E+01  0.7223E-01
0.3100E+00  0.3009E+03  0.3009E+03  0.1227E+02  0.1163E+04  0.3264E+01  0.6630E-01
0.3000E+00  0.2908E+03  0.2909E+03  0.1104E+02  0.1061E+04  0.3205E+01  0.6063E-01
0.2900E+00  0.2808E+03  0.2808E+03  0.9912E+01  0.9648E+03  0.3137E+01  0.5523E-01
0.2800E+00  0.2707E+03  0.2708E+03  0.8891E+01  0.8734E+03  0.3056E+01  0.5009E-01
0.2700E+00  0.2608E+03  0.2608E+03  0.7969E+01  0.7872E+03  0.2963E+01  0.4522E-01
0.2600E+00  0.2508E+03  0.2509E+03  0.7140E+01  0.7060E+03  0.2857E+01  0.4062E-01
0.2500E+00  0.2409E+03  0.2410E+03  0.6398E+01  0.6300E+03  0.2735E+01  0.3630E-01
0.2400E+00  0.2311E+03  0.2311E+03  0.5738E+01  0.5591E+03  0.2598E+01  0.3226E-01
0.2364E+00  0.2275E+03  0.2277E+03  0.5521E+01  0.5350E+03  0.2545E+01  0.3089E-01
0.2344E+00  0.2255E+03  0.2256E+03  0.5400E+01  0.5213E+03  0.2514E+01  0.3010E-01
0.2323E+00  0.2235E+03  0.2236E+03  0.5282E+01  0.5080E+03  0.2482E+01  0.2934E-01
0.2303E+00  0.2214E+03  0.2215E+03  0.5168E+01  0.4949E+03  0.2450E+01  0.2859E-01
0.2282E+00  0.2194E+03  0.2195E+03  0.5058E+01  0.4821E+03  0.2417E+01  0.2786E-01
0.2262E+00  0.2175E+03  0.2175E+03  0.4951E+01  0.4696E+03  0.2384E+01  0.2715E-01
0.2242E+00  0.2155E+03  0.2155E+03  0.4847E+01  0.4574E+03  0.2351E+01  0.2645E-01
0.2222E+00  0.2135E+03  0.2136E+03  0.4747E+01  0.4455E+03  0.2317E+01  0.2577E-01
0.2202E+00  0.2116E+03  0.2116E+03  0.4650E+01  0.4339E+03  0.2283E+01  0.2510E-01
0.2182E+00  0.2096E+03  0.2096E+03  0.4556E+01  0.4225E+03  0.2248E+01  0.2444E-01
0.2163E+00  0.2077E+03  0.2077E+03  0.4465E+01  0.4113E+03  0.2214E+01  0.2381E-01
0.2143E+00  0.2058E+03  0.2057E+03  0.4377E+01  0.4005E+03  0.2179E+01  0.2318E-01
0.2124E+00  0.2039E+03  0.2038E+03  0.4292E+01  0.3898E+03  0.2143E+01  0.2257E-01
0.2104E+00  0.2020E+03  0.2019E+03  0.4209E+01  0.3795E+03  0.2108E+01  0.2197E-01
0.2085E+00  0.2001E+03  0.2000E+03  0.4129E+01  0.3693E+03  0.2072E+01  0.2139E-01
0.2066E+00  0.1982E+03  0.1981E+03  0.4051E+01  0.3594E+03  0.2037E+01  0.2082E-01
0.2000E+00  0.1918E+03  0.1916E+03  0.3800E+01  0.3269E+03  0.1912E+01  0.1895E-01
0.1900E+00  0.1820E+03  0.1818E+03  0.3462E+01  0.2819E+03  0.1719E+01  0.1635E-01
0.1800E+00  0.1722E+03  0.1720E+03  0.3172E+01  0.2421E+03  0.1527E+01  0.1406E-01
0.1700E+00  0.1625E+03  0.1623E+03  0.2922E+01  0.2078E+03  0.1343E+01  0.1208E-01
0.1600E+00  0.1528E+03  0.1526E+03  0.2708E+01  0.1790E+03  0.1175E+01  0.1041E-01
0.1500E+00  0.1431E+03  0.1429E+03  0.2522E+01  0.1559E+03  0.1030E+01  0.9070E-02
0.1400E+00  0.1334E+03  0.1333E+03  0.2359E+01  0.1387E+03  0.9146E+00  0.8076E-02
0.1300E+00  0.1237E+03  0.1237E+03  0.2212E+01  0.1278E+03  0.8349E+00  0.7447E-02
0.1200E+00  0.1140E+03  0.1141E+03  0.2073E+01  0.1238E+03  0.7961E+00  0.7213E-02
0.1100E+00  0.1043E+03  0.1045E+03  0.1934E+01  0.1271E+03  0.8035E+00  0.7416E-02
0.1000E+00  0.9468E+02  0.9491E+02  0.1787E+01  0.1390E+03  0.8646E+00  0.8116E-02
