  1.000000000000000E-002   22.0000000000000     
  2.000000000000000E-002   31.5500000000000     
  3.000000000000000E-002   38.6600000000000     
  4.000000000000000E-002   45.0000000000000     
  5.000000000000000E-002   51.4100000000000     
  6.000000000000000E-002   58.3700000000000     
  7.000000000000001E-002   66.2300000000000     
  8.000000000000000E-002   75.2200000000000     
  9.000000000000000E-002   85.5200000000000     
  0.100000000000000        97.2700000000000     
  0.110000000000000        110.600000000000     
  0.120000000000000        125.400000000000     
  0.130000000000000        141.900000000000     
  0.140000000000000        160.000000000000     
  0.150000000000000        179.800000000000     
  0.160000000000000        201.100000000000     
  0.170000000000000        223.900000000000     
  0.180000000000000        248.200000000000     
  0.190000000000000        274.000000000000     
  0.200000000000000        301.000000000000     
  0.210000000000000        329.200000000000     
  0.220000000000000        358.500000000000     
  0.230000000000000        388.800000000000     
  0.240000000000000        420.000000000000     
  0.250000000000000        451.900000000000     
  0.260000000000000        484.400000000000     
  0.270000000000000        517.400000000000     
  0.280000000000000        550.800000000000     
  0.290000000000000        584.500000000000     
  0.300000000000000        618.400000000000     
  0.310000000000000        652.300000000000     
  0.320000000000000        686.100000000000     
  0.330000000000000        719.900000000000     
  0.340000000000000        753.400000000000     
  0.350000000000000        786.800000000000     
  0.360000000000000        819.900000000000     
  0.370000000000000        852.700000000000     
  0.380000000000000        885.200000000000     
  0.390000000000000        917.500000000000     
  0.400000000000000        949.500000000000     
  0.410000000000000        981.300000000000     
  0.420000000000000        1013.00000000000     
  0.430000000000000        1045.00000000000     
  0.440000000000000        1076.00000000000     
  0.450000000000000        1108.00000000000     
  0.460000000000000        1140.00000000000     
  0.470000000000000        1173.00000000000     
  0.480000000000000        1206.00000000000     
  0.490000000000000        1240.00000000000     
  0.500000000000000        1275.00000000000     
  0.510000000000000        1310.00000000000     
  0.520000000000000        1347.00000000000     
  0.530000000000000        1384.00000000000     
  0.540000000000000        1423.00000000000     
  0.550000000000000        1463.00000000000     
  0.560000000000000        1504.00000000000     
  0.570000000000000        1547.00000000000     
  0.580000000000000        1590.00000000000     
  0.590000000000000        1635.00000000000     
  0.600000000000000        1680.00000000000     
  0.610000000000000        1726.00000000000     
  0.620000000000000        1773.00000000000     
  0.630000000000000        1819.00000000000     
  0.640000000000000        1866.00000000000     
  0.650000000000000        1911.00000000000     
  0.660000000000000        1956.00000000000     
  0.670000000000000        1999.00000000000     
  0.680000000000000        2041.00000000000     
  0.690000000000000        2080.00000000000     
  0.700000000000000        2116.00000000000     
  0.710000000000000        2150.00000000000     
  0.720000000000000        2179.00000000000     
  0.730000000000000        2206.00000000000     
  0.740000000000000        2228.00000000000     
  0.750000000000000        2246.00000000000     
  0.760000000000000        2261.00000000000     
  0.770000000000000        2272.00000000000     
  0.780000000000000        2281.00000000000     
  0.790000000000000        2287.00000000000     
  0.800000000000000        2292.00000000000     
  0.810000000000000        2298.00000000000     
  0.820000000000000        2305.00000000000     
  0.830000000000000        2315.00000000000     
  0.840000000000000        2331.00000000000     
  0.850000000000000        2354.00000000000     
  0.860000000000000        2386.00000000000     
  0.870000000000000        2430.00000000000     
  0.880000000000000        2485.00000000000     
  0.890000000000000        2555.00000000000     
  0.900000000000000        2639.00000000000     
  0.910000000000000        2735.00000000000     
  0.920000000000000        2842.00000000000     
  0.930000000000000        2954.00000000000     
  0.940000000000000        3064.00000000000     
  0.950000000000000        3159.00000000000     
  0.960000000000000        3224.00000000000     
  0.970000000000000        3235.00000000000     
  0.980000000000000        3163.00000000000     
  0.990000000000000        2968.00000000000     
   1.00000000000000        2600.00000000000     
