Hola Isaac,
aqui estan los dades por las figuras 6-8.
Buen de fin semana.
martino

FIG 6
-pn matter
0.202000E+00  0.266900E+00
0.236000E+00  0.371400E+00
0.270000E+00  0.554600E+00
0.304000E+00  0.697900E+00
0.338000E+00  0.835000E+00
0.372000E+00  0.964000E+00
0.406000E+00  0.108400E+01
0.440000E+00  0.119300E+01
0.474000E+00  0.129300E+01
0.508000E+00  0.138200E+01
0.542000E+00  0.146200E+01
0.576000E+00  0.153300E+01
0.610000E+00  0.159500E+01
0.644000E+00  0.165000E+01
0.678000E+00  0.169800E+01
0.712000E+00  0.173900E+01
0.746000E+00  0.177500E+01
0.780000E+00  0.180600E+01
0.814000E+00  0.183200E+01
0.848000E+00  0.185500E+01
0.882000E+00  0.187400E+01
0.916000E+00  0.188900E+01
0.950000E+00  0.190300E+01
0.984000E+00  0.191300E+01
0.102000E+01  0.192200E+01
0.105000E+01  0.192900E+01
0.109000E+01  0.193400E+01
0.112000E+01  0.193700E+01
0.115000E+01  0.194000E+01
0.119000E+01  0.194100E+01
0.122000E+01  0.194100E+01
0.126000E+01  0.194000E+01
0.129000E+01  0.193900E+01
0.132000E+01  0.193600E+01
0.136000E+01  0.193400E+01
0.139000E+01  0.193000E+01
0.143000E+01  0.192700E+01
0.146000E+01  0.192200E+01
0.149000E+01  0.191800E+01
0.153000E+01  0.191300E+01
0.156000E+01  0.190800E+01
0.160000E+01  0.190300E+01
0.163000E+01  0.189700E+01
0.166000E+01  0.189100E+01
0.170000E+01  0.188500E+01
0.173000E+01  0.187900E+01
0.177000E+01  0.187300E+01
0.180000E+01  0.186700E+01


NN + YN

0.202000E+00  0.266900E+00
0.236000E+00  0.371400E+00
0.270000E+00  0.507600E+00
0.304000E+00  0.608200E+00
0.338000E+00  0.701200E+00
0.372000E+00  0.786900E+00
0.406000E+00  0.865500E+00
0.440000E+00  0.937200E+00
0.474000E+00  0.100200E+01
0.508000E+00  0.106100E+01
0.542000E+00  0.111400E+01
0.576000E+00  0.116100E+01
0.610000E+00  0.120400E+01
0.644000E+00  0.124100E+01
0.678000E+00  0.127400E+01
0.712000E+00  0.130400E+01
0.746000E+00  0.133000E+01
0.780000E+00  0.135200E+01
0.814000E+00  0.137200E+01
0.848000E+00  0.138900E+01
0.882000E+00  0.140400E+01
0.916000E+00  0.141700E+01
0.950000E+00  0.142800E+01
0.984000E+00  0.143700E+01
0.102000E+01  0.144400E+01
0.105000E+01  0.145100E+01
0.109000E+01  0.145600E+01
0.112000E+01  0.146000E+01
0.115000E+01  0.146300E+01
0.119000E+01  0.146600E+01
0.122000E+01  0.146700E+01
0.126000E+01  0.146900E+01
0.129000E+01  0.146900E+01
0.132000E+01  0.147000E+01
0.136000E+01  0.146900E+01
0.139000E+01  0.146900E+01
0.143000E+01  0.146700E+01
0.146000E+01  0.146600E+01
0.149000E+01  0.146600E+01
0.153000E+01  0.146500E+01
0.156000E+01  0.146500E+01
0.160000E+01  0.146600E+01
0.163000E+01  0.146700E+01
0.166000E+01  0.146800E+01
0.170000E+01  0.146900E+01
0.173000E+01  0.147000E+01
0.177000E+01  0.146900E+01
0.180000E+01  0.146700E+01


NN + YN +YY

0.202000E+00  0.266900E+00
0.236000E+00  0.371400E+00
0.270000E+00  0.503800E+00
0.304000E+00  0.588000E+00
0.338000E+00  0.662900E+00
0.372000E+00  0.730300E+00
0.406000E+00  0.791400E+00
0.440000E+00  0.847000E+00
0.474000E+00  0.897900E+00
0.508000E+00  0.944300E+00
0.542000E+00  0.986900E+00
0.576000E+00  0.102600E+01
0.610000E+00  0.106100E+01
0.644000E+00  0.109400E+01
0.678000E+00  0.112300E+01
0.712000E+00  0.115000E+01
0.746000E+00  0.117500E+01
0.780000E+00  0.119700E+01
0.814000E+00  0.121700E+01
0.848000E+00  0.123400E+01
0.882000E+00  0.125000E+01
0.916000E+00  0.126500E+01
0.950000E+00  0.127700E+01
0.984000E+00  0.128800E+01
0.102000E+01  0.129800E+01
0.105000E+01  0.130600E+01
0.109000E+01  0.131400E+01
0.112000E+01  0.132000E+01
0.115000E+01  0.132500E+01
0.119000E+01  0.132900E+01
0.122000E+01  0.133300E+01
0.126000E+01  0.133600E+01
0.129000E+01  0.133800E+01
0.132000E+01  0.134000E+01
0.136000E+01  0.134100E+01
0.139000E+01  0.134200E+01
0.143000E+01  0.134300E+01
0.146000E+01  0.134300E+01
0.149000E+01  0.134300E+01
0.153000E+01  0.134300E+01
0.156000E+01  0.134300E+01
0.160000E+01  0.134200E+01
0.163000E+01  0.134200E+01
0.166000E+01  0.134100E+01
0.170000E+01  0.134100E+01
0.173000E+01  0.134000E+01
0.177000E+01  0.133900E+01
0.180000E+01  0.133800E+01



FIG 7

pn  matter


0.202000E+00  0.312700E+00
0.236000E+00  0.400100E+00
0.270000E+00  0.587600E+00
0.304000E+00  0.740700E+00
0.338000E+00  0.889100E+00
0.372000E+00  0.103000E+01
0.406000E+00  0.116200E+01
0.440000E+00  0.128400E+01
0.474000E+00  0.139500E+01
0.508000E+00  0.149600E+01
0.542000E+00  0.158600E+01
0.576000E+00  0.166700E+01
0.610000E+00  0.173800E+01
0.644000E+00  0.180100E+01
0.678000E+00  0.185700E+01
0.712000E+00  0.190500E+01
0.746000E+00  0.194700E+01
0.780000E+00  0.198400E+01
0.814000E+00  0.201600E+01
0.848000E+00  0.204400E+01
0.882000E+00  0.206700E+01
0.916000E+00  0.208800E+01
0.950000E+00  0.210500E+01
0.984000E+00  0.212000E+01
0.102000E+01  0.213300E+01
0.105000E+01  0.214300E+01
0.109000E+01  0.215200E+01
0.112000E+01  0.216000E+01
0.115000E+01  0.216600E+01
0.119000E+01  0.217000E+01
0.122000E+01  0.217400E+01
0.126000E+01  0.217700E+01
0.129000E+01  0.217900E+01
0.132000E+01  0.218100E+01
0.136000E+01  0.218200E+01
0.139000E+01  0.218200E+01
0.143000E+01  0.218300E+01
0.146000E+01  0.218200E+01
0.149000E+01  0.218200E+01
0.153000E+01  0.218100E+01
0.156000E+01  0.218000E+01
0.160000E+01  0.218000E+01
0.163000E+01  0.217900E+01
0.166000E+01  0.217700E+01
0.170000E+01  0.217600E+01
0.173000E+01  0.217600E+01
0.177000E+01  0.217400E+01
0.180000E+01  0.217300E+01



NN + YN 

0.202000E+00  0.312700E+00
0.236000E+00  0.400100E+00
0.270000E+00  0.538300E+00
0.304000E+00  0.644200E+00
0.338000E+00  0.743400E+00
0.372000E+00  0.835400E+00
0.406000E+00  0.920300E+00
0.440000E+00  0.998000E+00
0.474000E+00  0.106900E+01
0.508000E+00  0.113300E+01
0.542000E+00  0.119000E+01
0.576000E+00  0.124200E+01
0.610000E+00  0.128800E+01
0.644000E+00  0.133000E+01
0.678000E+00  0.136600E+01
0.712000E+00  0.139900E+01
0.746000E+00  0.142700E+01
0.780000E+00  0.145200E+01
0.814000E+00  0.147400E+01
0.848000E+00  0.149300E+01
0.882000E+00  0.150900E+01
0.916000E+00  0.152300E+01
0.950000E+00  0.153500E+01
0.984000E+00  0.154500E+01
0.102000E+01  0.155400E+01
0.105000E+01  0.156100E+01
0.109000E+01  0.156700E+01
0.112000E+01  0.157200E+01
0.115000E+01  0.157500E+01
0.119000E+01  0.157800E+01
0.122000E+01  0.158000E+01
0.126000E+01  0.158200E+01
0.129000E+01  0.158300E+01
0.132000E+01  0.158300E+01
0.136000E+01  0.158600E+01
0.139000E+01  0.159100E+01
0.143000E+01  0.159400E+01
0.146000E+01  0.159700E+01
0.149000E+01  0.159800E+01
0.153000E+01  0.158100E+01
0.156000E+01  0.158100E+01
0.160000E+01  0.159800E+01
0.163000E+01  0.159600E+01
0.166000E+01  0.159300E+01
0.170000E+01  0.158800E+01
0.173000E+01  0.158300E+01
0.177000E+01  0.158200E+01
0.180000E+01  0.158000E+01

NN +YN +NN

0.202000E+00  0.312700E+00
0.236000E+00  0.400100E+00
0.270000E+00  0.534300E+00
0.304000E+00  0.622800E+00
0.338000E+00  0.702300E+00
0.372000E+00  0.774200E+00
0.406000E+00  0.839600E+00
0.440000E+00  0.899300E+00
0.474000E+00  0.953900E+00
0.508000E+00  0.100400E+01
0.542000E+00  0.105000E+01
0.576000E+00  0.109200E+01
0.610000E+00  0.113000E+01
0.644000E+00  0.116500E+01
0.678000E+00  0.119700E+01
0.712000E+00  0.122600E+01
0.746000E+00  0.125200E+01
0.780000E+00  0.127600E+01
0.814000E+00  0.129700E+01
0.848000E+00  0.131700E+01
0.882000E+00  0.133400E+01
0.916000E+00  0.134900E+01
0.950000E+00  0.136300E+01
0.984000E+00  0.137500E+01
0.102000E+01  0.138500E+01
0.105000E+01  0.139400E+01
0.109000E+01  0.140200E+01
0.112000E+01  0.140900E+01
0.115000E+01  0.141500E+01
0.119000E+01  0.141900E+01
0.122000E+01  0.142300E+01
0.126000E+01  0.142700E+01
0.129000E+01  0.142900E+01
0.132000E+01  0.143100E+01
0.136000E+01  0.143300E+01
0.139000E+01  0.143400E+01
0.143000E+01  0.143400E+01
0.146000E+01  0.143500E+01
0.149000E+01  0.143500E+01
0.153000E+01  0.143500E+01
0.156000E+01  0.143500E+01
0.160000E+01  0.143400E+01
0.163000E+01  0.143400E+01
0.166000E+01  0.143300E+01
0.170000E+01  0.143300E+01
0.173000E+01  0.143200E+01
0.177000E+01  0.143200E+01
0.180000E+01  0.143100E+01


FIG 8


pn matter

0.378300E+02  0.284600E+00
0.198000E+02  0.192700E+00
0.148900E+02  0.266900E+00
0.132800E+02  0.371400E+00
0.125300E+02  0.554600E+00
0.123800E+02  0.697900E+00
0.123200E+02  0.835000E+00
0.123000E+02  0.964000E+00
0.122500E+02  0.108400E+01
0.122100E+02  0.119300E+01
0.121400E+02  0.129300E+01
0.120900E+02  0.138200E+01
0.120000E+02  0.146200E+01
0.119400E+02  0.153300E+01
0.118600E+02  0.159500E+01
0.117600E+02  0.165000E+01
0.116600E+02  0.169800E+01
0.115700E+02  0.173900E+01
0.114600E+02  0.177500E+01
0.113700E+02  0.180600E+01
0.112700E+02  0.183200E+01
0.111900E+02  0.185500E+01
0.111000E+02  0.187400E+01
0.109900E+02  0.188900E+01
0.109300E+02  0.190300E+01
0.108100E+02  0.191300E+01
0.107600E+02  0.192200E+01
0.106500E+02  0.192900E+01
0.105600E+02  0.193400E+01
0.104700E+02  0.193700E+01
0.103900E+02  0.194000E+01
0.103200E+02  0.194100E+01
0.102800E+02  0.194100E+01
0.101700E+02  0.194000E+01
0.101400E+02  0.193900E+01
0.100400E+02  0.193600E+01
0.996100E+01  0.193400E+01
0.990100E+01  0.193000E+01
0.985100E+01  0.192700E+01
0.981100E+01  0.192200E+01
0.971100E+01  0.191800E+01
0.970100E+01  0.191300E+01
0.963100E+01  0.190800E+01
0.956100E+01  0.190300E+01
0.950100E+01  0.189700E+01
0.946100E+01  0.189100E+01
0.942100E+01  0.188500E+01
0.934100E+01  0.187900E+01
0.930100E+01  0.187300E+01
0.928100E+01  0.186700E+01

NN +YN 

0.378300E+02  0.284600E+00
0.198000E+02  0.192700E+00
0.148900E+02  0.266900E+00
0.132800E+02  0.371400E+00
0.126200E+02  0.507600E+00
0.124000E+02  0.608200E+00
0.122500E+02  0.701200E+00
0.121400E+02  0.786900E+00
0.120500E+02  0.865500E+00
0.119600E+02  0.937200E+00
0.118800E+02  0.100200E+01
0.117800E+02  0.106100E+01
0.116900E+02  0.111400E+01
0.116200E+02  0.116100E+01
0.115100E+02  0.120400E+01
0.114400E+02  0.124100E+01
0.113600E+02  0.127400E+01
0.112600E+02  0.130400E+01
0.111900E+02  0.133000E+01
0.111000E+02  0.135200E+01
0.110200E+02  0.137200E+01
0.109600E+02  0.138900E+01
0.108900E+02  0.140400E+01
0.108200E+02  0.141700E+01
0.107500E+02  0.142800E+01
0.106600E+02  0.143700E+01
0.106100E+02  0.144400E+01
0.105600E+02  0.145100E+01
0.105200E+02  0.145600E+01
0.104600E+02  0.146000E+01
0.104100E+02  0.146300E+01
0.103500E+02  0.146600E+01
0.103300E+02  0.146700E+01
0.103000E+02  0.146900E+01
0.102700E+02  0.146900E+01
0.102100E+02  0.147000E+01
0.101900E+02  0.146900E+01
0.101900E+02  0.146900E+01
0.101800E+02  0.146700E+01
0.101800E+02  0.146600E+01
0.101800E+02  0.146600E+01
0.101600E+02  0.146500E+01
0.101600E+02  0.146500E+01
0.101800E+02  0.146600E+01
0.101800E+02  0.146700E+01
0.102000E+02  0.146800E+01
0.101800E+02  0.146900E+01
0.102400E+02  0.147000E+01
0.102900E+02  0.146900E+01
0.103200E+02  0.146700E+01


NN +YN +YY

0.378300E+02  0.284600E+00
0.198000E+02  0.192700E+00
0.148900E+02  0.266900E+00
0.132800E+02  0.371400E+00
0.126200E+02  0.503800E+00
0.124200E+02  0.588000E+00
0.122700E+02  0.662900E+00
0.121600E+02  0.730300E+00
0.120400E+02  0.791400E+00
0.119400E+02  0.847000E+00
0.118400E+02  0.897900E+00
0.117400E+02  0.944300E+00
0.116400E+02  0.986900E+00
0.115300E+02  0.102600E+01
0.114300E+02  0.106100E+01
0.113500E+02  0.109400E+01
0.112500E+02  0.112300E+01
0.111400E+02  0.115000E+01
0.110500E+02  0.117500E+01
0.109600E+02  0.119700E+01
0.108700E+02  0.121700E+01
0.107900E+02  0.123400E+01
0.107200E+02  0.125000E+01
0.106600E+02  0.126500E+01
0.105800E+02  0.127700E+01
0.105100E+02  0.128800E+01
0.104500E+02  0.129800E+01
0.103600E+02  0.130600E+01
0.103100E+02  0.131400E+01
0.102400E+02  0.132000E+01
0.102100E+02  0.132500E+01
0.101600E+02  0.132900E+01
0.100900E+02  0.133300E+01
0.100600E+02  0.133600E+01
0.100000E+02  0.133800E+01
0.996100E+01  0.134000E+01
0.993100E+01  0.134100E+01
0.991100E+01  0.134200E+01
0.987100E+01  0.134300E+01
0.987100E+01  0.134300E+01
0.984100E+01  0.134300E+01
0.983100E+01  0.134300E+01
0.977100E+01  0.134300E+01
0.978100E+01  0.134200E+01
0.974100E+01  0.134200E+01
0.975100E+01  0.134100E+01
0.973100E+01  0.134100E+01
0.972100E+01  0.134000E+01
0.969100E+01  0.133900E+01
0.967100E+01  0.133800E+01




