0.134000E+00  0.284600E+00
0.168000E+00  0.192700E+00
0.202000E+00  0.266900E+00
0.236000E+00  0.371400E+00
0.270000E+00  0.503800E+00
0.304000E+00  0.588000E+00
0.338000E+00  0.662900E+00
0.372000E+00  0.730300E+00
0.406000E+00  0.791400E+00
0.440000E+00  0.847000E+00
0.474000E+00  0.897900E+00
0.508000E+00  0.944300E+00
0.542000E+00  0.986900E+00
0.576000E+00  0.102600E+01
0.610000E+00  0.106100E+01
0.644000E+00  0.109400E+01
0.678000E+00  0.112300E+01
0.712000E+00  0.115000E+01
0.746000E+00  0.117500E+01
0.780000E+00  0.119700E+01
0.814000E+00  0.121700E+01
0.848000E+00  0.123400E+01
0.882000E+00  0.125000E+01
0.916000E+00  0.126500E+01
0.950000E+00  0.127700E+01
0.984000E+00  0.128800E+01
0.102000E+01  0.129800E+01
0.105000E+01  0.130600E+01
0.109000E+01  0.131400E+01
0.112000E+01  0.132000E+01
0.115000E+01  0.132500E+01
0.119000E+01  0.132900E+01
0.122000E+01  0.133300E+01
0.126000E+01  0.133600E+01
0.129000E+01  0.133800E+01
0.132000E+01  0.134000E+01
0.136000E+01  0.134100E+01
0.139000E+01  0.134200E+01
0.143000E+01  0.134300E+01
0.146000E+01  0.134300E+01
0.149000E+01  0.134300E+01
0.153000E+01  0.134300E+01
0.156000E+01  0.134300E+01
0.160000E+01  0.134200E+01
0.163000E+01  0.134200E+01
0.166000E+01  0.134100E+01
0.170000E+01  0.134100E+01
0.173000E+01  0.134000E+01
0.177000E+01  0.133900E+01
0.180000E+01  0.133800E+01
