0.134000E+00  0.365900E+01
0.168000E+00  0.392100E+00
0.202000E+00  0.312700E+00
0.236000E+00  0.400100E+00
0.270000E+00  0.574600E+00
0.304000E+00  0.673800E+00
0.338000E+00  0.758400E+00
0.372000E+00  0.831100E+00
0.406000E+00  0.894100E+00
0.440000E+00  0.948900E+00
0.474000E+00  0.996900E+00
0.508000E+00  0.103900E+01
0.542000E+00  0.107600E+01
0.576000E+00  0.110900E+01
0.610000E+00  0.113900E+01
0.644000E+00  0.116500E+01
0.678000E+00  0.118800E+01
0.712000E+00  0.120900E+01
0.746000E+00  0.122700E+01
0.780000E+00  0.124400E+01
0.814000E+00  0.125900E+01
0.848000E+00  0.127200E+01
0.882000E+00  0.128400E+01
0.916000E+00  0.129500E+01
0.950000E+00  0.130500E+01
0.984000E+00  0.131400E+01
0.102000E+01  0.132200E+01
0.105000E+01  0.132900E+01
0.109000E+01  0.133500E+01
0.112000E+01  0.134100E+01
0.115000E+01  0.134600E+01
0.119000E+01  0.135000E+01
0.122000E+01  0.135400E+01
0.126000E+01  0.135700E+01
0.129000E+01  0.136000E+01
0.132000E+01  0.136300E+01
0.136000E+01  0.136500E+01
0.139000E+01  0.136700E+01
0.143000E+01  0.136900E+01
0.146000E+01  0.137000E+01
0.149000E+01  0.137100E+01
0.153000E+01  0.137200E+01
0.156000E+01  0.137300E+01
0.160000E+01  0.137300E+01
0.163000E+01  0.137300E+01
0.166000E+01  0.137300E+01
0.170000E+01  0.137300E+01
0.173000E+01  0.137300E+01
0.177000E+01  0.137200E+01
0.180000E+01  0.137200E+01
