0.134000E+00  0.284600E+00
0.168000E+00  0.192700E+00
0.202000E+00  0.266900E+00
0.236000E+00  0.371400E+00
0.270000E+00  0.542200E+00
0.304000E+00  0.635700E+00
0.338000E+00  0.714700E+00
0.372000E+00  0.782300E+00
0.406000E+00  0.840700E+00
0.440000E+00  0.891600E+00
0.474000E+00  0.936100E+00
0.508000E+00  0.975200E+00
0.542000E+00  0.101000E+01
0.576000E+00  0.104000E+01
0.610000E+00  0.106800E+01
0.644000E+00  0.109200E+01
0.678000E+00  0.111400E+01
0.712000E+00  0.113300E+01
0.746000E+00  0.115000E+01
0.780000E+00  0.116600E+01
0.814000E+00  0.118000E+01
0.848000E+00  0.119300E+01
0.882000E+00  0.120400E+01
0.916000E+00  0.121400E+01
0.950000E+00  0.122400E+01
0.984000E+00  0.123200E+01
0.102000E+01  0.123900E+01
0.105000E+01  0.124600E+01
0.109000E+01  0.125200E+01
0.112000E+01  0.125700E+01
0.115000E+01  0.126200E+01
0.119000E+01  0.126700E+01
0.122000E+01  0.127000E+01
0.126000E+01  0.127400E+01
0.129000E+01  0.127700E+01
0.132000E+01  0.127900E+01
0.136000E+01  0.128100E+01
0.139000E+01  0.128300E+01
0.143000E+01  0.128500E+01
0.146000E+01  0.128600E+01
0.149000E+01  0.128700E+01
0.153000E+01  0.128800E+01
0.156000E+01  0.128900E+01
0.160000E+01  0.128900E+01
0.163000E+01  0.128900E+01
0.166000E+01  0.128900E+01
0.170000E+01  0.128900E+01
0.173000E+01  0.128900E+01
0.177000E+01  0.128900E+01
0.180000E+01  0.128800E+01
