0.134000E+00  0.284600E+00
0.168000E+00  0.192700E+00
0.202000E+00  0.266900E+00
0.236000E+00  0.371400E+00
0.270000E+00  0.507600E+00
0.304000E+00  0.608200E+00
0.338000E+00  0.701200E+00
0.372000E+00  0.786900E+00
0.406000E+00  0.865500E+00
0.440000E+00  0.937200E+00
0.474000E+00  0.100200E+01
0.508000E+00  0.106100E+01
0.542000E+00  0.111400E+01
0.576000E+00  0.116100E+01
0.610000E+00  0.120400E+01
0.644000E+00  0.124100E+01
0.678000E+00  0.127400E+01
0.712000E+00  0.130400E+01
0.746000E+00  0.133000E+01
0.780000E+00  0.135200E+01
0.814000E+00  0.137200E+01
0.848000E+00  0.138900E+01
0.882000E+00  0.140400E+01
0.916000E+00  0.141700E+01
0.950000E+00  0.142800E+01
0.984000E+00  0.143700E+01
0.102000E+01  0.144400E+01
0.105000E+01  0.145100E+01
0.109000E+01  0.145600E+01
0.112000E+01  0.146000E+01
0.115000E+01  0.146300E+01
0.119000E+01  0.146600E+01
0.122000E+01  0.146700E+01
0.126000E+01  0.146900E+01
0.129000E+01  0.146900E+01
0.132000E+01  0.147000E+01
0.136000E+01  0.146900E+01
0.139000E+01  0.146900E+01
0.143000E+01  0.146700E+01
0.146000E+01  0.146600E+01
0.149000E+01  0.146600E+01
0.153000E+01  0.146500E+01
0.156000E+01  0.146500E+01
0.160000E+01  0.146600E+01
0.163000E+01  0.146700E+01
0.166000E+01  0.146800E+01
0.170000E+01  0.146900E+01
0.173000E+01  0.147000E+01
0.177000E+01  0.146900E+01
0.180000E+01  0.146700E+01
