0.134000E+00  0.365900E+01
0.168000E+00  0.392100E+00
0.202000E+00  0.312700E+00
0.236000E+00  0.400100E+00
0.270000E+00  0.538300E+00
0.304000E+00  0.644200E+00
0.338000E+00  0.743400E+00
0.372000E+00  0.835400E+00
0.406000E+00  0.920300E+00
0.440000E+00  0.998000E+00
0.474000E+00  0.106900E+01
0.508000E+00  0.113300E+01
0.542000E+00  0.119000E+01
0.576000E+00  0.124200E+01
0.610000E+00  0.128800E+01
0.644000E+00  0.133000E+01
0.678000E+00  0.136600E+01
0.712000E+00  0.139900E+01
0.746000E+00  0.142700E+01
0.780000E+00  0.145200E+01
0.814000E+00  0.147400E+01
0.848000E+00  0.149300E+01
0.882000E+00  0.150900E+01
0.916000E+00  0.152300E+01
0.950000E+00  0.153500E+01
0.984000E+00  0.154500E+01
0.102000E+01  0.155400E+01
0.105000E+01  0.156100E+01
0.109000E+01  0.156700E+01
0.112000E+01  0.157200E+01
0.115000E+01  0.157500E+01
0.119000E+01  0.157800E+01
0.122000E+01  0.158000E+01
0.126000E+01  0.158200E+01
0.129000E+01  0.158300E+01
0.132000E+01  0.158300E+01
0.136000E+01  0.158600E+01
0.139000E+01  0.159100E+01
0.143000E+01  0.159400E+01
0.146000E+01  0.159700E+01
0.149000E+01  0.159800E+01
0.153000E+01  0.158100E+01
0.156000E+01  0.158100E+01
0.160000E+01  0.159800E+01
0.163000E+01  0.159600E+01
0.166000E+01  0.159300E+01
0.170000E+01  0.158800E+01
0.173000E+01  0.158300E+01
0.177000E+01  0.158200E+01
0.180000E+01  0.158000E+01
