0.134000E+00  0.365900E+01
0.168000E+00  0.392100E+00
0.202000E+00  0.312700E+00
0.236000E+00  0.400100E+00
0.270000E+00  0.534300E+00
0.304000E+00  0.622800E+00
0.338000E+00  0.702300E+00
0.372000E+00  0.774200E+00
0.406000E+00  0.839600E+00
0.440000E+00  0.899300E+00
0.474000E+00  0.953900E+00
0.508000E+00  0.100400E+01
0.542000E+00  0.105000E+01
0.576000E+00  0.109200E+01
0.610000E+00  0.113000E+01
0.644000E+00  0.116500E+01
0.678000E+00  0.119700E+01
0.712000E+00  0.122600E+01
0.746000E+00  0.125200E+01
0.780000E+00  0.127600E+01
0.814000E+00  0.129700E+01
0.848000E+00  0.131700E+01
0.882000E+00  0.133400E+01
0.916000E+00  0.134900E+01
0.950000E+00  0.136300E+01
0.984000E+00  0.137500E+01
0.102000E+01  0.138500E+01
0.105000E+01  0.139400E+01
0.109000E+01  0.140200E+01
0.112000E+01  0.140900E+01
0.115000E+01  0.141500E+01
0.119000E+01  0.141900E+01
0.122000E+01  0.142300E+01
0.126000E+01  0.142700E+01
0.129000E+01  0.142900E+01
0.132000E+01  0.143100E+01
0.136000E+01  0.143300E+01
0.139000E+01  0.143400E+01
0.143000E+01  0.143400E+01
0.146000E+01  0.143500E+01
0.149000E+01  0.143500E+01
0.153000E+01  0.143500E+01
0.156000E+01  0.143500E+01
0.160000E+01  0.143400E+01
0.163000E+01  0.143400E+01
0.166000E+01  0.143300E+01
0.170000E+01  0.143300E+01
0.173000E+01  0.143200E+01
0.177000E+01  0.143200E+01
0.180000E+01  0.143100E+01
