0.134000E+00  0.284600E+00
0.168000E+00  0.192700E+00
0.202000E+00  0.266900E+00
0.236000E+00  0.371400E+00
0.270000E+00  0.554600E+00
0.304000E+00  0.697900E+00
0.338000E+00  0.835000E+00
0.372000E+00  0.964000E+00
0.406000E+00  0.108400E+01
0.440000E+00  0.119300E+01
0.474000E+00  0.129300E+01
0.508000E+00  0.138200E+01
0.542000E+00  0.146200E+01
0.576000E+00  0.153300E+01
0.610000E+00  0.159500E+01
0.644000E+00  0.165000E+01
0.678000E+00  0.169800E+01
0.712000E+00  0.173900E+01
0.746000E+00  0.177500E+01
0.780000E+00  0.180600E+01
0.814000E+00  0.183200E+01
0.848000E+00  0.185500E+01
0.882000E+00  0.187400E+01
0.916000E+00  0.188900E+01
0.950000E+00  0.190300E+01
0.984000E+00  0.191300E+01
0.102000E+01  0.192200E+01
0.105000E+01  0.192900E+01
0.109000E+01  0.193400E+01
0.112000E+01  0.193700E+01
0.115000E+01  0.194000E+01
0.119000E+01  0.194100E+01
0.122000E+01  0.194100E+01
0.126000E+01  0.194000E+01
0.129000E+01  0.193900E+01
0.132000E+01  0.193600E+01
0.136000E+01  0.193400E+01
0.139000E+01  0.193000E+01
0.143000E+01  0.192700E+01
0.146000E+01  0.192200E+01
0.149000E+01  0.191800E+01
0.153000E+01  0.191300E+01
0.156000E+01  0.190800E+01
0.160000E+01  0.190300E+01
0.163000E+01  0.189700E+01
0.166000E+01  0.189100E+01
0.170000E+01  0.188500E+01
0.173000E+01  0.187900E+01
0.177000E+01  0.187300E+01
0.180000E+01  0.186700E+01
