0.134000E+00  0.365900E+01
0.168000E+00  0.392100E+00
0.202000E+00  0.312700E+00
0.236000E+00  0.400100E+00
0.270000E+00  0.587600E+00
0.304000E+00  0.740700E+00
0.338000E+00  0.889100E+00
0.372000E+00  0.103000E+01
0.406000E+00  0.116200E+01
0.440000E+00  0.128400E+01
0.474000E+00  0.139500E+01
0.508000E+00  0.149600E+01
0.542000E+00  0.158600E+01
0.576000E+00  0.166700E+01
0.610000E+00  0.173800E+01
0.644000E+00  0.180100E+01
0.678000E+00  0.185700E+01
0.712000E+00  0.190500E+01
0.746000E+00  0.194700E+01
0.780000E+00  0.198400E+01
0.814000E+00  0.201600E+01
0.848000E+00  0.204400E+01
0.882000E+00  0.206700E+01
0.916000E+00  0.208800E+01
0.950000E+00  0.210500E+01
0.984000E+00  0.212000E+01
0.102000E+01  0.213300E+01
0.105000E+01  0.214300E+01
0.109000E+01  0.215200E+01
0.112000E+01  0.216000E+01
0.115000E+01  0.216600E+01
0.119000E+01  0.217000E+01
0.122000E+01  0.217400E+01
0.126000E+01  0.217700E+01
0.129000E+01  0.217900E+01
0.132000E+01  0.218100E+01
0.136000E+01  0.218200E+01
0.139000E+01  0.218200E+01
0.143000E+01  0.218300E+01
0.146000E+01  0.218200E+01
0.149000E+01  0.218200E+01
0.153000E+01  0.218100E+01
0.156000E+01  0.218000E+01
0.160000E+01  0.218000E+01
0.163000E+01  0.217900E+01
0.166000E+01  0.217700E+01
0.170000E+01  0.217600E+01
0.173000E+01  0.217600E+01
0.177000E+01  0.217400E+01
0.180000E+01  0.217300E+01
