0.284600E+00  -.526900E+03
0.192700E+00  -.177000E+02
0.266900E+00  0.262600E+01
0.371400E+00  0.982600E+01
0.542200E+00  0.187500E+02
0.635700E+00  0.236600E+02
0.714700E+00  0.279200E+02
0.782300E+00  0.316400E+02
0.840700E+00  0.348000E+02
0.891600E+00  0.375600E+02
0.936100E+00  0.399300E+02
0.975200E+00  0.419400E+02
0.101000E+01  0.437400E+02
0.104000E+01  0.452200E+02
0.106800E+01  0.465500E+02
0.109200E+01  0.476600E+02
0.111400E+01  0.485500E+02
0.113300E+01  0.493600E+02
0.115000E+01  0.500400E+02
0.116600E+01  0.505900E+02
0.118000E+01  0.511200E+02
0.119300E+01  0.514200E+02
0.120400E+01  0.517800E+02
0.121400E+01  0.519700E+02
0.122400E+01  0.521500E+02
0.123200E+01  0.522200E+02
0.123900E+01  0.523100E+02
0.124600E+01  0.523200E+02
0.125200E+01  0.523000E+02
0.125700E+01  0.522500E+02
0.126200E+01  0.521400E+02
0.126700E+01  0.520200E+02
0.127000E+01  0.518900E+02
0.127400E+01  0.517200E+02
0.127700E+01  0.515500E+02
0.127900E+01  0.513400E+02
0.128100E+01  0.511200E+02
0.128300E+01  0.508900E+02
0.128500E+01  0.506500E+02
0.128600E+01  0.504000E+02
0.128700E+01  0.501300E+02
0.128800E+01  0.498700E+02
0.128900E+01  0.495700E+02
0.128900E+01  0.493200E+02
0.128900E+01  0.490200E+02
0.128900E+01  0.487100E+02
0.128900E+01  0.484100E+02
0.128900E+01  0.481400E+02
0.128900E+01  0.478400E+02
0.128800E+01  0.475300E+02
