0.378300E+02  0.284600E+00
0.198000E+02  0.192700E+00
0.148900E+02  0.266900E+00
0.132800E+02  0.371400E+00
0.125300E+02  0.554600E+00
0.123800E+02  0.697900E+00
0.123200E+02  0.835000E+00
0.123000E+02  0.964000E+00
0.122500E+02  0.108400E+01
0.122100E+02  0.119300E+01
0.121400E+02  0.129300E+01
0.120900E+02  0.138200E+01
0.120000E+02  0.146200E+01
0.119400E+02  0.153300E+01
0.118600E+02  0.159500E+01
0.117600E+02  0.165000E+01
0.116600E+02  0.169800E+01
0.115700E+02  0.173900E+01
0.114600E+02  0.177500E+01
0.113700E+02  0.180600E+01
0.112700E+02  0.183200E+01
0.111900E+02  0.185500E+01
0.111000E+02  0.187400E+01
0.109900E+02  0.188900E+01
0.109300E+02  0.190300E+01
0.108100E+02  0.191300E+01
0.107600E+02  0.192200E+01
0.106500E+02  0.192900E+01
0.105600E+02  0.193400E+01
0.104700E+02  0.193700E+01
0.103900E+02  0.194000E+01
0.103200E+02  0.194100E+01
0.102800E+02  0.194100E+01
0.101700E+02  0.194000E+01
0.101400E+02  0.193900E+01
0.100400E+02  0.193600E+01
0.996100E+01  0.193400E+01
0.990100E+01  0.193000E+01
0.985100E+01  0.192700E+01
0.981100E+01  0.192200E+01
0.971100E+01  0.191800E+01
0.970100E+01  0.191300E+01
0.963100E+01  0.190800E+01
0.956100E+01  0.190300E+01
0.950100E+01  0.189700E+01
0.946100E+01  0.189100E+01
0.942100E+01  0.188500E+01
0.934100E+01  0.187900E+01
0.930100E+01  0.187300E+01
0.928100E+01  0.186700E+01
