0.378300E+02  0.284600E+00
0.198000E+02  0.192700E+00
0.148900E+02  0.266900E+00
0.132800E+02  0.371400E+00
0.125500E+02  0.542200E+00
0.124100E+02  0.635700E+00
0.123100E+02  0.714700E+00
0.122100E+02  0.782300E+00
0.121300E+02  0.840700E+00
0.120400E+02  0.891600E+00
0.119500E+02  0.936100E+00
0.118700E+02  0.975200E+00
0.117700E+02  0.101000E+01
0.116900E+02  0.104000E+01
0.115900E+02  0.106800E+01
0.115000E+02  0.109200E+01
0.114300E+02  0.111400E+01
0.113400E+02  0.113300E+01
0.112500E+02  0.115000E+01
0.111700E+02  0.116600E+01
0.110600E+02  0.118000E+01
0.110100E+02  0.119300E+01
0.109000E+02  0.120400E+01
0.108400E+02  0.121400E+01
0.107500E+02  0.122400E+01
0.107000E+02  0.123200E+01
0.106000E+02  0.123900E+01
0.105400E+02  0.124600E+01
0.104600E+02  0.125200E+01
0.103800E+02  0.125700E+01
0.103400E+02  0.126200E+01
0.102700E+02  0.126700E+01
0.101900E+02  0.127000E+01
0.101200E+02  0.127400E+01
0.100500E+02  0.127700E+01
0.999100E+01  0.127900E+01
0.993100E+01  0.128100E+01
0.989100E+01  0.128300E+01
0.984100E+01  0.128500E+01
0.976100E+01  0.128600E+01
0.971100E+01  0.128700E+01
0.968100E+01  0.128800E+01
0.960100E+01  0.128900E+01
0.957100E+01  0.128900E+01
0.951100E+01  0.128900E+01
0.944100E+01  0.128900E+01
0.939100E+01  0.128900E+01
0.937100E+01  0.128900E+01
0.933100E+01  0.128900E+01
0.928100E+01  0.128800E+01
