  1.999999955296516E-002  2.298673988826749E-002
  3.999999910593033E-002  5.212335054613959E-002
  5.999999865889549E-002  0.131177686874885     
  7.999999821186066E-002  0.286248998277756     
  9.999999403953552E-002  0.544448624837088     
  0.119999997317791       0.933900294456677     
  0.140000000596046        1.48373964778611     
  0.159999996423721        2.40264760082783     
  0.179999992251396        3.63995655391088     
  0.199999988079071        5.14094222827910     
  0.219999998807907        6.92595418910201     
  0.239999994635582        9.01391746750582     
  0.259999990463257        11.4223380820922     
  0.280000001192093        14.1673103647869     
  0.299999982118607        17.2635289337342     
  0.319999992847443        20.7243449054488     
  0.340000003576279        24.5617772491924     
  0.359999984502792        28.7865725599213     
  0.379999995231628        33.4082815934880     
  0.399999976158142        38.4352744606730     
  0.419999986886978        43.8748611321681     
  0.439999997615814        49.7333095100178     
  0.459999978542328        56.0159368415586     
  0.479999989271164        62.7272142450115     
  0.500000000000000        69.8707852555788     
  0.519999980926514        77.4495660331348     
  0.539999961853027        85.4658444864134     
  0.560000002384186        93.9213474334574     
  0.579999983310699        102.817220691662     
  0.599999964237213        112.154249897421     
  0.620000004768372        121.932857689442     
  0.639999985694885        132.153074001176     
  0.659999966621399        142.814770898914     
  0.680000007152557        153.917637036657     
  0.699999988079071        165.461124087777     
  0.719999969005585        177.444692283993     
  0.740000009536743        189.867759212334     
  0.759999990463257        202.729619989708     
  0.779999971389771        216.029701412369     
  0.799999952316284        229.767441955608     
  0.819999992847443        243.942392577383     
  0.839999973773956        258.554062749354     
  0.859999954700470        273.602185080644     
  0.879999995231628        289.086600553037     
  0.899999976158142        305.007115469006     
  0.919999957084656        321.363774921086     
  0.939999997615814        338.156722395261     
  0.959999978542328        355.386031898433     
  0.979999959468842        373.051992640578     
   1.00000000000000        391.154945849161     
   1.01999998092651        409.695095315737     
   1.03999996185303        428.672807021504     
   1.05999994277954        433.344619665945     
   1.07999992370605        433.344619665945     
   1.10000002384186        433.344619665945     
   1.12000000476837        433.344619665945     
   1.13999998569489        433.344619665945     
   1.15999996662140        433.344619665945     
   1.17999994754791        433.344619665945     
   1.19999992847443        433.344619665945     
   1.22000002861023        433.344619665945     
   1.24000000953674        433.344619665945     
   1.25999999046326        433.344619665945     
   1.27999997138977        433.344619665945     
   1.29999995231628        433.344619665945     
   1.31999993324280        433.344619665945     
   1.33999991416931        433.344619665945     
   1.36000001430511        433.344619665945     
   1.37999999523163        433.344619665945     
   1.39999997615814        433.344619665945     
   1.41999995708466        433.344619665945     
   1.43999993801117        433.344619665945     
   1.45999991893768        433.344619665945     
   1.48000001907349        433.344619665945     
   1.50000000000000        433.344619665945     
   1.51999998092651        433.344619665945     
   1.53999996185303        433.344619665945     
   1.55999994277954        433.344619665945     
   1.57999992370605        446.430874933473     
   1.59999990463257        457.228944155269     
   1.62000000476837        468.149244640862     
   1.63999998569489        479.191494539343     
   1.65999996662140        490.355608951830     
   1.67999994754791        501.641440247571     
   1.69999992847443        513.048842739627     
   1.71999990940094        524.577672636587     
   1.74000000953674        536.227857797381     
   1.75999999046326        547.999119202695     
   1.77999997138977        559.891387553946     
   1.79999995231628        571.904526192787     
   1.81999993324280        584.038400139638     
   1.83999991416931        596.292876054753     
   1.86000001430511        608.667896319862     
   1.87999999523163        621.163183241644     
   1.89999997615814        633.778681580725     
   1.91999995708466        646.514264192836     
   1.93999993801117        659.369805397504     
   1.95999991893768        672.345180946226     
   1.97999989986420        685.440267991628     
   2.00000000000000        698.655024179469     
