  1.999999955296516E-002  2.298673988826749E-002
  3.999999910593033E-002  5.212335054613959E-002
  5.999999865889549E-002  0.131177686874885     
  7.999999821186066E-002  0.286248998277756     
  9.999999403953552E-002  0.544448624837088     
  0.119999997317791       0.933900294456677     
  0.140000000596046        1.48373964778611     
  0.159999996423721        2.25332018558760     
  0.179999992251396        3.19045070933831     
  0.199999988079071        4.45957703674526     
  0.219999998807907        6.08936130359558     
  0.239999994635582        8.10335807053326     
  0.259999990463257        10.5201710104458     
  0.280000001192093        13.3536385575356     
  0.299999982118607        16.6130452172873     
  0.319999992847443        20.3033976830253     
  0.340000003576279        24.4256690141942     
  0.359999984502792        28.9771054066201     
  0.379999995231628        33.9515605346995     
  0.399999976158142        39.3397697152797     
  0.419999986886978        45.1297407120013     
  0.439999997615814        51.3070354699096     
  0.459999978542328        57.8551294951336     
  0.479999989271164        64.7557799422780     
  0.500000000000000        71.9892986290561     
  0.519999980926514        79.5349032908439     
  0.539999961853027        87.3710559121688     
  0.560000002384186        95.4757565401741     
  0.579999983310699        103.826743777958     
  0.599999964237213        112.401910670661     
  0.620000004768372        121.179487793261     
  0.639999985694885        130.138194375380     
  0.659999966621399        139.257606613165     
  0.680000007152557        148.518270042114     
  0.699999988079071        157.901779671602     
  0.719999969005585        167.391086310481     
  0.740000009536743        176.970530760706     
  0.759999990463257        186.625846776044     
  0.779999971389771        196.344396652058     
  0.799999952316284        206.115095616400     
  0.819999992847443        215.928482184987     
  0.839999973773956        225.776588263814     
  0.859999954700470        235.653076968025     
  0.879999995231628        245.553093373696     
  0.899999976158142        255.473090416637     
  0.919999957084656        265.410898515324     
  0.939999997615814        275.365508948541     
  0.959999978542328        285.336836799641     
  0.979999959468842        295.325733356364     
   1.00000000000000        305.333715815034     
   1.01999998092651        315.362682154405     
   1.03999996185303        325.414883042950     
   1.05999994277954        335.492586365778     
   1.07999992370605        345.597884229497     
   1.10000002384186        355.732526931065     
   1.12000000476837        365.897453907158     
   1.13999998569489        376.092931409468     
   1.15999996662140        386.318092200293     
   1.17999994754791        396.570786498168     
   1.19999992847443        406.847385882540     
   1.22000002861023        417.142665863188     
   1.24000000953674        427.449402891628     
   1.25999999046326        437.758611002575     
   1.27999997138977        448.059195175295     
   1.29999995231628        458.337946507312     
   1.31999993324280        468.579516126683     
   1.33999991416931        478.766434295201     
   1.36000001430511        488.879240046555     
   1.37999999523163        498.896366161054     
   1.39999997615814        508.794688446173     
   1.41999995708466        518.549539141432     
   1.43999993801117        528.135096300939     
   1.45999991893768        537.524792720409     
   1.48000001907349        546.691865336517     
   1.50000000000000        555.609726676824     
   1.51999998092651        564.252981743810     
   1.53999996185303        572.598003913728     
   1.55999994277954        580.623900660988     
   1.57999992370605        588.313545825859     
   1.59999990463257        595.654741398394     
   1.62000000476837        602.641557241935     
   1.63999998569489        609.275611180968     
   1.65999996662140        615.567916979283     
   1.67999994754791        621.540475764894     
   1.69999992847443        627.228249491615     
   1.71999990940094        632.681271120127     
   1.74000000953674        637.966974382528     
   1.75999999046326        643.172565127507     
   1.77999997138977        648.407912756496     
   1.79999995231628        653.808343452367     
   1.81999993324280        659.537818140104     
   1.83999991416931        665.792314787359     
   1.86000001430511        672.803501683489     
   1.87999999523163        680.842451682083     
   1.89999997615814        690.224043301383     
   1.91999995708466        701.311230584530     
   1.93999993801117        714.519802110809     
   1.95999991893768        730.323400771371     
   1.97999989986420        749.258854901845     
   2.00000000000000        771.931979862396     
