  Q-value =  98.7000
  #of protons and total # nucleons 14 28
  0  2  5  0  2  5      0.198930   -0.009350    3
  0  2  5  0  2  3     -0.212665    0.027522    3
  0  2  5  1  0  1      0.000000    0.000000    3
  0  2  3  0  2  5      0.212665   -0.027522    3
  0  2  3  0  2  3     -0.106333    0.003759    3
  0  2  3  1  0  1      0.000000   -0.005145    3
  1  0  1  0  2  5      0.000000    0.000000    3
  1  0  1  0  2  3      0.000000    0.005145    3
  1  0  1  1  0  1      0.178028   -0.025380    3
  0  2  5  0  2  5      0.019969   -0.006960    4
  0  2  5  0  2  3      0.018679   -0.007476    4
  0  2  5  1  0  1      0.000000   -0.000334    4
  0  2  3  0  2  5     -0.018679    0.007476    4
  0  2  3  0  2  3     -0.037358    0.015594    4
  0  2  3  1  0  1     -0.035134    0.013205    4
  1  0  1  0  2  5      0.000000   -0.000334    4
  1  0  1  0  2  3      0.035134   -0.013205    4
  1  0  1  1  0  1      0.000000    0.002357    4
  0  2  5  0  2  5      0.184732   -0.007979    9
  0  2  5  0  2  3     -0.197487    0.025646    9
  0  2  5  1  0  1      0.000000    0.000000    9
  0  2  3  0  2  5      0.197487   -0.025646    9
  0  2  3  0  2  3     -0.098744    0.002828    9
  0  2  3  1  0  1      0.000000   -0.005053    9
  1  0  1  0  2  5      0.000000    0.000000    9
  1  0  1  0  2  3      0.000000    0.005053    9
  1  0  1  1  0  1      0.167493   -0.024429    9
  0  2  5  0  2  5      0.025706   -0.009083   10
  0  2  5  0  2  3      0.024045   -0.009516   10
  0  2  5  1  0  1      0.000000   -0.000412   10
  0  2  3  0  2  5     -0.024045    0.009516   10
  0  2  3  0  2  3     -0.048091    0.020176   10
  0  2  3  1  0  1     -0.043444    0.016471   10
  1  0  1  0  2  5      0.000000   -0.000412   10
  1  0  1  0  2  3      0.043444   -0.016471   10
  1  0  1  1  0  1      0.000000    0.003292   10
  0  2  5  0  2  5      0.101472   -0.024915   13
  0  2  5  0  2  3      0.027119   -0.007916   13
  0  2  5  1  0  1      0.000000    0.000000   13
  0  2  3  0  2  5     -0.027119    0.007916   13
  0  2  3  0  2  3      0.081358   -0.024357   13
  0  2  3  1  0  1      0.000000   -0.000017   13
  1  0  1  0  2  5      0.000000    0.000000   13
  1  0  1  0  2  3      0.000000    0.000017   13
  1  0  1  1  0  1      0.000000    0.000973   13
  0  2  5  0  2  5     -0.018439    0.001737   14
  0  2  5  0  2  3     -0.041723    0.020737   14
  0  2  5  1  0  1      0.000000    0.000095   14
  0  2  3  0  2  5     -0.068992    0.022771   14
  0  2  3  0  2  3      0.013908   -0.002616   14
  0  2  3  1  0  1      0.010027   -0.003654   14
  1  0  1  0  2  5      0.000000    0.000002   14
  1  0  1  0  2  3     -0.000221   -0.000612   14
  1  0  1  1  0  1     -0.013969    0.001649   14
