  Q-value =  98.0000000000000000
  #of protons and total # nucleons 14 28
  0  2  5  0  2  5      0.200491   -0.009525    3
  0  2  5  0  2  3     -0.214334    0.027719    3
  0  2  5  1  0  1      0.000000    0.000000    3
  0  2  3  0  2  5      0.214334   -0.027719    3
  0  2  3  0  2  3     -0.107167    0.003885    3
  0  2  3  1  0  1      0.000000   -0.005140    3
  1  0  1  0  2  5      0.000000    0.000000    3
  1  0  1  0  2  3      0.000000    0.005140    3
  1  0  1  1  0  1      0.179224   -0.025477    3
  0  2  5  0  2  5      0.019762   -0.006886    4
  0  2  5  0  2  3      0.018486   -0.007400    4
  0  2  5  1  0  1      0.000000   -0.000330    4
  0  2  3  0  2  5     -0.018486    0.007400    4
  0  2  3  0  2  3     -0.036972    0.015431    4
  0  2  3  1  0  1     -0.034799    0.013076    4
  1  0  1  0  2  5      0.000000   -0.000330    4
  1  0  1  0  2  3      0.034799   -0.013076    4
  1  0  1  1  0  1      0.000000    0.002328    4
  0  2  5  0  2  5      0.186223   -0.008147    9
  0  2  5  0  2  3     -0.199081    0.025835    9
  0  2  5  1  0  1      0.000000    0.000000    9
  0  2  3  0  2  5      0.199081   -0.025835    9
  0  2  3  0  2  3     -0.099541    0.002948    9
  0  2  3  1  0  1      0.000000   -0.005049    9
  1  0  1  0  2  5      0.000000    0.000000    9
  1  0  1  0  2  3      0.000000    0.005049    9
  1  0  1  1  0  1      0.168628   -0.024520    9
  0  2  5  0  2  5      0.025527   -0.009019   10
  0  2  5  0  2  3      0.023879   -0.009451   10
  0  2  5  1  0  1      0.000000   -0.000410   10
  0  2  3  0  2  5     -0.023879    0.009451   10
  0  2  3  0  2  3     -0.047757    0.020035   10
  0  2  3  1  0  1     -0.043164    0.016363   10
  1  0  1  0  2  5      0.000000   -0.000410   10
  1  0  1  0  2  3      0.043164   -0.016363   10
  1  0  1  1  0  1      0.000000    0.003266   10
  0  2  5  0  2  5      0.101178   -0.024839   13
  0  2  5  0  2  3      0.027041   -0.007893   13
  0  2  5  1  0  1      0.000000    0.000000   13
  0  2  3  0  2  5     -0.027041    0.007893   13
  0  2  3  0  2  3      0.081123   -0.024284   13
  0  2  3  1  0  1      0.000000   -0.000017   13
  1  0  1  0  2  5      0.000000    0.000000   13
  1  0  1  0  2  3      0.000000    0.000017   13
  1  0  1  1  0  1      0.000000    0.000969   13
  0  2  5  0  2  5     -0.018411    0.001731   14
  0  2  5  0  2  3     -0.041508    0.020655   14
  0  2  5  1  0  1      0.000000    0.000094   14
  0  2  3  0  2  5     -0.068887    0.022720   14
  0  2  3  0  2  3      0.013836   -0.002590   14
  0  2  3  1  0  1      0.009887   -0.003606   14
  1  0  1  0  2  5      0.000000    0.000002   14
  1  0  1  0  2  3     -0.000223   -0.000610   14
  1  0  1  1  0  1     -0.013964    0.001648   14
