  Q-value =  98.4000
  #of protons and total # nucleons 14 28
  0  2  5  0  2  5      0.199599   -0.009425    3
  0  2  5  0  2  3     -0.213381    0.027607    3
  0  2  5  1  0  1      0.000000    0.000000    3
  0  2  3  0  2  5      0.213381   -0.027607    3
  0  2  3  0  2  3     -0.106690    0.003813    3
  0  2  3  1  0  1      0.000000   -0.005143    3
  1  0  1  0  2  5      0.000000    0.000000    3
  1  0  1  0  2  3      0.000000    0.005143    3
  1  0  1  1  0  1      0.178541   -0.025422    3
  0  2  5  0  2  5      0.019880   -0.006928    4
  0  2  5  0  2  3      0.018596   -0.007444    4
  0  2  5  1  0  1      0.000000   -0.000332    4
  0  2  3  0  2  5     -0.018596    0.007444    4
  0  2  3  0  2  3     -0.037193    0.015524    4
  0  2  3  1  0  1     -0.034991    0.013150    4
  1  0  1  0  2  5      0.000000   -0.000332    4
  1  0  1  0  2  3      0.034991   -0.013150    4
  1  0  1  1  0  1      0.000000    0.002344    4
  0  2  5  0  2  5      0.185372   -0.008051    9
  0  2  5  0  2  3     -0.198171    0.025727    9
  0  2  5  1  0  1      0.000000    0.000000    9
  0  2  3  0  2  5      0.198171   -0.025727    9
  0  2  3  0  2  3     -0.099085    0.002879    9
  0  2  3  1  0  1      0.000000   -0.005051    9
  1  0  1  0  2  5      0.000000    0.000000    9
  1  0  1  0  2  3      0.000000    0.005051    9
  1  0  1  1  0  1      0.167980   -0.024468    9
  0  2  5  0  2  5      0.025629   -0.009055   10
  0  2  5  0  2  3      0.023974   -0.009488   10
  0  2  5  1  0  1      0.000000   -0.000411   10
  0  2  3  0  2  5     -0.023974    0.009488   10
  0  2  3  0  2  3     -0.047948    0.020116   10
  0  2  3  1  0  1     -0.043324    0.016425   10
  1  0  1  0  2  5      0.000000   -0.000411   10
  1  0  1  0  2  3      0.043324   -0.016425   10
  1  0  1  1  0  1      0.000000    0.003281   10
  0  2  5  0  2  5      0.101347   -0.024883   13
  0  2  5  0  2  3      0.027086   -0.007906   13
  0  2  5  1  0  1      0.000000    0.000000   13
  0  2  3  0  2  5     -0.027086    0.007906   13
  0  2  3  0  2  3      0.081258   -0.024326   13
  0  2  3  1  0  1      0.000000   -0.000017   13
  1  0  1  0  2  5      0.000000    0.000000   13
  1  0  1  0  2  3      0.000000    0.000017   13
  1  0  1  1  0  1      0.000000    0.000972   13
  0  2  5  0  2  5     -0.018427    0.001734   14
  0  2  5  0  2  3     -0.041631    0.020702   14
  0  2  5  1  0  1      0.000000    0.000095   14
  0  2  3  0  2  5     -0.068948    0.022749   14
  0  2  3  0  2  3      0.013877   -0.002605   14
  0  2  3  1  0  1      0.009967   -0.003634   14
  1  0  1  0  2  5      0.000000    0.000002   14
  1  0  1  0  2  3     -0.000222   -0.000611   14
  1  0  1  1  0  1     -0.013967    0.001649   14
