 9 1
  4.000000000000000E-002   12.9300000000000     
  8.000000000000000E-002   21.7800000000000     
  0.120000000000000        28.3300000000000     
  0.160000000000000        33.9400000000000     
  0.200000000000000        38.0100000000000     
  0.240000000000000        40.3700000000000     
  0.400000000000000        52.8200000000000     
  0.480000000000000        59.6700000000000     
  0.560000000000000        65.3600000000000     
  0.640000000000000        69.2300000000000     
  0.800000000000000        84.0900000000000     
  0.960000000000000        101.850000000000     
  0.320000000000000        43.8500000000000     