  0.100000E-01  0.100000E+03  0.518774E-06  0.488363E-03  0.449424E-05
  0.200000E-01  0.500000E+02  0.173826E-03  0.866047E-01  0.147864E-02
  0.300000E-01  0.333333E+02  0.132897E-02  0.452346E+00  0.108539E-01
  0.400000E-01  0.250000E+02  0.391367E-02  0.101619E+01  0.306866E-01
  0.500000E-01  0.200000E+02  0.789653E-02  0.164254E+01  0.588884E-01
  0.600000E-01  0.166667E+02  0.134198E-01  0.226994E+01  0.933861E-01
  0.700000E-01  0.142857E+02  0.208408E-01  0.288427E+01  0.133306E+00
  0.800000E-01  0.125000E+02  0.304914E-01  0.348574E+01  0.178407E+00
  0.900000E-01  0.111111E+02  0.425354E-01  0.407534E+01  0.228512E+00
  0.100000E+00  0.100000E+02  0.569466E-01  0.465203E+01  0.283286E+00
  0.110000E+00  0.909091E+01  0.735419E-01  0.521329E+01  0.342204E+00
  0.120000E+00  0.833333E+01  0.920282E-01  0.575608E+01  0.404609E+00
  0.130000E+00  0.769231E+01  0.112048E+00  0.627756E+01  0.469775E+00
  0.140000E+00  0.714286E+01  0.133221E+00  0.677544E+01  0.536969E+00
  0.150000E+00  0.666667E+01  0.155173E+00  0.724815E+01  0.605490E+00
  0.160000E+00  0.625000E+01  0.177562E+00  0.769481E+01  0.674700E+00
  0.170000E+00  0.588235E+01  0.200089E+00  0.811517E+01  0.744037E+00
  0.180000E+00  0.555556E+01  0.222503E+00  0.850950E+01  0.813025E+00
  0.190000E+00  0.526316E+01  0.244603E+00  0.887849E+01  0.881266E+00
  0.200000E+00  0.500000E+01  0.266230E+00  0.922309E+01  0.948444E+00
  0.210000E+00  0.476190E+01  0.287266E+00  0.954448E+01  0.101431E+01
  0.220000E+00  0.454545E+01  0.307623E+00  0.984391E+01  0.107867E+01
  0.230000E+00  0.434783E+01  0.327240E+00  0.101227E+02  0.114139E+01
  0.240000E+00  0.416667E+01  0.346079E+00  0.103823E+02  0.120236E+01
  0.250000E+00  0.400000E+01  0.364119E+00  0.106239E+02  0.126154E+01
  0.260000E+00  0.384615E+01  0.381353E+00  0.108488E+02  0.131887E+01
  0.270000E+00  0.370370E+01  0.397784E+00  0.110582E+02  0.137436E+01
  0.280000E+00  0.357143E+01  0.413425E+00  0.112533E+02  0.142801E+01
  0.290000E+00  0.344828E+01  0.428295E+00  0.114352E+02  0.147984E+01
  0.300000E+00  0.333333E+01  0.442417E+00  0.116049E+02  0.152988E+01
  0.310000E+00  0.322581E+01  0.455818E+00  0.117632E+02  0.157817E+01
  0.320000E+00  0.312500E+01  0.468527E+00  0.119112E+02  0.162476E+01
  0.330000E+00  0.303030E+01  0.480574E+00  0.120494E+02  0.166969E+01
  0.340000E+00  0.294118E+01  0.491990E+00  0.121788E+02  0.171303E+01
  0.350000E+00  0.285714E+01  0.502807E+00  0.123000E+02  0.175483E+01
  0.360000E+00  0.277778E+01  0.513056E+00  0.124136E+02  0.179514E+01
  0.370000E+00  0.270270E+01  0.522766E+00  0.125201E+02  0.183403E+01
  0.380000E+00  0.263158E+01  0.531968E+00  0.126202E+02  0.187153E+01
  0.390000E+00  0.256410E+01  0.540688E+00  0.127142E+02  0.190772E+01
  0.400000E+00  0.250000E+01  0.548956E+00  0.128026E+02  0.194265E+01
  0.410000E+00  0.243902E+01  0.556795E+00  0.128859E+02  0.197636E+01
  0.420000E+00  0.238095E+01  0.564232E+00  0.129643E+02  0.200891E+01
  0.430000E+00  0.232558E+01  0.571289E+00  0.130383E+02  0.204035E+01
  0.440000E+00  0.227273E+01  0.577988E+00  0.131081E+02  0.207072E+01
  0.450000E+00  0.222222E+01  0.584351E+00  0.131741E+02  0.210007E+01
  0.460000E+00  0.217391E+01  0.590396E+00  0.132364E+02  0.212845E+01
  0.470000E+00  0.212766E+01  0.596143E+00  0.132955E+02  0.215589E+01
  0.480000E+00  0.208333E+01  0.601609E+00  0.133514E+02  0.218244E+01
  0.490000E+00  0.204082E+01  0.606809E+00  0.134043E+02  0.220812E+01
  0.500000E+00  0.200000E+01  0.611760E+00  0.134546E+02  0.223299E+01
  0.510000E+00  0.196078E+01  0.616476E+00  0.135023E+02  0.225708E+01
  0.520000E+00  0.192308E+01  0.620970E+00  0.135476E+02  0.228041E+01
  0.530000E+00  0.188679E+01  0.625255E+00  0.135906E+02  0.230302E+01
  0.540000E+00  0.185185E+01  0.629342E+00  0.136316E+02  0.232494E+01
  0.550000E+00  0.181818E+01  0.633243E+00  0.136706E+02  0.234619E+01
  0.560000E+00  0.178571E+01  0.636968E+00  0.137078E+02  0.236681E+01
  0.570000E+00  0.175439E+01  0.640527E+00  0.137432E+02  0.238682E+01
  0.580000E+00  0.172414E+01  0.643929E+00  0.137770E+02  0.240625E+01
  0.590000E+00  0.169492E+01  0.647182E+00  0.138092E+02  0.242511E+01
  0.600000E+00  0.166667E+01  0.650295E+00  0.138400E+02  0.244344E+01
  0.610000E+00  0.163934E+01  0.653275E+00  0.138695E+02  0.246125E+01
  0.620000E+00  0.161290E+01  0.656128E+00  0.138976E+02  0.247856E+01
  0.630000E+00  0.158730E+01  0.658863E+00  0.139245E+02  0.249539E+01
  0.640000E+00  0.156250E+01  0.661484E+00  0.139503E+02  0.251177E+01
  0.650000E+00  0.153846E+01  0.663998E+00  0.139750E+02  0.252770E+01
  0.660000E+00  0.151515E+01  0.666410E+00  0.139987E+02  0.254320E+01
  0.670000E+00  0.149254E+01  0.668726E+00  0.140214E+02  0.255830E+01
  0.680000E+00  0.147059E+01  0.670950E+00  0.140432E+02  0.257300E+01
  0.690000E+00  0.144928E+01  0.673086E+00  0.140641E+02  0.258732E+01
  0.700000E+00  0.142857E+01  0.675140E+00  0.140842E+02  0.260128E+01
  0.710000E+00  0.140845E+01  0.677115E+00  0.141035E+02  0.261489E+01
  0.720000E+00  0.138889E+01  0.679015E+00  0.141220E+02  0.262815E+01
  0.730000E+00  0.136986E+01  0.680843E+00  0.141399E+02  0.264109E+01
  0.740000E+00  0.135135E+01  0.682604E+00  0.141571E+02  0.265371E+01
  0.750000E+00  0.133333E+01  0.684299E+00  0.141736E+02  0.266602E+01
  0.760000E+00  0.131579E+01  0.685933E+00  0.141895E+02  0.267804E+01
  0.770000E+00  0.129870E+01  0.687508E+00  0.142048E+02  0.268977E+01
  0.780000E+00  0.128205E+01  0.689027E+00  0.142196E+02  0.270123E+01
  0.790000E+00  0.126582E+01  0.690492E+00  0.142339E+02  0.271243E+01
  0.800000E+00  0.125000E+01  0.691905E+00  0.142476E+02  0.272336E+01
  0.810000E+00  0.123457E+01  0.693270E+00  0.142609E+02  0.273405E+01
  0.820000E+00  0.121951E+01  0.694588E+00  0.142737E+02  0.274450E+01
  0.830000E+00  0.120482E+01  0.695861E+00  0.142861E+02  0.275472E+01
  0.840000E+00  0.119048E+01  0.697091E+00  0.142981E+02  0.276471E+01
  0.850000E+00  0.117647E+01  0.698280E+00  0.143097E+02  0.277448E+01
  0.860000E+00  0.116279E+01  0.699430E+00  0.143208E+02  0.278404E+01
  0.870000E+00  0.114943E+01  0.700542E+00  0.143317E+02  0.279339E+01
  0.880000E+00  0.113636E+01  0.701618E+00  0.143421E+02  0.280255E+01
  0.890000E+00  0.112360E+01  0.702660E+00  0.143523E+02  0.281151E+01
  0.900000E+00  0.111111E+01  0.703668E+00  0.143621E+02  0.282029E+01
  0.910000E+00  0.109890E+01  0.704645E+00  0.143716E+02  0.282889E+01
  0.920000E+00  0.108696E+01  0.705591E+00  0.143808E+02  0.283731E+01
  0.930000E+00  0.107527E+01  0.706508E+00  0.143897E+02  0.284557E+01
  0.940000E+00  0.106383E+01  0.707397E+00  0.143983E+02  0.285365E+01
  0.950000E+00  0.105263E+01  0.708258E+00  0.144067E+02  0.286158E+01
  0.960000E+00  0.104167E+01  0.709094E+00  0.144149E+02  0.286935E+01
  0.970000E+00  0.103093E+01  0.709905E+00  0.144228E+02  0.287697E+01
  0.980000E+00  0.102041E+01  0.710692E+00  0.144304E+02  0.288444E+01
  0.990000E+00  0.101010E+01  0.711456E+00  0.144379E+02  0.289177E+01
  0.100000E+01  0.100000E+01  0.712197E+00  0.144451E+02  0.289896E+01
  0.101000E+01  0.990099E+00  0.712917E+00  0.144521E+02  0.290602E+01
  0.102000E+01  0.980392E+00  0.713617E+00  0.144589E+02  0.291294E+01
  0.103000E+01  0.970874E+00  0.714296E+00  0.144656E+02  0.291973E+01
  0.104000E+01  0.961538E+00  0.714957E+00  0.144720E+02  0.292641E+01
  0.105000E+01  0.952381E+00  0.715599E+00  0.144783E+02  0.293296E+01
  0.106000E+01  0.943396E+00  0.716223E+00  0.144844E+02  0.293939E+01
  0.107000E+01  0.934579E+00  0.716831E+00  0.144903E+02  0.294571E+01
  0.108000E+01  0.925926E+00  0.717421E+00  0.144961E+02  0.295191E+01
  0.109000E+01  0.917431E+00  0.717996E+00  0.145017E+02  0.295801E+01
  0.110000E+01  0.909091E+00  0.718555E+00  0.145072E+02  0.296400E+01
  0.111000E+01  0.900901E+00  0.719100E+00  0.145125E+02  0.296989E+01
  0.112000E+01  0.892857E+00  0.719630E+00  0.145177E+02  0.297567E+01
  0.113000E+01  0.884956E+00  0.720146E+00  0.145227E+02  0.298136E+01
  0.114000E+01  0.877193E+00  0.720649E+00  0.145277E+02  0.298695E+01
  0.115000E+01  0.869565E+00  0.721139E+00  0.145325E+02  0.299245E+01
  0.116000E+01  0.862069E+00  0.721616E+00  0.145372E+02  0.299786E+01
  0.117000E+01  0.854701E+00  0.722082E+00  0.145417E+02  0.300318E+01
  0.118000E+01  0.847458E+00  0.722535E+00  0.145462E+02  0.300841E+01
  0.119000E+01  0.840336E+00  0.722977E+00  0.145505E+02  0.301356E+01
  0.120000E+01  0.833333E+00  0.723408E+00  0.145548E+02  0.301862E+01
  0.121000E+01  0.826446E+00  0.723829E+00  0.145589E+02  0.302360E+01
  0.122000E+01  0.819672E+00  0.724239E+00  0.145629E+02  0.302851E+01
  0.123000E+01  0.813008E+00  0.724640E+00  0.145669E+02  0.303334E+01
  0.124000E+01  0.806452E+00  0.725030E+00  0.145707E+02  0.303809E+01
  0.125000E+01  0.800000E+00  0.725412E+00  0.145745E+02  0.304277E+01
  0.126000E+01  0.793651E+00  0.725784E+00  0.145781E+02  0.304738E+01
  0.127000E+01  0.787402E+00  0.726147E+00  0.145817E+02  0.305191E+01
  0.128000E+01  0.781250E+00  0.726502E+00  0.145852E+02  0.305638E+01
  0.129000E+01  0.775194E+00  0.726849E+00  0.145887E+02  0.306078E+01
  0.130000E+01  0.769231E+00  0.727188E+00  0.145920E+02  0.306512E+01
  0.131000E+01  0.763359E+00  0.727519E+00  0.145953E+02  0.306939E+01
  0.132000E+01  0.757576E+00  0.727842E+00  0.145985E+02  0.307360E+01
  0.133000E+01  0.751880E+00  0.728158E+00  0.146016E+02  0.307774E+01
  0.134000E+01  0.746269E+00  0.728467E+00  0.146047E+02  0.308183E+01
  0.135000E+01  0.740741E+00  0.728769E+00  0.146077E+02  0.308586E+01
  0.136000E+01  0.735294E+00  0.729065E+00  0.146106E+02  0.308983E+01
  0.137000E+01  0.729927E+00  0.729353E+00  0.146135E+02  0.309374E+01
  0.138000E+01  0.724638E+00  0.729636E+00  0.146163E+02  0.309760E+01
  0.139000E+01  0.719424E+00  0.729912E+00  0.146190E+02  0.310140E+01
  0.140000E+01  0.714286E+00  0.730183E+00  0.146217E+02  0.310515E+01
  0.141000E+01  0.709220E+00  0.730447E+00  0.146243E+02  0.310885E+01
  0.142000E+01  0.704225E+00  0.730706E+00  0.146269E+02  0.311250E+01
  0.143000E+01  0.699301E+00  0.730960E+00  0.146294E+02  0.311610E+01
  0.144000E+01  0.694444E+00  0.731208E+00  0.146319E+02  0.311965E+01
  0.145000E+01  0.689655E+00  0.731451E+00  0.146343E+02  0.312316E+01
  0.146000E+01  0.684932E+00  0.731689E+00  0.146367E+02  0.312661E+01
  0.147000E+01  0.680272E+00  0.731922E+00  0.146390E+02  0.313002E+01
  0.148000E+01  0.675676E+00  0.732150E+00  0.146413E+02  0.313339E+01
  0.149000E+01  0.671141E+00  0.732373E+00  0.146436E+02  0.313671E+01
  0.150000E+01  0.666667E+00  0.732592E+00  0.146458E+02  0.313998E+01
  0.151000E+01  0.662252E+00  0.732807E+00  0.146479E+02  0.314322E+01
  0.152000E+01  0.657895E+00  0.733017E+00  0.146500E+02  0.314641E+01
  0.153000E+01  0.653595E+00  0.733223E+00  0.146521E+02  0.314956E+01
  0.154000E+01  0.649351E+00  0.733425E+00  0.146541E+02  0.315268E+01
  0.155000E+01  0.645161E+00  0.733623E+00  0.146561E+02  0.315575E+01
  0.156000E+01  0.641026E+00  0.733817E+00  0.146580E+02  0.315878E+01
  0.157000E+01  0.636943E+00  0.734007E+00  0.146600E+02  0.316178E+01
  0.158000E+01  0.632911E+00  0.734194E+00  0.146618E+02  0.316474E+01
  0.159000E+01  0.628931E+00  0.734377E+00  0.146637E+02  0.316766E+01
  0.160000E+01  0.625000E+00  0.734557E+00  0.146655E+02  0.317055E+01
  0.161000E+01  0.621118E+00  0.734733E+00  0.146673E+02  0.317340E+01
  0.162000E+01  0.617284E+00  0.734905E+00  0.146690E+02  0.317622E+01
  0.163000E+01  0.613497E+00  0.735075E+00  0.146707E+02  0.317900E+01
  0.164000E+01  0.609756E+00  0.735241E+00  0.146724E+02  0.318175E+01
  0.165000E+01  0.606061E+00  0.735404E+00  0.146741E+02  0.318447E+01
  0.166000E+01  0.602410E+00  0.735565E+00  0.146757E+02  0.318715E+01
  0.167000E+01  0.598802E+00  0.735722E+00  0.146773E+02  0.318981E+01
  0.168000E+01  0.595238E+00  0.735876E+00  0.146788E+02  0.319243E+01
  0.169000E+01  0.591716E+00  0.736028E+00  0.146804E+02  0.319502E+01
  0.170000E+01  0.588235E+00  0.736177E+00  0.146819E+02  0.319759E+01
  0.171000E+01  0.584795E+00  0.736323E+00  0.146834E+02  0.320012E+01
  0.172000E+01  0.581395E+00  0.736466E+00  0.146848E+02  0.320262E+01
  0.173000E+01  0.578035E+00  0.736607E+00  0.146863E+02  0.320510E+01
  0.174000E+01  0.574713E+00  0.736746E+00  0.146877E+02  0.320754E+01
  0.175000E+01  0.571429E+00  0.736882E+00  0.146891E+02  0.320996E+01
  0.176000E+01  0.568182E+00  0.737015E+00  0.146904E+02  0.321236E+01
  0.177000E+01  0.564972E+00  0.737147E+00  0.146918E+02  0.321472E+01
  0.178000E+01  0.561798E+00  0.737276E+00  0.146931E+02  0.321706E+01
  0.179000E+01  0.558659E+00  0.737403E+00  0.146944E+02  0.321938E+01
  0.180000E+01  0.555556E+00  0.737527E+00  0.146957E+02  0.322167E+01
  0.181000E+01  0.552486E+00  0.737650E+00  0.146969E+02  0.322393E+01
  0.182000E+01  0.549451E+00  0.737770E+00  0.146982E+02  0.322617E+01
  0.183000E+01  0.546448E+00  0.737888E+00  0.146994E+02  0.322838E+01
  0.184000E+01  0.543478E+00  0.738005E+00  0.147006E+02  0.323058E+01
  0.185000E+01  0.540541E+00  0.738119E+00  0.147017E+02  0.323274E+01
  0.186000E+01  0.537634E+00  0.738232E+00  0.147029E+02  0.323489E+01
  0.187000E+01  0.534759E+00  0.738342E+00  0.147040E+02  0.323701E+01
  0.188000E+01  0.531915E+00  0.738451E+00  0.147052E+02  0.323911E+01
  0.189000E+01  0.529101E+00  0.738558E+00  0.147063E+02  0.324119E+01
  0.190000E+01  0.526316E+00  0.738663E+00  0.147073E+02  0.324325E+01
  0.191000E+01  0.523560E+00  0.738767E+00  0.147084E+02  0.324528E+01
  0.192000E+01  0.520833E+00  0.738868E+00  0.147095E+02  0.324730E+01
  0.193000E+01  0.518135E+00  0.738969E+00  0.147105E+02  0.324929E+01
  0.194000E+01  0.515464E+00  0.739067E+00  0.147115E+02  0.325127E+01
  0.195000E+01  0.512821E+00  0.739164E+00  0.147125E+02  0.325322E+01
  0.196000E+01  0.510204E+00  0.739260E+00  0.147135E+02  0.325515E+01
  0.197000E+01  0.507614E+00  0.739354E+00  0.147145E+02  0.325707E+01
  0.198000E+01  0.505051E+00  0.739446E+00  0.147154E+02  0.325896E+01
  0.199000E+01  0.502513E+00  0.739537E+00  0.147164E+02  0.326084E+01
  0.200000E+01  0.500000E+00  0.739627E+00  0.147173E+02  0.326270E+01
  0.201000E+01  0.497512E+00  0.739715E+00  0.147182E+02  0.326454E+01
  0.202000E+01  0.495050E+00  0.739802E+00  0.147191E+02  0.326636E+01
  0.203000E+01  0.492611E+00  0.739887E+00  0.147200E+02  0.326817E+01
  0.204000E+01  0.490196E+00  0.739972E+00  0.147209E+02  0.326995E+01
  0.205000E+01  0.487805E+00  0.740054E+00  0.147218E+02  0.327172E+01
  0.206000E+01  0.485437E+00  0.740136E+00  0.147226E+02  0.327347E+01
  0.207000E+01  0.483092E+00  0.740216E+00  0.147235E+02  0.327521E+01
  0.208000E+01  0.480769E+00  0.740296E+00  0.147243E+02  0.327693E+01
  0.209000E+01  0.478469E+00  0.740374E+00  0.147251E+02  0.327863E+01
  0.210000E+01  0.476190E+00  0.740450E+00  0.147259E+02  0.328032E+01
  0.211000E+01  0.473934E+00  0.740526E+00  0.147267E+02  0.328199E+01
  0.212000E+01  0.471698E+00  0.740601E+00  0.147275E+02  0.328365E+01
  0.213000E+01  0.469484E+00  0.740674E+00  0.147283E+02  0.328529E+01
  0.214000E+01  0.467290E+00  0.740747E+00  0.147290E+02  0.328691E+01
  0.215000E+01  0.465116E+00  0.740818E+00  0.147298E+02  0.328852E+01
  0.216000E+01  0.462963E+00  0.740888E+00  0.147305E+02  0.329012E+01
  0.217000E+01  0.460829E+00  0.740957E+00  0.147313E+02  0.329170E+01
  0.218000E+01  0.458716E+00  0.741026E+00  0.147320E+02  0.329326E+01
  0.219000E+01  0.456621E+00  0.741093E+00  0.147327E+02  0.329482E+01
  0.220000E+01  0.454545E+00  0.741159E+00  0.147334E+02  0.329635E+01
  0.221000E+01  0.452489E+00  0.741225E+00  0.147341E+02  0.329788E+01
  0.222000E+01  0.450450E+00  0.741289E+00  0.147348E+02  0.329939E+01
  0.223000E+01  0.448430E+00  0.741353E+00  0.147354E+02  0.330089E+01
  0.224000E+01  0.446429E+00  0.741415E+00  0.147361E+02  0.330237E+01
  0.225000E+01  0.444444E+00  0.741477E+00  0.147367E+02  0.330384E+01
  0.226000E+01  0.442478E+00  0.741538E+00  0.147374E+02  0.330530E+01
  0.227000E+01  0.440529E+00  0.741598E+00  0.147380E+02  0.330675E+01
  0.228000E+01  0.438596E+00  0.741657E+00  0.147387E+02  0.330818E+01
  0.229000E+01  0.436681E+00  0.741716E+00  0.147393E+02  0.330960E+01
  0.230000E+01  0.434783E+00  0.741773E+00  0.147399E+02  0.331101E+01
  0.231000E+01  0.432900E+00  0.741830E+00  0.147405E+02  0.331240E+01
  0.232000E+01  0.431034E+00  0.741886E+00  0.147411E+02  0.331379E+01
  0.233000E+01  0.429185E+00  0.741941E+00  0.147417E+02  0.331516E+01
  0.234000E+01  0.427350E+00  0.741996E+00  0.147423E+02  0.331652E+01
  0.235000E+01  0.425532E+00  0.742050E+00  0.147429E+02  0.331787E+01
  0.236000E+01  0.423729E+00  0.742103E+00  0.147434E+02  0.331921E+01
  0.237000E+01  0.421941E+00  0.742155E+00  0.147440E+02  0.332054E+01
  0.238000E+01  0.420168E+00  0.742207E+00  0.147445E+02  0.332185E+01
  0.239000E+01  0.418410E+00  0.742258E+00  0.147451E+02  0.332316E+01
  0.240000E+01  0.416667E+00  0.742308E+00  0.147456E+02  0.332445E+01
  0.241000E+01  0.414938E+00  0.742357E+00  0.147462E+02  0.332573E+01
  0.242000E+01  0.413223E+00  0.742406E+00  0.147467E+02  0.332701E+01
  0.243000E+01  0.411523E+00  0.742455E+00  0.147472E+02  0.332827E+01
  0.244000E+01  0.409836E+00  0.742502E+00  0.147477E+02  0.332952E+01
  0.245000E+01  0.408163E+00  0.742550E+00  0.147482E+02  0.333076E+01
  0.246000E+01  0.406504E+00  0.742596E+00  0.147487E+02  0.333200E+01
  0.247000E+01  0.404858E+00  0.742642E+00  0.147492E+02  0.333322E+01
  0.248000E+01  0.403226E+00  0.742687E+00  0.147497E+02  0.333443E+01
  0.249000E+01  0.401606E+00  0.742732E+00  0.147502E+02  0.333563E+01
  0.250000E+01  0.400000E+00  0.742776E+00  0.147507E+02  0.333683E+01
  0.251000E+01  0.398406E+00  0.742819E+00  0.147511E+02  0.333801E+01
  0.252000E+01  0.396825E+00  0.742862E+00  0.147516E+02  0.333918E+01
  0.253000E+01  0.395257E+00  0.742905E+00  0.147521E+02  0.334035E+01
  0.254000E+01  0.393701E+00  0.742947E+00  0.147525E+02  0.334151E+01
  0.255000E+01  0.392157E+00  0.742988E+00  0.147530E+02  0.334265E+01
  0.256000E+01  0.390625E+00  0.743029E+00  0.147534E+02  0.334379E+01
  0.257000E+01  0.389105E+00  0.743070E+00  0.147539E+02  0.334492E+01
  0.258000E+01  0.387597E+00  0.743109E+00  0.147543E+02  0.334604E+01
  0.259000E+01  0.386100E+00  0.743149E+00  0.147547E+02  0.334715E+01
  0.260000E+01  0.384615E+00  0.743188E+00  0.147552E+02  0.334826E+01
  0.261000E+01  0.383142E+00  0.743226E+00  0.147556E+02  0.334935E+01
  0.262000E+01  0.381679E+00  0.743264E+00  0.147560E+02  0.335044E+01
  0.263000E+01  0.380228E+00  0.743302E+00  0.147564E+02  0.335152E+01
  0.264000E+01  0.378788E+00  0.743339E+00  0.147568E+02  0.335259E+01
  0.265000E+01  0.377358E+00  0.743375E+00  0.147572E+02  0.335365E+01
  0.266000E+01  0.375940E+00  0.743411E+00  0.147576E+02  0.335470E+01
  0.267000E+01  0.374532E+00  0.743447E+00  0.147580E+02  0.335575E+01
  0.268000E+01  0.373134E+00  0.743482E+00  0.147584E+02  0.335679E+01
  0.269000E+01  0.371747E+00  0.743517E+00  0.147588E+02  0.335782E+01
  0.270000E+01  0.370370E+00  0.743552E+00  0.147592E+02  0.335885E+01
  0.271000E+01  0.369004E+00  0.743586E+00  0.147595E+02  0.335986E+01
  0.272000E+01  0.367647E+00  0.743619E+00  0.147599E+02  0.336087E+01
  0.273000E+01  0.366300E+00  0.743652E+00  0.147603E+02  0.336187E+01
  0.274000E+01  0.364964E+00  0.743685E+00  0.147606E+02  0.336287E+01
  0.275000E+01  0.363636E+00  0.743718E+00  0.147610E+02  0.336385E+01
  0.276000E+01  0.362319E+00  0.743750E+00  0.147613E+02  0.336483E+01
  0.277000E+01  0.361011E+00  0.743782E+00  0.147617E+02  0.336581E+01
  0.278000E+01  0.359712E+00  0.743813E+00  0.147620E+02  0.336677E+01
  0.279000E+01  0.358423E+00  0.743844E+00  0.147624E+02  0.336773E+01
  0.280000E+01  0.357143E+00  0.743874E+00  0.147627E+02  0.336868E+01
  0.281000E+01  0.355872E+00  0.743905E+00  0.147631E+02  0.336963E+01
  0.282000E+01  0.354610E+00  0.743935E+00  0.147634E+02  0.337057E+01
  0.283000E+01  0.353357E+00  0.743964E+00  0.147637E+02  0.337150E+01
  0.284000E+01  0.352113E+00  0.743993E+00  0.147641E+02  0.337243E+01
  0.285000E+01  0.350877E+00  0.744022E+00  0.147644E+02  0.337334E+01
  0.286000E+01  0.349650E+00  0.744051E+00  0.147647E+02  0.337426E+01
  0.287000E+01  0.348432E+00  0.744079E+00  0.147650E+02  0.337516E+01
  0.288000E+01  0.347222E+00  0.744107E+00  0.147653E+02  0.337606E+01
  0.289000E+01  0.346021E+00  0.744135E+00  0.147656E+02  0.337696E+01
  0.290000E+01  0.344828E+00  0.744162E+00  0.147660E+02  0.337785E+01
  0.291000E+01  0.343643E+00  0.744189E+00  0.147663E+02  0.337873E+01
  0.292000E+01  0.342466E+00  0.744216E+00  0.147666E+02  0.337960E+01
  0.293000E+01  0.341297E+00  0.744242E+00  0.147669E+02  0.338047E+01
  0.294000E+01  0.340136E+00  0.744268E+00  0.147671E+02  0.338134E+01
  0.295000E+01  0.338983E+00  0.744294E+00  0.147674E+02  0.338220E+01
  0.296000E+01  0.337838E+00  0.744320E+00  0.147677E+02  0.338305E+01
  0.297000E+01  0.336700E+00  0.744345E+00  0.147680E+02  0.338389E+01
  0.298000E+01  0.335570E+00  0.744370E+00  0.147683E+02  0.338474E+01
  0.299000E+01  0.334448E+00  0.744395E+00  0.147686E+02  0.338557E+01
  0.300000E+01  0.333333E+00  0.744419E+00  0.147689E+02  0.338640E+01
  0.301000E+01  0.332226E+00  0.744443E+00  0.147691E+02  0.338723E+01
  0.302000E+01  0.331126E+00  0.744467E+00  0.147694E+02  0.338804E+01
  0.303000E+01  0.330033E+00  0.744491E+00  0.147697E+02  0.338886E+01
  0.304000E+01  0.328947E+00  0.744514E+00  0.147699E+02  0.338967E+01
  0.305000E+01  0.327869E+00  0.744537E+00  0.147702E+02  0.339047E+01
  0.306000E+01  0.326797E+00  0.744560E+00  0.147705E+02  0.339127E+01
  0.307000E+01  0.325733E+00  0.744583E+00  0.147707E+02  0.339206E+01
  0.308000E+01  0.324675E+00  0.744605E+00  0.147710E+02  0.339285E+01
  0.309000E+01  0.323625E+00  0.744628E+00  0.147712E+02  0.339363E+01
  0.310000E+01  0.322581E+00  0.744650E+00  0.147715E+02  0.339441E+01
  0.311000E+01  0.321543E+00  0.744671E+00  0.147717E+02  0.339518E+01
  0.312000E+01  0.320513E+00  0.744693E+00  0.147720E+02  0.339595E+01
  0.313000E+01  0.319489E+00  0.744714E+00  0.147722E+02  0.339671E+01
  0.314000E+01  0.318471E+00  0.744735E+00  0.147725E+02  0.339747E+01
  0.315000E+01  0.317460E+00  0.744756E+00  0.147727E+02  0.339822E+01
  0.316000E+01  0.316456E+00  0.744777E+00  0.147729E+02  0.339897E+01
  0.317000E+01  0.315457E+00  0.744797E+00  0.147732E+02  0.339971E+01
  0.318000E+01  0.314465E+00  0.744817E+00  0.147734E+02  0.340045E+01
  0.319000E+01  0.313480E+00  0.744837E+00  0.147736E+02  0.340118E+01
  0.320000E+01  0.312500E+00  0.744857E+00  0.147739E+02  0.340191E+01
  0.321000E+01  0.311526E+00  0.744877E+00  0.147741E+02  0.340264E+01
  0.322000E+01  0.310559E+00  0.744896E+00  0.147743E+02  0.340336E+01
  0.323000E+01  0.309598E+00  0.744915E+00  0.147745E+02  0.340408E+01
  0.324000E+01  0.308642E+00  0.744934E+00  0.147748E+02  0.340479E+01
  0.325000E+01  0.307692E+00  0.744953E+00  0.147750E+02  0.340550E+01
  0.326000E+01  0.306748E+00  0.744972E+00  0.147752E+02  0.340620E+01
  0.327000E+01  0.305810E+00  0.744990E+00  0.147754E+02  0.340690E+01
  0.328000E+01  0.304878E+00  0.745008E+00  0.147756E+02  0.340759E+01
  0.329000E+01  0.303951E+00  0.745026E+00  0.147758E+02  0.340828E+01
  0.330000E+01  0.303030E+00  0.745044E+00  0.147760E+02  0.340897E+01
  0.331000E+01  0.302115E+00  0.745062E+00  0.147762E+02  0.340965E+01
  0.332000E+01  0.301205E+00  0.745079E+00  0.147764E+02  0.341033E+01
  0.333000E+01  0.300300E+00  0.745097E+00  0.147766E+02  0.341100E+01
  0.334000E+01  0.299401E+00  0.745114E+00  0.147768E+02  0.341167E+01
  0.335000E+01  0.298507E+00  0.745131E+00  0.147770E+02  0.341234E+01
  0.336000E+01  0.297619E+00  0.745148E+00  0.147772E+02  0.341300E+01
  0.337000E+01  0.296736E+00  0.745164E+00  0.147774E+02  0.341366E+01
  0.338000E+01  0.295858E+00  0.745181E+00  0.147776E+02  0.341431E+01
  0.339000E+01  0.294985E+00  0.745197E+00  0.147778E+02  0.341496E+01
  0.340000E+01  0.294118E+00  0.745213E+00  0.147780E+02  0.341561E+01
  0.341000E+01  0.293255E+00  0.745229E+00  0.147782E+02  0.341625E+01
  0.342000E+01  0.292398E+00  0.745245E+00  0.147784E+02  0.341689E+01
  0.343000E+01  0.291545E+00  0.745261E+00  0.147786E+02  0.341753E+01
  0.344000E+01  0.290698E+00  0.745277E+00  0.147788E+02  0.341816E+01
  0.345000E+01  0.289855E+00  0.745292E+00  0.147789E+02  0.341879E+01
  0.346000E+01  0.289017E+00  0.745307E+00  0.147791E+02  0.341941E+01
  0.347000E+01  0.288184E+00  0.745322E+00  0.147793E+02  0.342003E+01
  0.348000E+01  0.287356E+00  0.745337E+00  0.147795E+02  0.342065E+01
  0.349000E+01  0.286533E+00  0.745352E+00  0.147797E+02  0.342126E+01
  0.350000E+01  0.285714E+00  0.745367E+00  0.147798E+02  0.342187E+01
  0.351000E+01  0.284900E+00  0.745381E+00  0.147800E+02  0.342248E+01
  0.352000E+01  0.284091E+00  0.745396E+00  0.147802E+02  0.342308E+01
  0.353000E+01  0.283286E+00  0.745410E+00  0.147803E+02  0.342368E+01
  0.354000E+01  0.282486E+00  0.745424E+00  0.147805E+02  0.342428E+01
  0.355000E+01  0.281690E+00  0.745438E+00  0.147807E+02  0.342487E+01
  0.356000E+01  0.280899E+00  0.745452E+00  0.147808E+02  0.342546E+01
  0.357000E+01  0.280112E+00  0.745466E+00  0.147810E+02  0.342605E+01
  0.358000E+01  0.279330E+00  0.745480E+00  0.147812E+02  0.342663E+01
  0.359000E+01  0.278552E+00  0.745493E+00  0.147813E+02  0.342721E+01
  0.360000E+01  0.277778E+00  0.745507E+00  0.147815E+02  0.342779E+01
  0.361000E+01  0.277008E+00  0.745520E+00  0.147817E+02  0.342836E+01
  0.362000E+01  0.276243E+00  0.745533E+00  0.147818E+02  0.342893E+01
  0.363000E+01  0.275482E+00  0.745546E+00  0.147820E+02  0.342950E+01
  0.364000E+01  0.274725E+00  0.745559E+00  0.147821E+02  0.343006E+01
  0.365000E+01  0.273973E+00  0.745572E+00  0.147823E+02  0.343063E+01
  0.366000E+01  0.273224E+00  0.745584E+00  0.147824E+02  0.343118E+01
  0.367000E+01  0.272480E+00  0.745597E+00  0.147826E+02  0.343174E+01
  0.368000E+01  0.271739E+00  0.745609E+00  0.147827E+02  0.343229E+01
  0.369000E+01  0.271003E+00  0.745622E+00  0.147829E+02  0.343284E+01
  0.370000E+01  0.270270E+00  0.745634E+00  0.147830E+02  0.343339E+01
  0.371000E+01  0.269542E+00  0.745646E+00  0.147832E+02  0.343393E+01
  0.372000E+01  0.268817E+00  0.745658E+00  0.147833E+02  0.343447E+01
  0.373000E+01  0.268097E+00  0.745670E+00  0.147835E+02  0.343501E+01
  0.374000E+01  0.267380E+00  0.745681E+00  0.147836E+02  0.343554E+01
  0.375000E+01  0.266667E+00  0.745693E+00  0.147838E+02  0.343607E+01
  0.376000E+01  0.265957E+00  0.745705E+00  0.147839E+02  0.343660E+01
  0.377000E+01  0.265252E+00  0.745716E+00  0.147840E+02  0.343713E+01
  0.378000E+01  0.264550E+00  0.745727E+00  0.147842E+02  0.343765E+01
  0.379000E+01  0.263852E+00  0.745739E+00  0.147843E+02  0.343817E+01
  0.380000E+01  0.263158E+00  0.745750E+00  0.147844E+02  0.343869E+01
  0.381000E+01  0.262467E+00  0.745761E+00  0.147846E+02  0.343921E+01
  0.382000E+01  0.261780E+00  0.745772E+00  0.147847E+02  0.343972E+01
  0.383000E+01  0.261097E+00  0.745783E+00  0.147848E+02  0.344023E+01
  0.384000E+01  0.260417E+00  0.745794E+00  0.147850E+02  0.344073E+01
  0.385000E+01  0.259740E+00  0.745804E+00  0.147851E+02  0.344124E+01
  0.386000E+01  0.259067E+00  0.745815E+00  0.147852E+02  0.344174E+01
  0.387000E+01  0.258398E+00  0.745825E+00  0.147854E+02  0.344224E+01
  0.388000E+01  0.257732E+00  0.745836E+00  0.147855E+02  0.344274E+01
  0.389000E+01  0.257069E+00  0.745846E+00  0.147856E+02  0.344323E+01
  0.390000E+01  0.256410E+00  0.745856E+00  0.147858E+02  0.344372E+01
  0.391000E+01  0.255754E+00  0.745866E+00  0.147859E+02  0.344421E+01
  0.392000E+01  0.255102E+00  0.745876E+00  0.147860E+02  0.344470E+01
  0.393000E+01  0.254453E+00  0.745886E+00  0.147861E+02  0.344518E+01
  0.394000E+01  0.253807E+00  0.745896E+00  0.147862E+02  0.344566E+01
  0.395000E+01  0.253165E+00  0.745906E+00  0.147864E+02  0.344614E+01
  0.396000E+01  0.252525E+00  0.745916E+00  0.147865E+02  0.344662E+01
  0.397000E+01  0.251889E+00  0.745925E+00  0.147866E+02  0.344709E+01
  0.398000E+01  0.251256E+00  0.745935E+00  0.147867E+02  0.344757E+01
  0.399000E+01  0.250627E+00  0.745944E+00  0.147868E+02  0.344804E+01
  0.400000E+01  0.250000E+00  0.745954E+00  0.147870E+02  0.344850E+01
  0.401000E+01  0.249377E+00  0.745963E+00  0.147871E+02  0.344897E+01
  0.402000E+01  0.248756E+00  0.745972E+00  0.147872E+02  0.344943E+01
  0.403000E+01  0.248139E+00  0.745981E+00  0.147873E+02  0.344989E+01
  0.404000E+01  0.247525E+00  0.745990E+00  0.147874E+02  0.345035E+01
  0.405000E+01  0.246914E+00  0.745999E+00  0.147875E+02  0.345081E+01
  0.406000E+01  0.246305E+00  0.746008E+00  0.147876E+02  0.345126E+01
  0.407000E+01  0.245700E+00  0.746017E+00  0.147878E+02  0.345171E+01
  0.408000E+01  0.245098E+00  0.746026E+00  0.147879E+02  0.345216E+01
  0.409000E+01  0.244499E+00  0.746035E+00  0.147880E+02  0.345261E+01
  0.410000E+01  0.243902E+00  0.746043E+00  0.147881E+02  0.345305E+01
  0.411000E+01  0.243309E+00  0.746052E+00  0.147882E+02  0.345350E+01
  0.412000E+01  0.242718E+00  0.746060E+00  0.147883E+02  0.345394E+01
  0.413000E+01  0.242131E+00  0.746069E+00  0.147884E+02  0.345437E+01
  0.414000E+01  0.241546E+00  0.746077E+00  0.147885E+02  0.345481E+01
  0.415000E+01  0.240964E+00  0.746085E+00  0.147886E+02  0.345525E+01
  0.416000E+01  0.240385E+00  0.746093E+00  0.147887E+02  0.345568E+01
  0.417000E+01  0.239808E+00  0.746102E+00  0.147888E+02  0.345611E+01
  0.418000E+01  0.239234E+00  0.746110E+00  0.147889E+02  0.345654E+01
  0.419000E+01  0.238663E+00  0.746118E+00  0.147890E+02  0.345696E+01
  0.420000E+01  0.238095E+00  0.746126E+00  0.147891E+02  0.345739E+01
  0.421000E+01  0.237530E+00  0.746133E+00  0.147892E+02  0.345781E+01
  0.422000E+01  0.236967E+00  0.746141E+00  0.147893E+02  0.345823E+01
  0.423000E+01  0.236407E+00  0.746149E+00  0.147894E+02  0.345865E+01
  0.424000E+01  0.235849E+00  0.746157E+00  0.147895E+02  0.345906E+01
  0.425000E+01  0.235294E+00  0.746164E+00  0.147896E+02  0.345948E+01
  0.426000E+01  0.234742E+00  0.746172E+00  0.147897E+02  0.345989E+01
  0.427000E+01  0.234192E+00  0.746179E+00  0.147898E+02  0.346030E+01
  0.428000E+01  0.233645E+00  0.746187E+00  0.147899E+02  0.346071E+01
  0.429000E+01  0.233100E+00  0.746194E+00  0.147900E+02  0.346111E+01
  0.430000E+01  0.232558E+00  0.746201E+00  0.147901E+02  0.346152E+01
  0.431000E+01  0.232019E+00  0.746209E+00  0.147902E+02  0.346192E+01
  0.432000E+01  0.231481E+00  0.746216E+00  0.147903E+02  0.346232E+01
  0.433000E+01  0.230947E+00  0.746223E+00  0.147904E+02  0.346272E+01
  0.434000E+01  0.230415E+00  0.746230E+00  0.147905E+02  0.346312E+01
  0.435000E+01  0.229885E+00  0.746237E+00  0.147906E+02  0.346351E+01
  0.436000E+01  0.229358E+00  0.746244E+00  0.147907E+02  0.346391E+01
  0.437000E+01  0.228833E+00  0.746251E+00  0.147907E+02  0.346430E+01
  0.438000E+01  0.228311E+00  0.746258E+00  0.147908E+02  0.346469E+01
  0.439000E+01  0.227790E+00  0.746265E+00  0.147909E+02  0.346507E+01
  0.440000E+01  0.227273E+00  0.746271E+00  0.147910E+02  0.346546E+01
  0.441000E+01  0.226757E+00  0.746278E+00  0.147911E+02  0.346585E+01
  0.442000E+01  0.226244E+00  0.746285E+00  0.147912E+02  0.346623E+01
  0.443000E+01  0.225734E+00  0.746291E+00  0.147913E+02  0.346661E+01
  0.444000E+01  0.225225E+00  0.746298E+00  0.147914E+02  0.346699E+01
  0.445000E+01  0.224719E+00  0.746304E+00  0.147914E+02  0.346737E+01
  0.446000E+01  0.224215E+00  0.746311E+00  0.147915E+02  0.346774E+01
  0.447000E+01  0.223714E+00  0.746317E+00  0.147916E+02  0.346812E+01
  0.448000E+01  0.223214E+00  0.746324E+00  0.147917E+02  0.346849E+01
  0.449000E+01  0.222717E+00  0.746330E+00  0.147918E+02  0.346886E+01
  0.450000E+01  0.222222E+00  0.746336E+00  0.147919E+02  0.346923E+01
  0.451000E+01  0.221729E+00  0.746342E+00  0.147919E+02  0.346960E+01
  0.452000E+01  0.221239E+00  0.746349E+00  0.147920E+02  0.346996E+01
  0.453000E+01  0.220751E+00  0.746355E+00  0.147921E+02  0.347033E+01
  0.454000E+01  0.220264E+00  0.746361E+00  0.147922E+02  0.347069E+01
  0.455000E+01  0.219780E+00  0.746367E+00  0.147923E+02  0.347105E+01
  0.456000E+01  0.219298E+00  0.746373E+00  0.147923E+02  0.347141E+01
  0.457000E+01  0.218818E+00  0.746379E+00  0.147924E+02  0.347177E+01
  0.458000E+01  0.218341E+00  0.746385E+00  0.147925E+02  0.347213E+01
  0.459000E+01  0.217865E+00  0.746390E+00  0.147926E+02  0.347248E+01
  0.460000E+01  0.217391E+00  0.746396E+00  0.147927E+02  0.347284E+01
  0.461000E+01  0.216920E+00  0.746402E+00  0.147927E+02  0.347319E+01
  0.462000E+01  0.216450E+00  0.746408E+00  0.147928E+02  0.347354E+01
  0.463000E+01  0.215983E+00  0.746413E+00  0.147929E+02  0.347389E+01
  0.464000E+01  0.215517E+00  0.746419E+00  0.147930E+02  0.347423E+01
  0.465000E+01  0.215054E+00  0.746424E+00  0.147930E+02  0.347458E+01
  0.466000E+01  0.214592E+00  0.746430E+00  0.147931E+02  0.347493E+01
  0.467000E+01  0.214133E+00  0.746435E+00  0.147932E+02  0.347527E+01
  0.468000E+01  0.213675E+00  0.746441E+00  0.147932E+02  0.347561E+01
  0.469000E+01  0.213220E+00  0.746446E+00  0.147933E+02  0.347595E+01
  0.470000E+01  0.212766E+00  0.746452E+00  0.147934E+02  0.347629E+01
  0.471000E+01  0.212314E+00  0.746457E+00  0.147935E+02  0.347663E+01
  0.472000E+01  0.211864E+00  0.746462E+00  0.147935E+02  0.347696E+01
  0.473000E+01  0.211416E+00  0.746468E+00  0.147936E+02  0.347730E+01
  0.474000E+01  0.210970E+00  0.746473E+00  0.147937E+02  0.347763E+01
  0.475000E+01  0.210526E+00  0.746478E+00  0.147937E+02  0.347796E+01
  0.476000E+01  0.210084E+00  0.746483E+00  0.147938E+02  0.347829E+01
  0.477000E+01  0.209644E+00  0.746488E+00  0.147939E+02  0.347862E+01
  0.478000E+01  0.209205E+00  0.746493E+00  0.147940E+02  0.347895E+01
  0.479000E+01  0.208768E+00  0.746498E+00  0.147940E+02  0.347927E+01
  0.480000E+01  0.208333E+00  0.746503E+00  0.147941E+02  0.347960E+01
  0.481000E+01  0.207900E+00  0.746508E+00  0.147942E+02  0.347992E+01
  0.482000E+01  0.207469E+00  0.746513E+00  0.147942E+02  0.348024E+01
  0.483000E+01  0.207039E+00  0.746518E+00  0.147943E+02  0.348056E+01
  0.484000E+01  0.206612E+00  0.746523E+00  0.147944E+02  0.348088E+01
  0.485000E+01  0.206186E+00  0.746528E+00  0.147944E+02  0.348120E+01
  0.486000E+01  0.205761E+00  0.746532E+00  0.147945E+02  0.348152E+01
  0.487000E+01  0.205339E+00  0.746537E+00  0.147946E+02  0.348183E+01
  0.488000E+01  0.204918E+00  0.746542E+00  0.147946E+02  0.348215E+01
  0.489000E+01  0.204499E+00  0.746546E+00  0.147947E+02  0.348246E+01
  0.490000E+01  0.204082E+00  0.746551E+00  0.147947E+02  0.348277E+01
  0.491000E+01  0.203666E+00  0.746556E+00  0.147948E+02  0.348308E+01
  0.492000E+01  0.203252E+00  0.746560E+00  0.147949E+02  0.348339E+01
  0.493000E+01  0.202840E+00  0.746565E+00  0.147949E+02  0.348370E+01
  0.494000E+01  0.202429E+00  0.746569E+00  0.147950E+02  0.348401E+01
  0.495000E+01  0.202020E+00  0.746574E+00  0.147951E+02  0.348431E+01
  0.496000E+01  0.201613E+00  0.746578E+00  0.147951E+02  0.348461E+01
  0.497000E+01  0.201207E+00  0.746583E+00  0.147952E+02  0.348492E+01
  0.498000E+01  0.200803E+00  0.746587E+00  0.147952E+02  0.348522E+01
  0.499000E+01  0.200401E+00  0.746591E+00  0.147953E+02  0.348552E+01
  0.500000E+01  0.200000E+00  0.746596E+00  0.147954E+02  0.348582E+01
  0.501000E+01  0.199601E+00  0.746600E+00  0.147954E+02  0.348612E+01
  0.502000E+01  0.199203E+00  0.746604E+00  0.147955E+02  0.348641E+01
  0.503000E+01  0.198807E+00  0.746608E+00  0.147955E+02  0.348671E+01
  0.504000E+01  0.198413E+00  0.746613E+00  0.147956E+02  0.348700E+01
  0.505000E+01  0.198020E+00  0.746617E+00  0.147957E+02  0.348730E+01
  0.506000E+01  0.197628E+00  0.746621E+00  0.147957E+02  0.348759E+01
  0.507000E+01  0.197239E+00  0.746625E+00  0.147958E+02  0.348788E+01
  0.508000E+01  0.196850E+00  0.746629E+00  0.147958E+02  0.348817E+01
  0.509000E+01  0.196464E+00  0.746633E+00  0.147959E+02  0.348846E+01
  0.510000E+01  0.196078E+00  0.746637E+00  0.147959E+02  0.348875E+01
  0.511000E+01  0.195695E+00  0.746641E+00  0.147960E+02  0.348903E+01
  0.512000E+01  0.195312E+00  0.746645E+00  0.147961E+02  0.348932E+01
  0.513000E+01  0.194932E+00  0.746649E+00  0.147961E+02  0.348960E+01
  0.514000E+01  0.194553E+00  0.746653E+00  0.147962E+02  0.348989E+01
  0.515000E+01  0.194175E+00  0.746657E+00  0.147962E+02  0.349017E+01
  0.516000E+01  0.193798E+00  0.746661E+00  0.147963E+02  0.349045E+01
  0.517000E+01  0.193424E+00  0.746664E+00  0.147963E+02  0.349073E+01
  0.518000E+01  0.193050E+00  0.746668E+00  0.147964E+02  0.349101E+01
  0.519000E+01  0.192678E+00  0.746672E+00  0.147964E+02  0.349129E+01
  0.520000E+01  0.192308E+00  0.746676E+00  0.147965E+02  0.349156E+01
  0.521000E+01  0.191939E+00  0.746680E+00  0.147965E+02  0.349184E+01
  0.522000E+01  0.191571E+00  0.746683E+00  0.147966E+02  0.349211E+01
  0.523000E+01  0.191205E+00  0.746687E+00  0.147966E+02  0.349239E+01
  0.524000E+01  0.190840E+00  0.746691E+00  0.147967E+02  0.349266E+01
  0.525000E+01  0.190476E+00  0.746694E+00  0.147967E+02  0.349293E+01
  0.526000E+01  0.190114E+00  0.746698E+00  0.147968E+02  0.349320E+01
  0.527000E+01  0.189753E+00  0.746701E+00  0.147969E+02  0.349347E+01
  0.528000E+01  0.189394E+00  0.746705E+00  0.147969E+02  0.349374E+01
  0.529000E+01  0.189036E+00  0.746708E+00  0.147970E+02  0.349401E+01
  0.530000E+01  0.188679E+00  0.746712E+00  0.147970E+02  0.349427E+01
  0.531000E+01  0.188324E+00  0.746715E+00  0.147971E+02  0.349454E+01
  0.532000E+01  0.187970E+00  0.746719E+00  0.147971E+02  0.349480E+01
  0.533000E+01  0.187617E+00  0.746722E+00  0.147972E+02  0.349506E+01
  0.534000E+01  0.187266E+00  0.746726E+00  0.147972E+02  0.349533E+01
  0.535000E+01  0.186916E+00  0.746729E+00  0.147972E+02  0.349559E+01
  0.536000E+01  0.186567E+00  0.746732E+00  0.147973E+02  0.349585E+01
  0.537000E+01  0.186220E+00  0.746736E+00  0.147973E+02  0.349611E+01
  0.538000E+01  0.185874E+00  0.746739E+00  0.147974E+02  0.349637E+01
  0.539000E+01  0.185529E+00  0.746742E+00  0.147974E+02  0.349662E+01
  0.540000E+01  0.185185E+00  0.746746E+00  0.147975E+02  0.349688E+01
  0.541000E+01  0.184843E+00  0.746749E+00  0.147975E+02  0.349714E+01
  0.542000E+01  0.184502E+00  0.746752E+00  0.147976E+02  0.349739E+01
  0.543000E+01  0.184162E+00  0.746755E+00  0.147976E+02  0.349764E+01
  0.544000E+01  0.183824E+00  0.746758E+00  0.147977E+02  0.349790E+01
  0.545000E+01  0.183486E+00  0.746762E+00  0.147977E+02  0.349815E+01
  0.546000E+01  0.183150E+00  0.746765E+00  0.147978E+02  0.349840E+01
  0.547000E+01  0.182815E+00  0.746768E+00  0.147978E+02  0.349865E+01
  0.548000E+01  0.182482E+00  0.746771E+00  0.147979E+02  0.349890E+01
  0.549000E+01  0.182149E+00  0.746774E+00  0.147979E+02  0.349915E+01
  0.550000E+01  0.181818E+00  0.746777E+00  0.147980E+02  0.349939E+01
  0.551000E+01  0.181488E+00  0.746780E+00  0.147980E+02  0.349964E+01
  0.552000E+01  0.181159E+00  0.746783E+00  0.147980E+02  0.349989E+01
  0.553000E+01  0.180832E+00  0.746786E+00  0.147981E+02  0.350013E+01
  0.554000E+01  0.180505E+00  0.746789E+00  0.147981E+02  0.350038E+01
  0.555000E+01  0.180180E+00  0.746792E+00  0.147982E+02  0.350062E+01
  0.556000E+01  0.179856E+00  0.746795E+00  0.147982E+02  0.350086E+01
  0.557000E+01  0.179533E+00  0.746798E+00  0.147983E+02  0.350110E+01
  0.558000E+01  0.179211E+00  0.746801E+00  0.147983E+02  0.350134E+01
  0.559000E+01  0.178891E+00  0.746804E+00  0.147983E+02  0.350158E+01
  0.560000E+01  0.178571E+00  0.746807E+00  0.147984E+02  0.350182E+01
  0.561000E+01  0.178253E+00  0.746809E+00  0.147984E+02  0.350206E+01
  0.562000E+01  0.177936E+00  0.746812E+00  0.147985E+02  0.350229E+01
  0.563000E+01  0.177620E+00  0.746815E+00  0.147985E+02  0.350253E+01
  0.564000E+01  0.177305E+00  0.746818E+00  0.147986E+02  0.350277E+01
  0.565000E+01  0.176991E+00  0.746821E+00  0.147986E+02  0.350300E+01
  0.566000E+01  0.176678E+00  0.746823E+00  0.147986E+02  0.350323E+01
  0.567000E+01  0.176367E+00  0.746826E+00  0.147987E+02  0.350347E+01
  0.568000E+01  0.176056E+00  0.746829E+00  0.147987E+02  0.350370E+01
  0.569000E+01  0.175747E+00  0.746831E+00  0.147988E+02  0.350393E+01
  0.570000E+01  0.175439E+00  0.746834E+00  0.147988E+02  0.350416E+01
  0.571000E+01  0.175131E+00  0.746837E+00  0.147988E+02  0.350439E+01
  0.572000E+01  0.174825E+00  0.746839E+00  0.147989E+02  0.350462E+01
  0.573000E+01  0.174520E+00  0.746842E+00  0.147989E+02  0.350485E+01
  0.574000E+01  0.174216E+00  0.746845E+00  0.147990E+02  0.350507E+01
  0.575000E+01  0.173913E+00  0.746847E+00  0.147990E+02  0.350530E+01
  0.576000E+01  0.173611E+00  0.746850E+00  0.147990E+02  0.350552E+01
  0.577000E+01  0.173310E+00  0.746852E+00  0.147991E+02  0.350575E+01
  0.578000E+01  0.173010E+00  0.746855E+00  0.147991E+02  0.350597E+01
  0.579000E+01  0.172712E+00  0.746857E+00  0.147992E+02  0.350620E+01
  0.580000E+01  0.172414E+00  0.746860E+00  0.147992E+02  0.350642E+01
  0.581000E+01  0.172117E+00  0.746863E+00  0.147992E+02  0.350664E+01
  0.582000E+01  0.171821E+00  0.746865E+00  0.147993E+02  0.350686E+01
  0.583000E+01  0.171527E+00  0.746867E+00  0.147993E+02  0.350708E+01
  0.584000E+01  0.171233E+00  0.746870E+00  0.147993E+02  0.350730E+01
  0.585000E+01  0.170940E+00  0.746872E+00  0.147994E+02  0.350752E+01
  0.586000E+01  0.170648E+00  0.746875E+00  0.147994E+02  0.350774E+01
  0.587000E+01  0.170358E+00  0.746877E+00  0.147995E+02  0.350795E+01
  0.588000E+01  0.170068E+00  0.746880E+00  0.147995E+02  0.350817E+01
  0.589000E+01  0.169779E+00  0.746882E+00  0.147995E+02  0.350839E+01
  0.590000E+01  0.169492E+00  0.746884E+00  0.147996E+02  0.350860E+01
  0.591000E+01  0.169205E+00  0.746887E+00  0.147996E+02  0.350881E+01
  0.592000E+01  0.168919E+00  0.746889E+00  0.147996E+02  0.350903E+01
  0.593000E+01  0.168634E+00  0.746891E+00  0.147997E+02  0.350924E+01
  0.594000E+01  0.168350E+00  0.746894E+00  0.147997E+02  0.350945E+01
  0.595000E+01  0.168067E+00  0.746896E+00  0.147997E+02  0.350966E+01
  0.596000E+01  0.167785E+00  0.746898E+00  0.147998E+02  0.350988E+01
  0.597000E+01  0.167504E+00  0.746900E+00  0.147998E+02  0.351009E+01
  0.598000E+01  0.167224E+00  0.746903E+00  0.147999E+02  0.351029E+01
  0.599000E+01  0.166945E+00  0.746905E+00  0.147999E+02  0.351050E+01
  0.600000E+01  0.166667E+00  0.746907E+00  0.147999E+02  0.351071E+01
  0.601000E+01  0.166389E+00  0.746909E+00  0.148000E+02  0.351092E+01
  0.602000E+01  0.166113E+00  0.746911E+00  0.148000E+02  0.351112E+01
  0.603000E+01  0.165837E+00  0.746914E+00  0.148000E+02  0.351133E+01
  0.604000E+01  0.165563E+00  0.746916E+00  0.148001E+02  0.351154E+01
  0.605000E+01  0.165289E+00  0.746918E+00  0.148001E+02  0.351174E+01
  0.606000E+01  0.165017E+00  0.746920E+00  0.148001E+02  0.351194E+01
  0.607000E+01  0.164745E+00  0.746922E+00  0.148002E+02  0.351215E+01
  0.608000E+01  0.164474E+00  0.746924E+00  0.148002E+02  0.351235E+01
  0.609000E+01  0.164204E+00  0.746926E+00  0.148002E+02  0.351255E+01
  0.610000E+01  0.163934E+00  0.746928E+00  0.148003E+02  0.351275E+01
  0.611000E+01  0.163666E+00  0.746930E+00  0.148003E+02  0.351295E+01
  0.612000E+01  0.163399E+00  0.746933E+00  0.148003E+02  0.351315E+01
  0.613000E+01  0.163132E+00  0.746935E+00  0.148004E+02  0.351335E+01
  0.614000E+01  0.162866E+00  0.746937E+00  0.148004E+02  0.351355E+01
  0.615000E+01  0.162602E+00  0.746939E+00  0.148004E+02  0.351375E+01
  0.616000E+01  0.162338E+00  0.746941E+00  0.148005E+02  0.351394E+01
  0.617000E+01  0.162075E+00  0.746943E+00  0.148005E+02  0.351414E+01
  0.618000E+01  0.161812E+00  0.746945E+00  0.148005E+02  0.351434E+01
  0.619000E+01  0.161551E+00  0.746947E+00  0.148006E+02  0.351453E+01
  0.620000E+01  0.161290E+00  0.746949E+00  0.148006E+02  0.351473E+01
  0.621000E+01  0.161031E+00  0.746950E+00  0.148006E+02  0.351492E+01
  0.622000E+01  0.160772E+00  0.746952E+00  0.148006E+02  0.351511E+01
  0.623000E+01  0.160514E+00  0.746954E+00  0.148007E+02  0.351531E+01
  0.624000E+01  0.160256E+00  0.746956E+00  0.148007E+02  0.351550E+01
  0.625000E+01  0.160000E+00  0.746958E+00  0.148007E+02  0.351569E+01
  0.626000E+01  0.159744E+00  0.746960E+00  0.148008E+02  0.351588E+01
  0.627000E+01  0.159490E+00  0.746962E+00  0.148008E+02  0.351607E+01
  0.628000E+01  0.159236E+00  0.746964E+00  0.148008E+02  0.351626E+01
  0.629000E+01  0.158983E+00  0.746966E+00  0.148009E+02  0.351645E+01
  0.630000E+01  0.158730E+00  0.746967E+00  0.148009E+02  0.351664E+01
  0.631000E+01  0.158479E+00  0.746969E+00  0.148009E+02  0.351683E+01
  0.632000E+01  0.158228E+00  0.746971E+00  0.148009E+02  0.351701E+01
  0.633000E+01  0.157978E+00  0.746973E+00  0.148010E+02  0.351720E+01
  0.634000E+01  0.157729E+00  0.746975E+00  0.148010E+02  0.351739E+01
  0.635000E+01  0.157480E+00  0.746976E+00  0.148010E+02  0.351757E+01
  0.636000E+01  0.157233E+00  0.746978E+00  0.148011E+02  0.351776E+01
  0.637000E+01  0.156986E+00  0.746980E+00  0.148011E+02  0.351794E+01
  0.638000E+01  0.156740E+00  0.746982E+00  0.148011E+02  0.351813E+01
  0.639000E+01  0.156495E+00  0.746983E+00  0.148012E+02  0.351831E+01
  0.640000E+01  0.156250E+00  0.746985E+00  0.148012E+02  0.351849E+01
  0.641000E+01  0.156006E+00  0.746987E+00  0.148012E+02  0.351867E+01
  0.642000E+01  0.155763E+00  0.746989E+00  0.148012E+02  0.351885E+01
  0.643000E+01  0.155521E+00  0.746990E+00  0.148013E+02  0.351904E+01
  0.644000E+01  0.155280E+00  0.746992E+00  0.148013E+02  0.351922E+01
  0.645000E+01  0.155039E+00  0.746994E+00  0.148013E+02  0.351940E+01
  0.646000E+01  0.154799E+00  0.746995E+00  0.148013E+02  0.351958E+01
  0.647000E+01  0.154560E+00  0.746997E+00  0.148014E+02  0.351975E+01
  0.648000E+01  0.154321E+00  0.746999E+00  0.148014E+02  0.351993E+01
  0.649000E+01  0.154083E+00  0.747000E+00  0.148014E+02  0.352011E+01
  0.650000E+01  0.153846E+00  0.747002E+00  0.148015E+02  0.352029E+01
  0.651000E+01  0.153610E+00  0.747004E+00  0.148015E+02  0.352046E+01
  0.652000E+01  0.153374E+00  0.747005E+00  0.148015E+02  0.352064E+01
  0.653000E+01  0.153139E+00  0.747007E+00  0.148015E+02  0.352081E+01
  0.654000E+01  0.152905E+00  0.747008E+00  0.148016E+02  0.352099E+01
  0.655000E+01  0.152672E+00  0.747010E+00  0.148016E+02  0.352116E+01
  0.656000E+01  0.152439E+00  0.747011E+00  0.148016E+02  0.352134E+01
  0.657000E+01  0.152207E+00  0.747013E+00  0.148016E+02  0.352151E+01
  0.658000E+01  0.151976E+00  0.747015E+00  0.148017E+02  0.352168E+01
  0.659000E+01  0.151745E+00  0.747016E+00  0.148017E+02  0.352186E+01
  0.660000E+01  0.151515E+00  0.747018E+00  0.148017E+02  0.352203E+01
  0.661000E+01  0.151286E+00  0.747019E+00  0.148017E+02  0.352220E+01
  0.662000E+01  0.151057E+00  0.747021E+00  0.148018E+02  0.352237E+01
  0.663000E+01  0.150830E+00  0.747022E+00  0.148018E+02  0.352254E+01
  0.664000E+01  0.150602E+00  0.747024E+00  0.148018E+02  0.352271E+01
  0.665000E+01  0.150376E+00  0.747025E+00  0.148019E+02  0.352288E+01
  0.666000E+01  0.150150E+00  0.747027E+00  0.148019E+02  0.352305E+01
  0.667000E+01  0.149925E+00  0.747028E+00  0.148019E+02  0.352322E+01
  0.668000E+01  0.149701E+00  0.747030E+00  0.148019E+02  0.352338E+01
  0.669000E+01  0.149477E+00  0.747031E+00  0.148020E+02  0.352355E+01
  0.670000E+01  0.149254E+00  0.747033E+00  0.148020E+02  0.352372E+01
  0.671000E+01  0.149031E+00  0.747034E+00  0.148020E+02  0.352388E+01
  0.672000E+01  0.148810E+00  0.747035E+00  0.148020E+02  0.352405E+01
  0.673000E+01  0.148588E+00  0.747037E+00  0.148021E+02  0.352421E+01
  0.674000E+01  0.148368E+00  0.747038E+00  0.148021E+02  0.352438E+01
  0.675000E+01  0.148148E+00  0.747040E+00  0.148021E+02  0.352454E+01
  0.676000E+01  0.147929E+00  0.747041E+00  0.148021E+02  0.352471E+01
  0.677000E+01  0.147710E+00  0.747042E+00  0.148021E+02  0.352487E+01
  0.678000E+01  0.147493E+00  0.747044E+00  0.148022E+02  0.352503E+01
  0.679000E+01  0.147275E+00  0.747045E+00  0.148022E+02  0.352520E+01
  0.680000E+01  0.147059E+00  0.747047E+00  0.148022E+02  0.352536E+01
  0.681000E+01  0.146843E+00  0.747048E+00  0.148022E+02  0.352552E+01
  0.682000E+01  0.146628E+00  0.747049E+00  0.148023E+02  0.352568E+01
  0.683000E+01  0.146413E+00  0.747051E+00  0.148023E+02  0.352584E+01
  0.684000E+01  0.146199E+00  0.747052E+00  0.148023E+02  0.352600E+01
  0.685000E+01  0.145985E+00  0.747053E+00  0.148023E+02  0.352616E+01
  0.686000E+01  0.145773E+00  0.747055E+00  0.148024E+02  0.352632E+01
  0.687000E+01  0.145560E+00  0.747056E+00  0.148024E+02  0.352648E+01
  0.688000E+01  0.145349E+00  0.747057E+00  0.148024E+02  0.352663E+01
  0.689000E+01  0.145138E+00  0.747058E+00  0.148024E+02  0.352679E+01
  0.690000E+01  0.144928E+00  0.747060E+00  0.148025E+02  0.352695E+01
  0.691000E+01  0.144718E+00  0.747061E+00  0.148025E+02  0.352711E+01
  0.692000E+01  0.144509E+00  0.747062E+00  0.148025E+02  0.352726E+01
  0.693000E+01  0.144300E+00  0.747064E+00  0.148025E+02  0.352742E+01
  0.694000E+01  0.144092E+00  0.747065E+00  0.148025E+02  0.352757E+01
  0.695000E+01  0.143885E+00  0.747066E+00  0.148026E+02  0.352773E+01
  0.696000E+01  0.143678E+00  0.747067E+00  0.148026E+02  0.352788E+01
  0.697000E+01  0.143472E+00  0.747069E+00  0.148026E+02  0.352804E+01
  0.698000E+01  0.143266E+00  0.747070E+00  0.148026E+02  0.352819E+01
  0.699000E+01  0.143062E+00  0.747071E+00  0.148027E+02  0.352834E+01
  0.700000E+01  0.142857E+00  0.747072E+00  0.148027E+02  0.352850E+01
  0.701000E+01  0.142653E+00  0.747073E+00  0.148027E+02  0.352865E+01
  0.702000E+01  0.142450E+00  0.747075E+00  0.148027E+02  0.352880E+01
  0.703000E+01  0.142248E+00  0.747076E+00  0.148027E+02  0.352895E+01
  0.704000E+01  0.142045E+00  0.747077E+00  0.148028E+02  0.352910E+01
  0.705000E+01  0.141844E+00  0.747078E+00  0.148028E+02  0.352925E+01
  0.706000E+01  0.141643E+00  0.747079E+00  0.148028E+02  0.352940E+01
  0.707000E+01  0.141443E+00  0.747081E+00  0.148028E+02  0.352955E+01
  0.708000E+01  0.141243E+00  0.747082E+00  0.148028E+02  0.352970E+01
  0.709000E+01  0.141044E+00  0.747083E+00  0.148029E+02  0.352985E+01
  0.710000E+01  0.140845E+00  0.747084E+00  0.148029E+02  0.353000E+01
  0.711000E+01  0.140647E+00  0.747085E+00  0.148029E+02  0.353015E+01
  0.712000E+01  0.140449E+00  0.747086E+00  0.148029E+02  0.353029E+01
  0.713000E+01  0.140252E+00  0.747087E+00  0.148030E+02  0.353044E+01
  0.714000E+01  0.140056E+00  0.747089E+00  0.148030E+02  0.353059E+01
  0.715000E+01  0.139860E+00  0.747090E+00  0.148030E+02  0.353074E+01
  0.716000E+01  0.139665E+00  0.747091E+00  0.148030E+02  0.353088E+01
  0.717000E+01  0.139470E+00  0.747092E+00  0.148030E+02  0.353103E+01
  0.718000E+01  0.139276E+00  0.747093E+00  0.148031E+02  0.353117E+01
  0.719000E+01  0.139082E+00  0.747094E+00  0.148031E+02  0.353132E+01
  0.720000E+01  0.138889E+00  0.747095E+00  0.148031E+02  0.353146E+01
  0.721000E+01  0.138696E+00  0.747096E+00  0.148031E+02  0.353160E+01
  0.722000E+01  0.138504E+00  0.747097E+00  0.148031E+02  0.353175E+01
  0.723000E+01  0.138313E+00  0.747098E+00  0.148032E+02  0.353189E+01
  0.724000E+01  0.138122E+00  0.747099E+00  0.148032E+02  0.353203E+01
  0.725000E+01  0.137931E+00  0.747100E+00  0.148032E+02  0.353218E+01
  0.726000E+01  0.137741E+00  0.747102E+00  0.148032E+02  0.353232E+01
  0.727000E+01  0.137552E+00  0.747103E+00  0.148032E+02  0.353246E+01
  0.728000E+01  0.137363E+00  0.747104E+00  0.148033E+02  0.353260E+01
  0.729000E+01  0.137174E+00  0.747105E+00  0.148033E+02  0.353274E+01
  0.730000E+01  0.136986E+00  0.747106E+00  0.148033E+02  0.353288E+01
  0.731000E+01  0.136799E+00  0.747107E+00  0.148033E+02  0.353302E+01
  0.732000E+01  0.136612E+00  0.747108E+00  0.148033E+02  0.353316E+01
  0.733000E+01  0.136426E+00  0.747109E+00  0.148033E+02  0.353330E+01
  0.734000E+01  0.136240E+00  0.747110E+00  0.148034E+02  0.353344E+01
  0.735000E+01  0.136054E+00  0.747111E+00  0.148034E+02  0.353358E+01
  0.736000E+01  0.135870E+00  0.747112E+00  0.148034E+02  0.353372E+01
  0.737000E+01  0.135685E+00  0.747113E+00  0.148034E+02  0.353385E+01
  0.738000E+01  0.135501E+00  0.747114E+00  0.148034E+02  0.353399E+01
  0.739000E+01  0.135318E+00  0.747115E+00  0.148035E+02  0.353413E+01
  0.740000E+01  0.135135E+00  0.747116E+00  0.148035E+02  0.353427E+01
  0.741000E+01  0.134953E+00  0.747117E+00  0.148035E+02  0.353440E+01
  0.742000E+01  0.134771E+00  0.747118E+00  0.148035E+02  0.353454E+01
  0.743000E+01  0.134590E+00  0.747118E+00  0.148035E+02  0.353467E+01
  0.744000E+01  0.134409E+00  0.747119E+00  0.148036E+02  0.353481E+01
  0.745000E+01  0.134228E+00  0.747120E+00  0.148036E+02  0.353494E+01
  0.746000E+01  0.134048E+00  0.747121E+00  0.148036E+02  0.353508E+01
  0.747000E+01  0.133869E+00  0.747122E+00  0.148036E+02  0.353521E+01
  0.748000E+01  0.133690E+00  0.747123E+00  0.148036E+02  0.353535E+01
  0.749000E+01  0.133511E+00  0.747124E+00  0.148036E+02  0.353548E+01
  0.750000E+01  0.133333E+00  0.747125E+00  0.148037E+02  0.353561E+01
  0.751000E+01  0.133156E+00  0.747126E+00  0.148037E+02  0.353574E+01
  0.752000E+01  0.132979E+00  0.747127E+00  0.148037E+02  0.353588E+01
  0.753000E+01  0.132802E+00  0.747128E+00  0.148037E+02  0.353601E+01
  0.754000E+01  0.132626E+00  0.747129E+00  0.148037E+02  0.353614E+01
  0.755000E+01  0.132450E+00  0.747129E+00  0.148037E+02  0.353627E+01
  0.756000E+01  0.132275E+00  0.747130E+00  0.148038E+02  0.353640E+01
  0.757000E+01  0.132100E+00  0.747131E+00  0.148038E+02  0.353653E+01
  0.758000E+01  0.131926E+00  0.747132E+00  0.148038E+02  0.353666E+01
  0.759000E+01  0.131752E+00  0.747133E+00  0.148038E+02  0.353679E+01
  0.760000E+01  0.131579E+00  0.747134E+00  0.148038E+02  0.353692E+01
  0.761000E+01  0.131406E+00  0.747135E+00  0.148038E+02  0.353705E+01
  0.762000E+01  0.131234E+00  0.747136E+00  0.148039E+02  0.353718E+01
  0.763000E+01  0.131062E+00  0.747136E+00  0.148039E+02  0.353731E+01
  0.764000E+01  0.130890E+00  0.747137E+00  0.148039E+02  0.353744E+01
  0.765000E+01  0.130719E+00  0.747138E+00  0.148039E+02  0.353756E+01
  0.766000E+01  0.130548E+00  0.747139E+00  0.148039E+02  0.353769E+01
  0.767000E+01  0.130378E+00  0.747140E+00  0.148039E+02  0.353782E+01
  0.768000E+01  0.130208E+00  0.747141E+00  0.148040E+02  0.353795E+01
  0.769000E+01  0.130039E+00  0.747141E+00  0.148040E+02  0.353807E+01
  0.770000E+01  0.129870E+00  0.747142E+00  0.148040E+02  0.353820E+01
  0.771000E+01  0.129702E+00  0.747143E+00  0.148040E+02  0.353832E+01
  0.772000E+01  0.129534E+00  0.747144E+00  0.148040E+02  0.353845E+01
  0.773000E+01  0.129366E+00  0.747145E+00  0.148040E+02  0.353858E+01
  0.774000E+01  0.129199E+00  0.747145E+00  0.148041E+02  0.353870E+01
  0.775000E+01  0.129032E+00  0.747146E+00  0.148041E+02  0.353882E+01
  0.776000E+01  0.128866E+00  0.747147E+00  0.148041E+02  0.353895E+01
  0.777000E+01  0.128700E+00  0.747148E+00  0.148041E+02  0.353907E+01
  0.778000E+01  0.128535E+00  0.747149E+00  0.148041E+02  0.353920E+01
  0.779000E+01  0.128370E+00  0.747149E+00  0.148041E+02  0.353932E+01
  0.780000E+01  0.128205E+00  0.747150E+00  0.148042E+02  0.353944E+01
  0.781000E+01  0.128041E+00  0.747151E+00  0.148042E+02  0.353957E+01
  0.782000E+01  0.127877E+00  0.747152E+00  0.148042E+02  0.353969E+01
  0.783000E+01  0.127714E+00  0.747153E+00  0.148042E+02  0.353981E+01
  0.784000E+01  0.127551E+00  0.747153E+00  0.148042E+02  0.353993E+01
  0.785000E+01  0.127389E+00  0.747154E+00  0.148042E+02  0.354005E+01
  0.786000E+01  0.127226E+00  0.747155E+00  0.148043E+02  0.354017E+01
  0.787000E+01  0.127065E+00  0.747156E+00  0.148043E+02  0.354029E+01
  0.788000E+01  0.126904E+00  0.747156E+00  0.148043E+02  0.354042E+01
  0.789000E+01  0.126743E+00  0.747157E+00  0.148043E+02  0.354054E+01
  0.790000E+01  0.126582E+00  0.747158E+00  0.148043E+02  0.354066E+01
  0.791000E+01  0.126422E+00  0.747158E+00  0.148043E+02  0.354077E+01
  0.792000E+01  0.126263E+00  0.747159E+00  0.148043E+02  0.354089E+01
  0.793000E+01  0.126103E+00  0.747160E+00  0.148044E+02  0.354101E+01
  0.794000E+01  0.125945E+00  0.747161E+00  0.148044E+02  0.354113E+01
  0.795000E+01  0.125786E+00  0.747161E+00  0.148044E+02  0.354125E+01
  0.796000E+01  0.125628E+00  0.747162E+00  0.148044E+02  0.354137E+01
  0.797000E+01  0.125471E+00  0.747163E+00  0.148044E+02  0.354149E+01
  0.798000E+01  0.125313E+00  0.747163E+00  0.148044E+02  0.354160E+01
  0.799000E+01  0.125156E+00  0.747164E+00  0.148044E+02  0.354172E+01
  0.800000E+01  0.125000E+00  0.747165E+00  0.148045E+02  0.354184E+01
  0.801000E+01  0.124844E+00  0.747166E+00  0.148045E+02  0.354195E+01
  0.802000E+01  0.124688E+00  0.747166E+00  0.148045E+02  0.354207E+01
  0.803000E+01  0.124533E+00  0.747167E+00  0.148045E+02  0.354219E+01
  0.804000E+01  0.124378E+00  0.747168E+00  0.148045E+02  0.354230E+01
  0.805000E+01  0.124224E+00  0.747168E+00  0.148045E+02  0.354242E+01
  0.806000E+01  0.124069E+00  0.747169E+00  0.148045E+02  0.354253E+01
  0.807000E+01  0.123916E+00  0.747170E+00  0.148046E+02  0.354265E+01
  0.808000E+01  0.123762E+00  0.747170E+00  0.148046E+02  0.354276E+01
  0.809000E+01  0.123609E+00  0.747171E+00  0.148046E+02  0.354288E+01
  0.810000E+01  0.123457E+00  0.747172E+00  0.148046E+02  0.354299E+01
  0.811000E+01  0.123305E+00  0.747172E+00  0.148046E+02  0.354310E+01
  0.812000E+01  0.123153E+00  0.747173E+00  0.148046E+02  0.354322E+01
  0.813000E+01  0.123001E+00  0.747174E+00  0.148046E+02  0.354333E+01
  0.814000E+01  0.122850E+00  0.747174E+00  0.148047E+02  0.354344E+01
  0.815000E+01  0.122699E+00  0.747175E+00  0.148047E+02  0.354356E+01
  0.816000E+01  0.122549E+00  0.747175E+00  0.148047E+02  0.354367E+01
  0.817000E+01  0.122399E+00  0.747176E+00  0.148047E+02  0.354378E+01
  0.818000E+01  0.122249E+00  0.747177E+00  0.148047E+02  0.354389E+01
  0.819000E+01  0.122100E+00  0.747177E+00  0.148047E+02  0.354400E+01
  0.820000E+01  0.121951E+00  0.747178E+00  0.148047E+02  0.354412E+01
  0.821000E+01  0.121803E+00  0.747179E+00  0.148048E+02  0.354423E+01
  0.822000E+01  0.121655E+00  0.747179E+00  0.148048E+02  0.354434E+01
  0.823000E+01  0.121507E+00  0.747180E+00  0.148048E+02  0.354445E+01
  0.824000E+01  0.121359E+00  0.747180E+00  0.148048E+02  0.354456E+01
  0.825000E+01  0.121212E+00  0.747181E+00  0.148048E+02  0.354467E+01
  0.826000E+01  0.121065E+00  0.747182E+00  0.148048E+02  0.354478E+01
  0.827000E+01  0.120919E+00  0.747182E+00  0.148048E+02  0.354489E+01
  0.828000E+01  0.120773E+00  0.747183E+00  0.148049E+02  0.354500E+01
  0.829000E+01  0.120627E+00  0.747183E+00  0.148049E+02  0.354510E+01
  0.830000E+01  0.120482E+00  0.747184E+00  0.148049E+02  0.354521E+01
  0.831000E+01  0.120337E+00  0.747185E+00  0.148049E+02  0.354532E+01
  0.832000E+01  0.120192E+00  0.747185E+00  0.148049E+02  0.354543E+01
  0.833000E+01  0.120048E+00  0.747186E+00  0.148049E+02  0.354554E+01
  0.834000E+01  0.119904E+00  0.747186E+00  0.148049E+02  0.354565E+01
  0.835000E+01  0.119760E+00  0.747187E+00  0.148049E+02  0.354575E+01
  0.836000E+01  0.119617E+00  0.747187E+00  0.148050E+02  0.354586E+01
  0.837000E+01  0.119474E+00  0.747188E+00  0.148050E+02  0.354597E+01
  0.838000E+01  0.119332E+00  0.747189E+00  0.148050E+02  0.354607E+01
  0.839000E+01  0.119190E+00  0.747189E+00  0.148050E+02  0.354618E+01
  0.840000E+01  0.119048E+00  0.747190E+00  0.148050E+02  0.354629E+01
  0.841000E+01  0.118906E+00  0.747190E+00  0.148050E+02  0.354639E+01
  0.842000E+01  0.118765E+00  0.747191E+00  0.148050E+02  0.354650E+01
  0.843000E+01  0.118624E+00  0.747191E+00  0.148050E+02  0.354660E+01
  0.844000E+01  0.118483E+00  0.747192E+00  0.148051E+02  0.354671E+01
  0.845000E+01  0.118343E+00  0.747193E+00  0.148051E+02  0.354681E+01
  0.846000E+01  0.118203E+00  0.747193E+00  0.148051E+02  0.354692E+01
  0.847000E+01  0.118064E+00  0.747194E+00  0.148051E+02  0.354702E+01
  0.848000E+01  0.117925E+00  0.747194E+00  0.148051E+02  0.354712E+01
  0.849000E+01  0.117786E+00  0.747195E+00  0.148051E+02  0.354723E+01
  0.850000E+01  0.117647E+00  0.747195E+00  0.148051E+02  0.354733E+01
  0.851000E+01  0.117509E+00  0.747196E+00  0.148051E+02  0.354743E+01
  0.852000E+01  0.117371E+00  0.747196E+00  0.148052E+02  0.354754E+01
  0.853000E+01  0.117233E+00  0.747197E+00  0.148052E+02  0.354764E+01
  0.854000E+01  0.117096E+00  0.747197E+00  0.148052E+02  0.354774E+01
  0.855000E+01  0.116959E+00  0.747198E+00  0.148052E+02  0.354785E+01
  0.856000E+01  0.116822E+00  0.747198E+00  0.148052E+02  0.354795E+01
  0.857000E+01  0.116686E+00  0.747199E+00  0.148052E+02  0.354805E+01
  0.858000E+01  0.116550E+00  0.747199E+00  0.148052E+02  0.354815E+01
  0.859000E+01  0.116414E+00  0.747200E+00  0.148052E+02  0.354825E+01
  0.860000E+01  0.116279E+00  0.747200E+00  0.148052E+02  0.354835E+01
  0.861000E+01  0.116144E+00  0.747201E+00  0.148053E+02  0.354845E+01
  0.862000E+01  0.116009E+00  0.747201E+00  0.148053E+02  0.354856E+01
  0.863000E+01  0.115875E+00  0.747202E+00  0.148053E+02  0.354866E+01
  0.864000E+01  0.115741E+00  0.747202E+00  0.148053E+02  0.354876E+01
  0.865000E+01  0.115607E+00  0.747203E+00  0.148053E+02  0.354886E+01
  0.866000E+01  0.115473E+00  0.747203E+00  0.148053E+02  0.354896E+01
  0.867000E+01  0.115340E+00  0.747204E+00  0.148053E+02  0.354906E+01
  0.868000E+01  0.115207E+00  0.747204E+00  0.148053E+02  0.354915E+01
  0.869000E+01  0.115075E+00  0.747205E+00  0.148054E+02  0.354925E+01
  0.870000E+01  0.114943E+00  0.747205E+00  0.148054E+02  0.354935E+01
  0.871000E+01  0.114811E+00  0.747206E+00  0.148054E+02  0.354945E+01
  0.872000E+01  0.114679E+00  0.747206E+00  0.148054E+02  0.354955E+01
  0.873000E+01  0.114548E+00  0.747207E+00  0.148054E+02  0.354965E+01
  0.874000E+01  0.114416E+00  0.747207E+00  0.148054E+02  0.354975E+01
  0.875000E+01  0.114286E+00  0.747208E+00  0.148054E+02  0.354984E+01
  0.876000E+01  0.114155E+00  0.747208E+00  0.148054E+02  0.354994E+01
  0.877000E+01  0.114025E+00  0.747208E+00  0.148054E+02  0.355004E+01
  0.878000E+01  0.113895E+00  0.747209E+00  0.148055E+02  0.355013E+01
  0.879000E+01  0.113766E+00  0.747209E+00  0.148055E+02  0.355023E+01
  0.880000E+01  0.113636E+00  0.747210E+00  0.148055E+02  0.355033E+01
  0.881000E+01  0.113507E+00  0.747210E+00  0.148055E+02  0.355042E+01
  0.882000E+01  0.113379E+00  0.747211E+00  0.148055E+02  0.355052E+01
  0.883000E+01  0.113250E+00  0.747211E+00  0.148055E+02  0.355062E+01
  0.884000E+01  0.113122E+00  0.747212E+00  0.148055E+02  0.355071E+01
  0.885000E+01  0.112994E+00  0.747212E+00  0.148055E+02  0.355081E+01
  0.886000E+01  0.112867E+00  0.747212E+00  0.148055E+02  0.355090E+01
  0.887000E+01  0.112740E+00  0.747213E+00  0.148056E+02  0.355100E+01
  0.888000E+01  0.112613E+00  0.747213E+00  0.148056E+02  0.355109E+01
  0.889000E+01  0.112486E+00  0.747214E+00  0.148056E+02  0.355119E+01
  0.890000E+01  0.112360E+00  0.747214E+00  0.148056E+02  0.355128E+01
  0.891000E+01  0.112233E+00  0.747215E+00  0.148056E+02  0.355138E+01
  0.892000E+01  0.112108E+00  0.747215E+00  0.148056E+02  0.355147E+01
  0.893000E+01  0.111982E+00  0.747215E+00  0.148056E+02  0.355156E+01
  0.894000E+01  0.111857E+00  0.747216E+00  0.148056E+02  0.355166E+01
  0.895000E+01  0.111732E+00  0.747216E+00  0.148056E+02  0.355175E+01
  0.896000E+01  0.111607E+00  0.747217E+00  0.148056E+02  0.355184E+01
  0.897000E+01  0.111483E+00  0.747217E+00  0.148057E+02  0.355194E+01
  0.898000E+01  0.111359E+00  0.747218E+00  0.148057E+02  0.355203E+01
  0.899000E+01  0.111235E+00  0.747218E+00  0.148057E+02  0.355212E+01
  0.900000E+01  0.111111E+00  0.747218E+00  0.148057E+02  0.355222E+01
  0.901000E+01  0.110988E+00  0.747219E+00  0.148057E+02  0.355231E+01
  0.902000E+01  0.110865E+00  0.747219E+00  0.148057E+02  0.355240E+01
  0.903000E+01  0.110742E+00  0.747220E+00  0.148057E+02  0.355249E+01
  0.904000E+01  0.110619E+00  0.747220E+00  0.148057E+02  0.355258E+01
  0.905000E+01  0.110497E+00  0.747220E+00  0.148057E+02  0.355267E+01
  0.906000E+01  0.110375E+00  0.747221E+00  0.148057E+02  0.355277E+01
  0.907000E+01  0.110254E+00  0.747221E+00  0.148058E+02  0.355286E+01
  0.908000E+01  0.110132E+00  0.747221E+00  0.148058E+02  0.355295E+01
  0.909000E+01  0.110011E+00  0.747222E+00  0.148058E+02  0.355304E+01
  0.910000E+01  0.109890E+00  0.747222E+00  0.148058E+02  0.355313E+01
  0.911000E+01  0.109769E+00  0.747223E+00  0.148058E+02  0.355322E+01
  0.912000E+01  0.109649E+00  0.747223E+00  0.148058E+02  0.355331E+01
  0.913000E+01  0.109529E+00  0.747223E+00  0.148058E+02  0.355340E+01
  0.914000E+01  0.109409E+00  0.747224E+00  0.148058E+02  0.355349E+01
  0.915000E+01  0.109290E+00  0.747224E+00  0.148058E+02  0.355358E+01
  0.916000E+01  0.109170E+00  0.747224E+00  0.148058E+02  0.355367E+01
  0.917000E+01  0.109051E+00  0.747225E+00  0.148059E+02  0.355375E+01
  0.918000E+01  0.108932E+00  0.747225E+00  0.148059E+02  0.355384E+01
  0.919000E+01  0.108814E+00  0.747226E+00  0.148059E+02  0.355393E+01
  0.920000E+01  0.108696E+00  0.747226E+00  0.148059E+02  0.355402E+01
  0.921000E+01  0.108578E+00  0.747226E+00  0.148059E+02  0.355411E+01
  0.922000E+01  0.108460E+00  0.747227E+00  0.148059E+02  0.355420E+01
  0.923000E+01  0.108342E+00  0.747227E+00  0.148059E+02  0.355428E+01
  0.924000E+01  0.108225E+00  0.747227E+00  0.148059E+02  0.355437E+01
  0.925000E+01  0.108108E+00  0.747228E+00  0.148059E+02  0.355446E+01
  0.926000E+01  0.107991E+00  0.747228E+00  0.148059E+02  0.355455E+01
  0.927000E+01  0.107875E+00  0.747228E+00  0.148060E+02  0.355463E+01
  0.928000E+01  0.107759E+00  0.747229E+00  0.148060E+02  0.355472E+01
  0.929000E+01  0.107643E+00  0.747229E+00  0.148060E+02  0.355481E+01
  0.930000E+01  0.107527E+00  0.747229E+00  0.148060E+02  0.355489E+01
  0.931000E+01  0.107411E+00  0.747230E+00  0.148060E+02  0.355498E+01
  0.932000E+01  0.107296E+00  0.747230E+00  0.148060E+02  0.355507E+01
  0.933000E+01  0.107181E+00  0.747231E+00  0.148060E+02  0.355515E+01
  0.934000E+01  0.107066E+00  0.747231E+00  0.148060E+02  0.355524E+01
  0.935000E+01  0.106952E+00  0.747231E+00  0.148060E+02  0.355532E+01
  0.936000E+01  0.106838E+00  0.747232E+00  0.148060E+02  0.355541E+01
  0.937000E+01  0.106724E+00  0.747232E+00  0.148060E+02  0.355549E+01
  0.938000E+01  0.106610E+00  0.747232E+00  0.148061E+02  0.355558E+01
  0.939000E+01  0.106496E+00  0.747232E+00  0.148061E+02  0.355566E+01
  0.940000E+01  0.106383E+00  0.747233E+00  0.148061E+02  0.355575E+01
  0.941000E+01  0.106270E+00  0.747233E+00  0.148061E+02  0.355583E+01
  0.942000E+01  0.106157E+00  0.747233E+00  0.148061E+02  0.355592E+01
  0.943000E+01  0.106045E+00  0.747234E+00  0.148061E+02  0.355600E+01
  0.944000E+01  0.105932E+00  0.747234E+00  0.148061E+02  0.355609E+01
  0.945000E+01  0.105820E+00  0.747234E+00  0.148061E+02  0.355617E+01
  0.946000E+01  0.105708E+00  0.747235E+00  0.148061E+02  0.355625E+01
  0.947000E+01  0.105597E+00  0.747235E+00  0.148061E+02  0.355634E+01
  0.948000E+01  0.105485E+00  0.747235E+00  0.148061E+02  0.355642E+01
  0.949000E+01  0.105374E+00  0.747236E+00  0.148062E+02  0.355650E+01
  0.950000E+01  0.105263E+00  0.747236E+00  0.148062E+02  0.355659E+01
  0.951000E+01  0.105152E+00  0.747236E+00  0.148062E+02  0.355667E+01
  0.952000E+01  0.105042E+00  0.747237E+00  0.148062E+02  0.355675E+01
  0.953000E+01  0.104932E+00  0.747237E+00  0.148062E+02  0.355683E+01
  0.954000E+01  0.104822E+00  0.747237E+00  0.148062E+02  0.355691E+01
  0.955000E+01  0.104712E+00  0.747237E+00  0.148062E+02  0.355700E+01
  0.956000E+01  0.104603E+00  0.747238E+00  0.148062E+02  0.355708E+01
  0.957000E+01  0.104493E+00  0.747238E+00  0.148062E+02  0.355716E+01
  0.958000E+01  0.104384E+00  0.747238E+00  0.148062E+02  0.355724E+01
  0.959000E+01  0.104275E+00  0.747239E+00  0.148062E+02  0.355732E+01
  0.960000E+01  0.104167E+00  0.747239E+00  0.148062E+02  0.355740E+01
  0.961000E+01  0.104058E+00  0.747239E+00  0.148063E+02  0.355749E+01
  0.962000E+01  0.103950E+00  0.747240E+00  0.148063E+02  0.355757E+01
  0.963000E+01  0.103842E+00  0.747240E+00  0.148063E+02  0.355765E+01
  0.964000E+01  0.103734E+00  0.747240E+00  0.148063E+02  0.355773E+01
  0.965000E+01  0.103627E+00  0.747240E+00  0.148063E+02  0.355781E+01
  0.966000E+01  0.103520E+00  0.747241E+00  0.148063E+02  0.355789E+01
  0.967000E+01  0.103413E+00  0.747241E+00  0.148063E+02  0.355797E+01
  0.968000E+01  0.103306E+00  0.747241E+00  0.148063E+02  0.355805E+01
  0.969000E+01  0.103199E+00  0.747242E+00  0.148063E+02  0.355813E+01
  0.970000E+01  0.103093E+00  0.747242E+00  0.148063E+02  0.355821E+01
  0.971000E+01  0.102987E+00  0.747242E+00  0.148063E+02  0.355829E+01
  0.972000E+01  0.102881E+00  0.747242E+00  0.148063E+02  0.355837E+01
  0.973000E+01  0.102775E+00  0.747243E+00  0.148064E+02  0.355844E+01
  0.974000E+01  0.102669E+00  0.747243E+00  0.148064E+02  0.355852E+01
  0.975000E+01  0.102564E+00  0.747243E+00  0.148064E+02  0.355860E+01
  0.976000E+01  0.102459E+00  0.747243E+00  0.148064E+02  0.355868E+01
  0.977000E+01  0.102354E+00  0.747244E+00  0.148064E+02  0.355876E+01
  0.978000E+01  0.102249E+00  0.747244E+00  0.148064E+02  0.355884E+01
  0.979000E+01  0.102145E+00  0.747244E+00  0.148064E+02  0.355892E+01
  0.980000E+01  0.102041E+00  0.747244E+00  0.148064E+02  0.355899E+01
  0.981000E+01  0.101937E+00  0.747245E+00  0.148064E+02  0.355907E+01
  0.982000E+01  0.101833E+00  0.747245E+00  0.148064E+02  0.355915E+01
  0.983000E+01  0.101729E+00  0.747245E+00  0.148064E+02  0.355923E+01
  0.984000E+01  0.101626E+00  0.747246E+00  0.148064E+02  0.355930E+01
  0.985000E+01  0.101523E+00  0.747246E+00  0.148064E+02  0.355938E+01
  0.986000E+01  0.101420E+00  0.747246E+00  0.148065E+02  0.355946E+01
  0.987000E+01  0.101317E+00  0.747246E+00  0.148065E+02  0.355953E+01
  0.988000E+01  0.101215E+00  0.747247E+00  0.148065E+02  0.355961E+01
  0.989000E+01  0.101112E+00  0.747247E+00  0.148065E+02  0.355969E+01
  0.990000E+01  0.101010E+00  0.747247E+00  0.148065E+02  0.355976E+01
  0.991000E+01  0.100908E+00  0.747247E+00  0.148065E+02  0.355984E+01
  0.992000E+01  0.100806E+00  0.747247E+00  0.148065E+02  0.355992E+01
  0.993000E+01  0.100705E+00  0.747248E+00  0.148065E+02  0.355999E+01
  0.994000E+01  0.100604E+00  0.747248E+00  0.148065E+02  0.356007E+01
  0.995000E+01  0.100503E+00  0.747248E+00  0.148065E+02  0.356014E+01
  0.996000E+01  0.100402E+00  0.747248E+00  0.148065E+02  0.356022E+01
  0.997000E+01  0.100301E+00  0.747249E+00  0.148065E+02  0.356029E+01
  0.998000E+01  0.100200E+00  0.747249E+00  0.148065E+02  0.356037E+01
  0.999000E+01  0.100100E+00  0.747249E+00  0.148066E+02  0.356044E+01
  0.100000E+02  0.100000E+00  0.747249E+00  0.148066E+02  0.356052E+01
