  0.100000E-01  0.100000E+03  0.937609E-06  0.694183E+00  0.941321E-05
  0.200000E-01  0.500000E+02  0.140709E-03  0.776464E+00  0.138949E-02
  0.300000E-01  0.333333E+02  0.878122E-03  0.103346E+01  0.793837E-02
  0.400000E-01  0.250000E+02  0.268901E-02  0.140905E+01  0.211628E-01
  0.500000E-01  0.200000E+02  0.609250E-02  0.186477E+01  0.417258E-01
  0.600000E-01  0.166667E+02  0.115167E-01  0.237671E+01  0.699210E-01
  0.700000E-01  0.142857E+02  0.192306E-01  0.292502E+01  0.105584E+00
  0.800000E-01  0.125000E+02  0.293460E-01  0.349304E+01  0.148196E+00
  0.900000E-01  0.111111E+02  0.418392E-01  0.406744E+01  0.197020E+00
  0.100000E+00  0.100000E+02  0.565760E-01  0.463792E+01  0.251209E+00
  0.110000E+00  0.909091E+01  0.733344E-01  0.519676E+01  0.309875E+00
  0.120000E+00  0.833333E+01  0.918267E-01  0.573828E+01  0.372133E+00
  0.130000E+00  0.769231E+01  0.111725E+00  0.625847E+01  0.437138E+00
  0.140000E+00  0.714286E+01  0.132686E+00  0.675464E+01  0.504101E+00
  0.150000E+00  0.666667E+01  0.154376E+00  0.722519E+01  0.572308E+00
  0.160000E+00  0.625000E+01  0.176483E+00  0.766933E+01  0.641128E+00
  0.170000E+00  0.588235E+01  0.198732E+00  0.808698E+01  0.710018E+00
  0.180000E+00  0.555556E+01  0.220887E+00  0.847854E+01  0.778520E+00
  0.190000E+00  0.526316E+01  0.242753E+00  0.884479E+01  0.846255E+00
  0.200000E+00  0.500000E+01  0.264171E+00  0.918676E+01  0.912919E+00
  0.210000E+00  0.476190E+01  0.285020E+00  0.950564E+01  0.978270E+00
  0.220000E+00  0.454545E+01  0.305209E+00  0.980272E+01  0.104213E+01
  0.230000E+00  0.434783E+01  0.324672E+00  0.100794E+02  0.110435E+01
  0.240000E+00  0.416667E+01  0.343368E+00  0.103369E+02  0.116485E+01
  0.250000E+00  0.400000E+01  0.361272E+00  0.105766E+02  0.122356E+01
  0.260000E+00  0.384615E+01  0.378376E+00  0.107997E+02  0.128045E+01
  0.270000E+00  0.370370E+01  0.394681E+00  0.110075E+02  0.133551E+01
  0.280000E+00  0.357143E+01  0.410199E+00  0.112011E+02  0.138874E+01
  0.290000E+00  0.344828E+01  0.424950E+00  0.113816E+02  0.144016E+01
  0.300000E+00  0.333333E+01  0.438956E+00  0.115499E+02  0.148981E+01
  0.310000E+00  0.322581E+01  0.452244E+00  0.117070E+02  0.153772E+01
  0.320000E+00  0.312500E+01  0.464844E+00  0.118538E+02  0.158394E+01
  0.330000E+00  0.303030E+01  0.476787E+00  0.119910E+02  0.162853E+01
  0.340000E+00  0.294118E+01  0.488103E+00  0.121194E+02  0.167152E+01
  0.350000E+00  0.285714E+01  0.498825E+00  0.122396E+02  0.171299E+01
  0.360000E+00  0.277778E+01  0.508982E+00  0.123523E+02  0.175298E+01
  0.370000E+00  0.270270E+01  0.518607E+00  0.124579E+02  0.179156E+01
  0.380000E+00  0.263158E+01  0.527727E+00  0.125572E+02  0.182877E+01
  0.390000E+00  0.256410E+01  0.536371E+00  0.126504E+02  0.186467E+01
  0.400000E+00  0.250000E+01  0.544566E+00  0.127382E+02  0.189931E+01
  0.410000E+00  0.243902E+01  0.552338E+00  0.128208E+02  0.193275E+01
  0.420000E+00  0.238095E+01  0.559711E+00  0.128986E+02  0.196504E+01
  0.430000E+00  0.232558E+01  0.566709E+00  0.129720E+02  0.199623E+01
  0.440000E+00  0.227273E+01  0.573353E+00  0.130412E+02  0.202636E+01
  0.450000E+00  0.222222E+01  0.579665E+00  0.131067E+02  0.205547E+01
  0.460000E+00  0.217391E+01  0.585662E+00  0.131685E+02  0.208362E+01
  0.470000E+00  0.212766E+01  0.591365E+00  0.132271E+02  0.211084E+01
  0.480000E+00  0.208333E+01  0.596789E+00  0.132825E+02  0.213718E+01
  0.490000E+00  0.204082E+01  0.601951E+00  0.133351E+02  0.216266E+01
  0.500000E+00  0.200000E+01  0.606867E+00  0.133849E+02  0.218733E+01
  0.510000E+00  0.196078E+01  0.611549E+00  0.134322E+02  0.221122E+01
  0.520000E+00  0.192308E+01  0.616013E+00  0.134772E+02  0.223437E+01
  0.530000E+00  0.188679E+01  0.620269E+00  0.135199E+02  0.225679E+01
  0.540000E+00  0.185185E+01  0.624330E+00  0.135605E+02  0.227854E+01
  0.550000E+00  0.181818E+01  0.628206E+00  0.135992E+02  0.229962E+01
  0.560000E+00  0.178571E+01  0.631909E+00  0.136361E+02  0.232008E+01
  0.570000E+00  0.175439E+01  0.635446E+00  0.136712E+02  0.233993E+01
  0.580000E+00  0.172414E+01  0.638829E+00  0.137048E+02  0.235921E+01
  0.590000E+00  0.169492E+01  0.642064E+00  0.137367E+02  0.237792E+01
  0.600000E+00  0.166667E+01  0.645160E+00  0.137673E+02  0.239610E+01
  0.610000E+00  0.163934E+01  0.648124E+00  0.137965E+02  0.241377E+01
  0.620000E+00  0.161290E+01  0.650963E+00  0.138244E+02  0.243095E+01
  0.630000E+00  0.158730E+01  0.653684E+00  0.138512E+02  0.244765E+01
  0.640000E+00  0.156250E+01  0.656293E+00  0.138767E+02  0.246389E+01
  0.650000E+00  0.153846E+01  0.658796E+00  0.139013E+02  0.247970E+01
  0.660000E+00  0.151515E+01  0.661197E+00  0.139247E+02  0.249508E+01
  0.670000E+00  0.149254E+01  0.663503E+00  0.139473E+02  0.251006E+01
  0.680000E+00  0.147059E+01  0.665718E+00  0.139689E+02  0.252465E+01
  0.690000E+00  0.144928E+01  0.667846E+00  0.139896E+02  0.253886E+01
  0.700000E+00  0.142857E+01  0.669892E+00  0.140096E+02  0.255271E+01
  0.710000E+00  0.140845E+01  0.671859E+00  0.140287E+02  0.256621E+01
  0.720000E+00  0.138889E+01  0.673753E+00  0.140471E+02  0.257937E+01
  0.730000E+00  0.136986E+01  0.675575E+00  0.140648E+02  0.259220E+01
  0.740000E+00  0.135135E+01  0.677329E+00  0.140819E+02  0.260473E+01
  0.750000E+00  0.133333E+01  0.679020E+00  0.140983E+02  0.261694E+01
  0.760000E+00  0.131579E+01  0.680649E+00  0.141141E+02  0.262887E+01
  0.770000E+00  0.129870E+01  0.682219E+00  0.141293E+02  0.264052E+01
  0.780000E+00  0.128205E+01  0.683733E+00  0.141440E+02  0.265189E+01
  0.790000E+00  0.126582E+01  0.685194E+00  0.141581E+02  0.266300E+01
  0.800000E+00  0.125000E+01  0.686604E+00  0.141718E+02  0.267385E+01
  0.810000E+00  0.123457E+01  0.687966E+00  0.141849E+02  0.268445E+01
  0.820000E+00  0.121951E+01  0.689280E+00  0.141977E+02  0.269482E+01
  0.830000E+00  0.120482E+01  0.690551E+00  0.142099E+02  0.270496E+01
  0.840000E+00  0.119048E+01  0.691778E+00  0.142218E+02  0.271487E+01
  0.850000E+00  0.117647E+01  0.692965E+00  0.142333E+02  0.272457E+01
  0.860000E+00  0.116279E+01  0.694113E+00  0.142444E+02  0.273406E+01
  0.870000E+00  0.114943E+01  0.695223E+00  0.142551E+02  0.274334E+01
  0.880000E+00  0.113636E+01  0.696297E+00  0.142655E+02  0.275243E+01
  0.890000E+00  0.112360E+01  0.697337E+00  0.142756E+02  0.276133E+01
  0.900000E+00  0.111111E+01  0.698344E+00  0.142853E+02  0.277004E+01
  0.910000E+00  0.109890E+01  0.699320E+00  0.142947E+02  0.277857E+01
  0.920000E+00  0.108696E+01  0.700265E+00  0.143039E+02  0.278693E+01
  0.930000E+00  0.107527E+01  0.701180E+00  0.143127E+02  0.279512E+01
  0.940000E+00  0.106383E+01  0.702068E+00  0.143213E+02  0.280315E+01
  0.950000E+00  0.105263E+01  0.702929E+00  0.143296E+02  0.281101E+01
  0.960000E+00  0.104167E+01  0.703764E+00  0.143377E+02  0.281872E+01
  0.970000E+00  0.103093E+01  0.704574E+00  0.143455E+02  0.282629E+01
  0.980000E+00  0.102041E+01  0.705361E+00  0.143531E+02  0.283370E+01
  0.990000E+00  0.101010E+01  0.706124E+00  0.143605E+02  0.284098E+01
  0.100000E+01  0.100000E+01  0.706865E+00  0.143677E+02  0.284811E+01
  0.101000E+01  0.990099E+00  0.707585E+00  0.143747E+02  0.285512E+01
  0.102000E+01  0.980392E+00  0.708284E+00  0.143814E+02  0.286199E+01
  0.103000E+01  0.970874E+00  0.708964E+00  0.143880E+02  0.286873E+01
  0.104000E+01  0.961538E+00  0.709624E+00  0.143944E+02  0.287535E+01
  0.105000E+01  0.952381E+00  0.710266E+00  0.144006E+02  0.288186E+01
  0.106000E+01  0.943396E+00  0.710890E+00  0.144067E+02  0.288824E+01
  0.107000E+01  0.934579E+00  0.711498E+00  0.144126E+02  0.289451E+01
  0.108000E+01  0.925926E+00  0.712088E+00  0.144183E+02  0.290067E+01
  0.109000E+01  0.917431E+00  0.712663E+00  0.144239E+02  0.290672E+01
  0.110000E+01  0.909091E+00  0.713223E+00  0.144293E+02  0.291267E+01
  0.111000E+01  0.900901E+00  0.713767E+00  0.144346E+02  0.291851E+01
  0.112000E+01  0.892857E+00  0.714298E+00  0.144398E+02  0.292425E+01
  0.113000E+01  0.884956E+00  0.714814E+00  0.144448E+02  0.292990E+01
  0.114000E+01  0.877193E+00  0.715317E+00  0.144497E+02  0.293545E+01
  0.115000E+01  0.869565E+00  0.715808E+00  0.144544E+02  0.294091E+01
  0.116000E+01  0.862069E+00  0.716285E+00  0.144591E+02  0.294628E+01
  0.117000E+01  0.854701E+00  0.716751E+00  0.144636E+02  0.295156E+01
  0.118000E+01  0.847458E+00  0.717205E+00  0.144680E+02  0.295675E+01
  0.119000E+01  0.840336E+00  0.717647E+00  0.144723E+02  0.296186E+01
  0.120000E+01  0.833333E+00  0.718079E+00  0.144765E+02  0.296689E+01
  0.121000E+01  0.826446E+00  0.718500E+00  0.144806E+02  0.297183E+01
  0.122000E+01  0.819672E+00  0.718911E+00  0.144847E+02  0.297670E+01
  0.123000E+01  0.813008E+00  0.719312E+00  0.144886E+02  0.298149E+01
  0.124000E+01  0.806452E+00  0.719703E+00  0.144924E+02  0.298621E+01
  0.125000E+01  0.800000E+00  0.720085E+00  0.144961E+02  0.299086E+01
  0.126000E+01  0.793651E+00  0.720458E+00  0.144998E+02  0.299543E+01
  0.127000E+01  0.787402E+00  0.720822E+00  0.145033E+02  0.299993E+01
  0.128000E+01  0.781250E+00  0.721177E+00  0.145068E+02  0.300437E+01
  0.129000E+01  0.775194E+00  0.721524E+00  0.145102E+02  0.300874E+01
  0.130000E+01  0.769231E+00  0.721864E+00  0.145135E+02  0.301304E+01
  0.131000E+01  0.763359E+00  0.722195E+00  0.145168E+02  0.301728E+01
  0.132000E+01  0.757576E+00  0.722519E+00  0.145200E+02  0.302146E+01
  0.133000E+01  0.751880E+00  0.722836E+00  0.145231E+02  0.302557E+01
  0.134000E+01  0.746269E+00  0.723145E+00  0.145261E+02  0.302963E+01
  0.135000E+01  0.740741E+00  0.723448E+00  0.145291E+02  0.303363E+01
  0.136000E+01  0.735294E+00  0.723744E+00  0.145320E+02  0.303757E+01
  0.137000E+01  0.729927E+00  0.724034E+00  0.145348E+02  0.304145E+01
  0.138000E+01  0.724638E+00  0.724317E+00  0.145376E+02  0.304528E+01
  0.139000E+01  0.719424E+00  0.724594E+00  0.145403E+02  0.304906E+01
  0.140000E+01  0.714286E+00  0.724865E+00  0.145430E+02  0.305279E+01
  0.141000E+01  0.709220E+00  0.725130E+00  0.145456E+02  0.305646E+01
  0.142000E+01  0.704225E+00  0.725390E+00  0.145482E+02  0.306008E+01
  0.143000E+01  0.699301E+00  0.725644E+00  0.145507E+02  0.306365E+01
  0.144000E+01  0.694444E+00  0.725892E+00  0.145531E+02  0.306718E+01
  0.145000E+01  0.689655E+00  0.726136E+00  0.145556E+02  0.307066E+01
  0.146000E+01  0.684932E+00  0.726374E+00  0.145579E+02  0.307409E+01
  0.147000E+01  0.680272E+00  0.726608E+00  0.145602E+02  0.307747E+01
  0.148000E+01  0.675676E+00  0.726837E+00  0.145625E+02  0.308081E+01
  0.149000E+01  0.671141E+00  0.727061E+00  0.145647E+02  0.308411E+01
  0.150000E+01  0.666667E+00  0.727281E+00  0.145669E+02  0.308736E+01
  0.151000E+01  0.662252E+00  0.727496E+00  0.145690E+02  0.309057E+01
  0.152000E+01  0.657895E+00  0.727707E+00  0.145711E+02  0.309374E+01
  0.153000E+01  0.653595E+00  0.727913E+00  0.145732E+02  0.309687E+01
  0.154000E+01  0.649351E+00  0.728116E+00  0.145752E+02  0.309996E+01
  0.155000E+01  0.645161E+00  0.728315E+00  0.145771E+02  0.310301E+01
  0.156000E+01  0.641026E+00  0.728509E+00  0.145791E+02  0.310603E+01
  0.157000E+01  0.636943E+00  0.728700E+00  0.145810E+02  0.310900E+01
  0.158000E+01  0.632911E+00  0.728888E+00  0.145828E+02  0.311194E+01
  0.159000E+01  0.628931E+00  0.729071E+00  0.145847E+02  0.311484E+01
  0.160000E+01  0.625000E+00  0.729251E+00  0.145865E+02  0.311771E+01
  0.161000E+01  0.621118E+00  0.729428E+00  0.145882E+02  0.312054E+01
  0.162000E+01  0.617284E+00  0.729601E+00  0.145900E+02  0.312333E+01
  0.163000E+01  0.613497E+00  0.729772E+00  0.145917E+02  0.312610E+01
  0.164000E+01  0.609756E+00  0.729939E+00  0.145933E+02  0.312883E+01
  0.165000E+01  0.606061E+00  0.730102E+00  0.145950E+02  0.313153E+01
  0.166000E+01  0.602410E+00  0.730263E+00  0.145966E+02  0.313419E+01
  0.167000E+01  0.598802E+00  0.730421E+00  0.145982E+02  0.313683E+01
  0.168000E+01  0.595238E+00  0.730576E+00  0.145997E+02  0.313943E+01
  0.169000E+01  0.591716E+00  0.730728E+00  0.146013E+02  0.314200E+01
  0.170000E+01  0.588235E+00  0.730878E+00  0.146028E+02  0.314455E+01
  0.171000E+01  0.584795E+00  0.731025E+00  0.146042E+02  0.314706E+01
  0.172000E+01  0.581395E+00  0.731169E+00  0.146057E+02  0.314955E+01
  0.173000E+01  0.578035E+00  0.731310E+00  0.146071E+02  0.315200E+01
  0.174000E+01  0.574713E+00  0.731449E+00  0.146085E+02  0.315443E+01
  0.175000E+01  0.571429E+00  0.731586E+00  0.146099E+02  0.315684E+01
  0.176000E+01  0.568182E+00  0.731720E+00  0.146112E+02  0.315921E+01
  0.177000E+01  0.564972E+00  0.731852E+00  0.146126E+02  0.316156E+01
  0.178000E+01  0.561798E+00  0.731982E+00  0.146139E+02  0.316388E+01
  0.179000E+01  0.558659E+00  0.732109E+00  0.146152E+02  0.316618E+01
  0.180000E+01  0.555556E+00  0.732234E+00  0.146164E+02  0.316845E+01
  0.181000E+01  0.552486E+00  0.732357E+00  0.146177E+02  0.317070E+01
  0.182000E+01  0.549451E+00  0.732478E+00  0.146189E+02  0.317293E+01
  0.183000E+01  0.546448E+00  0.732597E+00  0.146201E+02  0.317512E+01
  0.184000E+01  0.543478E+00  0.732714E+00  0.146213E+02  0.317730E+01
  0.185000E+01  0.540541E+00  0.732829E+00  0.146225E+02  0.317945E+01
  0.186000E+01  0.537634E+00  0.732942E+00  0.146236E+02  0.318158E+01
  0.187000E+01  0.534759E+00  0.733053E+00  0.146247E+02  0.318369E+01
  0.188000E+01  0.531915E+00  0.733163E+00  0.146259E+02  0.318578E+01
  0.189000E+01  0.529101E+00  0.733270E+00  0.146269E+02  0.318784E+01
  0.190000E+01  0.526316E+00  0.733376E+00  0.146280E+02  0.318988E+01
  0.191000E+01  0.523560E+00  0.733480E+00  0.146291E+02  0.319190E+01
  0.192000E+01  0.520833E+00  0.733582E+00  0.146301E+02  0.319390E+01
  0.193000E+01  0.518135E+00  0.733683E+00  0.146312E+02  0.319588E+01
  0.194000E+01  0.515464E+00  0.733782E+00  0.146322E+02  0.319784E+01
  0.195000E+01  0.512821E+00  0.733880E+00  0.146332E+02  0.319978E+01
  0.196000E+01  0.510204E+00  0.733976E+00  0.146341E+02  0.320170E+01
  0.197000E+01  0.507614E+00  0.734070E+00  0.146351E+02  0.320360E+01
  0.198000E+01  0.505051E+00  0.734163E+00  0.146361E+02  0.320549E+01
  0.199000E+01  0.502513E+00  0.734255E+00  0.146370E+02  0.320735E+01
  0.200000E+01  0.500000E+00  0.734345E+00  0.146379E+02  0.320919E+01
  0.201000E+01  0.497512E+00  0.734434E+00  0.146388E+02  0.321102E+01
  0.202000E+01  0.495050E+00  0.734521E+00  0.146397E+02  0.321283E+01
  0.203000E+01  0.492611E+00  0.734607E+00  0.146406E+02  0.321462E+01
  0.204000E+01  0.490196E+00  0.734692E+00  0.146415E+02  0.321639E+01
  0.205000E+01  0.487805E+00  0.734775E+00  0.146424E+02  0.321815E+01
  0.206000E+01  0.485437E+00  0.734857E+00  0.146432E+02  0.321989E+01
  0.207000E+01  0.483092E+00  0.734938E+00  0.146440E+02  0.322162E+01
  0.208000E+01  0.480769E+00  0.735018E+00  0.146449E+02  0.322332E+01
  0.209000E+01  0.478469E+00  0.735097E+00  0.146457E+02  0.322501E+01
  0.210000E+01  0.476190E+00  0.735174E+00  0.146465E+02  0.322669E+01
  0.211000E+01  0.473934E+00  0.735250E+00  0.146473E+02  0.322835E+01
  0.212000E+01  0.471698E+00  0.735325E+00  0.146480E+02  0.322999E+01
  0.213000E+01  0.469484E+00  0.735399E+00  0.146488E+02  0.323162E+01
  0.214000E+01  0.467290E+00  0.735472E+00  0.146496E+02  0.323323E+01
  0.215000E+01  0.465116E+00  0.735544E+00  0.146503E+02  0.323483E+01
  0.216000E+01  0.462963E+00  0.735615E+00  0.146510E+02  0.323642E+01
  0.217000E+01  0.460829E+00  0.735684E+00  0.146518E+02  0.323799E+01
  0.218000E+01  0.458716E+00  0.735753E+00  0.146525E+02  0.323954E+01
  0.219000E+01  0.456621E+00  0.735821E+00  0.146532E+02  0.324108E+01
  0.220000E+01  0.454545E+00  0.735888E+00  0.146539E+02  0.324261E+01
  0.221000E+01  0.452489E+00  0.735953E+00  0.146546E+02  0.324412E+01
  0.222000E+01  0.450450E+00  0.736018E+00  0.146552E+02  0.324562E+01
  0.223000E+01  0.448430E+00  0.736082E+00  0.146559E+02  0.324711E+01
  0.224000E+01  0.446429E+00  0.736145E+00  0.146566E+02  0.324858E+01
  0.225000E+01  0.444444E+00  0.736208E+00  0.146572E+02  0.325004E+01
  0.226000E+01  0.442478E+00  0.736269E+00  0.146579E+02  0.325149E+01
  0.227000E+01  0.440529E+00  0.736329E+00  0.146585E+02  0.325293E+01
  0.228000E+01  0.438596E+00  0.736389E+00  0.146591E+02  0.325435E+01
  0.229000E+01  0.436681E+00  0.736448E+00  0.146597E+02  0.325576E+01
  0.230000E+01  0.434783E+00  0.736506E+00  0.146603E+02  0.325716E+01
  0.231000E+01  0.432900E+00  0.736563E+00  0.146610E+02  0.325854E+01
  0.232000E+01  0.431034E+00  0.736620E+00  0.146615E+02  0.325992E+01
  0.233000E+01  0.429185E+00  0.736675E+00  0.146621E+02  0.326128E+01
  0.234000E+01  0.427350E+00  0.736730E+00  0.146627E+02  0.326263E+01
  0.235000E+01  0.425532E+00  0.736784E+00  0.146633E+02  0.326397E+01
  0.236000E+01  0.423729E+00  0.736838E+00  0.146638E+02  0.326530E+01
  0.237000E+01  0.421941E+00  0.736891E+00  0.146644E+02  0.326662E+01
  0.238000E+01  0.420168E+00  0.736943E+00  0.146650E+02  0.326793E+01
  0.239000E+01  0.418410E+00  0.736994E+00  0.146655E+02  0.326922E+01
  0.240000E+01  0.416667E+00  0.737045E+00  0.146660E+02  0.327051E+01
  0.241000E+01  0.414938E+00  0.737095E+00  0.146666E+02  0.327178E+01
  0.242000E+01  0.413223E+00  0.737144E+00  0.146671E+02  0.327304E+01
  0.243000E+01  0.411523E+00  0.737193E+00  0.146676E+02  0.327430E+01
  0.244000E+01  0.409836E+00  0.737241E+00  0.146681E+02  0.327554E+01
  0.245000E+01  0.408163E+00  0.737289E+00  0.146686E+02  0.327677E+01
  0.246000E+01  0.406504E+00  0.737335E+00  0.146691E+02  0.327800E+01
  0.247000E+01  0.404858E+00  0.737382E+00  0.146696E+02  0.327921E+01
  0.248000E+01  0.403226E+00  0.737427E+00  0.146701E+02  0.328041E+01
  0.249000E+01  0.401606E+00  0.737472E+00  0.146706E+02  0.328161E+01
  0.250000E+01  0.400000E+00  0.737517E+00  0.146710E+02  0.328279E+01
  0.251000E+01  0.398406E+00  0.737561E+00  0.146715E+02  0.328397E+01
  0.252000E+01  0.396825E+00  0.737604E+00  0.146720E+02  0.328514E+01
  0.253000E+01  0.395257E+00  0.737647E+00  0.146724E+02  0.328629E+01
  0.254000E+01  0.393701E+00  0.737689E+00  0.146729E+02  0.328744E+01
  0.255000E+01  0.392157E+00  0.737731E+00  0.146733E+02  0.328858E+01
  0.256000E+01  0.390625E+00  0.737772E+00  0.146738E+02  0.328971E+01
  0.257000E+01  0.389105E+00  0.737813E+00  0.146742E+02  0.329083E+01
  0.258000E+01  0.387597E+00  0.737853E+00  0.146747E+02  0.329194E+01
  0.259000E+01  0.386100E+00  0.737893E+00  0.146751E+02  0.329305E+01
  0.260000E+01  0.384615E+00  0.737932E+00  0.146755E+02  0.329414E+01
  0.261000E+01  0.383142E+00  0.737971E+00  0.146759E+02  0.329523E+01
  0.262000E+01  0.381679E+00  0.738010E+00  0.146763E+02  0.329631E+01
  0.263000E+01  0.380228E+00  0.738047E+00  0.146767E+02  0.329738E+01
  0.264000E+01  0.378788E+00  0.738085E+00  0.146771E+02  0.329844E+01
  0.265000E+01  0.377358E+00  0.738122E+00  0.146775E+02  0.329950E+01
  0.266000E+01  0.375940E+00  0.738158E+00  0.146779E+02  0.330055E+01
  0.267000E+01  0.374532E+00  0.738194E+00  0.146783E+02  0.330159E+01
  0.268000E+01  0.373134E+00  0.738230E+00  0.146787E+02  0.330262E+01
  0.269000E+01  0.371747E+00  0.738265E+00  0.146791E+02  0.330364E+01
  0.270000E+01  0.370370E+00  0.738300E+00  0.146795E+02  0.330466E+01
  0.271000E+01  0.369004E+00  0.738334E+00  0.146798E+02  0.330567E+01
  0.272000E+01  0.367647E+00  0.738368E+00  0.146802E+02  0.330667E+01
  0.273000E+01  0.366300E+00  0.738402E+00  0.146806E+02  0.330766E+01
  0.274000E+01  0.364964E+00  0.738435E+00  0.146809E+02  0.330865E+01
  0.275000E+01  0.363636E+00  0.738468E+00  0.146813E+02  0.330963E+01
  0.276000E+01  0.362319E+00  0.738500E+00  0.146816E+02  0.331060E+01
  0.277000E+01  0.361011E+00  0.738532E+00  0.146820E+02  0.331157E+01
  0.278000E+01  0.359712E+00  0.738564E+00  0.146823E+02  0.331253E+01
  0.279000E+01  0.358423E+00  0.738595E+00  0.146827E+02  0.331348E+01
  0.280000E+01  0.357143E+00  0.738626E+00  0.146830E+02  0.331443E+01
  0.281000E+01  0.355872E+00  0.738657E+00  0.146834E+02  0.331536E+01
  0.282000E+01  0.354610E+00  0.738687E+00  0.146837E+02  0.331630E+01
  0.283000E+01  0.353357E+00  0.738717E+00  0.146840E+02  0.331722E+01
  0.284000E+01  0.352113E+00  0.738746E+00  0.146843E+02  0.331814E+01
  0.285000E+01  0.350877E+00  0.738776E+00  0.146847E+02  0.331905E+01
  0.286000E+01  0.349650E+00  0.738804E+00  0.146850E+02  0.331996E+01
  0.287000E+01  0.348432E+00  0.738833E+00  0.146853E+02  0.332086E+01
  0.288000E+01  0.347222E+00  0.738861E+00  0.146856E+02  0.332175E+01
  0.289000E+01  0.346021E+00  0.738889E+00  0.146859E+02  0.332264E+01
  0.290000E+01  0.344828E+00  0.738917E+00  0.146862E+02  0.332352E+01
  0.291000E+01  0.343643E+00  0.738944E+00  0.146865E+02  0.332440E+01
  0.292000E+01  0.342466E+00  0.738971E+00  0.146868E+02  0.332527E+01
  0.293000E+01  0.341297E+00  0.738998E+00  0.146871E+02  0.332613E+01
  0.294000E+01  0.340136E+00  0.739024E+00  0.146874E+02  0.332699E+01
  0.295000E+01  0.338983E+00  0.739050E+00  0.146877E+02  0.332784E+01
  0.296000E+01  0.337838E+00  0.739076E+00  0.146880E+02  0.332869E+01
  0.297000E+01  0.336700E+00  0.739102E+00  0.146883E+02  0.332953E+01
  0.298000E+01  0.335570E+00  0.739127E+00  0.146885E+02  0.333037E+01
  0.299000E+01  0.334448E+00  0.739152E+00  0.146888E+02  0.333119E+01
  0.300000E+01  0.333333E+00  0.739177E+00  0.146891E+02  0.333202E+01
  0.301000E+01  0.332226E+00  0.739201E+00  0.146894E+02  0.333284E+01
  0.302000E+01  0.331126E+00  0.739226E+00  0.146896E+02  0.333365E+01
  0.303000E+01  0.330033E+00  0.739249E+00  0.146899E+02  0.333446E+01
  0.304000E+01  0.328947E+00  0.739273E+00  0.146902E+02  0.333526E+01
  0.305000E+01  0.327869E+00  0.739297E+00  0.146904E+02  0.333606E+01
  0.306000E+01  0.326797E+00  0.739320E+00  0.146907E+02  0.333685E+01
  0.307000E+01  0.325733E+00  0.739343E+00  0.146909E+02  0.333764E+01
  0.308000E+01  0.324675E+00  0.739365E+00  0.146912E+02  0.333842E+01
  0.309000E+01  0.323625E+00  0.739388E+00  0.146915E+02  0.333920E+01
  0.310000E+01  0.322581E+00  0.739410E+00  0.146917E+02  0.333997E+01
  0.311000E+01  0.321543E+00  0.739432E+00  0.146920E+02  0.334074E+01
  0.312000E+01  0.320513E+00  0.739454E+00  0.146922E+02  0.334150E+01
  0.313000E+01  0.319489E+00  0.739476E+00  0.146924E+02  0.334225E+01
  0.314000E+01  0.318471E+00  0.739497E+00  0.146927E+02  0.334301E+01
  0.315000E+01  0.317460E+00  0.739518E+00  0.146929E+02  0.334375E+01
  0.316000E+01  0.316456E+00  0.739539E+00  0.146932E+02  0.334450E+01
  0.317000E+01  0.315457E+00  0.739560E+00  0.146934E+02  0.334524E+01
  0.318000E+01  0.314465E+00  0.739580E+00  0.146936E+02  0.334597E+01
  0.319000E+01  0.313480E+00  0.739600E+00  0.146938E+02  0.334670E+01
  0.320000E+01  0.312500E+00  0.739620E+00  0.146941E+02  0.334742E+01
  0.321000E+01  0.311526E+00  0.739640E+00  0.146943E+02  0.334814E+01
  0.322000E+01  0.310559E+00  0.739660E+00  0.146945E+02  0.334886E+01
  0.323000E+01  0.309598E+00  0.739679E+00  0.146947E+02  0.334957E+01
  0.324000E+01  0.308642E+00  0.739698E+00  0.146950E+02  0.335028E+01
  0.325000E+01  0.307692E+00  0.739717E+00  0.146952E+02  0.335098E+01
  0.326000E+01  0.306748E+00  0.739736E+00  0.146954E+02  0.335168E+01
  0.327000E+01  0.305810E+00  0.739755E+00  0.146956E+02  0.335237E+01
  0.328000E+01  0.304878E+00  0.739774E+00  0.146958E+02  0.335306E+01
  0.329000E+01  0.303951E+00  0.739792E+00  0.146960E+02  0.335375E+01
  0.330000E+01  0.303030E+00  0.739810E+00  0.146962E+02  0.335443E+01
  0.331000E+01  0.302115E+00  0.739828E+00  0.146964E+02  0.335511E+01
  0.332000E+01  0.301205E+00  0.739846E+00  0.146966E+02  0.335578E+01
  0.333000E+01  0.300300E+00  0.739863E+00  0.146968E+02  0.335645E+01
  0.334000E+01  0.299401E+00  0.739881E+00  0.146970E+02  0.335711E+01
  0.335000E+01  0.298507E+00  0.739898E+00  0.146972E+02  0.335777E+01
  0.336000E+01  0.297619E+00  0.739915E+00  0.146974E+02  0.335843E+01
  0.337000E+01  0.296736E+00  0.739932E+00  0.146976E+02  0.335908E+01
  0.338000E+01  0.295858E+00  0.739949E+00  0.146978E+02  0.335973E+01
  0.339000E+01  0.294985E+00  0.739965E+00  0.146980E+02  0.336038E+01
  0.340000E+01  0.294118E+00  0.739982E+00  0.146982E+02  0.336102E+01
  0.341000E+01  0.293255E+00  0.739998E+00  0.146984E+02  0.336166E+01
  0.342000E+01  0.292398E+00  0.740014E+00  0.146986E+02  0.336230E+01
  0.343000E+01  0.291545E+00  0.740030E+00  0.146988E+02  0.336293E+01
  0.344000E+01  0.290698E+00  0.740046E+00  0.146989E+02  0.336355E+01
  0.345000E+01  0.289855E+00  0.740061E+00  0.146991E+02  0.336418E+01
  0.346000E+01  0.289017E+00  0.740077E+00  0.146993E+02  0.336480E+01
  0.347000E+01  0.288184E+00  0.740092E+00  0.146995E+02  0.336541E+01
  0.348000E+01  0.287356E+00  0.740107E+00  0.146997E+02  0.336603E+01
  0.349000E+01  0.286533E+00  0.740123E+00  0.146998E+02  0.336664E+01
  0.350000E+01  0.285714E+00  0.740137E+00  0.147000E+02  0.336724E+01
  0.351000E+01  0.284900E+00  0.740152E+00  0.147002E+02  0.336784E+01
  0.352000E+01  0.284091E+00  0.740167E+00  0.147003E+02  0.336844E+01
  0.353000E+01  0.283286E+00  0.740181E+00  0.147005E+02  0.336904E+01
  0.354000E+01  0.282486E+00  0.740196E+00  0.147007E+02  0.336963E+01
  0.355000E+01  0.281690E+00  0.740210E+00  0.147008E+02  0.337022E+01
  0.356000E+01  0.280899E+00  0.740224E+00  0.147010E+02  0.337081E+01
  0.357000E+01  0.280112E+00  0.740238E+00  0.147012E+02  0.337139E+01
  0.358000E+01  0.279330E+00  0.740252E+00  0.147013E+02  0.337197E+01
  0.359000E+01  0.278552E+00  0.740266E+00  0.147015E+02  0.337254E+01
  0.360000E+01  0.277778E+00  0.740279E+00  0.147017E+02  0.337312E+01
  0.361000E+01  0.277008E+00  0.740293E+00  0.147018E+02  0.337369E+01
  0.362000E+01  0.276243E+00  0.740306E+00  0.147020E+02  0.337425E+01
  0.363000E+01  0.275482E+00  0.740319E+00  0.147021E+02  0.337482E+01
  0.364000E+01  0.274725E+00  0.740332E+00  0.147023E+02  0.337538E+01
  0.365000E+01  0.273973E+00  0.740345E+00  0.147024E+02  0.337593E+01
  0.366000E+01  0.273224E+00  0.740358E+00  0.147026E+02  0.337649E+01
  0.367000E+01  0.272480E+00  0.740371E+00  0.147027E+02  0.337704E+01
  0.368000E+01  0.271739E+00  0.740384E+00  0.147029E+02  0.337759E+01
  0.369000E+01  0.271003E+00  0.740396E+00  0.147030E+02  0.337813E+01
  0.370000E+01  0.270270E+00  0.740409E+00  0.147032E+02  0.337867E+01
  0.371000E+01  0.269542E+00  0.740421E+00  0.147033E+02  0.337921E+01
  0.372000E+01  0.268817E+00  0.740433E+00  0.147035E+02  0.337975E+01
  0.373000E+01  0.268097E+00  0.740445E+00  0.147036E+02  0.338028E+01
  0.374000E+01  0.267380E+00  0.740457E+00  0.147038E+02  0.338081E+01
  0.375000E+01  0.266667E+00  0.740469E+00  0.147039E+02  0.338134E+01
  0.376000E+01  0.265957E+00  0.740481E+00  0.147040E+02  0.338187E+01
  0.377000E+01  0.265252E+00  0.740492E+00  0.147042E+02  0.338239E+01
  0.378000E+01  0.264550E+00  0.740504E+00  0.147043E+02  0.338291E+01
  0.379000E+01  0.263852E+00  0.740515E+00  0.147044E+02  0.338343E+01
  0.380000E+01  0.263158E+00  0.740527E+00  0.147046E+02  0.338394E+01
  0.381000E+01  0.262467E+00  0.740538E+00  0.147047E+02  0.338445E+01
  0.382000E+01  0.261780E+00  0.740549E+00  0.147049E+02  0.338496E+01
  0.383000E+01  0.261097E+00  0.740560E+00  0.147050E+02  0.338547E+01
  0.384000E+01  0.260417E+00  0.740571E+00  0.147051E+02  0.338597E+01
  0.385000E+01  0.259740E+00  0.740582E+00  0.147052E+02  0.338647E+01
  0.386000E+01  0.259067E+00  0.740593E+00  0.147054E+02  0.338697E+01
  0.387000E+01  0.258398E+00  0.740603E+00  0.147055E+02  0.338747E+01
  0.388000E+01  0.257732E+00  0.740614E+00  0.147056E+02  0.338796E+01
  0.389000E+01  0.257069E+00  0.740624E+00  0.147058E+02  0.338845E+01
  0.390000E+01  0.256410E+00  0.740635E+00  0.147059E+02  0.338894E+01
  0.391000E+01  0.255754E+00  0.740645E+00  0.147060E+02  0.338942E+01
  0.392000E+01  0.255102E+00  0.740655E+00  0.147061E+02  0.338991E+01
  0.393000E+01  0.254453E+00  0.740666E+00  0.147063E+02  0.339039E+01
  0.394000E+01  0.253807E+00  0.740676E+00  0.147064E+02  0.339087E+01
  0.395000E+01  0.253165E+00  0.740686E+00  0.147065E+02  0.339134E+01
  0.396000E+01  0.252525E+00  0.740695E+00  0.147066E+02  0.339182E+01
  0.397000E+01  0.251889E+00  0.740705E+00  0.147067E+02  0.339229E+01
  0.398000E+01  0.251256E+00  0.740715E+00  0.147069E+02  0.339276E+01
  0.399000E+01  0.250627E+00  0.740725E+00  0.147070E+02  0.339322E+01
  0.400000E+01  0.250000E+00  0.740734E+00  0.147071E+02  0.339369E+01
  0.401000E+01  0.249377E+00  0.740744E+00  0.147072E+02  0.339415E+01
  0.402000E+01  0.248756E+00  0.740753E+00  0.147073E+02  0.339461E+01
  0.403000E+01  0.248139E+00  0.740762E+00  0.147074E+02  0.339506E+01
  0.404000E+01  0.247525E+00  0.740772E+00  0.147075E+02  0.339552E+01
  0.405000E+01  0.246914E+00  0.740781E+00  0.147077E+02  0.339597E+01
  0.406000E+01  0.246305E+00  0.740790E+00  0.147078E+02  0.339642E+01
  0.407000E+01  0.245700E+00  0.740799E+00  0.147079E+02  0.339687E+01
  0.408000E+01  0.245098E+00  0.740808E+00  0.147080E+02  0.339732E+01
  0.409000E+01  0.244499E+00  0.740817E+00  0.147081E+02  0.339776E+01
  0.410000E+01  0.243902E+00  0.740825E+00  0.147082E+02  0.339820E+01
  0.411000E+01  0.243309E+00  0.740834E+00  0.147083E+02  0.339864E+01
  0.412000E+01  0.242718E+00  0.740843E+00  0.147084E+02  0.339908E+01
  0.413000E+01  0.242131E+00  0.740851E+00  0.147085E+02  0.339952E+01
  0.414000E+01  0.241546E+00  0.740860E+00  0.147086E+02  0.339995E+01
  0.415000E+01  0.240964E+00  0.740868E+00  0.147087E+02  0.340038E+01
  0.416000E+01  0.240385E+00  0.740877E+00  0.147088E+02  0.340081E+01
  0.417000E+01  0.239808E+00  0.740885E+00  0.147089E+02  0.340124E+01
  0.418000E+01  0.239234E+00  0.740893E+00  0.147090E+02  0.340166E+01
  0.419000E+01  0.238663E+00  0.740901E+00  0.147091E+02  0.340208E+01
  0.420000E+01  0.238095E+00  0.740909E+00  0.147092E+02  0.340251E+01
  0.421000E+01  0.237530E+00  0.740917E+00  0.147093E+02  0.340292E+01
  0.422000E+01  0.236967E+00  0.740925E+00  0.147094E+02  0.340334E+01
  0.423000E+01  0.236407E+00  0.740933E+00  0.147095E+02  0.340376E+01
  0.424000E+01  0.235849E+00  0.740941E+00  0.147096E+02  0.340417E+01
  0.425000E+01  0.235294E+00  0.740949E+00  0.147097E+02  0.340458E+01
  0.426000E+01  0.234742E+00  0.740957E+00  0.147098E+02  0.340499E+01
  0.427000E+01  0.234192E+00  0.740964E+00  0.147099E+02  0.340540E+01
  0.428000E+01  0.233645E+00  0.740972E+00  0.147100E+02  0.340580E+01
  0.429000E+01  0.233100E+00  0.740979E+00  0.147101E+02  0.340621E+01
  0.430000E+01  0.232558E+00  0.740987E+00  0.147102E+02  0.340661E+01
  0.431000E+01  0.232019E+00  0.740994E+00  0.147103E+02  0.340701E+01
  0.432000E+01  0.231481E+00  0.741002E+00  0.147104E+02  0.340741E+01
  0.433000E+01  0.230947E+00  0.741009E+00  0.147105E+02  0.340780E+01
  0.434000E+01  0.230415E+00  0.741016E+00  0.147106E+02  0.340820E+01
  0.435000E+01  0.229885E+00  0.741023E+00  0.147107E+02  0.340859E+01
  0.436000E+01  0.229358E+00  0.741031E+00  0.147107E+02  0.340898E+01
  0.437000E+01  0.228833E+00  0.741038E+00  0.147108E+02  0.340937E+01
  0.438000E+01  0.228311E+00  0.741045E+00  0.147109E+02  0.340976E+01
  0.439000E+01  0.227790E+00  0.741052E+00  0.147110E+02  0.341014E+01
  0.440000E+01  0.227273E+00  0.741058E+00  0.147111E+02  0.341052E+01
  0.441000E+01  0.226757E+00  0.741065E+00  0.147112E+02  0.341091E+01
  0.442000E+01  0.226244E+00  0.741072E+00  0.147113E+02  0.341129E+01
  0.443000E+01  0.225734E+00  0.741079E+00  0.147114E+02  0.341166E+01
  0.444000E+01  0.225225E+00  0.741086E+00  0.147114E+02  0.341204E+01
  0.445000E+01  0.224719E+00  0.741092E+00  0.147115E+02  0.341242E+01
  0.446000E+01  0.224215E+00  0.741099E+00  0.147116E+02  0.341279E+01
  0.447000E+01  0.223714E+00  0.741105E+00  0.147117E+02  0.341316E+01
  0.448000E+01  0.223214E+00  0.741112E+00  0.147118E+02  0.341353E+01
  0.449000E+01  0.222717E+00  0.741118E+00  0.147119E+02  0.341390E+01
  0.450000E+01  0.222222E+00  0.741125E+00  0.147119E+02  0.341427E+01
  0.451000E+01  0.221729E+00  0.741131E+00  0.147120E+02  0.341463E+01
  0.452000E+01  0.221239E+00  0.741137E+00  0.147121E+02  0.341500E+01
  0.453000E+01  0.220751E+00  0.741144E+00  0.147122E+02  0.341536E+01
  0.454000E+01  0.220264E+00  0.741150E+00  0.147123E+02  0.341572E+01
  0.455000E+01  0.219780E+00  0.741156E+00  0.147123E+02  0.341608E+01
  0.456000E+01  0.219298E+00  0.741162E+00  0.147124E+02  0.341643E+01
  0.457000E+01  0.218818E+00  0.741168E+00  0.147125E+02  0.341679E+01
  0.458000E+01  0.218341E+00  0.741174E+00  0.147126E+02  0.341714E+01
  0.459000E+01  0.217865E+00  0.741180E+00  0.147127E+02  0.341750E+01
  0.460000E+01  0.217391E+00  0.741186E+00  0.147127E+02  0.341785E+01
  0.461000E+01  0.216920E+00  0.741192E+00  0.147128E+02  0.341820E+01
  0.462000E+01  0.216450E+00  0.741198E+00  0.147129E+02  0.341855E+01
  0.463000E+01  0.215983E+00  0.741204E+00  0.147130E+02  0.341889E+01
  0.464000E+01  0.215517E+00  0.741209E+00  0.147130E+02  0.341924E+01
  0.465000E+01  0.215054E+00  0.741215E+00  0.147131E+02  0.341958E+01
  0.466000E+01  0.214592E+00  0.741221E+00  0.147132E+02  0.341992E+01
  0.467000E+01  0.214133E+00  0.741226E+00  0.147133E+02  0.342026E+01
  0.468000E+01  0.213675E+00  0.741232E+00  0.147133E+02  0.342060E+01
  0.469000E+01  0.213220E+00  0.741237E+00  0.147134E+02  0.342094E+01
  0.470000E+01  0.212766E+00  0.741243E+00  0.147135E+02  0.342128E+01
  0.471000E+01  0.212314E+00  0.741248E+00  0.147135E+02  0.342161E+01
  0.472000E+01  0.211864E+00  0.741254E+00  0.147136E+02  0.342194E+01
  0.473000E+01  0.211416E+00  0.741259E+00  0.147137E+02  0.342228E+01
  0.474000E+01  0.210970E+00  0.741264E+00  0.147137E+02  0.342261E+01
  0.475000E+01  0.210526E+00  0.741270E+00  0.147138E+02  0.342294E+01
  0.476000E+01  0.210084E+00  0.741275E+00  0.147139E+02  0.342326E+01
  0.477000E+01  0.209644E+00  0.741280E+00  0.147140E+02  0.342359E+01
  0.478000E+01  0.209205E+00  0.741285E+00  0.147140E+02  0.342392E+01
  0.479000E+01  0.208768E+00  0.741291E+00  0.147141E+02  0.342424E+01
  0.480000E+01  0.208333E+00  0.741296E+00  0.147142E+02  0.342456E+01
  0.481000E+01  0.207900E+00  0.741301E+00  0.147142E+02  0.342488E+01
  0.482000E+01  0.207469E+00  0.741306E+00  0.147143E+02  0.342520E+01
  0.483000E+01  0.207039E+00  0.741311E+00  0.147144E+02  0.342552E+01
  0.484000E+01  0.206612E+00  0.741316E+00  0.147144E+02  0.342584E+01
  0.485000E+01  0.206186E+00  0.741321E+00  0.147145E+02  0.342615E+01
  0.486000E+01  0.205761E+00  0.741326E+00  0.147146E+02  0.342647E+01
  0.487000E+01  0.205339E+00  0.741330E+00  0.147146E+02  0.342678E+01
  0.488000E+01  0.204918E+00  0.741335E+00  0.147147E+02  0.342709E+01
  0.489000E+01  0.204499E+00  0.741340E+00  0.147147E+02  0.342740E+01
  0.490000E+01  0.204082E+00  0.741345E+00  0.147148E+02  0.342771E+01
  0.491000E+01  0.203666E+00  0.741350E+00  0.147149E+02  0.342802E+01
  0.492000E+01  0.203252E+00  0.741354E+00  0.147149E+02  0.342833E+01
  0.493000E+01  0.202840E+00  0.741359E+00  0.147150E+02  0.342863E+01
  0.494000E+01  0.202429E+00  0.741364E+00  0.147151E+02  0.342894E+01
  0.495000E+01  0.202020E+00  0.741368E+00  0.147151E+02  0.342924E+01
  0.496000E+01  0.201613E+00  0.741373E+00  0.147152E+02  0.342954E+01
  0.497000E+01  0.201207E+00  0.741377E+00  0.147152E+02  0.342984E+01
  0.498000E+01  0.200803E+00  0.741382E+00  0.147153E+02  0.343014E+01
  0.499000E+01  0.200401E+00  0.741386E+00  0.147154E+02  0.343044E+01
  0.500000E+01  0.200000E+00  0.741391E+00  0.147154E+02  0.343074E+01
  0.501000E+01  0.199601E+00  0.741395E+00  0.147155E+02  0.343104E+01
  0.502000E+01  0.199203E+00  0.741399E+00  0.147155E+02  0.343133E+01
  0.503000E+01  0.198807E+00  0.741404E+00  0.147156E+02  0.343162E+01
  0.504000E+01  0.198413E+00  0.741408E+00  0.147157E+02  0.343192E+01
  0.505000E+01  0.198020E+00  0.741412E+00  0.147157E+02  0.343221E+01
  0.506000E+01  0.197628E+00  0.741417E+00  0.147158E+02  0.343250E+01
  0.507000E+01  0.197239E+00  0.741421E+00  0.147158E+02  0.343279E+01
  0.508000E+01  0.196850E+00  0.741425E+00  0.147159E+02  0.343307E+01
  0.509000E+01  0.196464E+00  0.741429E+00  0.147159E+02  0.343336E+01
  0.510000E+01  0.196078E+00  0.741433E+00  0.147160E+02  0.343365E+01
  0.511000E+01  0.195695E+00  0.741437E+00  0.147161E+02  0.343393E+01
  0.512000E+01  0.195312E+00  0.741441E+00  0.147161E+02  0.343422E+01
  0.513000E+01  0.194932E+00  0.741445E+00  0.147162E+02  0.343450E+01
  0.514000E+01  0.194553E+00  0.741449E+00  0.147162E+02  0.343478E+01
  0.515000E+01  0.194175E+00  0.741453E+00  0.147163E+02  0.343506E+01
  0.516000E+01  0.193798E+00  0.741457E+00  0.147163E+02  0.343534E+01
  0.517000E+01  0.193424E+00  0.741461E+00  0.147164E+02  0.343562E+01
  0.518000E+01  0.193050E+00  0.741465E+00  0.147164E+02  0.343589E+01
  0.519000E+01  0.192678E+00  0.741469E+00  0.147165E+02  0.343617E+01
  0.520000E+01  0.192308E+00  0.741473E+00  0.147165E+02  0.343644E+01
  0.521000E+01  0.191939E+00  0.741477E+00  0.147166E+02  0.343672E+01
  0.522000E+01  0.191571E+00  0.741481E+00  0.147166E+02  0.343699E+01
  0.523000E+01  0.191205E+00  0.741484E+00  0.147167E+02  0.343726E+01
  0.524000E+01  0.190840E+00  0.741488E+00  0.147167E+02  0.343753E+01
  0.525000E+01  0.190476E+00  0.741492E+00  0.147168E+02  0.343780E+01
  0.526000E+01  0.190114E+00  0.741496E+00  0.147169E+02  0.343807E+01
  0.527000E+01  0.189753E+00  0.741499E+00  0.147169E+02  0.343834E+01
  0.528000E+01  0.189394E+00  0.741503E+00  0.147170E+02  0.343860E+01
  0.529000E+01  0.189036E+00  0.741507E+00  0.147170E+02  0.343887E+01
  0.530000E+01  0.188679E+00  0.741510E+00  0.147171E+02  0.343913E+01
  0.531000E+01  0.188324E+00  0.741514E+00  0.147171E+02  0.343940E+01
  0.532000E+01  0.187970E+00  0.741517E+00  0.147172E+02  0.343966E+01
  0.533000E+01  0.187617E+00  0.741521E+00  0.147172E+02  0.343992E+01
  0.534000E+01  0.187266E+00  0.741524E+00  0.147172E+02  0.344018E+01
  0.535000E+01  0.186916E+00  0.741528E+00  0.147173E+02  0.344044E+01
  0.536000E+01  0.186567E+00  0.741531E+00  0.147173E+02  0.344070E+01
  0.537000E+01  0.186220E+00  0.741535E+00  0.147174E+02  0.344096E+01
  0.538000E+01  0.185874E+00  0.741538E+00  0.147174E+02  0.344121E+01
  0.539000E+01  0.185529E+00  0.741542E+00  0.147175E+02  0.344147E+01
  0.540000E+01  0.185185E+00  0.741545E+00  0.147175E+02  0.344172E+01
  0.541000E+01  0.184843E+00  0.741548E+00  0.147176E+02  0.344198E+01
  0.542000E+01  0.184502E+00  0.741552E+00  0.147176E+02  0.344223E+01
  0.543000E+01  0.184162E+00  0.741555E+00  0.147177E+02  0.344248E+01
  0.544000E+01  0.183824E+00  0.741558E+00  0.147177E+02  0.344273E+01
  0.545000E+01  0.183486E+00  0.741561E+00  0.147178E+02  0.344298E+01
  0.546000E+01  0.183150E+00  0.741565E+00  0.147178E+02  0.344323E+01
  0.547000E+01  0.182815E+00  0.741568E+00  0.147179E+02  0.344348E+01
  0.548000E+01  0.182482E+00  0.741571E+00  0.147179E+02  0.344373E+01
  0.549000E+01  0.182149E+00  0.741574E+00  0.147179E+02  0.344398E+01
  0.550000E+01  0.181818E+00  0.741577E+00  0.147180E+02  0.344422E+01
  0.551000E+01  0.181488E+00  0.741581E+00  0.147180E+02  0.344447E+01
  0.552000E+01  0.181159E+00  0.741584E+00  0.147181E+02  0.344471E+01
  0.553000E+01  0.180832E+00  0.741587E+00  0.147181E+02  0.344495E+01
  0.554000E+01  0.180505E+00  0.741590E+00  0.147182E+02  0.344519E+01
  0.555000E+01  0.180180E+00  0.741593E+00  0.147182E+02  0.344544E+01
  0.556000E+01  0.179856E+00  0.741596E+00  0.147183E+02  0.344568E+01
  0.557000E+01  0.179533E+00  0.741599E+00  0.147183E+02  0.344592E+01
  0.558000E+01  0.179211E+00  0.741602E+00  0.147183E+02  0.344615E+01
  0.559000E+01  0.178891E+00  0.741605E+00  0.147184E+02  0.344639E+01
  0.560000E+01  0.178571E+00  0.741608E+00  0.147184E+02  0.344663E+01
  0.561000E+01  0.178253E+00  0.741611E+00  0.147185E+02  0.344687E+01
  0.562000E+01  0.177936E+00  0.741614E+00  0.147185E+02  0.344710E+01
  0.563000E+01  0.177620E+00  0.741617E+00  0.147186E+02  0.344733E+01
  0.564000E+01  0.177305E+00  0.741620E+00  0.147186E+02  0.344757E+01
  0.565000E+01  0.176991E+00  0.741622E+00  0.147186E+02  0.344780E+01
  0.566000E+01  0.176678E+00  0.741625E+00  0.147187E+02  0.344803E+01
  0.567000E+01  0.176367E+00  0.741628E+00  0.147187E+02  0.344826E+01
  0.568000E+01  0.176056E+00  0.741631E+00  0.147188E+02  0.344849E+01
  0.569000E+01  0.175747E+00  0.741634E+00  0.147188E+02  0.344872E+01
  0.570000E+01  0.175439E+00  0.741636E+00  0.147188E+02  0.344895E+01
  0.571000E+01  0.175131E+00  0.741639E+00  0.147189E+02  0.344918E+01
  0.572000E+01  0.174825E+00  0.741642E+00  0.147189E+02  0.344941E+01
  0.573000E+01  0.174520E+00  0.741645E+00  0.147190E+02  0.344963E+01
  0.574000E+01  0.174216E+00  0.741647E+00  0.147190E+02  0.344986E+01
  0.575000E+01  0.173913E+00  0.741650E+00  0.147190E+02  0.345008E+01
  0.576000E+01  0.173611E+00  0.741653E+00  0.147191E+02  0.345031E+01
  0.577000E+01  0.173310E+00  0.741655E+00  0.147191E+02  0.345053E+01
  0.578000E+01  0.173010E+00  0.741658E+00  0.147192E+02  0.345075E+01
  0.579000E+01  0.172712E+00  0.741661E+00  0.147192E+02  0.345097E+01
  0.580000E+01  0.172414E+00  0.741663E+00  0.147192E+02  0.345120E+01
  0.581000E+01  0.172117E+00  0.741666E+00  0.147193E+02  0.345142E+01
  0.582000E+01  0.171821E+00  0.741668E+00  0.147193E+02  0.345164E+01
  0.583000E+01  0.171527E+00  0.741671E+00  0.147193E+02  0.345185E+01
  0.584000E+01  0.171233E+00  0.741673E+00  0.147194E+02  0.345207E+01
  0.585000E+01  0.170940E+00  0.741676E+00  0.147194E+02  0.345229E+01
  0.586000E+01  0.170648E+00  0.741678E+00  0.147195E+02  0.345251E+01
  0.587000E+01  0.170358E+00  0.741681E+00  0.147195E+02  0.345272E+01
  0.588000E+01  0.170068E+00  0.741683E+00  0.147195E+02  0.345294E+01
  0.589000E+01  0.169779E+00  0.741686E+00  0.147196E+02  0.345315E+01
  0.590000E+01  0.169492E+00  0.741688E+00  0.147196E+02  0.345336E+01
  0.591000E+01  0.169205E+00  0.741691E+00  0.147196E+02  0.345358E+01
  0.592000E+01  0.168919E+00  0.741693E+00  0.147197E+02  0.345379E+01
  0.593000E+01  0.168634E+00  0.741696E+00  0.147197E+02  0.345400E+01
  0.594000E+01  0.168350E+00  0.741698E+00  0.147197E+02  0.345421E+01
  0.595000E+01  0.168067E+00  0.741700E+00  0.147198E+02  0.345442E+01
  0.596000E+01  0.167785E+00  0.741703E+00  0.147198E+02  0.345463E+01
  0.597000E+01  0.167504E+00  0.741705E+00  0.147198E+02  0.345484E+01
  0.598000E+01  0.167224E+00  0.741707E+00  0.147199E+02  0.345504E+01
  0.599000E+01  0.166945E+00  0.741710E+00  0.147199E+02  0.345525E+01
  0.600000E+01  0.166667E+00  0.741712E+00  0.147200E+02  0.345546E+01
  0.601000E+01  0.166389E+00  0.741714E+00  0.147200E+02  0.345566E+01
  0.602000E+01  0.166113E+00  0.741717E+00  0.147200E+02  0.345587E+01
  0.603000E+01  0.165837E+00  0.741719E+00  0.147201E+02  0.345607E+01
  0.604000E+01  0.165563E+00  0.741721E+00  0.147201E+02  0.345628E+01
  0.605000E+01  0.165289E+00  0.741723E+00  0.147201E+02  0.345648E+01
  0.606000E+01  0.165017E+00  0.741725E+00  0.147202E+02  0.345668E+01
  0.607000E+01  0.164745E+00  0.741728E+00  0.147202E+02  0.345688E+01
  0.608000E+01  0.164474E+00  0.741730E+00  0.147202E+02  0.345708E+01
  0.609000E+01  0.164204E+00  0.741732E+00  0.147203E+02  0.345729E+01
  0.610000E+01  0.163934E+00  0.741734E+00  0.147203E+02  0.345748E+01
  0.611000E+01  0.163666E+00  0.741736E+00  0.147203E+02  0.345768E+01
  0.612000E+01  0.163399E+00  0.741738E+00  0.147204E+02  0.345788E+01
  0.613000E+01  0.163132E+00  0.741741E+00  0.147204E+02  0.345808E+01
  0.614000E+01  0.162866E+00  0.741743E+00  0.147204E+02  0.345828E+01
  0.615000E+01  0.162602E+00  0.741745E+00  0.147204E+02  0.345847E+01
  0.616000E+01  0.162338E+00  0.741747E+00  0.147205E+02  0.345867E+01
  0.617000E+01  0.162075E+00  0.741749E+00  0.147205E+02  0.345886E+01
  0.618000E+01  0.161812E+00  0.741751E+00  0.147205E+02  0.345906E+01
  0.619000E+01  0.161551E+00  0.741753E+00  0.147206E+02  0.345925E+01
  0.620000E+01  0.161290E+00  0.741755E+00  0.147206E+02  0.345945E+01
  0.621000E+01  0.161031E+00  0.741757E+00  0.147206E+02  0.345964E+01
  0.622000E+01  0.160772E+00  0.741759E+00  0.147207E+02  0.345983E+01
  0.623000E+01  0.160514E+00  0.741761E+00  0.147207E+02  0.346002E+01
  0.624000E+01  0.160256E+00  0.741763E+00  0.147207E+02  0.346021E+01
  0.625000E+01  0.160000E+00  0.741765E+00  0.147208E+02  0.346040E+01
  0.626000E+01  0.159744E+00  0.741767E+00  0.147208E+02  0.346059E+01
  0.627000E+01  0.159490E+00  0.741769E+00  0.147208E+02  0.346078E+01
  0.628000E+01  0.159236E+00  0.741771E+00  0.147209E+02  0.346097E+01
  0.629000E+01  0.158983E+00  0.741773E+00  0.147209E+02  0.346116E+01
  0.630000E+01  0.158730E+00  0.741775E+00  0.147209E+02  0.346135E+01
  0.631000E+01  0.158479E+00  0.741777E+00  0.147209E+02  0.346153E+01
  0.632000E+01  0.158228E+00  0.741779E+00  0.147210E+02  0.346172E+01
  0.633000E+01  0.157978E+00  0.741780E+00  0.147210E+02  0.346190E+01
  0.634000E+01  0.157729E+00  0.741782E+00  0.147210E+02  0.346209E+01
  0.635000E+01  0.157480E+00  0.741784E+00  0.147211E+02  0.346227E+01
  0.636000E+01  0.157233E+00  0.741786E+00  0.147211E+02  0.346246E+01
  0.637000E+01  0.156986E+00  0.741788E+00  0.147211E+02  0.346264E+01
  0.638000E+01  0.156740E+00  0.741790E+00  0.147211E+02  0.346282E+01
  0.639000E+01  0.156495E+00  0.741791E+00  0.147212E+02  0.346300E+01
  0.640000E+01  0.156250E+00  0.741793E+00  0.147212E+02  0.346319E+01
  0.641000E+01  0.156006E+00  0.741795E+00  0.147212E+02  0.346337E+01
  0.642000E+01  0.155763E+00  0.741797E+00  0.147213E+02  0.346355E+01
  0.643000E+01  0.155521E+00  0.741799E+00  0.147213E+02  0.346373E+01
  0.644000E+01  0.155280E+00  0.741800E+00  0.147213E+02  0.346390E+01
  0.645000E+01  0.155039E+00  0.741802E+00  0.147213E+02  0.346408E+01
  0.646000E+01  0.154799E+00  0.741804E+00  0.147214E+02  0.346426E+01
  0.647000E+01  0.154560E+00  0.741806E+00  0.147214E+02  0.346444E+01
  0.648000E+01  0.154321E+00  0.741807E+00  0.147214E+02  0.346462E+01
  0.649000E+01  0.154083E+00  0.741809E+00  0.147214E+02  0.346479E+01
  0.650000E+01  0.153846E+00  0.741811E+00  0.147215E+02  0.346497E+01
  0.651000E+01  0.153610E+00  0.741812E+00  0.147215E+02  0.346514E+01
  0.652000E+01  0.153374E+00  0.741814E+00  0.147215E+02  0.346532E+01
  0.653000E+01  0.153139E+00  0.741816E+00  0.147216E+02  0.346549E+01
  0.654000E+01  0.152905E+00  0.741817E+00  0.147216E+02  0.346567E+01
  0.655000E+01  0.152672E+00  0.741819E+00  0.147216E+02  0.346584E+01
  0.656000E+01  0.152439E+00  0.741821E+00  0.147216E+02  0.346601E+01
  0.657000E+01  0.152207E+00  0.741822E+00  0.147217E+02  0.346618E+01
  0.658000E+01  0.151976E+00  0.741824E+00  0.147217E+02  0.346636E+01
  0.659000E+01  0.151745E+00  0.741826E+00  0.147217E+02  0.346653E+01
  0.660000E+01  0.151515E+00  0.741827E+00  0.147217E+02  0.346670E+01
  0.661000E+01  0.151286E+00  0.741829E+00  0.147218E+02  0.346687E+01
  0.662000E+01  0.151057E+00  0.741830E+00  0.147218E+02  0.346704E+01
  0.663000E+01  0.150830E+00  0.741832E+00  0.147218E+02  0.346721E+01
  0.664000E+01  0.150602E+00  0.741834E+00  0.147218E+02  0.346737E+01
  0.665000E+01  0.150376E+00  0.741835E+00  0.147219E+02  0.346754E+01
  0.666000E+01  0.150150E+00  0.741837E+00  0.147219E+02  0.346771E+01
  0.667000E+01  0.149925E+00  0.741838E+00  0.147219E+02  0.346788E+01
  0.668000E+01  0.149701E+00  0.741840E+00  0.147219E+02  0.346804E+01
  0.669000E+01  0.149477E+00  0.741841E+00  0.147220E+02  0.346821E+01
  0.670000E+01  0.149254E+00  0.741843E+00  0.147220E+02  0.346837E+01
  0.671000E+01  0.149031E+00  0.741844E+00  0.147220E+02  0.346854E+01
  0.672000E+01  0.148810E+00  0.741846E+00  0.147220E+02  0.346870E+01
  0.673000E+01  0.148588E+00  0.741847E+00  0.147221E+02  0.346887E+01
  0.674000E+01  0.148368E+00  0.741849E+00  0.147221E+02  0.346903E+01
  0.675000E+01  0.148148E+00  0.741850E+00  0.147221E+02  0.346920E+01
  0.676000E+01  0.147929E+00  0.741852E+00  0.147221E+02  0.346936E+01
  0.677000E+01  0.147710E+00  0.741853E+00  0.147222E+02  0.346952E+01
  0.678000E+01  0.147493E+00  0.741855E+00  0.147222E+02  0.346968E+01
  0.679000E+01  0.147275E+00  0.741856E+00  0.147222E+02  0.346984E+01
  0.680000E+01  0.147059E+00  0.741857E+00  0.147222E+02  0.347000E+01
  0.681000E+01  0.146843E+00  0.741859E+00  0.147223E+02  0.347016E+01
  0.682000E+01  0.146628E+00  0.741860E+00  0.147223E+02  0.347032E+01
  0.683000E+01  0.146413E+00  0.741862E+00  0.147223E+02  0.347048E+01
  0.684000E+01  0.146199E+00  0.741863E+00  0.147223E+02  0.347064E+01
  0.685000E+01  0.145985E+00  0.741864E+00  0.147224E+02  0.347080E+01
  0.686000E+01  0.145773E+00  0.741866E+00  0.147224E+02  0.347096E+01
  0.687000E+01  0.145560E+00  0.741867E+00  0.147224E+02  0.347111E+01
  0.688000E+01  0.145349E+00  0.741869E+00  0.147224E+02  0.347127E+01
  0.689000E+01  0.145138E+00  0.741870E+00  0.147224E+02  0.347143E+01
  0.690000E+01  0.144928E+00  0.741871E+00  0.147225E+02  0.347158E+01
  0.691000E+01  0.144718E+00  0.741873E+00  0.147225E+02  0.347174E+01
  0.692000E+01  0.144509E+00  0.741874E+00  0.147225E+02  0.347190E+01
  0.693000E+01  0.144300E+00  0.741875E+00  0.147225E+02  0.347205E+01
  0.694000E+01  0.144092E+00  0.741877E+00  0.147226E+02  0.347220E+01
  0.695000E+01  0.143885E+00  0.741878E+00  0.147226E+02  0.347236E+01
  0.696000E+01  0.143678E+00  0.741879E+00  0.147226E+02  0.347251E+01
  0.697000E+01  0.143472E+00  0.741881E+00  0.147226E+02  0.347266E+01
  0.698000E+01  0.143266E+00  0.741882E+00  0.147226E+02  0.347282E+01
  0.699000E+01  0.143062E+00  0.741883E+00  0.147227E+02  0.347297E+01
  0.700000E+01  0.142857E+00  0.741884E+00  0.147227E+02  0.347312E+01
  0.701000E+01  0.142653E+00  0.741886E+00  0.147227E+02  0.347327E+01
  0.702000E+01  0.142450E+00  0.741887E+00  0.147227E+02  0.347342E+01
  0.703000E+01  0.142248E+00  0.741888E+00  0.147228E+02  0.347357E+01
  0.704000E+01  0.142045E+00  0.741889E+00  0.147228E+02  0.347372E+01
  0.705000E+01  0.141844E+00  0.741891E+00  0.147228E+02  0.347387E+01
  0.706000E+01  0.141643E+00  0.741892E+00  0.147228E+02  0.347402E+01
  0.707000E+01  0.141443E+00  0.741893E+00  0.147228E+02  0.347417E+01
  0.708000E+01  0.141243E+00  0.741894E+00  0.147229E+02  0.347432E+01
  0.709000E+01  0.141044E+00  0.741896E+00  0.147229E+02  0.347447E+01
  0.710000E+01  0.140845E+00  0.741897E+00  0.147229E+02  0.347461E+01
  0.711000E+01  0.140647E+00  0.741898E+00  0.147229E+02  0.347476E+01
  0.712000E+01  0.140449E+00  0.741899E+00  0.147229E+02  0.347491E+01
  0.713000E+01  0.140252E+00  0.741900E+00  0.147230E+02  0.347505E+01
  0.714000E+01  0.140056E+00  0.741902E+00  0.147230E+02  0.347520E+01
  0.715000E+01  0.139860E+00  0.741903E+00  0.147230E+02  0.347534E+01
  0.716000E+01  0.139665E+00  0.741904E+00  0.147230E+02  0.347549E+01
  0.717000E+01  0.139470E+00  0.741905E+00  0.147230E+02  0.347563E+01
  0.718000E+01  0.139276E+00  0.741906E+00  0.147231E+02  0.347578E+01
  0.719000E+01  0.139082E+00  0.741907E+00  0.147231E+02  0.347592E+01
  0.720000E+01  0.138889E+00  0.741909E+00  0.147231E+02  0.347606E+01
  0.721000E+01  0.138696E+00  0.741910E+00  0.147231E+02  0.347621E+01
  0.722000E+01  0.138504E+00  0.741911E+00  0.147231E+02  0.347635E+01
  0.723000E+01  0.138313E+00  0.741912E+00  0.147232E+02  0.347649E+01
  0.724000E+01  0.138122E+00  0.741913E+00  0.147232E+02  0.347663E+01
  0.725000E+01  0.137931E+00  0.741914E+00  0.147232E+02  0.347678E+01
  0.726000E+01  0.137741E+00  0.741915E+00  0.147232E+02  0.347692E+01
  0.727000E+01  0.137552E+00  0.741916E+00  0.147232E+02  0.347706E+01
  0.728000E+01  0.137363E+00  0.741917E+00  0.147233E+02  0.347720E+01
  0.729000E+01  0.137174E+00  0.741919E+00  0.147233E+02  0.347734E+01
  0.730000E+01  0.136986E+00  0.741920E+00  0.147233E+02  0.347748E+01
  0.731000E+01  0.136799E+00  0.741921E+00  0.147233E+02  0.347761E+01
  0.732000E+01  0.136612E+00  0.741922E+00  0.147233E+02  0.347775E+01
  0.733000E+01  0.136426E+00  0.741923E+00  0.147234E+02  0.347789E+01
  0.734000E+01  0.136240E+00  0.741924E+00  0.147234E+02  0.347803E+01
  0.735000E+01  0.136054E+00  0.741925E+00  0.147234E+02  0.347817E+01
  0.736000E+01  0.135870E+00  0.741926E+00  0.147234E+02  0.347830E+01
  0.737000E+01  0.135685E+00  0.741927E+00  0.147234E+02  0.347844E+01
  0.738000E+01  0.135501E+00  0.741928E+00  0.147234E+02  0.347858E+01
  0.739000E+01  0.135318E+00  0.741929E+00  0.147235E+02  0.347871E+01
  0.740000E+01  0.135135E+00  0.741930E+00  0.147235E+02  0.347885E+01
  0.741000E+01  0.134953E+00  0.741931E+00  0.147235E+02  0.347898E+01
  0.742000E+01  0.134771E+00  0.741932E+00  0.147235E+02  0.347912E+01
  0.743000E+01  0.134590E+00  0.741933E+00  0.147235E+02  0.347925E+01
  0.744000E+01  0.134409E+00  0.741934E+00  0.147236E+02  0.347939E+01
  0.745000E+01  0.134228E+00  0.741935E+00  0.147236E+02  0.347952E+01
  0.746000E+01  0.134048E+00  0.741936E+00  0.147236E+02  0.347966E+01
  0.747000E+01  0.133869E+00  0.741937E+00  0.147236E+02  0.347979E+01
  0.748000E+01  0.133690E+00  0.741938E+00  0.147236E+02  0.347992E+01
  0.749000E+01  0.133511E+00  0.741939E+00  0.147236E+02  0.348005E+01
  0.750000E+01  0.133333E+00  0.741940E+00  0.147237E+02  0.348019E+01
  0.751000E+01  0.133156E+00  0.741941E+00  0.147237E+02  0.348032E+01
  0.752000E+01  0.132979E+00  0.741942E+00  0.147237E+02  0.348045E+01
  0.753000E+01  0.132802E+00  0.741943E+00  0.147237E+02  0.348058E+01
  0.754000E+01  0.132626E+00  0.741944E+00  0.147237E+02  0.348071E+01
  0.755000E+01  0.132450E+00  0.741945E+00  0.147237E+02  0.348084E+01
  0.756000E+01  0.132275E+00  0.741946E+00  0.147238E+02  0.348097E+01
  0.757000E+01  0.132100E+00  0.741947E+00  0.147238E+02  0.348110E+01
  0.758000E+01  0.131926E+00  0.741948E+00  0.147238E+02  0.348123E+01
  0.759000E+01  0.131752E+00  0.741949E+00  0.147238E+02  0.348136E+01
  0.760000E+01  0.131579E+00  0.741950E+00  0.147238E+02  0.348149E+01
  0.761000E+01  0.131406E+00  0.741950E+00  0.147239E+02  0.348162E+01
  0.762000E+01  0.131234E+00  0.741951E+00  0.147239E+02  0.348174E+01
  0.763000E+01  0.131062E+00  0.741952E+00  0.147239E+02  0.348187E+01
  0.764000E+01  0.130890E+00  0.741953E+00  0.147239E+02  0.348200E+01
  0.765000E+01  0.130719E+00  0.741954E+00  0.147239E+02  0.348213E+01
  0.766000E+01  0.130548E+00  0.741955E+00  0.147239E+02  0.348225E+01
  0.767000E+01  0.130378E+00  0.741956E+00  0.147240E+02  0.348238E+01
  0.768000E+01  0.130208E+00  0.741957E+00  0.147240E+02  0.348250E+01
  0.769000E+01  0.130039E+00  0.741958E+00  0.147240E+02  0.348263E+01
  0.770000E+01  0.129870E+00  0.741958E+00  0.147240E+02  0.348276E+01
  0.771000E+01  0.129702E+00  0.741959E+00  0.147240E+02  0.348288E+01
  0.772000E+01  0.129534E+00  0.741960E+00  0.147240E+02  0.348301E+01
  0.773000E+01  0.129366E+00  0.741961E+00  0.147240E+02  0.348313E+01
  0.774000E+01  0.129199E+00  0.741962E+00  0.147241E+02  0.348325E+01
  0.775000E+01  0.129032E+00  0.741963E+00  0.147241E+02  0.348338E+01
  0.776000E+01  0.128866E+00  0.741964E+00  0.147241E+02  0.348350E+01
  0.777000E+01  0.128700E+00  0.741964E+00  0.147241E+02  0.348362E+01
  0.778000E+01  0.128535E+00  0.741965E+00  0.147241E+02  0.348375E+01
  0.779000E+01  0.128370E+00  0.741966E+00  0.147241E+02  0.348387E+01
  0.780000E+01  0.128205E+00  0.741967E+00  0.147242E+02  0.348399E+01
  0.781000E+01  0.128041E+00  0.741968E+00  0.147242E+02  0.348411E+01
  0.782000E+01  0.127877E+00  0.741969E+00  0.147242E+02  0.348423E+01
  0.783000E+01  0.127714E+00  0.741969E+00  0.147242E+02  0.348436E+01
  0.784000E+01  0.127551E+00  0.741970E+00  0.147242E+02  0.348448E+01
  0.785000E+01  0.127389E+00  0.741971E+00  0.147242E+02  0.348460E+01
  0.786000E+01  0.127226E+00  0.741972E+00  0.147243E+02  0.348472E+01
  0.787000E+01  0.127065E+00  0.741973E+00  0.147243E+02  0.348484E+01
  0.788000E+01  0.126904E+00  0.741973E+00  0.147243E+02  0.348496E+01
  0.789000E+01  0.126743E+00  0.741974E+00  0.147243E+02  0.348508E+01
  0.790000E+01  0.126582E+00  0.741975E+00  0.147243E+02  0.348520E+01
  0.791000E+01  0.126422E+00  0.741976E+00  0.147243E+02  0.348531E+01
  0.792000E+01  0.126263E+00  0.741977E+00  0.147243E+02  0.348543E+01
  0.793000E+01  0.126103E+00  0.741977E+00  0.147244E+02  0.348555E+01
  0.794000E+01  0.125945E+00  0.741978E+00  0.147244E+02  0.348567E+01
  0.795000E+01  0.125786E+00  0.741979E+00  0.147244E+02  0.348579E+01
  0.796000E+01  0.125628E+00  0.741980E+00  0.147244E+02  0.348590E+01
  0.797000E+01  0.125471E+00  0.741980E+00  0.147244E+02  0.348602E+01
  0.798000E+01  0.125313E+00  0.741981E+00  0.147244E+02  0.348614E+01
  0.799000E+01  0.125156E+00  0.741982E+00  0.147244E+02  0.348625E+01
  0.800000E+01  0.125000E+00  0.741983E+00  0.147245E+02  0.348637E+01
  0.801000E+01  0.124844E+00  0.741983E+00  0.147245E+02  0.348649E+01
  0.802000E+01  0.124688E+00  0.741984E+00  0.147245E+02  0.348660E+01
  0.803000E+01  0.124533E+00  0.741985E+00  0.147245E+02  0.348672E+01
  0.804000E+01  0.124378E+00  0.741986E+00  0.147245E+02  0.348683E+01
  0.805000E+01  0.124224E+00  0.741986E+00  0.147245E+02  0.348695E+01
  0.806000E+01  0.124069E+00  0.741987E+00  0.147245E+02  0.348706E+01
  0.807000E+01  0.123916E+00  0.741988E+00  0.147246E+02  0.348717E+01
  0.808000E+01  0.123762E+00  0.741988E+00  0.147246E+02  0.348729E+01
  0.809000E+01  0.123609E+00  0.741989E+00  0.147246E+02  0.348740E+01
  0.810000E+01  0.123457E+00  0.741990E+00  0.147246E+02  0.348751E+01
  0.811000E+01  0.123305E+00  0.741991E+00  0.147246E+02  0.348763E+01
  0.812000E+01  0.123153E+00  0.741991E+00  0.147246E+02  0.348774E+01
  0.813000E+01  0.123001E+00  0.741992E+00  0.147246E+02  0.348785E+01
  0.814000E+01  0.122850E+00  0.741993E+00  0.147247E+02  0.348796E+01
  0.815000E+01  0.122699E+00  0.741993E+00  0.147247E+02  0.348808E+01
  0.816000E+01  0.122549E+00  0.741994E+00  0.147247E+02  0.348819E+01
  0.817000E+01  0.122399E+00  0.741995E+00  0.147247E+02  0.348830E+01
  0.818000E+01  0.122249E+00  0.741995E+00  0.147247E+02  0.348841E+01
  0.819000E+01  0.122100E+00  0.741996E+00  0.147247E+02  0.348852E+01
  0.820000E+01  0.121951E+00  0.741997E+00  0.147247E+02  0.348863E+01
  0.821000E+01  0.121803E+00  0.741997E+00  0.147248E+02  0.348874E+01
  0.822000E+01  0.121655E+00  0.741998E+00  0.147248E+02  0.348885E+01
  0.823000E+01  0.121507E+00  0.741999E+00  0.147248E+02  0.348896E+01
  0.824000E+01  0.121359E+00  0.741999E+00  0.147248E+02  0.348907E+01
  0.825000E+01  0.121212E+00  0.742000E+00  0.147248E+02  0.348918E+01
  0.826000E+01  0.121065E+00  0.742001E+00  0.147248E+02  0.348929E+01
  0.827000E+01  0.120919E+00  0.742001E+00  0.147248E+02  0.348940E+01
  0.828000E+01  0.120773E+00  0.742002E+00  0.147248E+02  0.348951E+01
  0.829000E+01  0.120627E+00  0.742003E+00  0.147249E+02  0.348961E+01
  0.830000E+01  0.120482E+00  0.742003E+00  0.147249E+02  0.348972E+01
  0.831000E+01  0.120337E+00  0.742004E+00  0.147249E+02  0.348983E+01
  0.832000E+01  0.120192E+00  0.742004E+00  0.147249E+02  0.348994E+01
  0.833000E+01  0.120048E+00  0.742005E+00  0.147249E+02  0.349004E+01
  0.834000E+01  0.119904E+00  0.742006E+00  0.147249E+02  0.349015E+01
  0.835000E+01  0.119760E+00  0.742006E+00  0.147249E+02  0.349026E+01
  0.836000E+01  0.119617E+00  0.742007E+00  0.147249E+02  0.349036E+01
  0.837000E+01  0.119474E+00  0.742008E+00  0.147250E+02  0.349047E+01
  0.838000E+01  0.119332E+00  0.742008E+00  0.147250E+02  0.349058E+01
  0.839000E+01  0.119190E+00  0.742009E+00  0.147250E+02  0.349068E+01
  0.840000E+01  0.119048E+00  0.742009E+00  0.147250E+02  0.349079E+01
  0.841000E+01  0.118906E+00  0.742010E+00  0.147250E+02  0.349089E+01
  0.842000E+01  0.118765E+00  0.742011E+00  0.147250E+02  0.349100E+01
  0.843000E+01  0.118624E+00  0.742011E+00  0.147250E+02  0.349110E+01
  0.844000E+01  0.118483E+00  0.742012E+00  0.147250E+02  0.349120E+01
  0.845000E+01  0.118343E+00  0.742012E+00  0.147251E+02  0.349131E+01
  0.846000E+01  0.118203E+00  0.742013E+00  0.147251E+02  0.349141E+01
  0.847000E+01  0.118064E+00  0.742013E+00  0.147251E+02  0.349152E+01
  0.848000E+01  0.117925E+00  0.742014E+00  0.147251E+02  0.349162E+01
  0.849000E+01  0.117786E+00  0.742015E+00  0.147251E+02  0.349172E+01
  0.850000E+01  0.117647E+00  0.742015E+00  0.147251E+02  0.349183E+01
  0.851000E+01  0.117509E+00  0.742016E+00  0.147251E+02  0.349193E+01
  0.852000E+01  0.117371E+00  0.742016E+00  0.147251E+02  0.349203E+01
  0.853000E+01  0.117233E+00  0.742017E+00  0.147252E+02  0.349213E+01
  0.854000E+01  0.117096E+00  0.742017E+00  0.147252E+02  0.349223E+01
  0.855000E+01  0.116959E+00  0.742018E+00  0.147252E+02  0.349234E+01
  0.856000E+01  0.116822E+00  0.742019E+00  0.147252E+02  0.349244E+01
  0.857000E+01  0.116686E+00  0.742019E+00  0.147252E+02  0.349254E+01
  0.858000E+01  0.116550E+00  0.742020E+00  0.147252E+02  0.349264E+01
  0.859000E+01  0.116414E+00  0.742020E+00  0.147252E+02  0.349274E+01
  0.860000E+01  0.116279E+00  0.742021E+00  0.147252E+02  0.349284E+01
  0.861000E+01  0.116144E+00  0.742021E+00  0.147253E+02  0.349294E+01
  0.862000E+01  0.116009E+00  0.742022E+00  0.147253E+02  0.349304E+01
  0.863000E+01  0.115875E+00  0.742022E+00  0.147253E+02  0.349314E+01
  0.864000E+01  0.115741E+00  0.742023E+00  0.147253E+02  0.349324E+01
  0.865000E+01  0.115607E+00  0.742023E+00  0.147253E+02  0.349334E+01
  0.866000E+01  0.115473E+00  0.742024E+00  0.147253E+02  0.349344E+01
  0.867000E+01  0.115340E+00  0.742025E+00  0.147253E+02  0.349354E+01
  0.868000E+01  0.115207E+00  0.742025E+00  0.147253E+02  0.349364E+01
  0.869000E+01  0.115075E+00  0.742026E+00  0.147253E+02  0.349373E+01
  0.870000E+01  0.114943E+00  0.742026E+00  0.147254E+02  0.349383E+01
  0.871000E+01  0.114811E+00  0.742027E+00  0.147254E+02  0.349393E+01
  0.872000E+01  0.114679E+00  0.742027E+00  0.147254E+02  0.349403E+01
  0.873000E+01  0.114548E+00  0.742028E+00  0.147254E+02  0.349413E+01
  0.874000E+01  0.114416E+00  0.742028E+00  0.147254E+02  0.349422E+01
  0.875000E+01  0.114286E+00  0.742029E+00  0.147254E+02  0.349432E+01
  0.876000E+01  0.114155E+00  0.742029E+00  0.147254E+02  0.349442E+01
  0.877000E+01  0.114025E+00  0.742030E+00  0.147254E+02  0.349451E+01
  0.878000E+01  0.113895E+00  0.742030E+00  0.147254E+02  0.349461E+01
  0.879000E+01  0.113766E+00  0.742031E+00  0.147255E+02  0.349471E+01
  0.880000E+01  0.113636E+00  0.742031E+00  0.147255E+02  0.349480E+01
  0.881000E+01  0.113507E+00  0.742032E+00  0.147255E+02  0.349490E+01
  0.882000E+01  0.113379E+00  0.742032E+00  0.147255E+02  0.349499E+01
  0.883000E+01  0.113250E+00  0.742033E+00  0.147255E+02  0.349509E+01
  0.884000E+01  0.113122E+00  0.742033E+00  0.147255E+02  0.349518E+01
  0.885000E+01  0.112994E+00  0.742034E+00  0.147255E+02  0.349528E+01
  0.886000E+01  0.112867E+00  0.742034E+00  0.147255E+02  0.349537E+01
  0.887000E+01  0.112740E+00  0.742034E+00  0.147255E+02  0.349547E+01
  0.888000E+01  0.112613E+00  0.742035E+00  0.147256E+02  0.349556E+01
  0.889000E+01  0.112486E+00  0.742035E+00  0.147256E+02  0.349565E+01
  0.890000E+01  0.112360E+00  0.742036E+00  0.147256E+02  0.349575E+01
  0.891000E+01  0.112233E+00  0.742036E+00  0.147256E+02  0.349584E+01
  0.892000E+01  0.112108E+00  0.742037E+00  0.147256E+02  0.349594E+01
  0.893000E+01  0.111982E+00  0.742037E+00  0.147256E+02  0.349603E+01
  0.894000E+01  0.111857E+00  0.742038E+00  0.147256E+02  0.349612E+01
  0.895000E+01  0.111732E+00  0.742038E+00  0.147256E+02  0.349621E+01
  0.896000E+01  0.111607E+00  0.742039E+00  0.147256E+02  0.349631E+01
  0.897000E+01  0.111483E+00  0.742039E+00  0.147256E+02  0.349640E+01
  0.898000E+01  0.111359E+00  0.742040E+00  0.147257E+02  0.349649E+01
  0.899000E+01  0.111235E+00  0.742040E+00  0.147257E+02  0.349658E+01
  0.900000E+01  0.111111E+00  0.742040E+00  0.147257E+02  0.349667E+01
  0.901000E+01  0.110988E+00  0.742041E+00  0.147257E+02  0.349677E+01
  0.902000E+01  0.110865E+00  0.742041E+00  0.147257E+02  0.349686E+01
  0.903000E+01  0.110742E+00  0.742042E+00  0.147257E+02  0.349695E+01
  0.904000E+01  0.110619E+00  0.742042E+00  0.147257E+02  0.349704E+01
  0.905000E+01  0.110497E+00  0.742043E+00  0.147257E+02  0.349713E+01
  0.906000E+01  0.110375E+00  0.742043E+00  0.147257E+02  0.349722E+01
  0.907000E+01  0.110254E+00  0.742043E+00  0.147257E+02  0.349731E+01
  0.908000E+01  0.110132E+00  0.742044E+00  0.147258E+02  0.349740E+01
  0.909000E+01  0.110011E+00  0.742044E+00  0.147258E+02  0.349749E+01
  0.910000E+01  0.109890E+00  0.742045E+00  0.147258E+02  0.349758E+01
  0.911000E+01  0.109769E+00  0.742045E+00  0.147258E+02  0.349767E+01
  0.912000E+01  0.109649E+00  0.742046E+00  0.147258E+02  0.349776E+01
  0.913000E+01  0.109529E+00  0.742046E+00  0.147258E+02  0.349785E+01
  0.914000E+01  0.109409E+00  0.742046E+00  0.147258E+02  0.349794E+01
  0.915000E+01  0.109290E+00  0.742047E+00  0.147258E+02  0.349803E+01
  0.916000E+01  0.109170E+00  0.742047E+00  0.147258E+02  0.349812E+01
  0.917000E+01  0.109051E+00  0.742048E+00  0.147258E+02  0.349820E+01
  0.918000E+01  0.108932E+00  0.742048E+00  0.147259E+02  0.349829E+01
  0.919000E+01  0.108814E+00  0.742048E+00  0.147259E+02  0.349838E+01
  0.920000E+01  0.108696E+00  0.742049E+00  0.147259E+02  0.349847E+01
  0.921000E+01  0.108578E+00  0.742049E+00  0.147259E+02  0.349855E+01
  0.922000E+01  0.108460E+00  0.742050E+00  0.147259E+02  0.349864E+01
  0.923000E+01  0.108342E+00  0.742050E+00  0.147259E+02  0.349873E+01
  0.924000E+01  0.108225E+00  0.742050E+00  0.147259E+02  0.349882E+01
  0.925000E+01  0.108108E+00  0.742051E+00  0.147259E+02  0.349890E+01
  0.926000E+01  0.107991E+00  0.742051E+00  0.147259E+02  0.349899E+01
  0.927000E+01  0.107875E+00  0.742052E+00  0.147259E+02  0.349908E+01
  0.928000E+01  0.107759E+00  0.742052E+00  0.147259E+02  0.349916E+01
  0.929000E+01  0.107643E+00  0.742052E+00  0.147260E+02  0.349925E+01
  0.930000E+01  0.107527E+00  0.742053E+00  0.147260E+02  0.349933E+01
  0.931000E+01  0.107411E+00  0.742053E+00  0.147260E+02  0.349942E+01
  0.932000E+01  0.107296E+00  0.742053E+00  0.147260E+02  0.349951E+01
  0.933000E+01  0.107181E+00  0.742054E+00  0.147260E+02  0.349959E+01
  0.934000E+01  0.107066E+00  0.742054E+00  0.147260E+02  0.349968E+01
  0.935000E+01  0.106952E+00  0.742055E+00  0.147260E+02  0.349976E+01
  0.936000E+01  0.106838E+00  0.742055E+00  0.147260E+02  0.349985E+01
  0.937000E+01  0.106724E+00  0.742055E+00  0.147260E+02  0.349993E+01
  0.938000E+01  0.106610E+00  0.742056E+00  0.147260E+02  0.350002E+01
  0.939000E+01  0.106496E+00  0.742056E+00  0.147260E+02  0.350010E+01
  0.940000E+01  0.106383E+00  0.742056E+00  0.147261E+02  0.350018E+01
  0.941000E+01  0.106270E+00  0.742057E+00  0.147261E+02  0.350027E+01
  0.942000E+01  0.106157E+00  0.742057E+00  0.147261E+02  0.350035E+01
  0.943000E+01  0.106045E+00  0.742057E+00  0.147261E+02  0.350043E+01
  0.944000E+01  0.105932E+00  0.742058E+00  0.147261E+02  0.350052E+01
  0.945000E+01  0.105820E+00  0.742058E+00  0.147261E+02  0.350060E+01
  0.946000E+01  0.105708E+00  0.742059E+00  0.147261E+02  0.350068E+01
  0.947000E+01  0.105597E+00  0.742059E+00  0.147261E+02  0.350077E+01
  0.948000E+01  0.105485E+00  0.742059E+00  0.147261E+02  0.350085E+01
  0.949000E+01  0.105374E+00  0.742060E+00  0.147261E+02  0.350093E+01
  0.950000E+01  0.105263E+00  0.742060E+00  0.147261E+02  0.350101E+01
  0.951000E+01  0.105152E+00  0.742060E+00  0.147262E+02  0.350110E+01
  0.952000E+01  0.105042E+00  0.742061E+00  0.147262E+02  0.350118E+01
  0.953000E+01  0.104932E+00  0.742061E+00  0.147262E+02  0.350126E+01
  0.954000E+01  0.104822E+00  0.742061E+00  0.147262E+02  0.350134E+01
  0.955000E+01  0.104712E+00  0.742062E+00  0.147262E+02  0.350142E+01
  0.956000E+01  0.104603E+00  0.742062E+00  0.147262E+02  0.350150E+01
  0.957000E+01  0.104493E+00  0.742062E+00  0.147262E+02  0.350159E+01
  0.958000E+01  0.104384E+00  0.742063E+00  0.147262E+02  0.350167E+01
  0.959000E+01  0.104275E+00  0.742063E+00  0.147262E+02  0.350175E+01
  0.960000E+01  0.104167E+00  0.742063E+00  0.147262E+02  0.350183E+01
  0.961000E+01  0.104058E+00  0.742064E+00  0.147262E+02  0.350191E+01
  0.962000E+01  0.103950E+00  0.742064E+00  0.147262E+02  0.350199E+01
  0.963000E+01  0.103842E+00  0.742064E+00  0.147263E+02  0.350207E+01
  0.964000E+01  0.103734E+00  0.742065E+00  0.147263E+02  0.350215E+01
  0.965000E+01  0.103627E+00  0.742065E+00  0.147263E+02  0.350223E+01
  0.966000E+01  0.103520E+00  0.742065E+00  0.147263E+02  0.350231E+01
  0.967000E+01  0.103413E+00  0.742065E+00  0.147263E+02  0.350239E+01
  0.968000E+01  0.103306E+00  0.742066E+00  0.147263E+02  0.350247E+01
  0.969000E+01  0.103199E+00  0.742066E+00  0.147263E+02  0.350255E+01
  0.970000E+01  0.103093E+00  0.742066E+00  0.147263E+02  0.350262E+01
  0.971000E+01  0.102987E+00  0.742067E+00  0.147263E+02  0.350270E+01
  0.972000E+01  0.102881E+00  0.742067E+00  0.147263E+02  0.350278E+01
  0.973000E+01  0.102775E+00  0.742067E+00  0.147263E+02  0.350286E+01
  0.974000E+01  0.102669E+00  0.742068E+00  0.147263E+02  0.350294E+01
  0.975000E+01  0.102564E+00  0.742068E+00  0.147264E+02  0.350302E+01
  0.976000E+01  0.102459E+00  0.742068E+00  0.147264E+02  0.350310E+01
  0.977000E+01  0.102354E+00  0.742069E+00  0.147264E+02  0.350317E+01
  0.978000E+01  0.102249E+00  0.742069E+00  0.147264E+02  0.350325E+01
  0.979000E+01  0.102145E+00  0.742069E+00  0.147264E+02  0.350333E+01
  0.980000E+01  0.102041E+00  0.742069E+00  0.147264E+02  0.350341E+01
  0.981000E+01  0.101937E+00  0.742070E+00  0.147264E+02  0.350348E+01
  0.982000E+01  0.101833E+00  0.742070E+00  0.147264E+02  0.350356E+01
  0.983000E+01  0.101729E+00  0.742070E+00  0.147264E+02  0.350364E+01
  0.984000E+01  0.101626E+00  0.742071E+00  0.147264E+02  0.350371E+01
  0.985000E+01  0.101523E+00  0.742071E+00  0.147264E+02  0.350379E+01
  0.986000E+01  0.101420E+00  0.742071E+00  0.147264E+02  0.350387E+01
  0.987000E+01  0.101317E+00  0.742071E+00  0.147264E+02  0.350394E+01
  0.988000E+01  0.101215E+00  0.742072E+00  0.147265E+02  0.350402E+01
  0.989000E+01  0.101112E+00  0.742072E+00  0.147265E+02  0.350409E+01
  0.990000E+01  0.101010E+00  0.742072E+00  0.147265E+02  0.350417E+01
  0.991000E+01  0.100908E+00  0.742073E+00  0.147265E+02  0.350425E+01
  0.992000E+01  0.100806E+00  0.742073E+00  0.147265E+02  0.350432E+01
  0.993000E+01  0.100705E+00  0.742073E+00  0.147265E+02  0.350440E+01
  0.994000E+01  0.100604E+00  0.742073E+00  0.147265E+02  0.350447E+01
  0.995000E+01  0.100503E+00  0.742074E+00  0.147265E+02  0.350455E+01
  0.996000E+01  0.100402E+00  0.742074E+00  0.147265E+02  0.350462E+01
  0.997000E+01  0.100301E+00  0.742074E+00  0.147265E+02  0.350470E+01
  0.998000E+01  0.100200E+00  0.742074E+00  0.147265E+02  0.350477E+01
  0.999000E+01  0.100100E+00  0.742075E+00  0.147265E+02  0.350485E+01
  0.100000E+02  0.100000E+00  0.742075E+00  0.147265E+02  0.350492E+01
