  0.200000E-01  0.500000E+02  0.776784E-47  0.170308E-45  0.340616E-47
  0.300000E-01  0.333333E+02  0.271163E-30  0.394463E-29  0.118339E-30
  0.400000E-01  0.250000E+02  0.557177E-22  0.605042E-21  0.242017E-22
  0.500000E-01  0.200000E+02  0.572015E-17  0.494758E-16  0.247379E-17
  0.600000E-01  0.166667E+02  0.129643E-13  0.955246E-13  0.558492E-14
  0.700000E-01  0.142857E+02  0.329977E-11  0.208471E-10  0.141671E-11
  0.800000E-01  0.125000E+02  0.213149E-09  0.117966E-08  0.912453E-10
  0.900000E-01  0.111111E+02  0.550277E-08  0.271118E-07  0.234969E-08
  0.100000E+00  0.100000E+02  0.746175E-07  0.331479E-06  0.317922E-07
  0.110000E+00  0.909091E+01  0.632678E-06  0.256045E-05  0.269052E-06
  0.120000E+00  0.833333E+01  0.376893E-05  0.140141E-04  0.160010E-05
  0.130000E+00  0.769231E+01  0.171030E-04  0.588492E-04  0.725043E-05
  0.140000E+00  0.714286E+01  0.626469E-04  0.200689E-03  0.265228E-04
  0.150000E+00  0.666667E+01  0.193280E-03  0.579471E-03  0.817311E-04
  0.160000E+00  0.625000E+01  0.518601E-03  0.146172E-02  0.219054E-03
  0.170000E+00  0.588235E+01  0.124021E-02  0.329932E-02  0.523303E-03
  0.180000E+00  0.555556E+01  0.269445E-02  0.678907E-02  0.113575E-02
  0.190000E+00  0.526316E+01  0.539916E-02  0.129245E-01  0.227351E-02
  0.200000E+00  0.500000E+01  0.100997E-01  0.230328E-01  0.424858E-02
  0.210000E+00  0.476190E+01  0.178097E-01  0.387917E-01  0.748467E-02
  0.220000E+00  0.454545E+01  0.298413E-01  0.622244E-01  0.125300E-01
  0.230000E+00  0.434783E+01  0.478195E-01  0.956706E-01  0.200648E-01
  0.240000E+00  0.416667E+01  0.736767E-01  0.141736E+00  0.309018E-01
  0.250000E+00  0.400000E+01  0.109620E+00  0.203220E+00  0.459794E-01
  0.260000E+00  0.384615E+01  0.158066E+00  0.283022E+00  0.663456E-01
  0.270000E+00  0.370370E+01  0.221541E+00  0.384035E+00  0.931328E-01
  0.280000E+00  0.357143E+01  0.302544E+00  0.509014E+00  0.127523E+00
  0.290000E+00  0.344828E+01  0.403368E+00  0.660445E+00  0.170704E+00
  0.300000E+00  0.333333E+01  0.525902E+00  0.840401E+00  0.223815E+00
  0.310000E+00  0.322581E+01  0.671420E+00  0.105041E+01  0.287893E+00
  0.320000E+00  0.312500E+01  0.840379E+00  0.129132E+01  0.363806E+00
  0.330000E+00  0.303030E+01  0.103226E+01  0.156323E+01  0.452203E+00
  0.340000E+00  0.294118E+01  0.124549E+01  0.186542E+01  0.553463E+00
  0.350000E+00  0.285714E+01  0.147740E+01  0.219635E+01  0.667656E+00
  0.360000E+00  0.277778E+01  0.172437E+01  0.255369E+01  0.794533E+00
  0.370000E+00  0.270270E+01  0.198195E+01  0.293443E+01  0.933519E+00
  0.380000E+00  0.263158E+01  0.224517E+01  0.333498E+01  0.108374E+01
  0.390000E+00  0.256410E+01  0.250883E+01  0.375139E+01  0.124407E+01
  0.400000E+00  0.250000E+01  0.276775E+01  0.417944E+01  0.141316E+01
  0.410000E+00  0.243902E+01  0.301711E+01  0.461490E+01  0.158952E+01
  0.420000E+00  0.238095E+01  0.325263E+01  0.505362E+01  0.177159E+01
  0.430000E+00  0.232558E+01  0.347076E+01  0.549170E+01  0.195777E+01
  0.440000E+00  0.227273E+01  0.366873E+01  0.592557E+01  0.214650E+01
  0.450000E+00  0.222222E+01  0.384460E+01  0.635209E+01  0.233630E+01
  0.460000E+00  0.217391E+01  0.399724E+01  0.676856E+01  0.252578E+01
  0.470000E+00  0.212766E+01  0.412624E+01  0.717275E+01  0.271372E+01
  0.480000E+00  0.208333E+01  0.423183E+01  0.756290E+01  0.289903E+01
  0.490000E+00  0.204082E+01  0.431479E+01  0.793768E+01  0.308078E+01
  0.500000E+00  0.200000E+01  0.437629E+01  0.829616E+01  0.325822E+01
  0.510000E+00  0.196078E+01  0.441784E+01  0.863775E+01  0.343071E+01
  0.520000E+00  0.192308E+01  0.444115E+01  0.896220E+01  0.359778E+01
  0.530000E+00  0.188679E+01  0.444807E+01  0.926950E+01  0.375910E+01
  0.540000E+00  0.185185E+01  0.444046E+01  0.955985E+01  0.391442E+01
  0.550000E+00  0.181818E+01  0.442020E+01  0.983364E+01  0.406363E+01
  0.560000E+00  0.178571E+01  0.438908E+01  0.100914E+02  0.420667E+01
  0.570000E+00  0.175439E+01  0.434881E+01  0.103337E+02  0.434356E+01
  0.580000E+00  0.172414E+01  0.430096E+01  0.105613E+02  0.447441E+01
  0.590000E+00  0.169492E+01  0.424696E+01  0.107748E+02  0.459932E+01
  0.600000E+00  0.166667E+01  0.418811E+01  0.109751E+02  0.471847E+01
  0.610000E+00  0.163934E+01  0.412554E+01  0.111629E+02  0.483206E+01
  0.620000E+00  0.161290E+01  0.406025E+01  0.113389E+02  0.494029E+01
  0.630000E+00  0.158730E+01  0.399312E+01  0.115038E+02  0.504339E+01
  0.640000E+00  0.156250E+01  0.392488E+01  0.116585E+02  0.514158E+01
  0.650000E+00  0.153846E+01  0.385616E+01  0.118035E+02  0.523511E+01
  0.660000E+00  0.151515E+01  0.378748E+01  0.119395E+02  0.532420E+01
  0.670000E+00  0.149254E+01  0.371927E+01  0.120672E+02  0.540908E+01
  0.680000E+00  0.147059E+01  0.365189E+01  0.121870E+02  0.548998E+01
  0.690000E+00  0.144928E+01  0.358562E+01  0.122996E+02  0.556711E+01
  0.700000E+00  0.142857E+01  0.352069E+01  0.124055E+02  0.564067E+01
  0.710000E+00  0.140845E+01  0.345726E+01  0.125051E+02  0.571087E+01
  0.720000E+00  0.138889E+01  0.339547E+01  0.125988E+02  0.577790E+01
  0.730000E+00  0.136986E+01  0.333540E+01  0.126872E+02  0.584193E+01
  0.740000E+00  0.135135E+01  0.327712E+01  0.127704E+02  0.590313E+01
  0.750000E+00  0.133333E+01  0.322066E+01  0.128490E+02  0.596167E+01
  0.760000E+00  0.131579E+01  0.316604E+01  0.129232E+02  0.601769E+01
  0.770000E+00  0.129870E+01  0.311324E+01  0.129934E+02  0.607134E+01
  0.780000E+00  0.128205E+01  0.306227E+01  0.130597E+02  0.612275E+01
  0.790000E+00  0.126582E+01  0.301308E+01  0.131225E+02  0.617205E+01
  0.800000E+00  0.125000E+01  0.296565E+01  0.131820E+02  0.621935E+01
  0.810000E+00  0.123457E+01  0.291994E+01  0.132384E+02  0.626476E+01
  0.820000E+00  0.121951E+01  0.287588E+01  0.132919E+02  0.630839E+01
  0.830000E+00  0.120482E+01  0.283345E+01  0.133428E+02  0.635034E+01
  0.840000E+00  0.119048E+01  0.279257E+01  0.133911E+02  0.639068E+01
  0.850000E+00  0.117647E+01  0.275321E+01  0.134371E+02  0.642952E+01
  0.860000E+00  0.116279E+01  0.271530E+01  0.134808E+02  0.646692E+01
  0.870000E+00  0.114943E+01  0.267878E+01  0.135225E+02  0.650297E+01
  0.880000E+00  0.113636E+01  0.264361E+01  0.135622E+02  0.653773E+01
  0.890000E+00  0.112360E+01  0.260974E+01  0.136001E+02  0.657126E+01
  0.900000E+00  0.111111E+01  0.257710E+01  0.136363E+02  0.660364E+01
  0.910000E+00  0.109890E+01  0.254565E+01  0.136709E+02  0.663491E+01
  0.920000E+00  0.108696E+01  0.251533E+01  0.137039E+02  0.666514E+01
  0.930000E+00  0.107527E+01  0.248610E+01  0.137355E+02  0.669437E+01
  0.940000E+00  0.106383E+01  0.245792E+01  0.137657E+02  0.672264E+01
  0.950000E+00  0.105263E+01  0.243073E+01  0.137947E+02  0.675002E+01
  0.960000E+00  0.104167E+01  0.240450E+01  0.138225E+02  0.677652E+01
  0.970000E+00  0.103093E+01  0.237918E+01  0.138491E+02  0.680221E+01
  0.980000E+00  0.102041E+01  0.235474E+01  0.138746E+02  0.682711E+01
  0.990000E+00  0.101010E+01  0.233113E+01  0.138991E+02  0.685126E+01
  0.100000E+01  0.100000E+01  0.230832E+01  0.139227E+02  0.687469E+01
  0.101000E+01  0.990099E+00  0.228628E+01  0.139453E+02  0.689743E+01
  0.102000E+01  0.980392E+00  0.226497E+01  0.139671E+02  0.691952E+01
  0.103000E+01  0.970874E+00  0.224436E+01  0.139880E+02  0.694098E+01
  0.104000E+01  0.961538E+00  0.222442E+01  0.140082E+02  0.696184E+01
  0.105000E+01  0.952381E+00  0.220513E+01  0.140276E+02  0.698212E+01
  0.106000E+01  0.943396E+00  0.218645E+01  0.140463E+02  0.700185E+01
  0.107000E+01  0.934579E+00  0.216836E+01  0.140643E+02  0.702105E+01
  0.108000E+01  0.925926E+00  0.215083E+01  0.140817E+02  0.703974E+01
  0.109000E+01  0.917431E+00  0.213385E+01  0.140985E+02  0.705794E+01
  0.110000E+01  0.909091E+00  0.211738E+01  0.141147E+02  0.707566E+01
  0.111000E+01  0.900901E+00  0.210141E+01  0.141303E+02  0.709294E+01
  0.112000E+01  0.892857E+00  0.208592E+01  0.141454E+02  0.710978E+01
  0.113000E+01  0.884956E+00  0.207089E+01  0.141600E+02  0.712620E+01
  0.114000E+01  0.877193E+00  0.205630E+01  0.141741E+02  0.714222E+01
  0.115000E+01  0.869565E+00  0.204213E+01  0.141878E+02  0.715785E+01
  0.116000E+01  0.862069E+00  0.202836E+01  0.142010E+02  0.717311E+01
  0.117000E+01  0.854701E+00  0.201499E+01  0.142138E+02  0.718801E+01
  0.118000E+01  0.847458E+00  0.200199E+01  0.142261E+02  0.720255E+01
  0.119000E+01  0.840336E+00  0.198935E+01  0.142381E+02  0.721677E+01
  0.120000E+01  0.833333E+00  0.197705E+01  0.142497E+02  0.723065E+01
  0.121000E+01  0.826446E+00  0.196509E+01  0.142610E+02  0.724423E+01
  0.122000E+01  0.819672E+00  0.195345E+01  0.142719E+02  0.725750E+01
  0.123000E+01  0.813008E+00  0.194212E+01  0.142825E+02  0.727048E+01
  0.124000E+01  0.806452E+00  0.193108E+01  0.142928E+02  0.728318E+01
  0.125000E+01  0.800000E+00  0.192034E+01  0.143028E+02  0.729560E+01
  0.126000E+01  0.793651E+00  0.190986E+01  0.143125E+02  0.730776E+01
  0.127000E+01  0.787402E+00  0.189966E+01  0.143219E+02  0.731966E+01
  0.128000E+01  0.781250E+00  0.188971E+01  0.143310E+02  0.733132E+01
  0.129000E+01  0.775194E+00  0.188001E+01  0.143399E+02  0.734273E+01
  0.130000E+01  0.769231E+00  0.187054E+01  0.143486E+02  0.735392E+01
  0.131000E+01  0.763359E+00  0.186131E+01  0.143569E+02  0.736487E+01
  0.132000E+01  0.757576E+00  0.185230E+01  0.143651E+02  0.737561E+01
  0.133000E+01  0.751880E+00  0.184351E+01  0.143731E+02  0.738614E+01
  0.134000E+01  0.746269E+00  0.183492E+01  0.143808E+02  0.739646E+01
  0.135000E+01  0.740741E+00  0.182653E+01  0.143883E+02  0.740658E+01
  0.136000E+01  0.735294E+00  0.181834E+01  0.143956E+02  0.741650E+01
  0.137000E+01  0.729927E+00  0.181034E+01  0.144028E+02  0.742624E+01
  0.138000E+01  0.724638E+00  0.180251E+01  0.144097E+02  0.743580E+01
  0.139000E+01  0.719424E+00  0.179487E+01  0.144165E+02  0.744517E+01
  0.140000E+01  0.714286E+00  0.178739E+01  0.144231E+02  0.745438E+01
  0.141000E+01  0.709220E+00  0.178008E+01  0.144295E+02  0.746341E+01
  0.142000E+01  0.704225E+00  0.177292E+01  0.144358E+02  0.747229E+01
  0.143000E+01  0.699301E+00  0.176593E+01  0.144419E+02  0.748100E+01
  0.144000E+01  0.694444E+00  0.175908E+01  0.144479E+02  0.748956E+01
  0.145000E+01  0.689655E+00  0.175237E+01  0.144537E+02  0.749797E+01
  0.146000E+01  0.684932E+00  0.174581E+01  0.144594E+02  0.750623E+01
  0.147000E+01  0.680272E+00  0.173938E+01  0.144649E+02  0.751435E+01
  0.148000E+01  0.675676E+00  0.173309E+01  0.144703E+02  0.752233E+01
  0.149000E+01  0.671141E+00  0.172692E+01  0.144756E+02  0.753017E+01
  0.150000E+01  0.666667E+00  0.172088E+01  0.144808E+02  0.753789E+01
  0.151000E+01  0.662252E+00  0.171496E+01  0.144858E+02  0.754547E+01
  0.152000E+01  0.657895E+00  0.170915E+01  0.144907E+02  0.755293E+01
  0.153000E+01  0.653595E+00  0.170346E+01  0.144955E+02  0.756027E+01
  0.154000E+01  0.649351E+00  0.169789E+01  0.145002E+02  0.756749E+01
  0.155000E+01  0.645161E+00  0.169241E+01  0.145048E+02  0.757459E+01
  0.156000E+01  0.641026E+00  0.168705E+01  0.145093E+02  0.758158E+01
  0.157000E+01  0.636943E+00  0.168178E+01  0.145137E+02  0.758845E+01
  0.158000E+01  0.632911E+00  0.167662E+01  0.145180E+02  0.759522E+01
  0.159000E+01  0.628931E+00  0.167155E+01  0.145222E+02  0.760189E+01
  0.160000E+01  0.625000E+00  0.166657E+01  0.145263E+02  0.760845E+01
  0.161000E+01  0.621118E+00  0.166169E+01  0.145304E+02  0.761491E+01
  0.162000E+01  0.617284E+00  0.165689E+01  0.145343E+02  0.762127E+01
  0.163000E+01  0.613497E+00  0.165218E+01  0.145382E+02  0.762753E+01
  0.164000E+01  0.609756E+00  0.164756E+01  0.145419E+02  0.763371E+01
  0.165000E+01  0.606061E+00  0.164301E+01  0.145456E+02  0.763979E+01
  0.166000E+01  0.602410E+00  0.163855E+01  0.145493E+02  0.764578E+01
  0.167000E+01  0.598802E+00  0.163416E+01  0.145528E+02  0.765168E+01
  0.168000E+01  0.595238E+00  0.162985E+01  0.145563E+02  0.765750E+01
  0.169000E+01  0.591716E+00  0.162562E+01  0.145597E+02  0.766323E+01
  0.170000E+01  0.588235E+00  0.162145E+01  0.145630E+02  0.766888E+01
  0.171000E+01  0.584795E+00  0.161736E+01  0.145663E+02  0.767445E+01
  0.172000E+01  0.581395E+00  0.161333E+01  0.145695E+02  0.767994E+01
  0.173000E+01  0.578035E+00  0.160937E+01  0.145726E+02  0.768536E+01
  0.174000E+01  0.574713E+00  0.160548E+01  0.145757E+02  0.769070E+01
  0.175000E+01  0.571429E+00  0.160165E+01  0.145787E+02  0.769596E+01
  0.176000E+01  0.568182E+00  0.159788E+01  0.145817E+02  0.770116E+01
  0.177000E+01  0.564972E+00  0.159417E+01  0.145846E+02  0.770628E+01
  0.178000E+01  0.561798E+00  0.159052E+01  0.145874E+02  0.771134E+01
  0.179000E+01  0.558659E+00  0.158693E+01  0.145902E+02  0.771632E+01
  0.180000E+01  0.555556E+00  0.158340E+01  0.145930E+02  0.772124E+01
  0.181000E+01  0.552486E+00  0.157992E+01  0.145956E+02  0.772610E+01
  0.182000E+01  0.549451E+00  0.157649E+01  0.145983E+02  0.773089E+01
  0.183000E+01  0.546448E+00  0.157312E+01  0.146009E+02  0.773562E+01
  0.184000E+01  0.543478E+00  0.156980E+01  0.146034E+02  0.774028E+01
  0.185000E+01  0.540541E+00  0.156653E+01  0.146059E+02  0.774489E+01
  0.186000E+01  0.537634E+00  0.156330E+01  0.146084E+02  0.774944E+01
  0.187000E+01  0.534759E+00  0.156013E+01  0.146108E+02  0.775393E+01
  0.188000E+01  0.531915E+00  0.155700E+01  0.146131E+02  0.775836E+01
  0.189000E+01  0.529101E+00  0.155392E+01  0.146155E+02  0.776274E+01
  0.190000E+01  0.526316E+00  0.155089E+01  0.146177E+02  0.776706E+01
  0.191000E+01  0.523560E+00  0.154789E+01  0.146200E+02  0.777133E+01
  0.192000E+01  0.520833E+00  0.154494E+01  0.146222E+02  0.777555E+01
  0.193000E+01  0.518135E+00  0.154204E+01  0.146244E+02  0.777971E+01
  0.194000E+01  0.515464E+00  0.153917E+01  0.146265E+02  0.778383E+01
  0.195000E+01  0.512821E+00  0.153635E+01  0.146286E+02  0.778789E+01
  0.196000E+01  0.510204E+00  0.153356E+01  0.146306E+02  0.779191E+01
  0.197000E+01  0.507614E+00  0.153081E+01  0.146326E+02  0.779588E+01
  0.198000E+01  0.505051E+00  0.152810E+01  0.146346E+02  0.779980E+01
  0.199000E+01  0.502513E+00  0.152543E+01  0.146366E+02  0.780367E+01
  0.200000E+01  0.500000E+00  0.152280E+01  0.146385E+02  0.780750E+01
  0.201000E+01  0.497512E+00  0.152020E+01  0.146404E+02  0.781129E+01
  0.202000E+01  0.495050E+00  0.151763E+01  0.146422E+02  0.781503E+01
  0.203000E+01  0.492611E+00  0.151510E+01  0.146441E+02  0.781873E+01
  0.204000E+01  0.490196E+00  0.151260E+01  0.146459E+02  0.782238E+01
  0.205000E+01  0.487805E+00  0.151014E+01  0.146476E+02  0.782600E+01
  0.206000E+01  0.485437E+00  0.150771E+01  0.146494E+02  0.782957E+01
  0.207000E+01  0.483092E+00  0.150530E+01  0.146511E+02  0.783310E+01
  0.208000E+01  0.480769E+00  0.150294E+01  0.146528E+02  0.783660E+01
  0.209000E+01  0.478469E+00  0.150060E+01  0.146544E+02  0.784005E+01
  0.210000E+01  0.476190E+00  0.149829E+01  0.146561E+02  0.784347E+01
  0.211000E+01  0.473934E+00  0.149601E+01  0.146577E+02  0.784685E+01
  0.212000E+01  0.471698E+00  0.149376E+01  0.146592E+02  0.785019E+01
  0.213000E+01  0.469484E+00  0.149153E+01  0.146608E+02  0.785349E+01
  0.214000E+01  0.467290E+00  0.148934E+01  0.146623E+02  0.785676E+01
  0.215000E+01  0.465116E+00  0.148717E+01  0.146638E+02  0.786000E+01
  0.216000E+01  0.462963E+00  0.148503E+01  0.146653E+02  0.786320E+01
  0.217000E+01  0.460829E+00  0.148291E+01  0.146668E+02  0.786636E+01
  0.218000E+01  0.458716E+00  0.148082E+01  0.146682E+02  0.786950E+01
  0.219000E+01  0.456621E+00  0.147876E+01  0.146696E+02  0.787260E+01
  0.220000E+01  0.454545E+00  0.147672E+01  0.146710E+02  0.787566E+01
  0.221000E+01  0.452489E+00  0.147470E+01  0.146724E+02  0.787870E+01
  0.222000E+01  0.450450E+00  0.147271E+01  0.146738E+02  0.788170E+01
  0.223000E+01  0.448430E+00  0.147075E+01  0.146751E+02  0.788467E+01
  0.224000E+01  0.446429E+00  0.146880E+01  0.146764E+02  0.788762E+01
  0.225000E+01  0.444444E+00  0.146688E+01  0.146777E+02  0.789053E+01
  0.226000E+01  0.442478E+00  0.146498E+01  0.146790E+02  0.789341E+01
  0.227000E+01  0.440529E+00  0.146310E+01  0.146803E+02  0.789627E+01
  0.228000E+01  0.438596E+00  0.146124E+01  0.146815E+02  0.789909E+01
  0.229000E+01  0.436681E+00  0.145941E+01  0.146827E+02  0.790189E+01
  0.230000E+01  0.434783E+00  0.145760E+01  0.146839E+02  0.790466E+01
  0.231000E+01  0.432900E+00  0.145580E+01  0.146851E+02  0.790740E+01
  0.232000E+01  0.431034E+00  0.145403E+01  0.146863E+02  0.791011E+01
  0.233000E+01  0.429185E+00  0.145227E+01  0.146874E+02  0.791280E+01
  0.234000E+01  0.427350E+00  0.145054E+01  0.146886E+02  0.791546E+01
  0.235000E+01  0.425532E+00  0.144882E+01  0.146897E+02  0.791810E+01
  0.236000E+01  0.423729E+00  0.144713E+01  0.146908E+02  0.792071E+01
  0.237000E+01  0.421941E+00  0.144545E+01  0.146919E+02  0.792330E+01
  0.238000E+01  0.420168E+00  0.144379E+01  0.146930E+02  0.792586E+01
  0.239000E+01  0.418410E+00  0.144215E+01  0.146941E+02  0.792839E+01
  0.240000E+01  0.416667E+00  0.144052E+01  0.146951E+02  0.793091E+01
  0.241000E+01  0.414938E+00  0.143891E+01  0.146961E+02  0.793340E+01
  0.242000E+01  0.413223E+00  0.143732E+01  0.146972E+02  0.793586E+01
  0.243000E+01  0.411523E+00  0.143575E+01  0.146982E+02  0.793830E+01
  0.244000E+01  0.409836E+00  0.143419E+01  0.146992E+02  0.794072E+01
  0.245000E+01  0.408163E+00  0.143265E+01  0.147001E+02  0.794312E+01
  0.246000E+01  0.406504E+00  0.143113E+01  0.147011E+02  0.794550E+01
  0.247000E+01  0.404858E+00  0.142962E+01  0.147021E+02  0.794785E+01
  0.248000E+01  0.403226E+00  0.142813E+01  0.147030E+02  0.795019E+01
  0.249000E+01  0.401606E+00  0.142665E+01  0.147039E+02  0.795250E+01
  0.250000E+01  0.400000E+00  0.142518E+01  0.147049E+02  0.795479E+01
  0.251000E+01  0.398406E+00  0.142374E+01  0.147058E+02  0.795706E+01
  0.252000E+01  0.396825E+00  0.142230E+01  0.147067E+02  0.795931E+01
  0.253000E+01  0.395257E+00  0.142088E+01  0.147075E+02  0.796154E+01
  0.254000E+01  0.393701E+00  0.141948E+01  0.147084E+02  0.796375E+01
  0.255000E+01  0.392157E+00  0.141809E+01  0.147093E+02  0.796594E+01
  0.256000E+01  0.390625E+00  0.141671E+01  0.147101E+02  0.796811E+01
  0.257000E+01  0.389105E+00  0.141535E+01  0.147110E+02  0.797026E+01
  0.258000E+01  0.387597E+00  0.141400E+01  0.147118E+02  0.797239E+01
  0.259000E+01  0.386100E+00  0.141266E+01  0.147126E+02  0.797451E+01
  0.260000E+01  0.384615E+00  0.141133E+01  0.147134E+02  0.797661E+01
  0.261000E+01  0.383142E+00  0.141002E+01  0.147142E+02  0.797869E+01
  0.262000E+01  0.381679E+00  0.140872E+01  0.147150E+02  0.798075E+01
  0.263000E+01  0.380228E+00  0.140744E+01  0.147158E+02  0.798279E+01
  0.264000E+01  0.378788E+00  0.140616E+01  0.147166E+02  0.798482E+01
  0.265000E+01  0.377358E+00  0.140490E+01  0.147173E+02  0.798682E+01
  0.266000E+01  0.375940E+00  0.140365E+01  0.147181E+02  0.798882E+01
  0.267000E+01  0.374532E+00  0.140241E+01  0.147188E+02  0.799079E+01
  0.268000E+01  0.373134E+00  0.140118E+01  0.147195E+02  0.799275E+01
  0.269000E+01  0.371747E+00  0.139997E+01  0.147203E+02  0.799469E+01
  0.270000E+01  0.370370E+00  0.139876E+01  0.147210E+02  0.799662E+01
  0.271000E+01  0.369004E+00  0.139757E+01  0.147217E+02  0.799853E+01
  0.272000E+01  0.367647E+00  0.139639E+01  0.147224E+02  0.800043E+01
  0.273000E+01  0.366300E+00  0.139521E+01  0.147231E+02  0.800231E+01
  0.274000E+01  0.364964E+00  0.139405E+01  0.147238E+02  0.800417E+01
  0.275000E+01  0.363636E+00  0.139290E+01  0.147244E+02  0.800602E+01
  0.276000E+01  0.362319E+00  0.139176E+01  0.147251E+02  0.800785E+01
  0.277000E+01  0.361011E+00  0.139063E+01  0.147257E+02  0.800967E+01
  0.278000E+01  0.359712E+00  0.138951E+01  0.147264E+02  0.801148E+01
  0.279000E+01  0.358423E+00  0.138840E+01  0.147270E+02  0.801327E+01
  0.280000E+01  0.357143E+00  0.138730E+01  0.147277E+02  0.801505E+01
  0.281000E+01  0.355872E+00  0.138621E+01  0.147283E+02  0.801681E+01
  0.282000E+01  0.354610E+00  0.138513E+01  0.147289E+02  0.801856E+01
  0.283000E+01  0.353357E+00  0.138406E+01  0.147295E+02  0.802029E+01
  0.284000E+01  0.352113E+00  0.138300E+01  0.147301E+02  0.802201E+01
  0.285000E+01  0.350877E+00  0.138194E+01  0.147307E+02  0.802372E+01
  0.286000E+01  0.349650E+00  0.138090E+01  0.147313E+02  0.802542E+01
  0.287000E+01  0.348432E+00  0.137986E+01  0.147319E+02  0.802710E+01
  0.288000E+01  0.347222E+00  0.137884E+01  0.147325E+02  0.802877E+01
  0.289000E+01  0.346021E+00  0.137782E+01  0.147331E+02  0.803042E+01
  0.290000E+01  0.344828E+00  0.137681E+01  0.147337E+02  0.803207E+01
  0.291000E+01  0.343643E+00  0.137581E+01  0.147342E+02  0.803370E+01
  0.292000E+01  0.342466E+00  0.137482E+01  0.147348E+02  0.803532E+01
  0.293000E+01  0.341297E+00  0.137383E+01  0.147353E+02  0.803692E+01
  0.294000E+01  0.340136E+00  0.137286E+01  0.147359E+02  0.803852E+01
  0.295000E+01  0.338983E+00  0.137189E+01  0.147364E+02  0.804010E+01
  0.296000E+01  0.337838E+00  0.137093E+01  0.147369E+02  0.804167E+01
  0.297000E+01  0.336700E+00  0.136998E+01  0.147375E+02  0.804323E+01
  0.298000E+01  0.335570E+00  0.136903E+01  0.147380E+02  0.804478E+01
  0.299000E+01  0.334448E+00  0.136810E+01  0.147385E+02  0.804631E+01
  0.300000E+01  0.333333E+00  0.136717E+01  0.147390E+02  0.804784E+01
  0.301000E+01  0.332226E+00  0.136625E+01  0.147395E+02  0.804935E+01
  0.302000E+01  0.331126E+00  0.136533E+01  0.147400E+02  0.805085E+01
  0.303000E+01  0.330033E+00  0.136443E+01  0.147405E+02  0.805234E+01
  0.304000E+01  0.328947E+00  0.136353E+01  0.147410E+02  0.805383E+01
  0.305000E+01  0.327869E+00  0.136263E+01  0.147415E+02  0.805530E+01
  0.306000E+01  0.326797E+00  0.136175E+01  0.147419E+02  0.805676E+01
  0.307000E+01  0.325733E+00  0.136087E+01  0.147424E+02  0.805820E+01
  0.308000E+01  0.324675E+00  0.136000E+01  0.147429E+02  0.805964E+01
  0.309000E+01  0.323625E+00  0.135914E+01  0.147433E+02  0.806107E+01
  0.310000E+01  0.322581E+00  0.135828E+01  0.147438E+02  0.806249E+01
  0.311000E+01  0.321543E+00  0.135743E+01  0.147443E+02  0.806390E+01
  0.312000E+01  0.320513E+00  0.135658E+01  0.147447E+02  0.806530E+01
  0.313000E+01  0.319489E+00  0.135574E+01  0.147452E+02  0.806669E+01
  0.314000E+01  0.318471E+00  0.135491E+01  0.147456E+02  0.806806E+01
  0.315000E+01  0.317460E+00  0.135409E+01  0.147460E+02  0.806943E+01
  0.316000E+01  0.316456E+00  0.135327E+01  0.147465E+02  0.807079E+01
  0.317000E+01  0.315457E+00  0.135246E+01  0.147469E+02  0.807214E+01
  0.318000E+01  0.314465E+00  0.135165E+01  0.147473E+02  0.807349E+01
  0.319000E+01  0.313480E+00  0.135085E+01  0.147477E+02  0.807482E+01
  0.320000E+01  0.312500E+00  0.135005E+01  0.147481E+02  0.807614E+01
  0.321000E+01  0.311526E+00  0.134927E+01  0.147485E+02  0.807745E+01
  0.322000E+01  0.310559E+00  0.134848E+01  0.147490E+02  0.807876E+01
  0.323000E+01  0.309598E+00  0.134771E+01  0.147494E+02  0.808006E+01
  0.324000E+01  0.308642E+00  0.134693E+01  0.147498E+02  0.808134E+01
  0.325000E+01  0.307692E+00  0.134617E+01  0.147501E+02  0.808262E+01
  0.326000E+01  0.306748E+00  0.134541E+01  0.147505E+02  0.808389E+01
  0.327000E+01  0.305810E+00  0.134465E+01  0.147509E+02  0.808515E+01
  0.328000E+01  0.304878E+00  0.134391E+01  0.147513E+02  0.808641E+01
  0.329000E+01  0.303951E+00  0.134316E+01  0.147517E+02  0.808765E+01
  0.330000E+01  0.303030E+00  0.134242E+01  0.147521E+02  0.808889E+01
  0.331000E+01  0.302115E+00  0.134169E+01  0.147524E+02  0.809012E+01
  0.332000E+01  0.301205E+00  0.134096E+01  0.147528E+02  0.809134E+01
  0.333000E+01  0.300300E+00  0.134024E+01  0.147532E+02  0.809255E+01
  0.334000E+01  0.299401E+00  0.133953E+01  0.147535E+02  0.809376E+01
  0.335000E+01  0.298507E+00  0.133881E+01  0.147539E+02  0.809495E+01
  0.336000E+01  0.297619E+00  0.133811E+01  0.147542E+02  0.809614E+01
  0.337000E+01  0.296736E+00  0.133740E+01  0.147546E+02  0.809732E+01
  0.338000E+01  0.295858E+00  0.133671E+01  0.147549E+02  0.809850E+01
  0.339000E+01  0.294985E+00  0.133601E+01  0.147553E+02  0.809966E+01
  0.340000E+01  0.294118E+00  0.133533E+01  0.147556E+02  0.810082E+01
  0.341000E+01  0.293255E+00  0.133464E+01  0.147560E+02  0.810197E+01
  0.342000E+01  0.292398E+00  0.133397E+01  0.147563E+02  0.810312E+01
  0.343000E+01  0.291545E+00  0.133329E+01  0.147566E+02  0.810425E+01
  0.344000E+01  0.290698E+00  0.133262E+01  0.147570E+02  0.810538E+01
  0.345000E+01  0.289855E+00  0.133196E+01  0.147573E+02  0.810651E+01
  0.346000E+01  0.289017E+00  0.133130E+01  0.147576E+02  0.810762E+01
  0.347000E+01  0.288184E+00  0.133065E+01  0.147579E+02  0.810873E+01
  0.348000E+01  0.287356E+00  0.133000E+01  0.147582E+02  0.810983E+01
  0.349000E+01  0.286533E+00  0.132935E+01  0.147586E+02  0.811093E+01
  0.350000E+01  0.285714E+00  0.132871E+01  0.147589E+02  0.811202E+01
  0.351000E+01  0.284900E+00  0.132807E+01  0.147592E+02  0.811310E+01
  0.352000E+01  0.284091E+00  0.132744E+01  0.147595E+02  0.811417E+01
  0.353000E+01  0.283286E+00  0.132681E+01  0.147598E+02  0.811524E+01
  0.354000E+01  0.282486E+00  0.132618E+01  0.147601E+02  0.811630E+01
  0.355000E+01  0.281690E+00  0.132556E+01  0.147604E+02  0.811736E+01
  0.356000E+01  0.280899E+00  0.132495E+01  0.147607E+02  0.811840E+01
  0.357000E+01  0.280112E+00  0.132433E+01  0.147610E+02  0.811945E+01
  0.358000E+01  0.279330E+00  0.132373E+01  0.147613E+02  0.812048E+01
  0.359000E+01  0.278552E+00  0.132312E+01  0.147615E+02  0.812151E+01
  0.360000E+01  0.277778E+00  0.132252E+01  0.147618E+02  0.812254E+01
  0.361000E+01  0.277008E+00  0.132192E+01  0.147621E+02  0.812355E+01
  0.362000E+01  0.276243E+00  0.132133E+01  0.147624E+02  0.812456E+01
  0.363000E+01  0.275482E+00  0.132074E+01  0.147627E+02  0.812557E+01
  0.364000E+01  0.274725E+00  0.132016E+01  0.147629E+02  0.812657E+01
  0.365000E+01  0.273973E+00  0.131957E+01  0.147632E+02  0.812756E+01
  0.366000E+01  0.273224E+00  0.131900E+01  0.147635E+02  0.812855E+01
  0.367000E+01  0.272480E+00  0.131842E+01  0.147638E+02  0.812953E+01
  0.368000E+01  0.271739E+00  0.131785E+01  0.147640E+02  0.813051E+01
  0.369000E+01  0.271003E+00  0.131729E+01  0.147643E+02  0.813148E+01
  0.370000E+01  0.270270E+00  0.131672E+01  0.147645E+02  0.813244E+01
  0.371000E+01  0.269542E+00  0.131616E+01  0.147648E+02  0.813340E+01
  0.372000E+01  0.268817E+00  0.131561E+01  0.147651E+02  0.813436E+01
  0.373000E+01  0.268097E+00  0.131505E+01  0.147653E+02  0.813530E+01
  0.374000E+01  0.267380E+00  0.131450E+01  0.147656E+02  0.813625E+01
  0.375000E+01  0.266667E+00  0.131396E+01  0.147658E+02  0.813718E+01
  0.376000E+01  0.265957E+00  0.131342E+01  0.147661E+02  0.813811E+01
  0.377000E+01  0.265252E+00  0.131288E+01  0.147663E+02  0.813904E+01
  0.378000E+01  0.264550E+00  0.131234E+01  0.147666E+02  0.813996E+01
  0.379000E+01  0.263852E+00  0.131181E+01  0.147668E+02  0.814088E+01
  0.380000E+01  0.263158E+00  0.131128E+01  0.147670E+02  0.814179E+01
  0.381000E+01  0.262467E+00  0.131075E+01  0.147673E+02  0.814269E+01
  0.382000E+01  0.261780E+00  0.131023E+01  0.147675E+02  0.814359E+01
  0.383000E+01  0.261097E+00  0.130971E+01  0.147678E+02  0.814449E+01
  0.384000E+01  0.260417E+00  0.130919E+01  0.147680E+02  0.814538E+01
  0.385000E+01  0.259740E+00  0.130868E+01  0.147682E+02  0.814627E+01
  0.386000E+01  0.259067E+00  0.130817E+01  0.147684E+02  0.814715E+01
  0.387000E+01  0.258398E+00  0.130766E+01  0.147687E+02  0.814802E+01
  0.388000E+01  0.257732E+00  0.130716E+01  0.147689E+02  0.814889E+01
  0.389000E+01  0.257069E+00  0.130666E+01  0.147691E+02  0.814976E+01
  0.390000E+01  0.256410E+00  0.130616E+01  0.147693E+02  0.815062E+01
  0.391000E+01  0.255754E+00  0.130566E+01  0.147696E+02  0.815148E+01
  0.392000E+01  0.255102E+00  0.130517E+01  0.147698E+02  0.815233E+01
  0.393000E+01  0.254453E+00  0.130468E+01  0.147700E+02  0.815317E+01
  0.394000E+01  0.253807E+00  0.130419E+01  0.147702E+02  0.815402E+01
  0.395000E+01  0.253165E+00  0.130371E+01  0.147704E+02  0.815485E+01
  0.396000E+01  0.252525E+00  0.130323E+01  0.147706E+02  0.815569E+01
  0.397000E+01  0.251889E+00  0.130275E+01  0.147708E+02  0.815652E+01
  0.398000E+01  0.251256E+00  0.130228E+01  0.147710E+02  0.815734E+01
  0.399000E+01  0.250627E+00  0.130180E+01  0.147712E+02  0.815816E+01
  0.400000E+01  0.250000E+00  0.130133E+01  0.147715E+02  0.815898E+01
  0.401000E+01  0.249377E+00  0.130087E+01  0.147717E+02  0.815979E+01
  0.402000E+01  0.248756E+00  0.130040E+01  0.147719E+02  0.816059E+01
  0.403000E+01  0.248139E+00  0.129994E+01  0.147721E+02  0.816140E+01
  0.404000E+01  0.247525E+00  0.129948E+01  0.147723E+02  0.816220E+01
  0.405000E+01  0.246914E+00  0.129902E+01  0.147724E+02  0.816299E+01
  0.406000E+01  0.246305E+00  0.129857E+01  0.147726E+02  0.816378E+01
  0.407000E+01  0.245700E+00  0.129812E+01  0.147728E+02  0.816457E+01
  0.408000E+01  0.245098E+00  0.129767E+01  0.147730E+02  0.816535E+01
  0.409000E+01  0.244499E+00  0.129722E+01  0.147732E+02  0.816612E+01
  0.410000E+01  0.243902E+00  0.129678E+01  0.147734E+02  0.816690E+01
  0.411000E+01  0.243309E+00  0.129634E+01  0.147736E+02  0.816767E+01
  0.412000E+01  0.242718E+00  0.129590E+01  0.147738E+02  0.816843E+01
  0.413000E+01  0.242131E+00  0.129546E+01  0.147740E+02  0.816919E+01
  0.414000E+01  0.241546E+00  0.129503E+01  0.147741E+02  0.816995E+01
  0.415000E+01  0.240964E+00  0.129459E+01  0.147743E+02  0.817071E+01
  0.416000E+01  0.240385E+00  0.129416E+01  0.147745E+02  0.817146E+01
  0.417000E+01  0.239808E+00  0.129374E+01  0.147747E+02  0.817220E+01
  0.418000E+01  0.239234E+00  0.129331E+01  0.147749E+02  0.817294E+01
  0.419000E+01  0.238663E+00  0.129289E+01  0.147750E+02  0.817368E+01
  0.420000E+01  0.238095E+00  0.129247E+01  0.147752E+02  0.817442E+01
  0.421000E+01  0.237530E+00  0.129205E+01  0.147754E+02  0.817515E+01
  0.422000E+01  0.236967E+00  0.129164E+01  0.147756E+02  0.817587E+01
  0.423000E+01  0.236407E+00  0.129122E+01  0.147757E+02  0.817660E+01
  0.424000E+01  0.235849E+00  0.129081E+01  0.147759E+02  0.817732E+01
  0.425000E+01  0.235294E+00  0.129040E+01  0.147761E+02  0.817803E+01
  0.426000E+01  0.234742E+00  0.129000E+01  0.147762E+02  0.817875E+01
  0.427000E+01  0.234192E+00  0.128959E+01  0.147764E+02  0.817946E+01
  0.428000E+01  0.233645E+00  0.128919E+01  0.147766E+02  0.818016E+01
  0.429000E+01  0.233100E+00  0.128879E+01  0.147767E+02  0.818086E+01
  0.430000E+01  0.232558E+00  0.128839E+01  0.147769E+02  0.818156E+01
  0.431000E+01  0.232019E+00  0.128799E+01  0.147771E+02  0.818226E+01
  0.432000E+01  0.231481E+00  0.128760E+01  0.147772E+02  0.818295E+01
  0.433000E+01  0.230947E+00  0.128721E+01  0.147774E+02  0.818364E+01
  0.434000E+01  0.230415E+00  0.128682E+01  0.147775E+02  0.818432E+01
  0.435000E+01  0.229885E+00  0.128643E+01  0.147777E+02  0.818500E+01
  0.436000E+01  0.229358E+00  0.128605E+01  0.147779E+02  0.818568E+01
  0.437000E+01  0.228833E+00  0.128566E+01  0.147780E+02  0.818636E+01
  0.438000E+01  0.228311E+00  0.128528E+01  0.147782E+02  0.818703E+01
  0.439000E+01  0.227790E+00  0.128490E+01  0.147783E+02  0.818770E+01
  0.440000E+01  0.227273E+00  0.128452E+01  0.147785E+02  0.818836E+01
  0.441000E+01  0.226757E+00  0.128415E+01  0.147786E+02  0.818902E+01
  0.442000E+01  0.226244E+00  0.128377E+01  0.147788E+02  0.818968E+01
  0.443000E+01  0.225734E+00  0.128340E+01  0.147789E+02  0.819034E+01
  0.444000E+01  0.225225E+00  0.128303E+01  0.147791E+02  0.819099E+01
  0.445000E+01  0.224719E+00  0.128266E+01  0.147792E+02  0.819164E+01
  0.446000E+01  0.224215E+00  0.128230E+01  0.147794E+02  0.819228E+01
  0.447000E+01  0.223714E+00  0.128193E+01  0.147795E+02  0.819293E+01
  0.448000E+01  0.223214E+00  0.128157E+01  0.147796E+02  0.819357E+01
  0.449000E+01  0.222717E+00  0.128121E+01  0.147798E+02  0.819420E+01
  0.450000E+01  0.222222E+00  0.128085E+01  0.147799E+02  0.819484E+01
  0.451000E+01  0.221729E+00  0.128049E+01  0.147801E+02  0.819547E+01
  0.452000E+01  0.221239E+00  0.128014E+01  0.147802E+02  0.819610E+01
  0.453000E+01  0.220751E+00  0.127978E+01  0.147803E+02  0.819672E+01
  0.454000E+01  0.220264E+00  0.127943E+01  0.147805E+02  0.819735E+01
  0.455000E+01  0.219780E+00  0.127908E+01  0.147806E+02  0.819796E+01
  0.456000E+01  0.219298E+00  0.127873E+01  0.147807E+02  0.819858E+01
  0.457000E+01  0.218818E+00  0.127838E+01  0.147809E+02  0.819919E+01
  0.458000E+01  0.218341E+00  0.127804E+01  0.147810E+02  0.819981E+01
  0.459000E+01  0.217865E+00  0.127770E+01  0.147811E+02  0.820041E+01
  0.460000E+01  0.217391E+00  0.127735E+01  0.147813E+02  0.820102E+01
  0.461000E+01  0.216920E+00  0.127701E+01  0.147814E+02  0.820162E+01
  0.462000E+01  0.216450E+00  0.127668E+01  0.147815E+02  0.820222E+01
  0.463000E+01  0.215983E+00  0.127634E+01  0.147817E+02  0.820282E+01
  0.464000E+01  0.215517E+00  0.127600E+01  0.147818E+02  0.820341E+01
  0.465000E+01  0.215054E+00  0.127567E+01  0.147819E+02  0.820400E+01
  0.466000E+01  0.214592E+00  0.127534E+01  0.147821E+02  0.820459E+01
  0.467000E+01  0.214133E+00  0.127501E+01  0.147822E+02  0.820518E+01
  0.468000E+01  0.213675E+00  0.127468E+01  0.147823E+02  0.820576E+01
  0.469000E+01  0.213220E+00  0.127435E+01  0.147824E+02  0.820634E+01
  0.470000E+01  0.212766E+00  0.127403E+01  0.147825E+02  0.820692E+01
  0.471000E+01  0.212314E+00  0.127370E+01  0.147827E+02  0.820749E+01
  0.472000E+01  0.211864E+00  0.127338E+01  0.147828E+02  0.820807E+01
  0.473000E+01  0.211416E+00  0.127306E+01  0.147829E+02  0.820864E+01
  0.474000E+01  0.210970E+00  0.127274E+01  0.147830E+02  0.820920E+01
  0.475000E+01  0.210526E+00  0.127242E+01  0.147832E+02  0.820977E+01
  0.476000E+01  0.210084E+00  0.127211E+01  0.147833E+02  0.821033E+01
  0.477000E+01  0.209644E+00  0.127179E+01  0.147834E+02  0.821089E+01
  0.478000E+01  0.209205E+00  0.127148E+01  0.147835E+02  0.821145E+01
  0.479000E+01  0.208768E+00  0.127117E+01  0.147836E+02  0.821201E+01
  0.480000E+01  0.208333E+00  0.127086E+01  0.147837E+02  0.821256E+01
  0.481000E+01  0.207900E+00  0.127055E+01  0.147839E+02  0.821311E+01
  0.482000E+01  0.207469E+00  0.127024E+01  0.147840E+02  0.821366E+01
  0.483000E+01  0.207039E+00  0.126993E+01  0.147841E+02  0.821420E+01
  0.484000E+01  0.206612E+00  0.126963E+01  0.147842E+02  0.821475E+01
  0.485000E+01  0.206186E+00  0.126933E+01  0.147843E+02  0.821529E+01
  0.486000E+01  0.205761E+00  0.126902E+01  0.147844E+02  0.821583E+01
  0.487000E+01  0.205339E+00  0.126872E+01  0.147845E+02  0.821636E+01
  0.488000E+01  0.204918E+00  0.126842E+01  0.147846E+02  0.821690E+01
  0.489000E+01  0.204499E+00  0.126813E+01  0.147847E+02  0.821743E+01
  0.490000E+01  0.204082E+00  0.126783E+01  0.147848E+02  0.821796E+01
  0.491000E+01  0.203666E+00  0.126754E+01  0.147850E+02  0.821848E+01
  0.492000E+01  0.203252E+00  0.126724E+01  0.147851E+02  0.821901E+01
  0.493000E+01  0.202840E+00  0.126695E+01  0.147852E+02  0.821953E+01
  0.494000E+01  0.202429E+00  0.126666E+01  0.147853E+02  0.822005E+01
  0.495000E+01  0.202020E+00  0.126637E+01  0.147854E+02  0.822057E+01
  0.496000E+01  0.201613E+00  0.126608E+01  0.147855E+02  0.822108E+01
  0.497000E+01  0.201207E+00  0.126579E+01  0.147856E+02  0.822160E+01
  0.498000E+01  0.200803E+00  0.126551E+01  0.147857E+02  0.822211E+01
  0.499000E+01  0.200401E+00  0.126522E+01  0.147858E+02  0.822262E+01
  0.500000E+01  0.200000E+00  0.126494E+01  0.147859E+02  0.822312E+01
  0.501000E+01  0.199601E+00  0.126466E+01  0.147860E+02  0.822363E+01
  0.502000E+01  0.199203E+00  0.126438E+01  0.147861E+02  0.822413E+01
  0.503000E+01  0.198807E+00  0.126410E+01  0.147862E+02  0.822463E+01
  0.504000E+01  0.198413E+00  0.126382E+01  0.147863E+02  0.822513E+01
  0.505000E+01  0.198020E+00  0.126354E+01  0.147864E+02  0.822563E+01
  0.506000E+01  0.197628E+00  0.126327E+01  0.147865E+02  0.822612E+01
  0.507000E+01  0.197239E+00  0.126299E+01  0.147866E+02  0.822661E+01
  0.508000E+01  0.196850E+00  0.126272E+01  0.147867E+02  0.822711E+01
  0.509000E+01  0.196464E+00  0.126245E+01  0.147868E+02  0.822759E+01
  0.510000E+01  0.196078E+00  0.126218E+01  0.147869E+02  0.822808E+01
  0.511000E+01  0.195695E+00  0.126191E+01  0.147870E+02  0.822856E+01
  0.512000E+01  0.195312E+00  0.126164E+01  0.147871E+02  0.822905E+01
  0.513000E+01  0.194932E+00  0.126137E+01  0.147872E+02  0.822953E+01
  0.514000E+01  0.194553E+00  0.126110E+01  0.147873E+02  0.823000E+01
  0.515000E+01  0.194175E+00  0.126084E+01  0.147873E+02  0.823048E+01
  0.516000E+01  0.193798E+00  0.126057E+01  0.147874E+02  0.823096E+01
  0.517000E+01  0.193424E+00  0.126031E+01  0.147875E+02  0.823143E+01
  0.518000E+01  0.193050E+00  0.126005E+01  0.147876E+02  0.823190E+01
  0.519000E+01  0.192678E+00  0.125979E+01  0.147877E+02  0.823237E+01
  0.520000E+01  0.192308E+00  0.125953E+01  0.147878E+02  0.823283E+01
  0.521000E+01  0.191939E+00  0.125927E+01  0.147879E+02  0.823330E+01
  0.522000E+01  0.191571E+00  0.125901E+01  0.147880E+02  0.823376E+01
  0.523000E+01  0.191205E+00  0.125876E+01  0.147881E+02  0.823422E+01
  0.524000E+01  0.190840E+00  0.125850E+01  0.147882E+02  0.823468E+01
  0.525000E+01  0.190476E+00  0.125825E+01  0.147882E+02  0.823514E+01
  0.526000E+01  0.190114E+00  0.125799E+01  0.147883E+02  0.823560E+01
  0.527000E+01  0.189753E+00  0.125774E+01  0.147884E+02  0.823605E+01
  0.528000E+01  0.189394E+00  0.125749E+01  0.147885E+02  0.823650E+01
  0.529000E+01  0.189036E+00  0.125724E+01  0.147886E+02  0.823695E+01
  0.530000E+01  0.188679E+00  0.125699E+01  0.147887E+02  0.823740E+01
  0.531000E+01  0.188324E+00  0.125674E+01  0.147888E+02  0.823785E+01
  0.532000E+01  0.187970E+00  0.125650E+01  0.147888E+02  0.823829E+01
  0.533000E+01  0.187617E+00  0.125625E+01  0.147889E+02  0.823873E+01
  0.534000E+01  0.187266E+00  0.125601E+01  0.147890E+02  0.823918E+01
  0.535000E+01  0.186916E+00  0.125576E+01  0.147891E+02  0.823962E+01
  0.536000E+01  0.186567E+00  0.125552E+01  0.147892E+02  0.824005E+01
  0.537000E+01  0.186220E+00  0.125528E+01  0.147892E+02  0.824049E+01
  0.538000E+01  0.185874E+00  0.125504E+01  0.147893E+02  0.824092E+01
  0.539000E+01  0.185529E+00  0.125480E+01  0.147894E+02  0.824136E+01
  0.540000E+01  0.185185E+00  0.125456E+01  0.147895E+02  0.824179E+01
  0.541000E+01  0.184843E+00  0.125432E+01  0.147896E+02  0.824222E+01
  0.542000E+01  0.184502E+00  0.125409E+01  0.147896E+02  0.824264E+01
  0.543000E+01  0.184162E+00  0.125385E+01  0.147897E+02  0.824307E+01
  0.544000E+01  0.183824E+00  0.125362E+01  0.147898E+02  0.824349E+01
  0.545000E+01  0.183486E+00  0.125338E+01  0.147899E+02  0.824392E+01
  0.546000E+01  0.183150E+00  0.125315E+01  0.147900E+02  0.824434E+01
  0.547000E+01  0.182815E+00  0.125292E+01  0.147900E+02  0.824476E+01
  0.548000E+01  0.182482E+00  0.125269E+01  0.147901E+02  0.824518E+01
  0.549000E+01  0.182149E+00  0.125246E+01  0.147902E+02  0.824559E+01
  0.550000E+01  0.181818E+00  0.125223E+01  0.147903E+02  0.824601E+01
  0.551000E+01  0.181488E+00  0.125200E+01  0.147903E+02  0.824642E+01
  0.552000E+01  0.181159E+00  0.125177E+01  0.147904E+02  0.824683E+01
  0.553000E+01  0.180832E+00  0.125154E+01  0.147905E+02  0.824724E+01
  0.554000E+01  0.180505E+00  0.125132E+01  0.147906E+02  0.824765E+01
  0.555000E+01  0.180180E+00  0.125109E+01  0.147906E+02  0.824806E+01
  0.556000E+01  0.179856E+00  0.125087E+01  0.147907E+02  0.824846E+01
  0.557000E+01  0.179533E+00  0.125065E+01  0.147908E+02  0.824887E+01
  0.558000E+01  0.179211E+00  0.125043E+01  0.147909E+02  0.824927E+01
  0.559000E+01  0.178891E+00  0.125020E+01  0.147909E+02  0.824967E+01
  0.560000E+01  0.178571E+00  0.124998E+01  0.147910E+02  0.825007E+01
  0.561000E+01  0.178253E+00  0.124976E+01  0.147911E+02  0.825047E+01
  0.562000E+01  0.177936E+00  0.124955E+01  0.147911E+02  0.825086E+01
  0.563000E+01  0.177620E+00  0.124933E+01  0.147912E+02  0.825126E+01
  0.564000E+01  0.177305E+00  0.124911E+01  0.147913E+02  0.825165E+01
  0.565000E+01  0.176991E+00  0.124890E+01  0.147913E+02  0.825204E+01
  0.566000E+01  0.176678E+00  0.124868E+01  0.147914E+02  0.825243E+01
  0.567000E+01  0.176367E+00  0.124847E+01  0.147915E+02  0.825282E+01
  0.568000E+01  0.176056E+00  0.124825E+01  0.147916E+02  0.825321E+01
  0.569000E+01  0.175747E+00  0.124804E+01  0.147916E+02  0.825360E+01
  0.570000E+01  0.175439E+00  0.124783E+01  0.147917E+02  0.825398E+01
  0.571000E+01  0.175131E+00  0.124762E+01  0.147918E+02  0.825437E+01
  0.572000E+01  0.174825E+00  0.124741E+01  0.147918E+02  0.825475E+01
  0.573000E+01  0.174520E+00  0.124720E+01  0.147919E+02  0.825513E+01
  0.574000E+01  0.174216E+00  0.124699E+01  0.147920E+02  0.825551E+01
  0.575000E+01  0.173913E+00  0.124678E+01  0.147920E+02  0.825589E+01
  0.576000E+01  0.173611E+00  0.124657E+01  0.147921E+02  0.825626E+01
  0.577000E+01  0.173310E+00  0.124637E+01  0.147921E+02  0.825664E+01
  0.578000E+01  0.173010E+00  0.124616E+01  0.147922E+02  0.825701E+01
  0.579000E+01  0.172712E+00  0.124596E+01  0.147923E+02  0.825738E+01
  0.580000E+01  0.172414E+00  0.124575E+01  0.147923E+02  0.825775E+01
  0.581000E+01  0.172117E+00  0.124555E+01  0.147924E+02  0.825812E+01
  0.582000E+01  0.171821E+00  0.124535E+01  0.147925E+02  0.825849E+01
  0.583000E+01  0.171527E+00  0.124515E+01  0.147925E+02  0.825886E+01
  0.584000E+01  0.171233E+00  0.124495E+01  0.147926E+02  0.825922E+01
  0.585000E+01  0.170940E+00  0.124475E+01  0.147927E+02  0.825959E+01
  0.586000E+01  0.170648E+00  0.124455E+01  0.147927E+02  0.825995E+01
  0.587000E+01  0.170358E+00  0.124435E+01  0.147928E+02  0.826031E+01
  0.588000E+01  0.170068E+00  0.124415E+01  0.147928E+02  0.826067E+01
  0.589000E+01  0.169779E+00  0.124395E+01  0.147929E+02  0.826103E+01
  0.590000E+01  0.169492E+00  0.124376E+01  0.147930E+02  0.826139E+01
  0.591000E+01  0.169205E+00  0.124356E+01  0.147930E+02  0.826175E+01
  0.592000E+01  0.168919E+00  0.124337E+01  0.147931E+02  0.826210E+01
  0.593000E+01  0.168634E+00  0.124317E+01  0.147931E+02  0.826246E+01
  0.594000E+01  0.168350E+00  0.124298E+01  0.147932E+02  0.826281E+01
  0.595000E+01  0.168067E+00  0.124279E+01  0.147933E+02  0.826316E+01
  0.596000E+01  0.167785E+00  0.124259E+01  0.147933E+02  0.826351E+01
  0.597000E+01  0.167504E+00  0.124240E+01  0.147934E+02  0.826386E+01
  0.598000E+01  0.167224E+00  0.124221E+01  0.147934E+02  0.826421E+01
  0.599000E+01  0.166945E+00  0.124202E+01  0.147935E+02  0.826456E+01
  0.600000E+01  0.166667E+00  0.124183E+01  0.147936E+02  0.826490E+01
  0.601000E+01  0.166389E+00  0.124164E+01  0.147936E+02  0.826525E+01
  0.602000E+01  0.166113E+00  0.124146E+01  0.147937E+02  0.826559E+01
  0.603000E+01  0.165837E+00  0.124127E+01  0.147937E+02  0.826593E+01
  0.604000E+01  0.165563E+00  0.124108E+01  0.147938E+02  0.826627E+01
  0.605000E+01  0.165289E+00  0.124090E+01  0.147938E+02  0.826661E+01
  0.606000E+01  0.165017E+00  0.124071E+01  0.147939E+02  0.826695E+01
  0.607000E+01  0.164745E+00  0.124053E+01  0.147939E+02  0.826729E+01
  0.608000E+01  0.164474E+00  0.124034E+01  0.147940E+02  0.826762E+01
  0.609000E+01  0.164204E+00  0.124016E+01  0.147941E+02  0.826796E+01
  0.610000E+01  0.163934E+00  0.123998E+01  0.147941E+02  0.826829E+01
  0.611000E+01  0.163666E+00  0.123979E+01  0.147942E+02  0.826862E+01
  0.612000E+01  0.163399E+00  0.123961E+01  0.147942E+02  0.826896E+01
  0.613000E+01  0.163132E+00  0.123943E+01  0.147943E+02  0.826929E+01
  0.614000E+01  0.162866E+00  0.123925E+01  0.147943E+02  0.826962E+01
  0.615000E+01  0.162602E+00  0.123907E+01  0.147944E+02  0.826994E+01
  0.616000E+01  0.162338E+00  0.123889E+01  0.147944E+02  0.827027E+01
  0.617000E+01  0.162075E+00  0.123872E+01  0.147945E+02  0.827060E+01
  0.618000E+01  0.161812E+00  0.123854E+01  0.147945E+02  0.827092E+01
  0.619000E+01  0.161551E+00  0.123836E+01  0.147946E+02  0.827125E+01
  0.620000E+01  0.161290E+00  0.123819E+01  0.147946E+02  0.827157E+01
  0.621000E+01  0.161031E+00  0.123801E+01  0.147947E+02  0.827189E+01
  0.622000E+01  0.160772E+00  0.123784E+01  0.147948E+02  0.827221E+01
  0.623000E+01  0.160514E+00  0.123766E+01  0.147948E+02  0.827253E+01
  0.624000E+01  0.160256E+00  0.123749E+01  0.147949E+02  0.827285E+01
  0.625000E+01  0.160000E+00  0.123731E+01  0.147949E+02  0.827317E+01
  0.626000E+01  0.159744E+00  0.123714E+01  0.147950E+02  0.827348E+01
  0.627000E+01  0.159490E+00  0.123697E+01  0.147950E+02  0.827380E+01
  0.628000E+01  0.159236E+00  0.123680E+01  0.147951E+02  0.827411E+01
  0.629000E+01  0.158983E+00  0.123663E+01  0.147951E+02  0.827442E+01
  0.630000E+01  0.158730E+00  0.123646E+01  0.147952E+02  0.827474E+01
  0.631000E+01  0.158479E+00  0.123629E+01  0.147952E+02  0.827505E+01
  0.632000E+01  0.158228E+00  0.123612E+01  0.147953E+02  0.827536E+01
  0.633000E+01  0.157978E+00  0.123595E+01  0.147953E+02  0.827567E+01
  0.634000E+01  0.157729E+00  0.123578E+01  0.147954E+02  0.827597E+01
  0.635000E+01  0.157480E+00  0.123562E+01  0.147954E+02  0.827628E+01
  0.636000E+01  0.157233E+00  0.123545E+01  0.147954E+02  0.827659E+01
  0.637000E+01  0.156986E+00  0.123528E+01  0.147955E+02  0.827689E+01
  0.638000E+01  0.156740E+00  0.123512E+01  0.147955E+02  0.827720E+01
  0.639000E+01  0.156495E+00  0.123495E+01  0.147956E+02  0.827750E+01
  0.640000E+01  0.156250E+00  0.123479E+01  0.147956E+02  0.827780E+01
  0.641000E+01  0.156006E+00  0.123462E+01  0.147957E+02  0.827810E+01
  0.642000E+01  0.155763E+00  0.123446E+01  0.147957E+02  0.827840E+01
  0.643000E+01  0.155521E+00  0.123430E+01  0.147958E+02  0.827870E+01
  0.644000E+01  0.155280E+00  0.123414E+01  0.147958E+02  0.827900E+01
  0.645000E+01  0.155039E+00  0.123397E+01  0.147959E+02  0.827930E+01
  0.646000E+01  0.154799E+00  0.123381E+01  0.147959E+02  0.827959E+01
  0.647000E+01  0.154560E+00  0.123365E+01  0.147960E+02  0.827989E+01
  0.648000E+01  0.154321E+00  0.123349E+01  0.147960E+02  0.828018E+01
  0.649000E+01  0.154083E+00  0.123333E+01  0.147961E+02  0.828047E+01
  0.650000E+01  0.153846E+00  0.123317E+01  0.147961E+02  0.828077E+01
  0.651000E+01  0.153610E+00  0.123302E+01  0.147961E+02  0.828106E+01
  0.652000E+01  0.153374E+00  0.123286E+01  0.147962E+02  0.828135E+01
  0.653000E+01  0.153139E+00  0.123270E+01  0.147962E+02  0.828164E+01
  0.654000E+01  0.152905E+00  0.123254E+01  0.147963E+02  0.828193E+01
  0.655000E+01  0.152672E+00  0.123239E+01  0.147963E+02  0.828221E+01
  0.656000E+01  0.152439E+00  0.123223E+01  0.147964E+02  0.828250E+01
  0.657000E+01  0.152207E+00  0.123208E+01  0.147964E+02  0.828279E+01
  0.658000E+01  0.151976E+00  0.123192E+01  0.147964E+02  0.828307E+01
  0.659000E+01  0.151745E+00  0.123177E+01  0.147965E+02  0.828336E+01
  0.660000E+01  0.151515E+00  0.123161E+01  0.147965E+02  0.828364E+01
  0.661000E+01  0.151286E+00  0.123146E+01  0.147966E+02  0.828392E+01
  0.662000E+01  0.151057E+00  0.123131E+01  0.147966E+02  0.828420E+01
  0.663000E+01  0.150830E+00  0.123116E+01  0.147967E+02  0.828448E+01
  0.664000E+01  0.150602E+00  0.123100E+01  0.147967E+02  0.828476E+01
  0.665000E+01  0.150376E+00  0.123085E+01  0.147967E+02  0.828504E+01
  0.666000E+01  0.150150E+00  0.123070E+01  0.147968E+02  0.828532E+01
  0.667000E+01  0.149925E+00  0.123055E+01  0.147968E+02  0.828560E+01
  0.668000E+01  0.149701E+00  0.123040E+01  0.147969E+02  0.828587E+01
  0.669000E+01  0.149477E+00  0.123025E+01  0.147969E+02  0.828615E+01
  0.670000E+01  0.149254E+00  0.123010E+01  0.147970E+02  0.828642E+01
  0.671000E+01  0.149031E+00  0.122995E+01  0.147970E+02  0.828670E+01
  0.672000E+01  0.148810E+00  0.122981E+01  0.147970E+02  0.828697E+01
  0.673000E+01  0.148588E+00  0.122966E+01  0.147971E+02  0.828724E+01
  0.674000E+01  0.148368E+00  0.122951E+01  0.147971E+02  0.828751E+01
  0.675000E+01  0.148148E+00  0.122937E+01  0.147972E+02  0.828778E+01
  0.676000E+01  0.147929E+00  0.122922E+01  0.147972E+02  0.828805E+01
  0.677000E+01  0.147710E+00  0.122907E+01  0.147972E+02  0.828832E+01
  0.678000E+01  0.147493E+00  0.122893E+01  0.147973E+02  0.828859E+01
  0.679000E+01  0.147275E+00  0.122879E+01  0.147973E+02  0.828886E+01
  0.680000E+01  0.147059E+00  0.122864E+01  0.147974E+02  0.828912E+01
  0.681000E+01  0.146843E+00  0.122850E+01  0.147974E+02  0.828939E+01
  0.682000E+01  0.146628E+00  0.122835E+01  0.147974E+02  0.828965E+01
  0.683000E+01  0.146413E+00  0.122821E+01  0.147975E+02  0.828992E+01
  0.684000E+01  0.146199E+00  0.122807E+01  0.147975E+02  0.829018E+01
  0.685000E+01  0.145985E+00  0.122793E+01  0.147975E+02  0.829044E+01
  0.686000E+01  0.145773E+00  0.122779E+01  0.147976E+02  0.829070E+01
  0.687000E+01  0.145560E+00  0.122764E+01  0.147976E+02  0.829096E+01
  0.688000E+01  0.145349E+00  0.122750E+01  0.147977E+02  0.829122E+01
  0.689000E+01  0.145138E+00  0.122736E+01  0.147977E+02  0.829148E+01
  0.690000E+01  0.144928E+00  0.122722E+01  0.147977E+02  0.829174E+01
  0.691000E+01  0.144718E+00  0.122709E+01  0.147978E+02  0.829200E+01
  0.692000E+01  0.144509E+00  0.122695E+01  0.147978E+02  0.829225E+01
  0.693000E+01  0.144300E+00  0.122681E+01  0.147978E+02  0.829251E+01
  0.694000E+01  0.144092E+00  0.122667E+01  0.147979E+02  0.829276E+01
  0.695000E+01  0.143885E+00  0.122653E+01  0.147979E+02  0.829302E+01
  0.696000E+01  0.143678E+00  0.122640E+01  0.147980E+02  0.829327E+01
  0.697000E+01  0.143472E+00  0.122626E+01  0.147980E+02  0.829352E+01
  0.698000E+01  0.143266E+00  0.122612E+01  0.147980E+02  0.829378E+01
  0.699000E+01  0.143062E+00  0.122599E+01  0.147981E+02  0.829403E+01
  0.700000E+01  0.142857E+00  0.122585E+01  0.147981E+02  0.829428E+01
  0.701000E+01  0.142653E+00  0.122572E+01  0.147981E+02  0.829453E+01
  0.702000E+01  0.142450E+00  0.122558E+01  0.147982E+02  0.829478E+01
  0.703000E+01  0.142248E+00  0.122545E+01  0.147982E+02  0.829503E+01
  0.704000E+01  0.142045E+00  0.122531E+01  0.147982E+02  0.829527E+01
  0.705000E+01  0.141844E+00  0.122518E+01  0.147983E+02  0.829552E+01
  0.706000E+01  0.141643E+00  0.122505E+01  0.147983E+02  0.829577E+01
  0.707000E+01  0.141443E+00  0.122492E+01  0.147983E+02  0.829601E+01
  0.708000E+01  0.141243E+00  0.122478E+01  0.147984E+02  0.829626E+01
  0.709000E+01  0.141044E+00  0.122465E+01  0.147984E+02  0.829650E+01
  0.710000E+01  0.140845E+00  0.122452E+01  0.147985E+02  0.829674E+01
  0.711000E+01  0.140647E+00  0.122439E+01  0.147985E+02  0.829699E+01
  0.712000E+01  0.140449E+00  0.122426E+01  0.147985E+02  0.829723E+01
  0.713000E+01  0.140252E+00  0.122413E+01  0.147986E+02  0.829747E+01
  0.714000E+01  0.140056E+00  0.122400E+01  0.147986E+02  0.829771E+01
  0.715000E+01  0.139860E+00  0.122387E+01  0.147986E+02  0.829795E+01
  0.716000E+01  0.139665E+00  0.122374E+01  0.147987E+02  0.829819E+01
  0.717000E+01  0.139470E+00  0.122361E+01  0.147987E+02  0.829843E+01
  0.718000E+01  0.139276E+00  0.122348E+01  0.147987E+02  0.829866E+01
  0.719000E+01  0.139082E+00  0.122336E+01  0.147988E+02  0.829890E+01
  0.720000E+01  0.138889E+00  0.122323E+01  0.147988E+02  0.829914E+01
  0.721000E+01  0.138696E+00  0.122310E+01  0.147988E+02  0.829937E+01
  0.722000E+01  0.138504E+00  0.122298E+01  0.147989E+02  0.829961E+01
  0.723000E+01  0.138313E+00  0.122285E+01  0.147989E+02  0.829984E+01
  0.724000E+01  0.138122E+00  0.122272E+01  0.147989E+02  0.830008E+01
  0.725000E+01  0.137931E+00  0.122260E+01  0.147989E+02  0.830031E+01
  0.726000E+01  0.137741E+00  0.122247E+01  0.147990E+02  0.830054E+01
  0.727000E+01  0.137552E+00  0.122235E+01  0.147990E+02  0.830077E+01
  0.728000E+01  0.137363E+00  0.122222E+01  0.147990E+02  0.830100E+01
  0.729000E+01  0.137174E+00  0.122210E+01  0.147991E+02  0.830123E+01
  0.730000E+01  0.136986E+00  0.122198E+01  0.147991E+02  0.830146E+01
  0.731000E+01  0.136799E+00  0.122185E+01  0.147991E+02  0.830169E+01
  0.732000E+01  0.136612E+00  0.122173E+01  0.147992E+02  0.830192E+01
  0.733000E+01  0.136426E+00  0.122161E+01  0.147992E+02  0.830215E+01
  0.734000E+01  0.136240E+00  0.122148E+01  0.147992E+02  0.830238E+01
  0.735000E+01  0.136054E+00  0.122136E+01  0.147993E+02  0.830260E+01
  0.736000E+01  0.135870E+00  0.122124E+01  0.147993E+02  0.830283E+01
  0.737000E+01  0.135685E+00  0.122112E+01  0.147993E+02  0.830305E+01
  0.738000E+01  0.135501E+00  0.122100E+01  0.147994E+02  0.830328E+01
  0.739000E+01  0.135318E+00  0.122088E+01  0.147994E+02  0.830350E+01
  0.740000E+01  0.135135E+00  0.122076E+01  0.147994E+02  0.830372E+01
  0.741000E+01  0.134953E+00  0.122064E+01  0.147994E+02  0.830395E+01
  0.742000E+01  0.134771E+00  0.122052E+01  0.147995E+02  0.830417E+01
  0.743000E+01  0.134590E+00  0.122040E+01  0.147995E+02  0.830439E+01
  0.744000E+01  0.134409E+00  0.122028E+01  0.147995E+02  0.830461E+01
  0.745000E+01  0.134228E+00  0.122016E+01  0.147996E+02  0.830483E+01
  0.746000E+01  0.134048E+00  0.122005E+01  0.147996E+02  0.830505E+01
  0.747000E+01  0.133869E+00  0.121993E+01  0.147996E+02  0.830527E+01
  0.748000E+01  0.133690E+00  0.121981E+01  0.147997E+02  0.830549E+01
  0.749000E+01  0.133511E+00  0.121969E+01  0.147997E+02  0.830571E+01
  0.750000E+01  0.133333E+00  0.121958E+01  0.147997E+02  0.830592E+01
  0.751000E+01  0.133156E+00  0.121946E+01  0.147997E+02  0.830614E+01
  0.752000E+01  0.132979E+00  0.121934E+01  0.147998E+02  0.830636E+01
  0.753000E+01  0.132802E+00  0.121923E+01  0.147998E+02  0.830657E+01
  0.754000E+01  0.132626E+00  0.121911E+01  0.147998E+02  0.830679E+01
  0.755000E+01  0.132450E+00  0.121900E+01  0.147999E+02  0.830700E+01
  0.756000E+01  0.132275E+00  0.121888E+01  0.147999E+02  0.830721E+01
  0.757000E+01  0.132100E+00  0.121877E+01  0.147999E+02  0.830743E+01
  0.758000E+01  0.131926E+00  0.121866E+01  0.147999E+02  0.830764E+01
  0.759000E+01  0.131752E+00  0.121854E+01  0.148000E+02  0.830785E+01
  0.760000E+01  0.131579E+00  0.121843E+01  0.148000E+02  0.830806E+01
  0.761000E+01  0.131406E+00  0.121831E+01  0.148000E+02  0.830827E+01
  0.762000E+01  0.131234E+00  0.121820E+01  0.148000E+02  0.830848E+01
  0.763000E+01  0.131062E+00  0.121809E+01  0.148001E+02  0.830869E+01
  0.764000E+01  0.130890E+00  0.121798E+01  0.148001E+02  0.830890E+01
  0.765000E+01  0.130719E+00  0.121787E+01  0.148001E+02  0.830911E+01
  0.766000E+01  0.130548E+00  0.121775E+01  0.148002E+02  0.830932E+01
  0.767000E+01  0.130378E+00  0.121764E+01  0.148002E+02  0.830952E+01
  0.768000E+01  0.130208E+00  0.121753E+01  0.148002E+02  0.830973E+01
  0.769000E+01  0.130039E+00  0.121742E+01  0.148002E+02  0.830994E+01
  0.770000E+01  0.129870E+00  0.121731E+01  0.148003E+02  0.831014E+01
  0.771000E+01  0.129702E+00  0.121720E+01  0.148003E+02  0.831035E+01
  0.772000E+01  0.129534E+00  0.121709E+01  0.148003E+02  0.831055E+01
  0.773000E+01  0.129366E+00  0.121698E+01  0.148003E+02  0.831076E+01
  0.774000E+01  0.129199E+00  0.121687E+01  0.148004E+02  0.831096E+01
  0.775000E+01  0.129032E+00  0.121676E+01  0.148004E+02  0.831116E+01
  0.776000E+01  0.128866E+00  0.121666E+01  0.148004E+02  0.831136E+01
  0.777000E+01  0.128700E+00  0.121655E+01  0.148004E+02  0.831157E+01
  0.778000E+01  0.128535E+00  0.121644E+01  0.148005E+02  0.831177E+01
  0.779000E+01  0.128370E+00  0.121633E+01  0.148005E+02  0.831197E+01
  0.780000E+01  0.128205E+00  0.121622E+01  0.148005E+02  0.831217E+01
  0.781000E+01  0.128041E+00  0.121612E+01  0.148006E+02  0.831237E+01
  0.782000E+01  0.127877E+00  0.121601E+01  0.148006E+02  0.831257E+01
  0.783000E+01  0.127714E+00  0.121590E+01  0.148006E+02  0.831277E+01
  0.784000E+01  0.127551E+00  0.121580E+01  0.148006E+02  0.831296E+01
  0.785000E+01  0.127389E+00  0.121569E+01  0.148007E+02  0.831316E+01
  0.786000E+01  0.127226E+00  0.121559E+01  0.148007E+02  0.831336E+01
  0.787000E+01  0.127065E+00  0.121548E+01  0.148007E+02  0.831355E+01
  0.788000E+01  0.126904E+00  0.121538E+01  0.148007E+02  0.831375E+01
  0.789000E+01  0.126743E+00  0.121527E+01  0.148008E+02  0.831395E+01
  0.790000E+01  0.126582E+00  0.121517E+01  0.148008E+02  0.831414E+01
  0.791000E+01  0.126422E+00  0.121506E+01  0.148008E+02  0.831434E+01
  0.792000E+01  0.126263E+00  0.121496E+01  0.148008E+02  0.831453E+01
  0.793000E+01  0.126103E+00  0.121486E+01  0.148009E+02  0.831472E+01
  0.794000E+01  0.125945E+00  0.121475E+01  0.148009E+02  0.831492E+01
  0.795000E+01  0.125786E+00  0.121465E+01  0.148009E+02  0.831511E+01
  0.796000E+01  0.125628E+00  0.121455E+01  0.148009E+02  0.831530E+01
  0.797000E+01  0.125471E+00  0.121445E+01  0.148009E+02  0.831549E+01
  0.798000E+01  0.125313E+00  0.121434E+01  0.148010E+02  0.831568E+01
  0.799000E+01  0.125156E+00  0.121424E+01  0.148010E+02  0.831587E+01
  0.800000E+01  0.125000E+00  0.121414E+01  0.148010E+02  0.831606E+01
  0.801000E+01  0.124844E+00  0.121404E+01  0.148010E+02  0.831625E+01
  0.802000E+01  0.124688E+00  0.121394E+01  0.148011E+02  0.831644E+01
  0.803000E+01  0.124533E+00  0.121384E+01  0.148011E+02  0.831663E+01
  0.804000E+01  0.124378E+00  0.121374E+01  0.148011E+02  0.831682E+01
  0.805000E+01  0.124224E+00  0.121364E+01  0.148011E+02  0.831701E+01
  0.806000E+01  0.124069E+00  0.121354E+01  0.148012E+02  0.831719E+01
  0.807000E+01  0.123916E+00  0.121344E+01  0.148012E+02  0.831738E+01
  0.808000E+01  0.123762E+00  0.121334E+01  0.148012E+02  0.831757E+01
  0.809000E+01  0.123609E+00  0.121324E+01  0.148012E+02  0.831775E+01
  0.810000E+01  0.123457E+00  0.121314E+01  0.148013E+02  0.831794E+01
  0.811000E+01  0.123305E+00  0.121304E+01  0.148013E+02  0.831812E+01
  0.812000E+01  0.123153E+00  0.121294E+01  0.148013E+02  0.831831E+01
  0.813000E+01  0.123001E+00  0.121284E+01  0.148013E+02  0.831849E+01
  0.814000E+01  0.122850E+00  0.121274E+01  0.148013E+02  0.831867E+01
  0.815000E+01  0.122699E+00  0.121265E+01  0.148014E+02  0.831885E+01
  0.816000E+01  0.122549E+00  0.121255E+01  0.148014E+02  0.831904E+01
  0.817000E+01  0.122399E+00  0.121245E+01  0.148014E+02  0.831922E+01
  0.818000E+01  0.122249E+00  0.121236E+01  0.148014E+02  0.831940E+01
  0.819000E+01  0.122100E+00  0.121226E+01  0.148015E+02  0.831958E+01
  0.820000E+01  0.121951E+00  0.121216E+01  0.148015E+02  0.831976E+01
  0.821000E+01  0.121803E+00  0.121207E+01  0.148015E+02  0.831994E+01
  0.822000E+01  0.121655E+00  0.121197E+01  0.148015E+02  0.832012E+01
  0.823000E+01  0.121507E+00  0.121187E+01  0.148015E+02  0.832030E+01
  0.824000E+01  0.121359E+00  0.121178E+01  0.148016E+02  0.832048E+01
  0.825000E+01  0.121212E+00  0.121168E+01  0.148016E+02  0.832066E+01
  0.826000E+01  0.121065E+00  0.121159E+01  0.148016E+02  0.832084E+01
  0.827000E+01  0.120919E+00  0.121149E+01  0.148016E+02  0.832101E+01
  0.828000E+01  0.120773E+00  0.121140E+01  0.148016E+02  0.832119E+01
  0.829000E+01  0.120627E+00  0.121131E+01  0.148017E+02  0.832137E+01
  0.830000E+01  0.120482E+00  0.121121E+01  0.148017E+02  0.832154E+01
  0.831000E+01  0.120337E+00  0.121112E+01  0.148017E+02  0.832172E+01
  0.832000E+01  0.120192E+00  0.121102E+01  0.148017E+02  0.832189E+01
  0.833000E+01  0.120048E+00  0.121093E+01  0.148018E+02  0.832207E+01
  0.834000E+01  0.119904E+00  0.121084E+01  0.148018E+02  0.832224E+01
  0.835000E+01  0.119760E+00  0.121075E+01  0.148018E+02  0.832242E+01
  0.836000E+01  0.119617E+00  0.121065E+01  0.148018E+02  0.832259E+01
  0.837000E+01  0.119474E+00  0.121056E+01  0.148018E+02  0.832276E+01
  0.838000E+01  0.119332E+00  0.121047E+01  0.148019E+02  0.832293E+01
  0.839000E+01  0.119190E+00  0.121038E+01  0.148019E+02  0.832311E+01
  0.840000E+01  0.119048E+00  0.121029E+01  0.148019E+02  0.832328E+01
  0.841000E+01  0.118906E+00  0.121019E+01  0.148019E+02  0.832345E+01
  0.842000E+01  0.118765E+00  0.121010E+01  0.148019E+02  0.832362E+01
  0.843000E+01  0.118624E+00  0.121001E+01  0.148020E+02  0.832379E+01
  0.844000E+01  0.118483E+00  0.120992E+01  0.148020E+02  0.832396E+01
  0.845000E+01  0.118343E+00  0.120983E+01  0.148020E+02  0.832413E+01
  0.846000E+01  0.118203E+00  0.120974E+01  0.148020E+02  0.832430E+01
  0.847000E+01  0.118064E+00  0.120965E+01  0.148020E+02  0.832447E+01
  0.848000E+01  0.117925E+00  0.120956E+01  0.148021E+02  0.832464E+01
  0.849000E+01  0.117786E+00  0.120947E+01  0.148021E+02  0.832481E+01
  0.850000E+01  0.117647E+00  0.120938E+01  0.148021E+02  0.832497E+01
  0.851000E+01  0.117509E+00  0.120929E+01  0.148021E+02  0.832514E+01
  0.852000E+01  0.117371E+00  0.120920E+01  0.148021E+02  0.832531E+01
  0.853000E+01  0.117233E+00  0.120912E+01  0.148022E+02  0.832547E+01
  0.854000E+01  0.117096E+00  0.120903E+01  0.148022E+02  0.832564E+01
  0.855000E+01  0.116959E+00  0.120894E+01  0.148022E+02  0.832581E+01
  0.856000E+01  0.116822E+00  0.120885E+01  0.148022E+02  0.832597E+01
  0.857000E+01  0.116686E+00  0.120876E+01  0.148022E+02  0.832614E+01
  0.858000E+01  0.116550E+00  0.120868E+01  0.148023E+02  0.832630E+01
  0.859000E+01  0.116414E+00  0.120859E+01  0.148023E+02  0.832646E+01
  0.860000E+01  0.116279E+00  0.120850E+01  0.148023E+02  0.832663E+01
  0.861000E+01  0.116144E+00  0.120841E+01  0.148023E+02  0.832679E+01
  0.862000E+01  0.116009E+00  0.120833E+01  0.148023E+02  0.832695E+01
  0.863000E+01  0.115875E+00  0.120824E+01  0.148024E+02  0.832712E+01
  0.864000E+01  0.115741E+00  0.120816E+01  0.148024E+02  0.832728E+01
  0.865000E+01  0.115607E+00  0.120807E+01  0.148024E+02  0.832744E+01
  0.866000E+01  0.115473E+00  0.120798E+01  0.148024E+02  0.832760E+01
  0.867000E+01  0.115340E+00  0.120790E+01  0.148024E+02  0.832776E+01
  0.868000E+01  0.115207E+00  0.120781E+01  0.148024E+02  0.832792E+01
  0.869000E+01  0.115075E+00  0.120773E+01  0.148025E+02  0.832808E+01
  0.870000E+01  0.114943E+00  0.120764E+01  0.148025E+02  0.832824E+01
  0.871000E+01  0.114811E+00  0.120756E+01  0.148025E+02  0.832840E+01
  0.872000E+01  0.114679E+00  0.120747E+01  0.148025E+02  0.832856E+01
  0.873000E+01  0.114548E+00  0.120739E+01  0.148025E+02  0.832872E+01
  0.874000E+01  0.114416E+00  0.120730E+01  0.148026E+02  0.832888E+01
  0.875000E+01  0.114286E+00  0.120722E+01  0.148026E+02  0.832903E+01
  0.876000E+01  0.114155E+00  0.120714E+01  0.148026E+02  0.832919E+01
  0.877000E+01  0.114025E+00  0.120705E+01  0.148026E+02  0.832935E+01
  0.878000E+01  0.113895E+00  0.120697E+01  0.148026E+02  0.832951E+01
  0.879000E+01  0.113766E+00  0.120689E+01  0.148026E+02  0.832966E+01
  0.880000E+01  0.113636E+00  0.120680E+01  0.148027E+02  0.832982E+01
  0.881000E+01  0.113507E+00  0.120672E+01  0.148027E+02  0.832997E+01
  0.882000E+01  0.113379E+00  0.120664E+01  0.148027E+02  0.833013E+01
  0.883000E+01  0.113250E+00  0.120656E+01  0.148027E+02  0.833028E+01
  0.884000E+01  0.113122E+00  0.120647E+01  0.148027E+02  0.833044E+01
  0.885000E+01  0.112994E+00  0.120639E+01  0.148027E+02  0.833059E+01
  0.886000E+01  0.112867E+00  0.120631E+01  0.148028E+02  0.833075E+01
  0.887000E+01  0.112740E+00  0.120623E+01  0.148028E+02  0.833090E+01
  0.888000E+01  0.112613E+00  0.120615E+01  0.148028E+02  0.833105E+01
  0.889000E+01  0.112486E+00  0.120607E+01  0.148028E+02  0.833121E+01
  0.890000E+01  0.112360E+00  0.120599E+01  0.148028E+02  0.833136E+01
  0.891000E+01  0.112233E+00  0.120590E+01  0.148029E+02  0.833151E+01
  0.892000E+01  0.112108E+00  0.120582E+01  0.148029E+02  0.833166E+01
  0.893000E+01  0.111982E+00  0.120574E+01  0.148029E+02  0.833181E+01
  0.894000E+01  0.111857E+00  0.120566E+01  0.148029E+02  0.833197E+01
  0.895000E+01  0.111732E+00  0.120558E+01  0.148029E+02  0.833212E+01
  0.896000E+01  0.111607E+00  0.120550E+01  0.148029E+02  0.833227E+01
  0.897000E+01  0.111483E+00  0.120542E+01  0.148030E+02  0.833242E+01
  0.898000E+01  0.111359E+00  0.120534E+01  0.148030E+02  0.833257E+01
  0.899000E+01  0.111235E+00  0.120527E+01  0.148030E+02  0.833272E+01
  0.900000E+01  0.111111E+00  0.120519E+01  0.148030E+02  0.833286E+01
  0.901000E+01  0.110988E+00  0.120511E+01  0.148030E+02  0.833301E+01
  0.902000E+01  0.110865E+00  0.120503E+01  0.148030E+02  0.833316E+01
  0.903000E+01  0.110742E+00  0.120495E+01  0.148031E+02  0.833331E+01
  0.904000E+01  0.110619E+00  0.120487E+01  0.148031E+02  0.833346E+01
  0.905000E+01  0.110497E+00  0.120479E+01  0.148031E+02  0.833360E+01
  0.906000E+01  0.110375E+00  0.120472E+01  0.148031E+02  0.833375E+01
  0.907000E+01  0.110254E+00  0.120464E+01  0.148031E+02  0.833390E+01
  0.908000E+01  0.110132E+00  0.120456E+01  0.148031E+02  0.833404E+01
  0.909000E+01  0.110011E+00  0.120448E+01  0.148031E+02  0.833419E+01
  0.910000E+01  0.109890E+00  0.120441E+01  0.148032E+02  0.833434E+01
  0.911000E+01  0.109769E+00  0.120433E+01  0.148032E+02  0.833448E+01
  0.912000E+01  0.109649E+00  0.120425E+01  0.148032E+02  0.833463E+01
  0.913000E+01  0.109529E+00  0.120417E+01  0.148032E+02  0.833477E+01
  0.914000E+01  0.109409E+00  0.120410E+01  0.148032E+02  0.833491E+01
  0.915000E+01  0.109290E+00  0.120402E+01  0.148032E+02  0.833506E+01
  0.916000E+01  0.109170E+00  0.120395E+01  0.148033E+02  0.833520E+01
  0.917000E+01  0.109051E+00  0.120387E+01  0.148033E+02  0.833535E+01
  0.918000E+01  0.108932E+00  0.120379E+01  0.148033E+02  0.833549E+01
  0.919000E+01  0.108814E+00  0.120372E+01  0.148033E+02  0.833563E+01
  0.920000E+01  0.108696E+00  0.120364E+01  0.148033E+02  0.833577E+01
  0.921000E+01  0.108578E+00  0.120357E+01  0.148033E+02  0.833592E+01
  0.922000E+01  0.108460E+00  0.120349E+01  0.148034E+02  0.833606E+01
  0.923000E+01  0.108342E+00  0.120342E+01  0.148034E+02  0.833620E+01
  0.924000E+01  0.108225E+00  0.120334E+01  0.148034E+02  0.833634E+01
  0.925000E+01  0.108108E+00  0.120327E+01  0.148034E+02  0.833648E+01
  0.926000E+01  0.107991E+00  0.120319E+01  0.148034E+02  0.833662E+01
  0.927000E+01  0.107875E+00  0.120312E+01  0.148034E+02  0.833676E+01
  0.928000E+01  0.107759E+00  0.120304E+01  0.148034E+02  0.833690E+01
  0.929000E+01  0.107643E+00  0.120297E+01  0.148035E+02  0.833704E+01
  0.930000E+01  0.107527E+00  0.120290E+01  0.148035E+02  0.833718E+01
  0.931000E+01  0.107411E+00  0.120282E+01  0.148035E+02  0.833732E+01
  0.932000E+01  0.107296E+00  0.120275E+01  0.148035E+02  0.833746E+01
  0.933000E+01  0.107181E+00  0.120268E+01  0.148035E+02  0.833760E+01
  0.934000E+01  0.107066E+00  0.120260E+01  0.148035E+02  0.833773E+01
  0.935000E+01  0.106952E+00  0.120253E+01  0.148035E+02  0.833787E+01
  0.936000E+01  0.106838E+00  0.120246E+01  0.148036E+02  0.833801E+01
  0.937000E+01  0.106724E+00  0.120239E+01  0.148036E+02  0.833815E+01
  0.938000E+01  0.106610E+00  0.120231E+01  0.148036E+02  0.833828E+01
  0.939000E+01  0.106496E+00  0.120224E+01  0.148036E+02  0.833842E+01
  0.940000E+01  0.106383E+00  0.120217E+01  0.148036E+02  0.833856E+01
  0.941000E+01  0.106270E+00  0.120210E+01  0.148036E+02  0.833869E+01
  0.942000E+01  0.106157E+00  0.120202E+01  0.148037E+02  0.833883E+01
  0.943000E+01  0.106045E+00  0.120195E+01  0.148037E+02  0.833896E+01
  0.944000E+01  0.105932E+00  0.120188E+01  0.148037E+02  0.833910E+01
  0.945000E+01  0.105820E+00  0.120181E+01  0.148037E+02  0.833923E+01
  0.946000E+01  0.105708E+00  0.120174E+01  0.148037E+02  0.833937E+01
  0.947000E+01  0.105597E+00  0.120167E+01  0.148037E+02  0.833950E+01
  0.948000E+01  0.105485E+00  0.120160E+01  0.148037E+02  0.833963E+01
  0.949000E+01  0.105374E+00  0.120153E+01  0.148038E+02  0.833977E+01
  0.950000E+01  0.105263E+00  0.120146E+01  0.148038E+02  0.833990E+01
  0.951000E+01  0.105152E+00  0.120139E+01  0.148038E+02  0.834003E+01
  0.952000E+01  0.105042E+00  0.120132E+01  0.148038E+02  0.834017E+01
  0.953000E+01  0.104932E+00  0.120125E+01  0.148038E+02  0.834030E+01
  0.954000E+01  0.104822E+00  0.120118E+01  0.148038E+02  0.834043E+01
  0.955000E+01  0.104712E+00  0.120111E+01  0.148038E+02  0.834056E+01
  0.956000E+01  0.104603E+00  0.120104E+01  0.148038E+02  0.834069E+01
  0.957000E+01  0.104493E+00  0.120097E+01  0.148039E+02  0.834083E+01
  0.958000E+01  0.104384E+00  0.120090E+01  0.148039E+02  0.834096E+01
  0.959000E+01  0.104275E+00  0.120083E+01  0.148039E+02  0.834109E+01
  0.960000E+01  0.104167E+00  0.120076E+01  0.148039E+02  0.834122E+01
  0.961000E+01  0.104058E+00  0.120069E+01  0.148039E+02  0.834135E+01
  0.962000E+01  0.103950E+00  0.120062E+01  0.148039E+02  0.834148E+01
  0.963000E+01  0.103842E+00  0.120055E+01  0.148039E+02  0.834161E+01
  0.964000E+01  0.103734E+00  0.120048E+01  0.148040E+02  0.834174E+01
  0.965000E+01  0.103627E+00  0.120042E+01  0.148040E+02  0.834187E+01
  0.966000E+01  0.103520E+00  0.120035E+01  0.148040E+02  0.834199E+01
  0.967000E+01  0.103413E+00  0.120028E+01  0.148040E+02  0.834212E+01
  0.968000E+01  0.103306E+00  0.120021E+01  0.148040E+02  0.834225E+01
  0.969000E+01  0.103199E+00  0.120014E+01  0.148040E+02  0.834238E+01
  0.970000E+01  0.103093E+00  0.120008E+01  0.148040E+02  0.834251E+01
  0.971000E+01  0.102987E+00  0.120001E+01  0.148040E+02  0.834263E+01
  0.972000E+01  0.102881E+00  0.119994E+01  0.148041E+02  0.834276E+01
  0.973000E+01  0.102775E+00  0.119988E+01  0.148041E+02  0.834289E+01
  0.974000E+01  0.102669E+00  0.119981E+01  0.148041E+02  0.834302E+01
  0.975000E+01  0.102564E+00  0.119974E+01  0.148041E+02  0.834314E+01
  0.976000E+01  0.102459E+00  0.119968E+01  0.148041E+02  0.834327E+01
  0.977000E+01  0.102354E+00  0.119961E+01  0.148041E+02  0.834339E+01
  0.978000E+01  0.102249E+00  0.119954E+01  0.148041E+02  0.834352E+01
  0.979000E+01  0.102145E+00  0.119948E+01  0.148042E+02  0.834364E+01
  0.980000E+01  0.102041E+00  0.119941E+01  0.148042E+02  0.834377E+01
  0.981000E+01  0.101937E+00  0.119934E+01  0.148042E+02  0.834389E+01
  0.982000E+01  0.101833E+00  0.119928E+01  0.148042E+02  0.834402E+01
  0.983000E+01  0.101729E+00  0.119921E+01  0.148042E+02  0.834414E+01
  0.984000E+01  0.101626E+00  0.119915E+01  0.148042E+02  0.834427E+01
  0.985000E+01  0.101523E+00  0.119908E+01  0.148042E+02  0.834439E+01
  0.986000E+01  0.101420E+00  0.119902E+01  0.148042E+02  0.834451E+01
  0.987000E+01  0.101317E+00  0.119895E+01  0.148043E+02  0.834464E+01
  0.988000E+01  0.101215E+00  0.119889E+01  0.148043E+02  0.834476E+01
  0.989000E+01  0.101112E+00  0.119882E+01  0.148043E+02  0.834488E+01
  0.990000E+01  0.101010E+00  0.119876E+01  0.148043E+02  0.834501E+01
  0.991000E+01  0.100908E+00  0.119869E+01  0.148043E+02  0.834513E+01
  0.992000E+01  0.100806E+00  0.119863E+01  0.148043E+02  0.834525E+01
  0.993000E+01  0.100705E+00  0.119856E+01  0.148043E+02  0.834537E+01
  0.994000E+01  0.100604E+00  0.119850E+01  0.148043E+02  0.834549E+01
  0.995000E+01  0.100503E+00  0.119844E+01  0.148044E+02  0.834561E+01
  0.996000E+01  0.100402E+00  0.119837E+01  0.148044E+02  0.834573E+01
  0.997000E+01  0.100301E+00  0.119831E+01  0.148044E+02  0.834586E+01
  0.998000E+01  0.100200E+00  0.119825E+01  0.148044E+02  0.834598E+01
  0.999000E+01  0.100100E+00  0.119818E+01  0.148044E+02  0.834610E+01
  0.100000E+02  0.100000E+00  0.119812E+01  0.148044E+02  0.834622E+01
