  0.100000E-01  0.100000E+03  0.450885E-04  0.204397E+01  0.341974E-02
  0.200000E-01  0.500000E+02  0.201532E-03  0.237448E+01  0.822075E-02
  0.300000E-01  0.333333E+02  0.450853E-03  0.257996E+01  0.132874E-01
  0.400000E-01  0.250000E+02  0.741782E-03  0.271944E+01  0.181268E-01
  0.500000E-01  0.200000E+02  0.103735E-02  0.281774E+01  0.225232E-01
  0.600000E-01  0.166667E+02  0.131662E-02  0.288901E+01  0.264245E-01
  0.700000E-01  0.142857E+02  0.157038E-02  0.294192E+01  0.298513E-01
  0.800000E-01  0.125000E+02  0.179633E-02  0.298205E+01  0.328525E-01
  0.900000E-01  0.111111E+02  0.199566E-02  0.301308E+01  0.354833E-01
  0.100000E+00  0.100000E+02  0.217106E-02  0.303748E+01  0.377968E-01
  0.110000E+00  0.909091E+01  0.232617E-02  0.305698E+01  0.398401E-01
  0.120000E+00  0.833333E+01  0.246651E-02  0.307278E+01  0.416547E-01
  0.130000E+00  0.769231E+01  0.260292E-02  0.308578E+01  0.432781E-01
  0.140000E+00  0.714286E+01  0.275827E-02  0.309668E+01  0.447482E-01
  0.150000E+00  0.666667E+01  0.297836E-02  0.310607E+01  0.461090E-01
  0.160000E+00  0.625000E+01  0.334649E-02  0.311452E+01  0.474179E-01
  0.170000E+00  0.588235E+01  0.400087E-02  0.312262E+01  0.487546E-01
  0.180000E+00  0.555556E+01  0.515306E-02  0.313105E+01  0.502295E-01
  0.190000E+00  0.526316E+01  0.710567E-02  0.314057E+01  0.519927E-01
  0.200000E+00  0.500000E+01  0.102679E-01  0.315209E+01  0.542398E-01
  0.210000E+00  0.476190E+01  0.151678E-01  0.316660E+01  0.572178E-01
  0.220000E+00  0.454545E+01  0.224608E-01  0.318523E+01  0.612282E-01
  0.230000E+00  0.434783E+01  0.329345E-01  0.320921E+01  0.666271E-01
  0.240000E+00  0.416667E+01  0.475096E-01  0.323981E+01  0.738256E-01
  0.250000E+00  0.400000E+01  0.672358E-01  0.327840E+01  0.832860E-01
  0.260000E+00  0.384615E+01  0.932841E-01  0.332633E+01  0.955185E-01
  0.270000E+00  0.370370E+01  0.126933E+00  0.338500E+01  0.111075E+00
  0.280000E+00  0.357143E+01  0.169546E+00  0.345576E+01  0.130543E+00
  0.290000E+00  0.344828E+01  0.222545E+00  0.353990E+01  0.154534E+00
  0.300000E+00  0.333333E+01  0.287362E+00  0.363864E+01  0.183677E+00
  0.310000E+00  0.322581E+01  0.365394E+00  0.375310E+01  0.218601E+00
  0.320000E+00  0.312500E+01  0.457926E+00  0.388424E+01  0.259923E+00
  0.330000E+00  0.303030E+01  0.566053E+00  0.403282E+01  0.308228E+00
  0.340000E+00  0.294118E+01  0.690582E+00  0.419941E+01  0.364049E+00
  0.350000E+00  0.285714E+01  0.831936E+00  0.438428E+01  0.427844E+00
  0.360000E+00  0.277778E+01  0.990045E+00  0.458742E+01  0.499977E+00
  0.370000E+00  0.270270E+01  0.116426E+01  0.480851E+01  0.580687E+00
  0.380000E+00  0.263158E+01  0.135330E+01  0.504684E+01  0.670074E+00
  0.390000E+00  0.256410E+01  0.155520E+01  0.530136E+01  0.768077E+00
  0.400000E+00  0.250000E+01  0.176734E+01  0.557066E+01  0.874464E+00
  0.410000E+00  0.243902E+01  0.198654E+01  0.585302E+01  0.988830E+00
  0.420000E+00  0.238095E+01  0.220913E+01  0.614641E+01  0.111060E+01
  0.430000E+00  0.232558E+01  0.243120E+01  0.644860E+01  0.123903E+01
  0.440000E+00  0.227273E+01  0.264873E+01  0.675717E+01  0.137326E+01
  0.450000E+00  0.222222E+01  0.285783E+01  0.706965E+01  0.151232E+01
  0.460000E+00  0.217391E+01  0.305493E+01  0.738359E+01  0.165516E+01
  0.470000E+00  0.212766E+01  0.323699E+01  0.769659E+01  0.180071E+01
  0.480000E+00  0.208333E+01  0.340155E+01  0.800643E+01  0.194788E+01
  0.490000E+00  0.204082E+01  0.354686E+01  0.831111E+01  0.209564E+01
  0.500000E+00  0.200000E+01  0.367190E+01  0.860885E+01  0.224302E+01
  0.510000E+00  0.196078E+01  0.377628E+01  0.889816E+01  0.238911E+01
  0.520000E+00  0.192308E+01  0.386025E+01  0.917785E+01  0.253314E+01
  0.530000E+00  0.188679E+01  0.392457E+01  0.944698E+01  0.267443E+01
  0.540000E+00  0.185185E+01  0.397040E+01  0.970489E+01  0.281240E+01
  0.550000E+00  0.181818E+01  0.399917E+01  0.995117E+01  0.294661E+01
  0.560000E+00  0.178571E+01  0.401252E+01  0.101856E+02  0.307671E+01
  0.570000E+00  0.175439E+01  0.401219E+01  0.104082E+02  0.320244E+01
  0.580000E+00  0.172414E+01  0.399991E+01  0.106190E+02  0.332365E+01
  0.590000E+00  0.169492E+01  0.397738E+01  0.108183E+02  0.344023E+01
  0.600000E+00  0.166667E+01  0.394621E+01  0.110064E+02  0.355217E+01
  0.610000E+00  0.163934E+01  0.390791E+01  0.111838E+02  0.365948E+01
  0.620000E+00  0.161290E+01  0.386383E+01  0.113509E+02  0.376224E+01
  0.630000E+00  0.158730E+01  0.381519E+01  0.115082E+02  0.386055E+01
  0.640000E+00  0.156250E+01  0.376305E+01  0.116562E+02  0.395454E+01
  0.650000E+00  0.153846E+01  0.370835E+01  0.117955E+02  0.404435E+01
  0.660000E+00  0.151515E+01  0.365189E+01  0.119265E+02  0.413014E+01
  0.670000E+00  0.149254E+01  0.359434E+01  0.120497E+02  0.421207E+01
  0.680000E+00  0.147059E+01  0.353628E+01  0.121656E+02  0.429033E+01
  0.690000E+00  0.144928E+01  0.347818E+01  0.122748E+02  0.436509E+01
  0.700000E+00  0.142857E+01  0.342042E+01  0.123775E+02  0.443650E+01
  0.710000E+00  0.140845E+01  0.336332E+01  0.124744E+02  0.450475E+01
  0.720000E+00  0.138889E+01  0.330713E+01  0.125656E+02  0.456999E+01
  0.730000E+00  0.136986E+01  0.325204E+01  0.126517E+02  0.463239E+01
  0.740000E+00  0.135135E+01  0.319820E+01  0.127329E+02  0.469209E+01
  0.750000E+00  0.133333E+01  0.314573E+01  0.128096E+02  0.474925E+01
  0.760000E+00  0.131579E+01  0.309469E+01  0.128821E+02  0.480399E+01
  0.770000E+00  0.129870E+01  0.304515E+01  0.129507E+02  0.485645E+01
  0.780000E+00  0.128205E+01  0.299713E+01  0.130156E+02  0.490675E+01
  0.790000E+00  0.126582E+01  0.295064E+01  0.130771E+02  0.495501E+01
  0.800000E+00  0.125000E+01  0.290568E+01  0.131354E+02  0.500134E+01
  0.810000E+00  0.123457E+01  0.286223E+01  0.131907E+02  0.504584E+01
  0.820000E+00  0.121951E+01  0.282028E+01  0.132432E+02  0.508862E+01
  0.830000E+00  0.120482E+01  0.277978E+01  0.132930E+02  0.512976E+01
  0.840000E+00  0.119048E+01  0.274072E+01  0.133405E+02  0.516935E+01
  0.850000E+00  0.117647E+01  0.270304E+01  0.133856E+02  0.520747E+01
  0.860000E+00  0.116279E+01  0.266671E+01  0.134285E+02  0.524420E+01
  0.870000E+00  0.114943E+01  0.263168E+01  0.134695E+02  0.527961E+01
  0.880000E+00  0.113636E+01  0.259791E+01  0.135085E+02  0.531376E+01
  0.890000E+00  0.112360E+01  0.256534E+01  0.135458E+02  0.534672E+01
  0.900000E+00  0.111111E+01  0.253394E+01  0.135813E+02  0.537855E+01
  0.910000E+00  0.109890E+01  0.250367E+01  0.136153E+02  0.540931E+01
  0.920000E+00  0.108696E+01  0.247446E+01  0.136478E+02  0.543904E+01
  0.930000E+00  0.107527E+01  0.244629E+01  0.136789E+02  0.546779E+01
  0.940000E+00  0.106383E+01  0.241911E+01  0.137086E+02  0.549562E+01
  0.950000E+00  0.105263E+01  0.239288E+01  0.137372E+02  0.552256E+01
  0.960000E+00  0.104167E+01  0.236756E+01  0.137645E+02  0.554866E+01
  0.970000E+00  0.103093E+01  0.234312E+01  0.137907E+02  0.557395E+01
  0.980000E+00  0.102041E+01  0.231950E+01  0.138159E+02  0.559848E+01
  0.990000E+00  0.101010E+01  0.229669E+01  0.138400E+02  0.562227E+01
  0.100000E+01  0.100000E+01  0.227464E+01  0.138632E+02  0.564536E+01
  0.101000E+01  0.990099E+00  0.225333E+01  0.138855E+02  0.566777E+01
  0.102000E+01  0.980392E+00  0.223271E+01  0.139070E+02  0.568954E+01
  0.103000E+01  0.970874E+00  0.221277E+01  0.139276E+02  0.571070E+01
  0.104000E+01  0.961538E+00  0.219348E+01  0.139475E+02  0.573127E+01
  0.105000E+01  0.952381E+00  0.217480E+01  0.139666E+02  0.575127E+01
  0.106000E+01  0.943396E+00  0.215671E+01  0.139851E+02  0.577073E+01
  0.107000E+01  0.934579E+00  0.213918E+01  0.140028E+02  0.578966E+01
  0.108000E+01  0.925926E+00  0.212221E+01  0.140200E+02  0.580810E+01
  0.109000E+01  0.917431E+00  0.210575E+01  0.140365E+02  0.582606E+01
  0.110000E+01  0.909091E+00  0.208979E+01  0.140525E+02  0.584356E+01
  0.111000E+01  0.900901E+00  0.207431E+01  0.140680E+02  0.586061E+01
  0.112000E+01  0.892857E+00  0.205929E+01  0.140829E+02  0.587723E+01
  0.113000E+01  0.884956E+00  0.204471E+01  0.140973E+02  0.589345E+01
  0.114000E+01  0.877193E+00  0.203055E+01  0.141112E+02  0.590926E+01
  0.115000E+01  0.869565E+00  0.201680E+01  0.141247E+02  0.592470E+01
  0.116000E+01  0.862069E+00  0.200344E+01  0.141377E+02  0.593977E+01
  0.117000E+01  0.854701E+00  0.199046E+01  0.141504E+02  0.595448E+01
  0.118000E+01  0.847458E+00  0.197784E+01  0.141626E+02  0.596885E+01
  0.119000E+01  0.840336E+00  0.196557E+01  0.141745E+02  0.598289E+01
  0.120000E+01  0.833333E+00  0.195362E+01  0.141859E+02  0.599662E+01
  0.121000E+01  0.826446E+00  0.194201E+01  0.141971E+02  0.601003E+01
  0.122000E+01  0.819672E+00  0.193070E+01  0.142079E+02  0.602315E+01
  0.123000E+01  0.813008E+00  0.191968E+01  0.142183E+02  0.603598E+01
  0.124000E+01  0.806452E+00  0.190896E+01  0.142285E+02  0.604853E+01
  0.125000E+01  0.800000E+00  0.189851E+01  0.142384E+02  0.606081E+01
  0.126000E+01  0.793651E+00  0.188833E+01  0.142480E+02  0.607283E+01
  0.127000E+01  0.787402E+00  0.187840E+01  0.142573E+02  0.608460E+01
  0.128000E+01  0.781250E+00  0.186872E+01  0.142663E+02  0.609613E+01
  0.129000E+01  0.775194E+00  0.185929E+01  0.142751E+02  0.610742E+01
  0.130000E+01  0.769231E+00  0.185008E+01  0.142836E+02  0.611848E+01
  0.131000E+01  0.763359E+00  0.184109E+01  0.142919E+02  0.612931E+01
  0.132000E+01  0.757576E+00  0.183232E+01  0.143000E+02  0.613994E+01
  0.133000E+01  0.751880E+00  0.182376E+01  0.143079E+02  0.615035E+01
  0.134000E+01  0.746269E+00  0.181540E+01  0.143155E+02  0.616056E+01
  0.135000E+01  0.740741E+00  0.180723E+01  0.143230E+02  0.617057E+01
  0.136000E+01  0.735294E+00  0.179925E+01  0.143302E+02  0.618039E+01
  0.137000E+01  0.729927E+00  0.179146E+01  0.143373E+02  0.619003E+01
  0.138000E+01  0.724638E+00  0.178383E+01  0.143441E+02  0.619948E+01
  0.139000E+01  0.719424E+00  0.177638E+01  0.143508E+02  0.620876E+01
  0.140000E+01  0.714286E+00  0.176909E+01  0.143574E+02  0.621787E+01
  0.141000E+01  0.709220E+00  0.176196E+01  0.143637E+02  0.622682E+01
  0.142000E+01  0.704225E+00  0.175499E+01  0.143699E+02  0.623560E+01
  0.143000E+01  0.699301E+00  0.174816E+01  0.143760E+02  0.624423E+01
  0.144000E+01  0.694444E+00  0.174148E+01  0.143819E+02  0.625270E+01
  0.145000E+01  0.689655E+00  0.173494E+01  0.143877E+02  0.626102E+01
  0.146000E+01  0.684932E+00  0.172854E+01  0.143933E+02  0.626920E+01
  0.147000E+01  0.680272E+00  0.172227E+01  0.143988E+02  0.627724E+01
  0.148000E+01  0.675676E+00  0.171613E+01  0.144041E+02  0.628514E+01
  0.149000E+01  0.671141E+00  0.171011E+01  0.144094E+02  0.629291E+01
  0.150000E+01  0.666667E+00  0.170421E+01  0.144145E+02  0.630055E+01
  0.151000E+01  0.662252E+00  0.169843E+01  0.144195E+02  0.630806E+01
  0.152000E+01  0.657895E+00  0.169276E+01  0.144243E+02  0.631545E+01
  0.153000E+01  0.653595E+00  0.168721E+01  0.144291E+02  0.632272E+01
  0.154000E+01  0.649351E+00  0.168176E+01  0.144338E+02  0.632987E+01
  0.155000E+01  0.645161E+00  0.167641E+01  0.144383E+02  0.633690E+01
  0.156000E+01  0.641026E+00  0.167117E+01  0.144428E+02  0.634382E+01
  0.157000E+01  0.636943E+00  0.166603E+01  0.144471E+02  0.635064E+01
  0.158000E+01  0.632911E+00  0.166098E+01  0.144514E+02  0.635734E+01
  0.159000E+01  0.628931E+00  0.165602E+01  0.144555E+02  0.636394E+01
  0.160000E+01  0.625000E+00  0.165116E+01  0.144596E+02  0.637044E+01
  0.161000E+01  0.621118E+00  0.164638E+01  0.144636E+02  0.637684E+01
  0.162000E+01  0.617284E+00  0.164169E+01  0.144675E+02  0.638315E+01
  0.163000E+01  0.613497E+00  0.163709E+01  0.144713E+02  0.638936E+01
  0.164000E+01  0.609756E+00  0.163256E+01  0.144751E+02  0.639547E+01
  0.165000E+01  0.606061E+00  0.162812E+01  0.144787E+02  0.640150E+01
  0.166000E+01  0.602410E+00  0.162375E+01  0.144823E+02  0.640743E+01
  0.167000E+01  0.598802E+00  0.161946E+01  0.144858E+02  0.641328E+01
  0.168000E+01  0.595238E+00  0.161524E+01  0.144893E+02  0.641905E+01
  0.169000E+01  0.591716E+00  0.161110E+01  0.144926E+02  0.642473E+01
  0.170000E+01  0.588235E+00  0.160702E+01  0.144959E+02  0.643033E+01
  0.171000E+01  0.584795E+00  0.160301E+01  0.144992E+02  0.643585E+01
  0.172000E+01  0.581395E+00  0.159907E+01  0.145024E+02  0.644129E+01
  0.173000E+01  0.578035E+00  0.159519E+01  0.145055E+02  0.644666E+01
  0.174000E+01  0.574713E+00  0.159138E+01  0.145085E+02  0.645195E+01
  0.175000E+01  0.571429E+00  0.158763E+01  0.145115E+02  0.645717E+01
  0.176000E+01  0.568182E+00  0.158394E+01  0.145144E+02  0.646232E+01
  0.177000E+01  0.564972E+00  0.158031E+01  0.145173E+02  0.646740E+01
  0.178000E+01  0.561798E+00  0.157673E+01  0.145201E+02  0.647241E+01
  0.179000E+01  0.558659E+00  0.157321E+01  0.145229E+02  0.647736E+01
  0.180000E+01  0.555556E+00  0.156975E+01  0.145256E+02  0.648223E+01
  0.181000E+01  0.552486E+00  0.156634E+01  0.145283E+02  0.648705E+01
  0.182000E+01  0.549451E+00  0.156298E+01  0.145309E+02  0.649180E+01
  0.183000E+01  0.546448E+00  0.155968E+01  0.145335E+02  0.649648E+01
  0.184000E+01  0.543478E+00  0.155642E+01  0.145360E+02  0.650111E+01
  0.185000E+01  0.540541E+00  0.155321E+01  0.145385E+02  0.650568E+01
  0.186000E+01  0.537634E+00  0.155005E+01  0.145409E+02  0.651019E+01
  0.187000E+01  0.534759E+00  0.154694E+01  0.145433E+02  0.651464E+01
  0.188000E+01  0.531915E+00  0.154387E+01  0.145456E+02  0.651903E+01
  0.189000E+01  0.529101E+00  0.154085E+01  0.145479E+02  0.652338E+01
  0.190000E+01  0.526316E+00  0.153787E+01  0.145502E+02  0.652766E+01
  0.191000E+01  0.523560E+00  0.153494E+01  0.145524E+02  0.653190E+01
  0.192000E+01  0.520833E+00  0.153204E+01  0.145546E+02  0.653608E+01
  0.193000E+01  0.518135E+00  0.152919E+01  0.145568E+02  0.654021E+01
  0.194000E+01  0.515464E+00  0.152638E+01  0.145589E+02  0.654429E+01
  0.195000E+01  0.512821E+00  0.152361E+01  0.145609E+02  0.654832E+01
  0.196000E+01  0.510204E+00  0.152087E+01  0.145630E+02  0.655230E+01
  0.197000E+01  0.507614E+00  0.151817E+01  0.145650E+02  0.655624E+01
  0.198000E+01  0.505051E+00  0.151552E+01  0.145670E+02  0.656013E+01
  0.199000E+01  0.502513E+00  0.151289E+01  0.145689E+02  0.656397E+01
  0.200000E+01  0.500000E+00  0.151030E+01  0.145708E+02  0.656777E+01
  0.201000E+01  0.497512E+00  0.150775E+01  0.145727E+02  0.657152E+01
  0.202000E+01  0.495050E+00  0.150523E+01  0.145745E+02  0.657523E+01
  0.203000E+01  0.492611E+00  0.150275E+01  0.145763E+02  0.657890E+01
  0.204000E+01  0.490196E+00  0.150029E+01  0.145781E+02  0.658253E+01
  0.205000E+01  0.487805E+00  0.149787E+01  0.145799E+02  0.658611E+01
  0.206000E+01  0.485437E+00  0.149548E+01  0.145816E+02  0.658965E+01
  0.207000E+01  0.483092E+00  0.149313E+01  0.145833E+02  0.659316E+01
  0.208000E+01  0.480769E+00  0.149080E+01  0.145849E+02  0.659662E+01
  0.209000E+01  0.478469E+00  0.148850E+01  0.145866E+02  0.660005E+01
  0.210000E+01  0.476190E+00  0.148623E+01  0.145882E+02  0.660344E+01
  0.211000E+01  0.473934E+00  0.148399E+01  0.145898E+02  0.660679E+01
  0.212000E+01  0.471698E+00  0.148178E+01  0.145914E+02  0.661011E+01
  0.213000E+01  0.469484E+00  0.147959E+01  0.145929E+02  0.661338E+01
  0.214000E+01  0.467290E+00  0.147744E+01  0.145944E+02  0.661663E+01
  0.215000E+01  0.465116E+00  0.147530E+01  0.145959E+02  0.661984E+01
  0.216000E+01  0.462963E+00  0.147320E+01  0.145974E+02  0.662301E+01
  0.217000E+01  0.460829E+00  0.147112E+01  0.145988E+02  0.662615E+01
  0.218000E+01  0.458716E+00  0.146906E+01  0.146003E+02  0.662926E+01
  0.219000E+01  0.456621E+00  0.146704E+01  0.146017E+02  0.663234E+01
  0.220000E+01  0.454545E+00  0.146503E+01  0.146031E+02  0.663538E+01
  0.221000E+01  0.452489E+00  0.146305E+01  0.146044E+02  0.663839E+01
  0.222000E+01  0.450450E+00  0.146109E+01  0.146058E+02  0.664137E+01
  0.223000E+01  0.448430E+00  0.145915E+01  0.146071E+02  0.664432E+01
  0.224000E+01  0.446429E+00  0.145724E+01  0.146084E+02  0.664724E+01
  0.225000E+01  0.444444E+00  0.145535E+01  0.146097E+02  0.665013E+01
  0.226000E+01  0.442478E+00  0.145348E+01  0.146110E+02  0.665299E+01
  0.227000E+01  0.440529E+00  0.145163E+01  0.146122E+02  0.665582E+01
  0.228000E+01  0.438596E+00  0.144981E+01  0.146134E+02  0.665862E+01
  0.229000E+01  0.436681E+00  0.144800E+01  0.146147E+02  0.666140E+01
  0.230000E+01  0.434783E+00  0.144622E+01  0.146159E+02  0.666414E+01
  0.231000E+01  0.432900E+00  0.144445E+01  0.146170E+02  0.666686E+01
  0.232000E+01  0.431034E+00  0.144270E+01  0.146182E+02  0.666956E+01
  0.233000E+01  0.429185E+00  0.144098E+01  0.146194E+02  0.667223E+01
  0.234000E+01  0.427350E+00  0.143927E+01  0.146205E+02  0.667487E+01
  0.235000E+01  0.425532E+00  0.143758E+01  0.146216E+02  0.667748E+01
  0.236000E+01  0.423729E+00  0.143591E+01  0.146227E+02  0.668007E+01
  0.237000E+01  0.421941E+00  0.143426E+01  0.146238E+02  0.668264E+01
  0.238000E+01  0.420168E+00  0.143263E+01  0.146249E+02  0.668518E+01
  0.239000E+01  0.418410E+00  0.143101E+01  0.146259E+02  0.668770E+01
  0.240000E+01  0.416667E+00  0.142941E+01  0.146270E+02  0.669019E+01
  0.241000E+01  0.414938E+00  0.142783E+01  0.146280E+02  0.669266E+01
  0.242000E+01  0.413223E+00  0.142626E+01  0.146290E+02  0.669511E+01
  0.243000E+01  0.411523E+00  0.142471E+01  0.146300E+02  0.669753E+01
  0.244000E+01  0.409836E+00  0.142318E+01  0.146310E+02  0.669993E+01
  0.245000E+01  0.408163E+00  0.142166E+01  0.146319E+02  0.670231E+01
  0.246000E+01  0.406504E+00  0.142016E+01  0.146329E+02  0.670467E+01
  0.247000E+01  0.404858E+00  0.141867E+01  0.146339E+02  0.670701E+01
  0.248000E+01  0.403226E+00  0.141720E+01  0.146348E+02  0.670932E+01
  0.249000E+01  0.401606E+00  0.141575E+01  0.146357E+02  0.671162E+01
  0.250000E+01  0.400000E+00  0.141430E+01  0.146366E+02  0.671389E+01
  0.251000E+01  0.398406E+00  0.141288E+01  0.146375E+02  0.671614E+01
  0.252000E+01  0.396825E+00  0.141147E+01  0.146384E+02  0.671837E+01
  0.253000E+01  0.395257E+00  0.141007E+01  0.146393E+02  0.672059E+01
  0.254000E+01  0.393701E+00  0.140868E+01  0.146402E+02  0.672278E+01
  0.255000E+01  0.392157E+00  0.140731E+01  0.146410E+02  0.672495E+01
  0.256000E+01  0.390625E+00  0.140595E+01  0.146419E+02  0.672711E+01
  0.257000E+01  0.389105E+00  0.140461E+01  0.146427E+02  0.672924E+01
  0.258000E+01  0.387597E+00  0.140328E+01  0.146435E+02  0.673136E+01
  0.259000E+01  0.386100E+00  0.140196E+01  0.146443E+02  0.673346E+01
  0.260000E+01  0.384615E+00  0.140066E+01  0.146451E+02  0.673554E+01
  0.261000E+01  0.383142E+00  0.139936E+01  0.146459E+02  0.673760E+01
  0.262000E+01  0.381679E+00  0.139808E+01  0.146467E+02  0.673965E+01
  0.263000E+01  0.380228E+00  0.139681E+01  0.146475E+02  0.674168E+01
  0.264000E+01  0.378788E+00  0.139556E+01  0.146482E+02  0.674369E+01
  0.265000E+01  0.377358E+00  0.139431E+01  0.146490E+02  0.674568E+01
  0.266000E+01  0.375940E+00  0.139308E+01  0.146497E+02  0.674766E+01
  0.267000E+01  0.374532E+00  0.139186E+01  0.146505E+02  0.674962E+01
  0.268000E+01  0.373134E+00  0.139065E+01  0.146512E+02  0.675156E+01
  0.269000E+01  0.371747E+00  0.138945E+01  0.146519E+02  0.675349E+01
  0.270000E+01  0.370370E+00  0.138826E+01  0.146526E+02  0.675541E+01
  0.271000E+01  0.369004E+00  0.138708E+01  0.146533E+02  0.675730E+01
  0.272000E+01  0.367647E+00  0.138592E+01  0.146540E+02  0.675918E+01
  0.273000E+01  0.366300E+00  0.138476E+01  0.146547E+02  0.676105E+01
  0.274000E+01  0.364964E+00  0.138362E+01  0.146554E+02  0.676290E+01
  0.275000E+01  0.363636E+00  0.138248E+01  0.146560E+02  0.676473E+01
  0.276000E+01  0.362319E+00  0.138136E+01  0.146567E+02  0.676655E+01
  0.277000E+01  0.361011E+00  0.138024E+01  0.146574E+02  0.676836E+01
  0.278000E+01  0.359712E+00  0.137914E+01  0.146580E+02  0.677015E+01
  0.279000E+01  0.358423E+00  0.137804E+01  0.146586E+02  0.677193E+01
  0.280000E+01  0.357143E+00  0.137696E+01  0.146593E+02  0.677369E+01
  0.281000E+01  0.355872E+00  0.137588E+01  0.146599E+02  0.677544E+01
  0.282000E+01  0.354610E+00  0.137481E+01  0.146605E+02  0.677718E+01
  0.283000E+01  0.353357E+00  0.137376E+01  0.146611E+02  0.677890E+01
  0.284000E+01  0.352113E+00  0.137271E+01  0.146617E+02  0.678061E+01
  0.285000E+01  0.350877E+00  0.137167E+01  0.146623E+02  0.678230E+01
  0.286000E+01  0.349650E+00  0.137064E+01  0.146629E+02  0.678399E+01
  0.287000E+01  0.348432E+00  0.136962E+01  0.146635E+02  0.678566E+01
  0.288000E+01  0.347222E+00  0.136860E+01  0.146641E+02  0.678731E+01
  0.289000E+01  0.346021E+00  0.136760E+01  0.146646E+02  0.678896E+01
  0.290000E+01  0.344828E+00  0.136660E+01  0.146652E+02  0.679059E+01
  0.291000E+01  0.343643E+00  0.136562E+01  0.146658E+02  0.679221E+01
  0.292000E+01  0.342466E+00  0.136464E+01  0.146663E+02  0.679381E+01
  0.293000E+01  0.341297E+00  0.136367E+01  0.146669E+02  0.679541E+01
  0.294000E+01  0.340136E+00  0.136270E+01  0.146674E+02  0.679699E+01
  0.295000E+01  0.338983E+00  0.136175E+01  0.146679E+02  0.679856E+01
  0.296000E+01  0.337838E+00  0.136080E+01  0.146685E+02  0.680012E+01
  0.297000E+01  0.336700E+00  0.135986E+01  0.146690E+02  0.680167E+01
  0.298000E+01  0.335570E+00  0.135893E+01  0.146695E+02  0.680320E+01
  0.299000E+01  0.334448E+00  0.135800E+01  0.146700E+02  0.680473E+01
  0.300000E+01  0.333333E+00  0.135709E+01  0.146705E+02  0.680624E+01
  0.301000E+01  0.332226E+00  0.135618E+01  0.146710E+02  0.680774E+01
  0.302000E+01  0.331126E+00  0.135527E+01  0.146715E+02  0.680923E+01
  0.303000E+01  0.330033E+00  0.135438E+01  0.146720E+02  0.681071E+01
  0.304000E+01  0.328947E+00  0.135349E+01  0.146725E+02  0.681218E+01
  0.305000E+01  0.327869E+00  0.135261E+01  0.146730E+02  0.681364E+01
  0.306000E+01  0.326797E+00  0.135174E+01  0.146734E+02  0.681509E+01
  0.307000E+01  0.325733E+00  0.135087E+01  0.146739E+02  0.681653E+01
  0.308000E+01  0.324675E+00  0.135001E+01  0.146744E+02  0.681796E+01
  0.309000E+01  0.323625E+00  0.134916E+01  0.146748E+02  0.681938E+01
  0.310000E+01  0.322581E+00  0.134831E+01  0.146753E+02  0.682079E+01
  0.311000E+01  0.321543E+00  0.134747E+01  0.146757E+02  0.682218E+01
  0.312000E+01  0.320513E+00  0.134663E+01  0.146762E+02  0.682357E+01
  0.313000E+01  0.319489E+00  0.134581E+01  0.146766E+02  0.682495E+01
  0.314000E+01  0.318471E+00  0.134498E+01  0.146771E+02  0.682632E+01
  0.315000E+01  0.317460E+00  0.134417E+01  0.146775E+02  0.682768E+01
  0.316000E+01  0.316456E+00  0.134336E+01  0.146779E+02  0.682903E+01
  0.317000E+01  0.315457E+00  0.134256E+01  0.146783E+02  0.683037E+01
  0.318000E+01  0.314465E+00  0.134176E+01  0.146788E+02  0.683170E+01
  0.319000E+01  0.313480E+00  0.134097E+01  0.146792E+02  0.683302E+01
  0.320000E+01  0.312500E+00  0.134019E+01  0.146796E+02  0.683434E+01
  0.321000E+01  0.311526E+00  0.133941E+01  0.146800E+02  0.683564E+01
  0.322000E+01  0.310559E+00  0.133863E+01  0.146804E+02  0.683694E+01
  0.323000E+01  0.309598E+00  0.133787E+01  0.146808E+02  0.683822E+01
  0.324000E+01  0.308642E+00  0.133710E+01  0.146812E+02  0.683950E+01
  0.325000E+01  0.307692E+00  0.133635E+01  0.146816E+02  0.684077E+01
  0.326000E+01  0.306748E+00  0.133560E+01  0.146820E+02  0.684203E+01
  0.327000E+01  0.305810E+00  0.133485E+01  0.146823E+02  0.684328E+01
  0.328000E+01  0.304878E+00  0.133411E+01  0.146827E+02  0.684453E+01
  0.329000E+01  0.303951E+00  0.133338E+01  0.146831E+02  0.684576E+01
  0.330000E+01  0.303030E+00  0.133265E+01  0.146835E+02  0.684699E+01
  0.331000E+01  0.302115E+00  0.133192E+01  0.146838E+02  0.684821E+01
  0.332000E+01  0.301205E+00  0.133120E+01  0.146842E+02  0.684942E+01
  0.333000E+01  0.300300E+00  0.133049E+01  0.146846E+02  0.685063E+01
  0.334000E+01  0.299401E+00  0.132978E+01  0.146849E+02  0.685182E+01
  0.335000E+01  0.298507E+00  0.132908E+01  0.146853E+02  0.685301E+01
  0.336000E+01  0.297619E+00  0.132838E+01  0.146856E+02  0.685419E+01
  0.337000E+01  0.296736E+00  0.132769E+01  0.146860E+02  0.685536E+01
  0.338000E+01  0.295858E+00  0.132700E+01  0.146863E+02  0.685653E+01
  0.339000E+01  0.294985E+00  0.132631E+01  0.146867E+02  0.685769E+01
  0.340000E+01  0.294118E+00  0.132563E+01  0.146870E+02  0.685884E+01
  0.341000E+01  0.293255E+00  0.132496E+01  0.146874E+02  0.685998E+01
  0.342000E+01  0.292398E+00  0.132429E+01  0.146877E+02  0.686112E+01
  0.343000E+01  0.291545E+00  0.132362E+01  0.146880E+02  0.686225E+01
  0.344000E+01  0.290698E+00  0.132296E+01  0.146883E+02  0.686337E+01
  0.345000E+01  0.289855E+00  0.132231E+01  0.146887E+02  0.686448E+01
  0.346000E+01  0.289017E+00  0.132165E+01  0.146890E+02  0.686559E+01
  0.347000E+01  0.288184E+00  0.132101E+01  0.146893E+02  0.686669E+01
  0.348000E+01  0.287356E+00  0.132036E+01  0.146896E+02  0.686778E+01
  0.349000E+01  0.286533E+00  0.131972E+01  0.146899E+02  0.686887E+01
  0.350000E+01  0.285714E+00  0.131909E+01  0.146902E+02  0.686995E+01
  0.351000E+01  0.284900E+00  0.131846E+01  0.146905E+02  0.687102E+01
  0.352000E+01  0.284091E+00  0.131783E+01  0.146908E+02  0.687209E+01
  0.353000E+01  0.283286E+00  0.131721E+01  0.146911E+02  0.687315E+01
  0.354000E+01  0.282486E+00  0.131659E+01  0.146914E+02  0.687420E+01
  0.355000E+01  0.281690E+00  0.131598E+01  0.146917E+02  0.687525E+01
  0.356000E+01  0.280899E+00  0.131537E+01  0.146920E+02  0.687629E+01
  0.357000E+01  0.280112E+00  0.131477E+01  0.146923E+02  0.687733E+01
  0.358000E+01  0.279330E+00  0.131416E+01  0.146926E+02  0.687836E+01
  0.359000E+01  0.278552E+00  0.131357E+01  0.146929E+02  0.687938E+01
  0.360000E+01  0.277778E+00  0.131297E+01  0.146932E+02  0.688039E+01
  0.361000E+01  0.277008E+00  0.131238E+01  0.146935E+02  0.688140E+01
  0.362000E+01  0.276243E+00  0.131180E+01  0.146937E+02  0.688241E+01
  0.363000E+01  0.275482E+00  0.131121E+01  0.146940E+02  0.688341E+01
  0.364000E+01  0.274725E+00  0.131063E+01  0.146943E+02  0.688440E+01
  0.365000E+01  0.273973E+00  0.131006E+01  0.146946E+02  0.688539E+01
  0.366000E+01  0.273224E+00  0.130949E+01  0.146948E+02  0.688637E+01
  0.367000E+01  0.272480E+00  0.130892E+01  0.146951E+02  0.688734E+01
  0.368000E+01  0.271739E+00  0.130836E+01  0.146954E+02  0.688831E+01
  0.369000E+01  0.271003E+00  0.130779E+01  0.146956E+02  0.688927E+01
  0.370000E+01  0.270270E+00  0.130724E+01  0.146959E+02  0.689023E+01
  0.371000E+01  0.269542E+00  0.130668E+01  0.146961E+02  0.689118E+01
  0.372000E+01  0.268817E+00  0.130613E+01  0.146964E+02  0.689213E+01
  0.373000E+01  0.268097E+00  0.130559E+01  0.146966E+02  0.689307E+01
  0.374000E+01  0.267380E+00  0.130504E+01  0.146969E+02  0.689401E+01
  0.375000E+01  0.266667E+00  0.130450E+01  0.146971E+02  0.689494E+01
  0.376000E+01  0.265957E+00  0.130397E+01  0.146974E+02  0.689586E+01
  0.377000E+01  0.265252E+00  0.130343E+01  0.146976E+02  0.689678E+01
  0.378000E+01  0.264550E+00  0.130290E+01  0.146979E+02  0.689770E+01
  0.379000E+01  0.263852E+00  0.130238E+01  0.146981E+02  0.689860E+01
  0.380000E+01  0.263158E+00  0.130185E+01  0.146983E+02  0.689951E+01
  0.381000E+01  0.262467E+00  0.130133E+01  0.146986E+02  0.690041E+01
  0.382000E+01  0.261780E+00  0.130082E+01  0.146988E+02  0.690130E+01
  0.383000E+01  0.261097E+00  0.130030E+01  0.146991E+02  0.690219E+01
  0.384000E+01  0.260417E+00  0.129979E+01  0.146993E+02  0.690307E+01
  0.385000E+01  0.259740E+00  0.129928E+01  0.146995E+02  0.690395E+01
  0.386000E+01  0.259067E+00  0.129878E+01  0.146997E+02  0.690483E+01
  0.387000E+01  0.258398E+00  0.129828E+01  0.147000E+02  0.690570E+01
  0.388000E+01  0.257732E+00  0.129778E+01  0.147002E+02  0.690656E+01
  0.389000E+01  0.257069E+00  0.129728E+01  0.147004E+02  0.690742E+01
  0.390000E+01  0.256410E+00  0.129679E+01  0.147006E+02  0.690828E+01
  0.391000E+01  0.255754E+00  0.129630E+01  0.147008E+02  0.690913E+01
  0.392000E+01  0.255102E+00  0.129581E+01  0.147011E+02  0.690997E+01
  0.393000E+01  0.254453E+00  0.129533E+01  0.147013E+02  0.691081E+01
  0.394000E+01  0.253807E+00  0.129484E+01  0.147015E+02  0.691165E+01
  0.395000E+01  0.253165E+00  0.129437E+01  0.147017E+02  0.691248E+01
  0.396000E+01  0.252525E+00  0.129389E+01  0.147019E+02  0.691331E+01
  0.397000E+01  0.251889E+00  0.129342E+01  0.147021E+02  0.691413E+01
  0.398000E+01  0.251256E+00  0.129295E+01  0.147023E+02  0.691495E+01
  0.399000E+01  0.250627E+00  0.129248E+01  0.147025E+02  0.691576E+01
  0.400000E+01  0.250000E+00  0.129201E+01  0.147027E+02  0.691657E+01
  0.401000E+01  0.249377E+00  0.129155E+01  0.147029E+02  0.691738E+01
  0.402000E+01  0.248756E+00  0.129109E+01  0.147031E+02  0.691818E+01
  0.403000E+01  0.248139E+00  0.129063E+01  0.147033E+02  0.691898E+01
  0.404000E+01  0.247525E+00  0.129018E+01  0.147035E+02  0.691977E+01
  0.405000E+01  0.246914E+00  0.128973E+01  0.147037E+02  0.692056E+01
  0.406000E+01  0.246305E+00  0.128928E+01  0.147039E+02  0.692134E+01
  0.407000E+01  0.245700E+00  0.128883E+01  0.147041E+02  0.692212E+01
  0.408000E+01  0.245098E+00  0.128839E+01  0.147043E+02  0.692290E+01
  0.409000E+01  0.244499E+00  0.128794E+01  0.147045E+02  0.692367E+01
  0.410000E+01  0.243902E+00  0.128750E+01  0.147047E+02  0.692444E+01
  0.411000E+01  0.243309E+00  0.128707E+01  0.147049E+02  0.692520E+01
  0.412000E+01  0.242718E+00  0.128663E+01  0.147050E+02  0.692596E+01
  0.413000E+01  0.242131E+00  0.128620E+01  0.147052E+02  0.692672E+01
  0.414000E+01  0.241546E+00  0.128577E+01  0.147054E+02  0.692747E+01
  0.415000E+01  0.240964E+00  0.128534E+01  0.147056E+02  0.692822E+01
  0.416000E+01  0.240385E+00  0.128492E+01  0.147058E+02  0.692896E+01
  0.417000E+01  0.239808E+00  0.128449E+01  0.147059E+02  0.692970E+01
  0.418000E+01  0.239234E+00  0.128407E+01  0.147061E+02  0.693044E+01
  0.419000E+01  0.238663E+00  0.128366E+01  0.147063E+02  0.693117E+01
  0.420000E+01  0.238095E+00  0.128324E+01  0.147065E+02  0.693190E+01
  0.421000E+01  0.237530E+00  0.128283E+01  0.147066E+02  0.693263E+01
  0.422000E+01  0.236967E+00  0.128242E+01  0.147068E+02  0.693335E+01
  0.423000E+01  0.236407E+00  0.128201E+01  0.147070E+02  0.693407E+01
  0.424000E+01  0.235849E+00  0.128160E+01  0.147072E+02  0.693478E+01
  0.425000E+01  0.235294E+00  0.128119E+01  0.147073E+02  0.693549E+01
  0.426000E+01  0.234742E+00  0.128079E+01  0.147075E+02  0.693620E+01
  0.427000E+01  0.234192E+00  0.128039E+01  0.147077E+02  0.693691E+01
  0.428000E+01  0.233645E+00  0.127999E+01  0.147078E+02  0.693761E+01
  0.429000E+01  0.233100E+00  0.127960E+01  0.147080E+02  0.693830E+01
  0.430000E+01  0.232558E+00  0.127920E+01  0.147081E+02  0.693900E+01
  0.431000E+01  0.232019E+00  0.127881E+01  0.147083E+02  0.693969E+01
  0.432000E+01  0.231481E+00  0.127842E+01  0.147085E+02  0.694037E+01
  0.433000E+01  0.230947E+00  0.127803E+01  0.147086E+02  0.694106E+01
  0.434000E+01  0.230415E+00  0.127765E+01  0.147088E+02  0.694174E+01
  0.435000E+01  0.229885E+00  0.127726E+01  0.147089E+02  0.694241E+01
  0.436000E+01  0.229358E+00  0.127688E+01  0.147091E+02  0.694309E+01
  0.437000E+01  0.228833E+00  0.127650E+01  0.147092E+02  0.694376E+01
  0.438000E+01  0.228311E+00  0.127612E+01  0.147094E+02  0.694442E+01
  0.439000E+01  0.227790E+00  0.127575E+01  0.147095E+02  0.694509E+01
  0.440000E+01  0.227273E+00  0.127537E+01  0.147097E+02  0.694575E+01
  0.441000E+01  0.226757E+00  0.127500E+01  0.147098E+02  0.694640E+01
  0.442000E+01  0.226244E+00  0.127463E+01  0.147100E+02  0.694706E+01
  0.443000E+01  0.225734E+00  0.127426E+01  0.147101E+02  0.694771E+01
  0.444000E+01  0.225225E+00  0.127389E+01  0.147103E+02  0.694836E+01
  0.445000E+01  0.224719E+00  0.127353E+01  0.147104E+02  0.694900E+01
  0.446000E+01  0.224215E+00  0.127317E+01  0.147106E+02  0.694964E+01
  0.447000E+01  0.223714E+00  0.127281E+01  0.147107E+02  0.695028E+01
  0.448000E+01  0.223214E+00  0.127245E+01  0.147109E+02  0.695092E+01
  0.449000E+01  0.222717E+00  0.127209E+01  0.147110E+02  0.695155E+01
  0.450000E+01  0.222222E+00  0.127173E+01  0.147111E+02  0.695218E+01
  0.451000E+01  0.221729E+00  0.127138E+01  0.147113E+02  0.695281E+01
  0.452000E+01  0.221239E+00  0.127103E+01  0.147114E+02  0.695343E+01
  0.453000E+01  0.220751E+00  0.127068E+01  0.147116E+02  0.695405E+01
  0.454000E+01  0.220264E+00  0.127033E+01  0.147117E+02  0.695467E+01
  0.455000E+01  0.219780E+00  0.126998E+01  0.147118E+02  0.695528E+01
  0.456000E+01  0.219298E+00  0.126964E+01  0.147120E+02  0.695589E+01
  0.457000E+01  0.218818E+00  0.126929E+01  0.147121E+02  0.695650E+01
  0.458000E+01  0.218341E+00  0.126895E+01  0.147122E+02  0.695711E+01
  0.459000E+01  0.217865E+00  0.126861E+01  0.147124E+02  0.695771E+01
  0.460000E+01  0.217391E+00  0.126827E+01  0.147125E+02  0.695831E+01
  0.461000E+01  0.216920E+00  0.126794E+01  0.147126E+02  0.695891E+01
  0.462000E+01  0.216450E+00  0.126760E+01  0.147127E+02  0.695951E+01
  0.463000E+01  0.215983E+00  0.126727E+01  0.147129E+02  0.696010E+01
  0.464000E+01  0.215517E+00  0.126694E+01  0.147130E+02  0.696069E+01
  0.465000E+01  0.215054E+00  0.126661E+01  0.147131E+02  0.696128E+01
  0.466000E+01  0.214592E+00  0.126628E+01  0.147133E+02  0.696186E+01
  0.467000E+01  0.214133E+00  0.126595E+01  0.147134E+02  0.696244E+01
  0.468000E+01  0.213675E+00  0.126562E+01  0.147135E+02  0.696302E+01
  0.469000E+01  0.213220E+00  0.126530E+01  0.147136E+02  0.696360E+01
  0.470000E+01  0.212766E+00  0.126498E+01  0.147137E+02  0.696417E+01
  0.471000E+01  0.212314E+00  0.126466E+01  0.147139E+02  0.696474E+01
  0.472000E+01  0.211864E+00  0.126434E+01  0.147140E+02  0.696531E+01
  0.473000E+01  0.211416E+00  0.126402E+01  0.147141E+02  0.696588E+01
  0.474000E+01  0.210970E+00  0.126370E+01  0.147142E+02  0.696644E+01
  0.475000E+01  0.210526E+00  0.126339E+01  0.147143E+02  0.696700E+01
  0.476000E+01  0.210084E+00  0.126308E+01  0.147145E+02  0.696756E+01
  0.477000E+01  0.209644E+00  0.126276E+01  0.147146E+02  0.696812E+01
  0.478000E+01  0.209205E+00  0.126245E+01  0.147147E+02  0.696867E+01
  0.479000E+01  0.208768E+00  0.126214E+01  0.147148E+02  0.696922E+01
  0.480000E+01  0.208333E+00  0.126184E+01  0.147149E+02  0.696977E+01
  0.481000E+01  0.207900E+00  0.126153E+01  0.147150E+02  0.697032E+01
  0.482000E+01  0.207469E+00  0.126123E+01  0.147152E+02  0.697086E+01
  0.483000E+01  0.207039E+00  0.126092E+01  0.147153E+02  0.697141E+01
  0.484000E+01  0.206612E+00  0.126062E+01  0.147154E+02  0.697194E+01
  0.485000E+01  0.206186E+00  0.126032E+01  0.147155E+02  0.697248E+01
  0.486000E+01  0.205761E+00  0.126002E+01  0.147156E+02  0.697302E+01
  0.487000E+01  0.205339E+00  0.125972E+01  0.147157E+02  0.697355E+01
  0.488000E+01  0.204918E+00  0.125943E+01  0.147158E+02  0.697408E+01
  0.489000E+01  0.204499E+00  0.125913E+01  0.147159E+02  0.697461E+01
  0.490000E+01  0.204082E+00  0.125884E+01  0.147160E+02  0.697513E+01
  0.491000E+01  0.203666E+00  0.125855E+01  0.147161E+02  0.697566E+01
  0.492000E+01  0.203252E+00  0.125826E+01  0.147162E+02  0.697618E+01
  0.493000E+01  0.202840E+00  0.125797E+01  0.147163E+02  0.697669E+01
  0.494000E+01  0.202429E+00  0.125768E+01  0.147165E+02  0.697721E+01
  0.495000E+01  0.202020E+00  0.125739E+01  0.147166E+02  0.697773E+01
  0.496000E+01  0.201613E+00  0.125710E+01  0.147167E+02  0.697824E+01
  0.497000E+01  0.201207E+00  0.125682E+01  0.147168E+02  0.697875E+01
  0.498000E+01  0.200803E+00  0.125654E+01  0.147169E+02  0.697926E+01
  0.499000E+01  0.200401E+00  0.125625E+01  0.147170E+02  0.697976E+01
  0.500000E+01  0.200000E+00  0.125597E+01  0.147171E+02  0.698026E+01
  0.501000E+01  0.199601E+00  0.125569E+01  0.147172E+02  0.698077E+01
  0.502000E+01  0.199203E+00  0.125542E+01  0.147173E+02  0.698126E+01
  0.503000E+01  0.198807E+00  0.125514E+01  0.147174E+02  0.698176E+01
  0.504000E+01  0.198413E+00  0.125486E+01  0.147175E+02  0.698226E+01
  0.505000E+01  0.198020E+00  0.125459E+01  0.147176E+02  0.698275E+01
  0.506000E+01  0.197628E+00  0.125432E+01  0.147177E+02  0.698324E+01
  0.507000E+01  0.197239E+00  0.125404E+01  0.147178E+02  0.698373E+01
  0.508000E+01  0.196850E+00  0.125377E+01  0.147179E+02  0.698422E+01
  0.509000E+01  0.196464E+00  0.125350E+01  0.147179E+02  0.698470E+01
  0.510000E+01  0.196078E+00  0.125323E+01  0.147180E+02  0.698518E+01
  0.511000E+01  0.195695E+00  0.125297E+01  0.147181E+02  0.698567E+01
  0.512000E+01  0.195312E+00  0.125270E+01  0.147182E+02  0.698614E+01
  0.513000E+01  0.194932E+00  0.125244E+01  0.147183E+02  0.698662E+01
  0.514000E+01  0.194553E+00  0.125217E+01  0.147184E+02  0.698710E+01
  0.515000E+01  0.194175E+00  0.125191E+01  0.147185E+02  0.698757E+01
  0.516000E+01  0.193798E+00  0.125165E+01  0.147186E+02  0.698804E+01
  0.517000E+01  0.193424E+00  0.125139E+01  0.147187E+02  0.698851E+01
  0.518000E+01  0.193050E+00  0.125113E+01  0.147188E+02  0.698898E+01
  0.519000E+01  0.192678E+00  0.125087E+01  0.147189E+02  0.698944E+01
  0.520000E+01  0.192308E+00  0.125061E+01  0.147190E+02  0.698990E+01
  0.521000E+01  0.191939E+00  0.125036E+01  0.147190E+02  0.699037E+01
  0.522000E+01  0.191571E+00  0.125010E+01  0.147191E+02  0.699083E+01
  0.523000E+01  0.191205E+00  0.124985E+01  0.147192E+02  0.699128E+01
  0.524000E+01  0.190840E+00  0.124959E+01  0.147193E+02  0.699174E+01
  0.525000E+01  0.190476E+00  0.124934E+01  0.147194E+02  0.699219E+01
  0.526000E+01  0.190114E+00  0.124909E+01  0.147195E+02  0.699265E+01
  0.527000E+01  0.189753E+00  0.124884E+01  0.147196E+02  0.699310E+01
  0.528000E+01  0.189394E+00  0.124859E+01  0.147197E+02  0.699355E+01
  0.529000E+01  0.189036E+00  0.124834E+01  0.147197E+02  0.699399E+01
  0.530000E+01  0.188679E+00  0.124810E+01  0.147198E+02  0.699444E+01
  0.531000E+01  0.188324E+00  0.124785E+01  0.147199E+02  0.699488E+01
  0.532000E+01  0.187970E+00  0.124761E+01  0.147200E+02  0.699532E+01
  0.533000E+01  0.187617E+00  0.124736E+01  0.147201E+02  0.699576E+01
  0.534000E+01  0.187266E+00  0.124712E+01  0.147202E+02  0.699620E+01
  0.535000E+01  0.186916E+00  0.124688E+01  0.147202E+02  0.699664E+01
  0.536000E+01  0.186567E+00  0.124664E+01  0.147203E+02  0.699707E+01
  0.537000E+01  0.186220E+00  0.124640E+01  0.147204E+02  0.699751E+01
  0.538000E+01  0.185874E+00  0.124616E+01  0.147205E+02  0.699794E+01
  0.539000E+01  0.185529E+00  0.124592E+01  0.147206E+02  0.699837E+01
  0.540000E+01  0.185185E+00  0.124569E+01  0.147206E+02  0.699879E+01
  0.541000E+01  0.184843E+00  0.124545E+01  0.147207E+02  0.699922E+01
  0.542000E+01  0.184502E+00  0.124522E+01  0.147208E+02  0.699965E+01
  0.543000E+01  0.184162E+00  0.124498E+01  0.147209E+02  0.700007E+01
  0.544000E+01  0.183824E+00  0.124475E+01  0.147209E+02  0.700049E+01
  0.545000E+01  0.183486E+00  0.124452E+01  0.147210E+02  0.700091E+01
  0.546000E+01  0.183150E+00  0.124429E+01  0.147211E+02  0.700133E+01
  0.547000E+01  0.182815E+00  0.124406E+01  0.147212E+02  0.700174E+01
  0.548000E+01  0.182482E+00  0.124383E+01  0.147213E+02  0.700216E+01
  0.549000E+01  0.182149E+00  0.124360E+01  0.147213E+02  0.700257E+01
  0.550000E+01  0.181818E+00  0.124337E+01  0.147214E+02  0.700299E+01
  0.551000E+01  0.181488E+00  0.124315E+01  0.147215E+02  0.700340E+01
  0.552000E+01  0.181159E+00  0.124292E+01  0.147216E+02  0.700380E+01
  0.553000E+01  0.180832E+00  0.124270E+01  0.147216E+02  0.700421E+01
  0.554000E+01  0.180505E+00  0.124247E+01  0.147217E+02  0.700462E+01
  0.555000E+01  0.180180E+00  0.124225E+01  0.147218E+02  0.700502E+01
  0.556000E+01  0.179856E+00  0.124203E+01  0.147218E+02  0.700542E+01
  0.557000E+01  0.179533E+00  0.124181E+01  0.147219E+02  0.700582E+01
  0.558000E+01  0.179211E+00  0.124159E+01  0.147220E+02  0.700622E+01
  0.559000E+01  0.178891E+00  0.124137E+01  0.147221E+02  0.700662E+01
  0.560000E+01  0.178571E+00  0.124115E+01  0.147221E+02  0.700702E+01
  0.561000E+01  0.178253E+00  0.124093E+01  0.147222E+02  0.700741E+01
  0.562000E+01  0.177936E+00  0.124072E+01  0.147223E+02  0.700781E+01
  0.563000E+01  0.177620E+00  0.124050E+01  0.147223E+02  0.700820E+01
  0.564000E+01  0.177305E+00  0.124029E+01  0.147224E+02  0.700859E+01
  0.565000E+01  0.176991E+00  0.124007E+01  0.147225E+02  0.700898E+01
  0.566000E+01  0.176678E+00  0.123986E+01  0.147225E+02  0.700937E+01
  0.567000E+01  0.176367E+00  0.123965E+01  0.147226E+02  0.700975E+01
  0.568000E+01  0.176056E+00  0.123943E+01  0.147227E+02  0.701014E+01
  0.569000E+01  0.175747E+00  0.123922E+01  0.147228E+02  0.701052E+01
  0.570000E+01  0.175439E+00  0.123901E+01  0.147228E+02  0.701090E+01
  0.571000E+01  0.175131E+00  0.123880E+01  0.147229E+02  0.701128E+01
  0.572000E+01  0.174825E+00  0.123860E+01  0.147230E+02  0.701166E+01
  0.573000E+01  0.174520E+00  0.123839E+01  0.147230E+02  0.701204E+01
  0.574000E+01  0.174216E+00  0.123818E+01  0.147231E+02  0.701242E+01
  0.575000E+01  0.173913E+00  0.123797E+01  0.147231E+02  0.701279E+01
  0.576000E+01  0.173611E+00  0.123777E+01  0.147232E+02  0.701317E+01
  0.577000E+01  0.173310E+00  0.123757E+01  0.147233E+02  0.701354E+01
  0.578000E+01  0.173010E+00  0.123736E+01  0.147233E+02  0.701391E+01
  0.579000E+01  0.172712E+00  0.123716E+01  0.147234E+02  0.701428E+01
  0.580000E+01  0.172414E+00  0.123696E+01  0.147235E+02  0.701465E+01
  0.581000E+01  0.172117E+00  0.123676E+01  0.147235E+02  0.701502E+01
  0.582000E+01  0.171821E+00  0.123655E+01  0.147236E+02  0.701538E+01
  0.583000E+01  0.171527E+00  0.123635E+01  0.147237E+02  0.701575E+01
  0.584000E+01  0.171233E+00  0.123616E+01  0.147237E+02  0.701611E+01
  0.585000E+01  0.170940E+00  0.123596E+01  0.147238E+02  0.701647E+01
  0.586000E+01  0.170648E+00  0.123576E+01  0.147238E+02  0.701683E+01
  0.587000E+01  0.170358E+00  0.123556E+01  0.147239E+02  0.701719E+01
  0.588000E+01  0.170068E+00  0.123537E+01  0.147240E+02  0.701755E+01
  0.589000E+01  0.169779E+00  0.123517E+01  0.147240E+02  0.701790E+01
  0.590000E+01  0.169492E+00  0.123498E+01  0.147241E+02  0.701826E+01
  0.591000E+01  0.169205E+00  0.123478E+01  0.147241E+02  0.701861E+01
  0.592000E+01  0.168919E+00  0.123459E+01  0.147242E+02  0.701897E+01
  0.593000E+01  0.168634E+00  0.123440E+01  0.147243E+02  0.701932E+01
  0.594000E+01  0.168350E+00  0.123420E+01  0.147243E+02  0.701967E+01
  0.595000E+01  0.168067E+00  0.123401E+01  0.147244E+02  0.702002E+01
  0.596000E+01  0.167785E+00  0.123382E+01  0.147244E+02  0.702037E+01
  0.597000E+01  0.167504E+00  0.123363E+01  0.147245E+02  0.702071E+01
  0.598000E+01  0.167224E+00  0.123344E+01  0.147246E+02  0.702106E+01
  0.599000E+01  0.166945E+00  0.123326E+01  0.147246E+02  0.702140E+01
  0.600000E+01  0.166667E+00  0.123307E+01  0.147247E+02  0.702175E+01
  0.601000E+01  0.166389E+00  0.123288E+01  0.147247E+02  0.702209E+01
  0.602000E+01  0.166113E+00  0.123269E+01  0.147248E+02  0.702243E+01
  0.603000E+01  0.165837E+00  0.123251E+01  0.147248E+02  0.702277E+01
  0.604000E+01  0.165563E+00  0.123232E+01  0.147249E+02  0.702311E+01
  0.605000E+01  0.165289E+00  0.123214E+01  0.147250E+02  0.702344E+01
  0.606000E+01  0.165017E+00  0.123196E+01  0.147250E+02  0.702378E+01
  0.607000E+01  0.164745E+00  0.123177E+01  0.147251E+02  0.702411E+01
  0.608000E+01  0.164474E+00  0.123159E+01  0.147251E+02  0.702445E+01
  0.609000E+01  0.164204E+00  0.123141E+01  0.147252E+02  0.702478E+01
  0.610000E+01  0.163934E+00  0.123123E+01  0.147252E+02  0.702511E+01
  0.611000E+01  0.163666E+00  0.123105E+01  0.147253E+02  0.702544E+01
  0.612000E+01  0.163399E+00  0.123087E+01  0.147253E+02  0.702577E+01
  0.613000E+01  0.163132E+00  0.123069E+01  0.147254E+02  0.702610E+01
  0.614000E+01  0.162866E+00  0.123051E+01  0.147254E+02  0.702643E+01
  0.615000E+01  0.162602E+00  0.123033E+01  0.147255E+02  0.702675E+01
  0.616000E+01  0.162338E+00  0.123015E+01  0.147256E+02  0.702708E+01
  0.617000E+01  0.162075E+00  0.122998E+01  0.147256E+02  0.702740E+01
  0.618000E+01  0.161812E+00  0.122980E+01  0.147257E+02  0.702772E+01
  0.619000E+01  0.161551E+00  0.122963E+01  0.147257E+02  0.702805E+01
  0.620000E+01  0.161290E+00  0.122945E+01  0.147258E+02  0.702837E+01
  0.621000E+01  0.161031E+00  0.122928E+01  0.147258E+02  0.702868E+01
  0.622000E+01  0.160772E+00  0.122910E+01  0.147259E+02  0.702900E+01
  0.623000E+01  0.160514E+00  0.122893E+01  0.147259E+02  0.702932E+01
  0.624000E+01  0.160256E+00  0.122876E+01  0.147260E+02  0.702964E+01
  0.625000E+01  0.160000E+00  0.122859E+01  0.147260E+02  0.702995E+01
  0.626000E+01  0.159744E+00  0.122842E+01  0.147261E+02  0.703027E+01
  0.627000E+01  0.159490E+00  0.122825E+01  0.147261E+02  0.703058E+01
  0.628000E+01  0.159236E+00  0.122808E+01  0.147262E+02  0.703089E+01
  0.629000E+01  0.158983E+00  0.122791E+01  0.147262E+02  0.703120E+01
  0.630000E+01  0.158730E+00  0.122774E+01  0.147263E+02  0.703151E+01
  0.631000E+01  0.158479E+00  0.122757E+01  0.147263E+02  0.703182E+01
  0.632000E+01  0.158228E+00  0.122740E+01  0.147264E+02  0.703213E+01
  0.633000E+01  0.157978E+00  0.122724E+01  0.147264E+02  0.703243E+01
  0.634000E+01  0.157729E+00  0.122707E+01  0.147265E+02  0.703274E+01
  0.635000E+01  0.157480E+00  0.122690E+01  0.147265E+02  0.703304E+01
  0.636000E+01  0.157233E+00  0.122674E+01  0.147266E+02  0.703335E+01
  0.637000E+01  0.156986E+00  0.122657E+01  0.147266E+02  0.703365E+01
  0.638000E+01  0.156740E+00  0.122641E+01  0.147266E+02  0.703395E+01
  0.639000E+01  0.156495E+00  0.122625E+01  0.147267E+02  0.703425E+01
  0.640000E+01  0.156250E+00  0.122608E+01  0.147267E+02  0.703455E+01
  0.641000E+01  0.156006E+00  0.122592E+01  0.147268E+02  0.703485E+01
  0.642000E+01  0.155763E+00  0.122576E+01  0.147268E+02  0.703515E+01
  0.643000E+01  0.155521E+00  0.122560E+01  0.147269E+02  0.703545E+01
  0.644000E+01  0.155280E+00  0.122544E+01  0.147269E+02  0.703574E+01
  0.645000E+01  0.155039E+00  0.122528E+01  0.147270E+02  0.703604E+01
  0.646000E+01  0.154799E+00  0.122512E+01  0.147270E+02  0.703633E+01
  0.647000E+01  0.154560E+00  0.122496E+01  0.147271E+02  0.703663E+01
  0.648000E+01  0.154321E+00  0.122480E+01  0.147271E+02  0.703692E+01
  0.649000E+01  0.154083E+00  0.122464E+01  0.147272E+02  0.703721E+01
  0.650000E+01  0.153846E+00  0.122448E+01  0.147272E+02  0.703750E+01
  0.651000E+01  0.153610E+00  0.122432E+01  0.147272E+02  0.703779E+01
  0.652000E+01  0.153374E+00  0.122417E+01  0.147273E+02  0.703808E+01
  0.653000E+01  0.153139E+00  0.122401E+01  0.147273E+02  0.703836E+01
  0.654000E+01  0.152905E+00  0.122386E+01  0.147274E+02  0.703865E+01
  0.655000E+01  0.152672E+00  0.122370E+01  0.147274E+02  0.703894E+01
  0.656000E+01  0.152439E+00  0.122355E+01  0.147275E+02  0.703922E+01
  0.657000E+01  0.152207E+00  0.122339E+01  0.147275E+02  0.703951E+01
  0.658000E+01  0.151976E+00  0.122324E+01  0.147275E+02  0.703979E+01
  0.659000E+01  0.151745E+00  0.122309E+01  0.147276E+02  0.704007E+01
  0.660000E+01  0.151515E+00  0.122293E+01  0.147276E+02  0.704035E+01
  0.661000E+01  0.151286E+00  0.122278E+01  0.147277E+02  0.704063E+01
  0.662000E+01  0.151057E+00  0.122263E+01  0.147277E+02  0.704091E+01
  0.663000E+01  0.150830E+00  0.122248E+01  0.147278E+02  0.704119E+01
  0.664000E+01  0.150602E+00  0.122233E+01  0.147278E+02  0.704147E+01
  0.665000E+01  0.150376E+00  0.122218E+01  0.147278E+02  0.704174E+01
  0.666000E+01  0.150150E+00  0.122203E+01  0.147279E+02  0.704202E+01
  0.667000E+01  0.149925E+00  0.122188E+01  0.147279E+02  0.704230E+01
  0.668000E+01  0.149701E+00  0.122173E+01  0.147280E+02  0.704257E+01
  0.669000E+01  0.149477E+00  0.122158E+01  0.147280E+02  0.704284E+01
  0.670000E+01  0.149254E+00  0.122143E+01  0.147280E+02  0.704312E+01
  0.671000E+01  0.149031E+00  0.122129E+01  0.147281E+02  0.704339E+01
  0.672000E+01  0.148810E+00  0.122114E+01  0.147281E+02  0.704366E+01
  0.673000E+01  0.148588E+00  0.122099E+01  0.147282E+02  0.704393E+01
  0.674000E+01  0.148368E+00  0.122085E+01  0.147282E+02  0.704420E+01
  0.675000E+01  0.148148E+00  0.122070E+01  0.147283E+02  0.704447E+01
  0.676000E+01  0.147929E+00  0.122056E+01  0.147283E+02  0.704473E+01
  0.677000E+01  0.147710E+00  0.122041E+01  0.147283E+02  0.704500E+01
  0.678000E+01  0.147493E+00  0.122027E+01  0.147284E+02  0.704527E+01
  0.679000E+01  0.147275E+00  0.122013E+01  0.147284E+02  0.704553E+01
  0.680000E+01  0.147059E+00  0.121998E+01  0.147284E+02  0.704579E+01
  0.681000E+01  0.146843E+00  0.121984E+01  0.147285E+02  0.704606E+01
  0.682000E+01  0.146628E+00  0.121970E+01  0.147285E+02  0.704632E+01
  0.683000E+01  0.146413E+00  0.121956E+01  0.147286E+02  0.704658E+01
  0.684000E+01  0.146199E+00  0.121942E+01  0.147286E+02  0.704684E+01
  0.685000E+01  0.145985E+00  0.121928E+01  0.147286E+02  0.704710E+01
  0.686000E+01  0.145773E+00  0.121914E+01  0.147287E+02  0.704736E+01
  0.687000E+01  0.145560E+00  0.121900E+01  0.147287E+02  0.704762E+01
  0.688000E+01  0.145349E+00  0.121886E+01  0.147288E+02  0.704788E+01
  0.689000E+01  0.145138E+00  0.121872E+01  0.147288E+02  0.704814E+01
  0.690000E+01  0.144928E+00  0.121858E+01  0.147288E+02  0.704839E+01
  0.691000E+01  0.144718E+00  0.121844E+01  0.147289E+02  0.704865E+01
  0.692000E+01  0.144509E+00  0.121830E+01  0.147289E+02  0.704890E+01
  0.693000E+01  0.144300E+00  0.121817E+01  0.147289E+02  0.704916E+01
  0.694000E+01  0.144092E+00  0.121803E+01  0.147290E+02  0.704941E+01
  0.695000E+01  0.143885E+00  0.121789E+01  0.147290E+02  0.704966E+01
  0.696000E+01  0.143678E+00  0.121776E+01  0.147290E+02  0.704992E+01
  0.697000E+01  0.143472E+00  0.121762E+01  0.147291E+02  0.705017E+01
  0.698000E+01  0.143266E+00  0.121749E+01  0.147291E+02  0.705042E+01
  0.699000E+01  0.143062E+00  0.121735E+01  0.147292E+02  0.705067E+01
  0.700000E+01  0.142857E+00  0.121722E+01  0.147292E+02  0.705092E+01
  0.701000E+01  0.142653E+00  0.121708E+01  0.147292E+02  0.705116E+01
  0.702000E+01  0.142450E+00  0.121695E+01  0.147293E+02  0.705141E+01
  0.703000E+01  0.142248E+00  0.121682E+01  0.147293E+02  0.705166E+01
  0.704000E+01  0.142045E+00  0.121668E+01  0.147293E+02  0.705190E+01
  0.705000E+01  0.141844E+00  0.121655E+01  0.147294E+02  0.705215E+01
  0.706000E+01  0.141643E+00  0.121642E+01  0.147294E+02  0.705239E+01
  0.707000E+01  0.141443E+00  0.121629E+01  0.147294E+02  0.705264E+01
  0.708000E+01  0.141243E+00  0.121616E+01  0.147295E+02  0.705288E+01
  0.709000E+01  0.141044E+00  0.121603E+01  0.147295E+02  0.705312E+01
  0.710000E+01  0.140845E+00  0.121590E+01  0.147295E+02  0.705336E+01
  0.711000E+01  0.140647E+00  0.121577E+01  0.147296E+02  0.705360E+01
  0.712000E+01  0.140449E+00  0.121564E+01  0.147296E+02  0.705384E+01
  0.713000E+01  0.140252E+00  0.121551E+01  0.147296E+02  0.705408E+01
  0.714000E+01  0.140056E+00  0.121538E+01  0.147297E+02  0.705432E+01
  0.715000E+01  0.139860E+00  0.121525E+01  0.147297E+02  0.705456E+01
  0.716000E+01  0.139665E+00  0.121512E+01  0.147297E+02  0.705480E+01
  0.717000E+01  0.139470E+00  0.121500E+01  0.147298E+02  0.705503E+01
  0.718000E+01  0.139276E+00  0.121487E+01  0.147298E+02  0.705527E+01
  0.719000E+01  0.139082E+00  0.121474E+01  0.147298E+02  0.705551E+01
  0.720000E+01  0.138889E+00  0.121461E+01  0.147299E+02  0.705574E+01
  0.721000E+01  0.138696E+00  0.121449E+01  0.147299E+02  0.705597E+01
  0.722000E+01  0.138504E+00  0.121436E+01  0.147299E+02  0.705621E+01
  0.723000E+01  0.138313E+00  0.121424E+01  0.147300E+02  0.705644E+01
  0.724000E+01  0.138122E+00  0.121411E+01  0.147300E+02  0.705667E+01
  0.725000E+01  0.137931E+00  0.121399E+01  0.147300E+02  0.705690E+01
  0.726000E+01  0.137741E+00  0.121386E+01  0.147301E+02  0.705713E+01
  0.727000E+01  0.137552E+00  0.121374E+01  0.147301E+02  0.705736E+01
  0.728000E+01  0.137363E+00  0.121362E+01  0.147301E+02  0.705759E+01
  0.729000E+01  0.137174E+00  0.121349E+01  0.147302E+02  0.705782E+01
  0.730000E+01  0.136986E+00  0.121337E+01  0.147302E+02  0.705805E+01
  0.731000E+01  0.136799E+00  0.121325E+01  0.147302E+02  0.705828E+01
  0.732000E+01  0.136612E+00  0.121313E+01  0.147302E+02  0.705850E+01
  0.733000E+01  0.136426E+00  0.121301E+01  0.147303E+02  0.705873E+01
  0.734000E+01  0.136240E+00  0.121288E+01  0.147303E+02  0.705896E+01
  0.735000E+01  0.136054E+00  0.121276E+01  0.147303E+02  0.705918E+01
  0.736000E+01  0.135870E+00  0.121264E+01  0.147304E+02  0.705940E+01
  0.737000E+01  0.135685E+00  0.121252E+01  0.147304E+02  0.705963E+01
  0.738000E+01  0.135501E+00  0.121240E+01  0.147304E+02  0.705985E+01
  0.739000E+01  0.135318E+00  0.121228E+01  0.147305E+02  0.706007E+01
  0.740000E+01  0.135135E+00  0.121216E+01  0.147305E+02  0.706029E+01
  0.741000E+01  0.134953E+00  0.121204E+01  0.147305E+02  0.706052E+01
  0.742000E+01  0.134771E+00  0.121193E+01  0.147306E+02  0.706074E+01
  0.743000E+01  0.134590E+00  0.121181E+01  0.147306E+02  0.706096E+01
  0.744000E+01  0.134409E+00  0.121169E+01  0.147306E+02  0.706118E+01
  0.745000E+01  0.134228E+00  0.121157E+01  0.147306E+02  0.706139E+01
  0.746000E+01  0.134048E+00  0.121146E+01  0.147307E+02  0.706161E+01
  0.747000E+01  0.133869E+00  0.121134E+01  0.147307E+02  0.706183E+01
  0.748000E+01  0.133690E+00  0.121122E+01  0.147307E+02  0.706205E+01
  0.749000E+01  0.133511E+00  0.121111E+01  0.147308E+02  0.706226E+01
  0.750000E+01  0.133333E+00  0.121099E+01  0.147308E+02  0.706248E+01
  0.751000E+01  0.133156E+00  0.121088E+01  0.147308E+02  0.706269E+01
  0.752000E+01  0.132979E+00  0.121076E+01  0.147308E+02  0.706291E+01
  0.753000E+01  0.132802E+00  0.121065E+01  0.147309E+02  0.706312E+01
  0.754000E+01  0.132626E+00  0.121053E+01  0.147309E+02  0.706333E+01
  0.755000E+01  0.132450E+00  0.121042E+01  0.147309E+02  0.706355E+01
  0.756000E+01  0.132275E+00  0.121030E+01  0.147310E+02  0.706376E+01
  0.757000E+01  0.132100E+00  0.121019E+01  0.147310E+02  0.706397E+01
  0.758000E+01  0.131926E+00  0.121008E+01  0.147310E+02  0.706418E+01
  0.759000E+01  0.131752E+00  0.120996E+01  0.147310E+02  0.706439E+01
  0.760000E+01  0.131579E+00  0.120985E+01  0.147311E+02  0.706460E+01
  0.761000E+01  0.131406E+00  0.120974E+01  0.147311E+02  0.706481E+01
  0.762000E+01  0.131234E+00  0.120963E+01  0.147311E+02  0.706502E+01
  0.763000E+01  0.131062E+00  0.120951E+01  0.147311E+02  0.706523E+01
  0.764000E+01  0.130890E+00  0.120940E+01  0.147312E+02  0.706543E+01
  0.765000E+01  0.130719E+00  0.120929E+01  0.147312E+02  0.706564E+01
  0.766000E+01  0.130548E+00  0.120918E+01  0.147312E+02  0.706585E+01
  0.767000E+01  0.130378E+00  0.120907E+01  0.147313E+02  0.706605E+01
  0.768000E+01  0.130208E+00  0.120896E+01  0.147313E+02  0.706626E+01
  0.769000E+01  0.130039E+00  0.120885E+01  0.147313E+02  0.706646E+01
  0.770000E+01  0.129870E+00  0.120874E+01  0.147313E+02  0.706667E+01
  0.771000E+01  0.129702E+00  0.120863E+01  0.147314E+02  0.706687E+01
  0.772000E+01  0.129534E+00  0.120852E+01  0.147314E+02  0.706707E+01
  0.773000E+01  0.129366E+00  0.120842E+01  0.147314E+02  0.706728E+01
  0.774000E+01  0.129199E+00  0.120831E+01  0.147314E+02  0.706748E+01
  0.775000E+01  0.129032E+00  0.120820E+01  0.147315E+02  0.706768E+01
  0.776000E+01  0.128866E+00  0.120809E+01  0.147315E+02  0.706788E+01
  0.777000E+01  0.128700E+00  0.120798E+01  0.147315E+02  0.706808E+01
  0.778000E+01  0.128535E+00  0.120788E+01  0.147315E+02  0.706828E+01
  0.779000E+01  0.128370E+00  0.120777E+01  0.147316E+02  0.706848E+01
  0.780000E+01  0.128205E+00  0.120766E+01  0.147316E+02  0.706868E+01
  0.781000E+01  0.128041E+00  0.120756E+01  0.147316E+02  0.706888E+01
  0.782000E+01  0.127877E+00  0.120745E+01  0.147316E+02  0.706908E+01
  0.783000E+01  0.127714E+00  0.120735E+01  0.147317E+02  0.706927E+01
  0.784000E+01  0.127551E+00  0.120724E+01  0.147317E+02  0.706947E+01
  0.785000E+01  0.127389E+00  0.120714E+01  0.147317E+02  0.706967E+01
  0.786000E+01  0.127226E+00  0.120703E+01  0.147317E+02  0.706986E+01
  0.787000E+01  0.127065E+00  0.120693E+01  0.147318E+02  0.707006E+01
  0.788000E+01  0.126904E+00  0.120682E+01  0.147318E+02  0.707025E+01
  0.789000E+01  0.126743E+00  0.120672E+01  0.147318E+02  0.707045E+01
  0.790000E+01  0.126582E+00  0.120662E+01  0.147318E+02  0.707064E+01
  0.791000E+01  0.126422E+00  0.120651E+01  0.147319E+02  0.707083E+01
  0.792000E+01  0.126263E+00  0.120641E+01  0.147319E+02  0.707102E+01
  0.793000E+01  0.126103E+00  0.120631E+01  0.147319E+02  0.707122E+01
  0.794000E+01  0.125945E+00  0.120620E+01  0.147319E+02  0.707141E+01
  0.795000E+01  0.125786E+00  0.120610E+01  0.147320E+02  0.707160E+01
  0.796000E+01  0.125628E+00  0.120600E+01  0.147320E+02  0.707179E+01
  0.797000E+01  0.125471E+00  0.120590E+01  0.147320E+02  0.707198E+01
  0.798000E+01  0.125313E+00  0.120580E+01  0.147320E+02  0.707217E+01
  0.799000E+01  0.125156E+00  0.120570E+01  0.147321E+02  0.707236E+01
  0.800000E+01  0.125000E+00  0.120559E+01  0.147321E+02  0.707255E+01
  0.801000E+01  0.124844E+00  0.120549E+01  0.147321E+02  0.707274E+01
  0.802000E+01  0.124688E+00  0.120539E+01  0.147321E+02  0.707292E+01
  0.803000E+01  0.124533E+00  0.120529E+01  0.147322E+02  0.707311E+01
  0.804000E+01  0.124378E+00  0.120519E+01  0.147322E+02  0.707330E+01
  0.805000E+01  0.124224E+00  0.120509E+01  0.147322E+02  0.707348E+01
  0.806000E+01  0.124069E+00  0.120500E+01  0.147322E+02  0.707367E+01
  0.807000E+01  0.123916E+00  0.120490E+01  0.147322E+02  0.707385E+01
  0.808000E+01  0.123762E+00  0.120480E+01  0.147323E+02  0.707404E+01
  0.809000E+01  0.123609E+00  0.120470E+01  0.147323E+02  0.707422E+01
  0.810000E+01  0.123457E+00  0.120460E+01  0.147323E+02  0.707441E+01
  0.811000E+01  0.123305E+00  0.120450E+01  0.147323E+02  0.707459E+01
  0.812000E+01  0.123153E+00  0.120440E+01  0.147324E+02  0.707477E+01
  0.813000E+01  0.123001E+00  0.120431E+01  0.147324E+02  0.707496E+01
  0.814000E+01  0.122850E+00  0.120421E+01  0.147324E+02  0.707514E+01
  0.815000E+01  0.122699E+00  0.120411E+01  0.147324E+02  0.707532E+01
  0.816000E+01  0.122549E+00  0.120402E+01  0.147325E+02  0.707550E+01
  0.817000E+01  0.122399E+00  0.120392E+01  0.147325E+02  0.707568E+01
  0.818000E+01  0.122249E+00  0.120382E+01  0.147325E+02  0.707586E+01
  0.819000E+01  0.122100E+00  0.120373E+01  0.147325E+02  0.707604E+01
  0.820000E+01  0.121951E+00  0.120363E+01  0.147325E+02  0.707622E+01
  0.821000E+01  0.121803E+00  0.120354E+01  0.147326E+02  0.707640E+01
  0.822000E+01  0.121655E+00  0.120344E+01  0.147326E+02  0.707658E+01
  0.823000E+01  0.121507E+00  0.120335E+01  0.147326E+02  0.707675E+01
  0.824000E+01  0.121359E+00  0.120325E+01  0.147326E+02  0.707693E+01
  0.825000E+01  0.121212E+00  0.120316E+01  0.147326E+02  0.707711E+01
  0.826000E+01  0.121065E+00  0.120306E+01  0.147327E+02  0.707729E+01
  0.827000E+01  0.120919E+00  0.120297E+01  0.147327E+02  0.707746E+01
  0.828000E+01  0.120773E+00  0.120288E+01  0.147327E+02  0.707764E+01
  0.829000E+01  0.120627E+00  0.120278E+01  0.147327E+02  0.707781E+01
  0.830000E+01  0.120482E+00  0.120269E+01  0.147328E+02  0.707799E+01
  0.831000E+01  0.120337E+00  0.120260E+01  0.147328E+02  0.707816E+01
  0.832000E+01  0.120192E+00  0.120250E+01  0.147328E+02  0.707834E+01
  0.833000E+01  0.120048E+00  0.120241E+01  0.147328E+02  0.707851E+01
  0.834000E+01  0.119904E+00  0.120232E+01  0.147328E+02  0.707868E+01
  0.835000E+01  0.119760E+00  0.120223E+01  0.147329E+02  0.707885E+01
  0.836000E+01  0.119617E+00  0.120213E+01  0.147329E+02  0.707903E+01
  0.837000E+01  0.119474E+00  0.120204E+01  0.147329E+02  0.707920E+01
  0.838000E+01  0.119332E+00  0.120195E+01  0.147329E+02  0.707937E+01
  0.839000E+01  0.119190E+00  0.120186E+01  0.147329E+02  0.707954E+01
  0.840000E+01  0.119048E+00  0.120177E+01  0.147330E+02  0.707971E+01
  0.841000E+01  0.118906E+00  0.120168E+01  0.147330E+02  0.707988E+01
  0.842000E+01  0.118765E+00  0.120159E+01  0.147330E+02  0.708005E+01
  0.843000E+01  0.118624E+00  0.120150E+01  0.147330E+02  0.708022E+01
  0.844000E+01  0.118483E+00  0.120141E+01  0.147330E+02  0.708039E+01
  0.845000E+01  0.118343E+00  0.120132E+01  0.147331E+02  0.708056E+01
  0.846000E+01  0.118203E+00  0.120123E+01  0.147331E+02  0.708073E+01
  0.847000E+01  0.118064E+00  0.120114E+01  0.147331E+02  0.708089E+01
  0.848000E+01  0.117925E+00  0.120105E+01  0.147331E+02  0.708106E+01
  0.849000E+01  0.117786E+00  0.120096E+01  0.147331E+02  0.708123E+01
  0.850000E+01  0.117647E+00  0.120087E+01  0.147332E+02  0.708139E+01
  0.851000E+01  0.117509E+00  0.120078E+01  0.147332E+02  0.708156E+01
  0.852000E+01  0.117371E+00  0.120070E+01  0.147332E+02  0.708173E+01
  0.853000E+01  0.117233E+00  0.120061E+01  0.147332E+02  0.708189E+01
  0.854000E+01  0.117096E+00  0.120052E+01  0.147332E+02  0.708206E+01
  0.855000E+01  0.116959E+00  0.120043E+01  0.147333E+02  0.708222E+01
  0.856000E+01  0.116822E+00  0.120035E+01  0.147333E+02  0.708238E+01
  0.857000E+01  0.116686E+00  0.120026E+01  0.147333E+02  0.708255E+01
  0.858000E+01  0.116550E+00  0.120017E+01  0.147333E+02  0.708271E+01
  0.859000E+01  0.116414E+00  0.120009E+01  0.147333E+02  0.708287E+01
  0.860000E+01  0.116279E+00  0.120000E+01  0.147334E+02  0.708304E+01
  0.861000E+01  0.116144E+00  0.119991E+01  0.147334E+02  0.708320E+01
  0.862000E+01  0.116009E+00  0.119983E+01  0.147334E+02  0.708336E+01
  0.863000E+01  0.115875E+00  0.119974E+01  0.147334E+02  0.708352E+01
  0.864000E+01  0.115741E+00  0.119965E+01  0.147334E+02  0.708368E+01
  0.865000E+01  0.115607E+00  0.119957E+01  0.147334E+02  0.708384E+01
  0.866000E+01  0.115473E+00  0.119948E+01  0.147335E+02  0.708400E+01
  0.867000E+01  0.115340E+00  0.119940E+01  0.147335E+02  0.708416E+01
  0.868000E+01  0.115207E+00  0.119931E+01  0.147335E+02  0.708432E+01
  0.869000E+01  0.115075E+00  0.119923E+01  0.147335E+02  0.708448E+01
  0.870000E+01  0.114943E+00  0.119915E+01  0.147335E+02  0.708464E+01
  0.871000E+01  0.114811E+00  0.119906E+01  0.147336E+02  0.708480E+01
  0.872000E+01  0.114679E+00  0.119898E+01  0.147336E+02  0.708496E+01
  0.873000E+01  0.114548E+00  0.119889E+01  0.147336E+02  0.708511E+01
  0.874000E+01  0.114416E+00  0.119881E+01  0.147336E+02  0.708527E+01
  0.875000E+01  0.114286E+00  0.119873E+01  0.147336E+02  0.708543E+01
  0.876000E+01  0.114155E+00  0.119864E+01  0.147336E+02  0.708558E+01
  0.877000E+01  0.114025E+00  0.119856E+01  0.147337E+02  0.708574E+01
  0.878000E+01  0.113895E+00  0.119848E+01  0.147337E+02  0.708590E+01
  0.879000E+01  0.113766E+00  0.119840E+01  0.147337E+02  0.708605E+01
  0.880000E+01  0.113636E+00  0.119831E+01  0.147337E+02  0.708621E+01
  0.881000E+01  0.113507E+00  0.119823E+01  0.147337E+02  0.708636E+01
  0.882000E+01  0.113379E+00  0.119815E+01  0.147338E+02  0.708651E+01
  0.883000E+01  0.113250E+00  0.119807E+01  0.147338E+02  0.708667E+01
  0.884000E+01  0.113122E+00  0.119799E+01  0.147338E+02  0.708682E+01
  0.885000E+01  0.112994E+00  0.119790E+01  0.147338E+02  0.708697E+01
  0.886000E+01  0.112867E+00  0.119782E+01  0.147338E+02  0.708713E+01
  0.887000E+01  0.112740E+00  0.119774E+01  0.147338E+02  0.708728E+01
  0.888000E+01  0.112613E+00  0.119766E+01  0.147339E+02  0.708743E+01
  0.889000E+01  0.112486E+00  0.119758E+01  0.147339E+02  0.708758E+01
  0.890000E+01  0.112360E+00  0.119750E+01  0.147339E+02  0.708774E+01
  0.891000E+01  0.112233E+00  0.119742E+01  0.147339E+02  0.708789E+01
  0.892000E+01  0.112108E+00  0.119734E+01  0.147339E+02  0.708804E+01
  0.893000E+01  0.111982E+00  0.119726E+01  0.147339E+02  0.708819E+01
  0.894000E+01  0.111857E+00  0.119718E+01  0.147340E+02  0.708834E+01
  0.895000E+01  0.111732E+00  0.119710E+01  0.147340E+02  0.708849E+01
  0.896000E+01  0.111607E+00  0.119702E+01  0.147340E+02  0.708864E+01
  0.897000E+01  0.111483E+00  0.119694E+01  0.147340E+02  0.708878E+01
  0.898000E+01  0.111359E+00  0.119686E+01  0.147340E+02  0.708893E+01
  0.899000E+01  0.111235E+00  0.119679E+01  0.147340E+02  0.708908E+01
  0.900000E+01  0.111111E+00  0.119671E+01  0.147341E+02  0.708923E+01
  0.901000E+01  0.110988E+00  0.119663E+01  0.147341E+02  0.708938E+01
  0.902000E+01  0.110865E+00  0.119655E+01  0.147341E+02  0.708952E+01
  0.903000E+01  0.110742E+00  0.119647E+01  0.147341E+02  0.708967E+01
  0.904000E+01  0.110619E+00  0.119639E+01  0.147341E+02  0.708982E+01
  0.905000E+01  0.110497E+00  0.119632E+01  0.147341E+02  0.708996E+01
  0.906000E+01  0.110375E+00  0.119624E+01  0.147342E+02  0.709011E+01
  0.907000E+01  0.110254E+00  0.119616E+01  0.147342E+02  0.709026E+01
  0.908000E+01  0.110132E+00  0.119609E+01  0.147342E+02  0.709040E+01
  0.909000E+01  0.110011E+00  0.119601E+01  0.147342E+02  0.709055E+01
  0.910000E+01  0.109890E+00  0.119593E+01  0.147342E+02  0.709069E+01
  0.911000E+01  0.109769E+00  0.119586E+01  0.147342E+02  0.709083E+01
  0.912000E+01  0.109649E+00  0.119578E+01  0.147342E+02  0.709098E+01
  0.913000E+01  0.109529E+00  0.119570E+01  0.147343E+02  0.709112E+01
  0.914000E+01  0.109409E+00  0.119563E+01  0.147343E+02  0.709127E+01
  0.915000E+01  0.109290E+00  0.119555E+01  0.147343E+02  0.709141E+01
  0.916000E+01  0.109170E+00  0.119548E+01  0.147343E+02  0.709155E+01
  0.917000E+01  0.109051E+00  0.119540E+01  0.147343E+02  0.709169E+01
  0.918000E+01  0.108932E+00  0.119532E+01  0.147343E+02  0.709184E+01
  0.919000E+01  0.108814E+00  0.119525E+01  0.147344E+02  0.709198E+01
  0.920000E+01  0.108696E+00  0.119517E+01  0.147344E+02  0.709212E+01
  0.921000E+01  0.108578E+00  0.119510E+01  0.147344E+02  0.709226E+01
  0.922000E+01  0.108460E+00  0.119503E+01  0.147344E+02  0.709240E+01
  0.923000E+01  0.108342E+00  0.119495E+01  0.147344E+02  0.709254E+01
  0.924000E+01  0.108225E+00  0.119488E+01  0.147344E+02  0.709268E+01
  0.925000E+01  0.108108E+00  0.119480E+01  0.147344E+02  0.709282E+01
  0.926000E+01  0.107991E+00  0.119473E+01  0.147345E+02  0.709296E+01
  0.927000E+01  0.107875E+00  0.119465E+01  0.147345E+02  0.709310E+01
  0.928000E+01  0.107759E+00  0.119458E+01  0.147345E+02  0.709324E+01
  0.929000E+01  0.107643E+00  0.119451E+01  0.147345E+02  0.709338E+01
  0.930000E+01  0.107527E+00  0.119443E+01  0.147345E+02  0.709351E+01
  0.931000E+01  0.107411E+00  0.119436E+01  0.147345E+02  0.709365E+01
  0.932000E+01  0.107296E+00  0.119429E+01  0.147346E+02  0.709379E+01
  0.933000E+01  0.107181E+00  0.119422E+01  0.147346E+02  0.709393E+01
  0.934000E+01  0.107066E+00  0.119414E+01  0.147346E+02  0.709406E+01
  0.935000E+01  0.106952E+00  0.119407E+01  0.147346E+02  0.709420E+01
  0.936000E+01  0.106838E+00  0.119400E+01  0.147346E+02  0.709434E+01
  0.937000E+01  0.106724E+00  0.119393E+01  0.147346E+02  0.709447E+01
  0.938000E+01  0.106610E+00  0.119385E+01  0.147346E+02  0.709461E+01
  0.939000E+01  0.106496E+00  0.119378E+01  0.147347E+02  0.709475E+01
  0.940000E+01  0.106383E+00  0.119371E+01  0.147347E+02  0.709488E+01
  0.941000E+01  0.106270E+00  0.119364E+01  0.147347E+02  0.709502E+01
  0.942000E+01  0.106157E+00  0.119357E+01  0.147347E+02  0.709515E+01
  0.943000E+01  0.106045E+00  0.119350E+01  0.147347E+02  0.709528E+01
  0.944000E+01  0.105932E+00  0.119343E+01  0.147347E+02  0.709542E+01
  0.945000E+01  0.105820E+00  0.119336E+01  0.147347E+02  0.709555E+01
  0.946000E+01  0.105708E+00  0.119328E+01  0.147348E+02  0.709569E+01
  0.947000E+01  0.105597E+00  0.119321E+01  0.147348E+02  0.709582E+01
  0.948000E+01  0.105485E+00  0.119314E+01  0.147348E+02  0.709595E+01
  0.949000E+01  0.105374E+00  0.119307E+01  0.147348E+02  0.709608E+01
  0.950000E+01  0.105263E+00  0.119300E+01  0.147348E+02  0.709622E+01
  0.951000E+01  0.105152E+00  0.119293E+01  0.147348E+02  0.709635E+01
  0.952000E+01  0.105042E+00  0.119286E+01  0.147348E+02  0.709648E+01
  0.953000E+01  0.104932E+00  0.119279E+01  0.147349E+02  0.709661E+01
  0.954000E+01  0.104822E+00  0.119272E+01  0.147349E+02  0.709674E+01
  0.955000E+01  0.104712E+00  0.119266E+01  0.147349E+02  0.709687E+01
  0.956000E+01  0.104603E+00  0.119259E+01  0.147349E+02  0.709701E+01
  0.957000E+01  0.104493E+00  0.119252E+01  0.147349E+02  0.709714E+01
  0.958000E+01  0.104384E+00  0.119245E+01  0.147349E+02  0.709727E+01
  0.959000E+01  0.104275E+00  0.119238E+01  0.147349E+02  0.709740E+01
  0.960000E+01  0.104167E+00  0.119231E+01  0.147349E+02  0.709752E+01
  0.961000E+01  0.104058E+00  0.119224E+01  0.147350E+02  0.709765E+01
  0.962000E+01  0.103950E+00  0.119218E+01  0.147350E+02  0.709778E+01
  0.963000E+01  0.103842E+00  0.119211E+01  0.147350E+02  0.709791E+01
  0.964000E+01  0.103734E+00  0.119204E+01  0.147350E+02  0.709804E+01
  0.965000E+01  0.103627E+00  0.119197E+01  0.147350E+02  0.709817E+01
  0.966000E+01  0.103520E+00  0.119190E+01  0.147350E+02  0.709830E+01
  0.967000E+01  0.103413E+00  0.119184E+01  0.147350E+02  0.709842E+01
  0.968000E+01  0.103306E+00  0.119177E+01  0.147351E+02  0.709855E+01
  0.969000E+01  0.103199E+00  0.119170E+01  0.147351E+02  0.709868E+01
  0.970000E+01  0.103093E+00  0.119163E+01  0.147351E+02  0.709880E+01
  0.971000E+01  0.102987E+00  0.119157E+01  0.147351E+02  0.709893E+01
  0.972000E+01  0.102881E+00  0.119150E+01  0.147351E+02  0.709906E+01
  0.973000E+01  0.102775E+00  0.119143E+01  0.147351E+02  0.709918E+01
  0.974000E+01  0.102669E+00  0.119137E+01  0.147351E+02  0.709931E+01
  0.975000E+01  0.102564E+00  0.119130E+01  0.147351E+02  0.709943E+01
  0.976000E+01  0.102459E+00  0.119124E+01  0.147352E+02  0.709956E+01
  0.977000E+01  0.102354E+00  0.119117E+01  0.147352E+02  0.709968E+01
  0.978000E+01  0.102249E+00  0.119110E+01  0.147352E+02  0.709981E+01
  0.979000E+01  0.102145E+00  0.119104E+01  0.147352E+02  0.709993E+01
  0.980000E+01  0.102041E+00  0.119097E+01  0.147352E+02  0.710006E+01
  0.981000E+01  0.101937E+00  0.119091E+01  0.147352E+02  0.710018E+01
  0.982000E+01  0.101833E+00  0.119084E+01  0.147352E+02  0.710031E+01
  0.983000E+01  0.101729E+00  0.119078E+01  0.147352E+02  0.710043E+01
  0.984000E+01  0.101626E+00  0.119071E+01  0.147353E+02  0.710055E+01
  0.985000E+01  0.101523E+00  0.119065E+01  0.147353E+02  0.710067E+01
  0.986000E+01  0.101420E+00  0.119058E+01  0.147353E+02  0.710080E+01
  0.987000E+01  0.101317E+00  0.119052E+01  0.147353E+02  0.710092E+01
  0.988000E+01  0.101215E+00  0.119045E+01  0.147353E+02  0.710104E+01
  0.989000E+01  0.101112E+00  0.119039E+01  0.147353E+02  0.710116E+01
  0.990000E+01  0.101010E+00  0.119032E+01  0.147353E+02  0.710129E+01
  0.991000E+01  0.100908E+00  0.119026E+01  0.147353E+02  0.710141E+01
  0.992000E+01  0.100806E+00  0.119020E+01  0.147354E+02  0.710153E+01
  0.993000E+01  0.100705E+00  0.119013E+01  0.147354E+02  0.710165E+01
  0.994000E+01  0.100604E+00  0.119007E+01  0.147354E+02  0.710177E+01
  0.995000E+01  0.100503E+00  0.119001E+01  0.147354E+02  0.710189E+01
  0.996000E+01  0.100402E+00  0.118994E+01  0.147354E+02  0.710201E+01
  0.997000E+01  0.100301E+00  0.118988E+01  0.147354E+02  0.710213E+01
  0.998000E+01  0.100200E+00  0.118982E+01  0.147354E+02  0.710225E+01
  0.999000E+01  0.100100E+00  0.118975E+01  0.147354E+02  0.710237E+01
  0.100000E+02  0.100000E+00  0.118969E+01  0.147355E+02  0.710249E+01
