  0.100000E-01  0.100000E+03  0.175491E-04  0.254394E+01  0.465625E-03
  0.200000E-01  0.500000E+02  0.135923E-03  0.273241E+01  0.328023E-02
  0.300000E-01  0.333333E+02  0.297746E-03  0.287127E+01  0.670167E-02
  0.400000E-01  0.250000E+02  0.449289E-03  0.295987E+01  0.976946E-02
  0.500000E-01  0.200000E+02  0.575343E-03  0.301697E+01  0.123186E-01
  0.600000E-01  0.166667E+02  0.676725E-03  0.305506E+01  0.144014E-01
  0.700000E-01  0.142857E+02  0.758039E-03  0.308143E+01  0.161080E-01
  0.800000E-01  0.125000E+02  0.823810E-03  0.310032E+01  0.175197E-01
  0.900000E-01  0.111111E+02  0.877661E-03  0.311426E+01  0.187010E-01
  0.100000E+00  0.100000E+02  0.922325E-03  0.312481E+01  0.197009E-01
  0.110000E+00  0.909091E+01  0.959832E-03  0.313297E+01  0.205564E-01
  0.120000E+00  0.833333E+01  0.991692E-03  0.313941E+01  0.212956E-01
  0.130000E+00  0.769231E+01  0.101904E-02  0.314457E+01  0.219400E-01
  0.140000E+00  0.714286E+01  0.104274E-02  0.314877E+01  0.225064E-01
  0.150000E+00  0.666667E+01  0.106345E-02  0.315223E+01  0.230079E-01
  0.160000E+00  0.625000E+01  0.108169E-02  0.315512E+01  0.234548E-01
  0.170000E+00  0.588235E+01  0.109787E-02  0.315755E+01  0.238554E-01
  0.180000E+00  0.555556E+01  0.111230E-02  0.315962E+01  0.242166E-01
  0.190000E+00  0.526316E+01  0.112526E-02  0.316138E+01  0.245437E-01
  0.200000E+00  0.500000E+01  0.113695E-02  0.316291E+01  0.248414E-01
  0.210000E+00  0.476190E+01  0.114754E-02  0.316424E+01  0.251133E-01
  0.220000E+00  0.454545E+01  0.115719E-02  0.316540E+01  0.253627E-01
  0.230000E+00  0.434783E+01  0.116601E-02  0.316642E+01  0.255923E-01
  0.240000E+00  0.416667E+01  0.117410E-02  0.316732E+01  0.258043E-01
  0.250000E+00  0.400000E+01  0.118155E-02  0.316813E+01  0.260006E-01
  0.260000E+00  0.384615E+01  0.118843E-02  0.316884E+01  0.261829E-01
  0.270000E+00  0.370370E+01  0.119480E-02  0.316948E+01  0.263526E-01
  0.280000E+00  0.357143E+01  0.120071E-02  0.317006E+01  0.265111E-01
  0.290000E+00  0.344828E+01  0.120622E-02  0.317058E+01  0.266593E-01
  0.300000E+00  0.333333E+01  0.121137E-02  0.317105E+01  0.267982E-01
  0.310000E+00  0.322581E+01  0.121618E-02  0.317148E+01  0.269287E-01
  0.320000E+00  0.312500E+01  0.122069E-02  0.317187E+01  0.270516E-01
  0.330000E+00  0.303030E+01  0.122492E-02  0.317222E+01  0.271674E-01
  0.340000E+00  0.294118E+01  0.122891E-02  0.317255E+01  0.272767E-01
  0.350000E+00  0.285714E+01  0.123267E-02  0.317285E+01  0.273801E-01
  0.360000E+00  0.277778E+01  0.123621E-02  0.317313E+01  0.274781E-01
  0.370000E+00  0.270270E+01  0.123957E-02  0.317338E+01  0.275710E-01
  0.380000E+00  0.263158E+01  0.124275E-02  0.317362E+01  0.276593E-01
  0.390000E+00  0.256410E+01  0.124577E-02  0.317383E+01  0.277433E-01
  0.400000E+00  0.250000E+01  0.124864E-02  0.317404E+01  0.278232E-01
  0.410000E+00  0.243902E+01  0.125137E-02  0.317422E+01  0.278994E-01
  0.420000E+00  0.238095E+01  0.125398E-02  0.317440E+01  0.279722E-01
  0.430000E+00  0.232558E+01  0.125649E-02  0.317456E+01  0.280417E-01
  0.440000E+00  0.227273E+01  0.125891E-02  0.317472E+01  0.281082E-01
  0.450000E+00  0.222222E+01  0.126126E-02  0.317486E+01  0.281718E-01
  0.460000E+00  0.217391E+01  0.126359E-02  0.317499E+01  0.282328E-01
  0.470000E+00  0.212766E+01  0.126592E-02  0.317512E+01  0.282913E-01
  0.480000E+00  0.208333E+01  0.126833E-02  0.317524E+01  0.283475E-01
  0.490000E+00  0.204082E+01  0.127090E-02  0.317535E+01  0.284014E-01
  0.500000E+00  0.200000E+01  0.127374E-02  0.317545E+01  0.284534E-01
  0.510000E+00  0.196078E+01  0.127701E-02  0.317555E+01  0.285034E-01
  0.520000E+00  0.192308E+01  0.128091E-02  0.317565E+01  0.285516E-01
  0.530000E+00  0.188679E+01  0.128575E-02  0.317573E+01  0.285982E-01
  0.540000E+00  0.185185E+01  0.129190E-02  0.317582E+01  0.286432E-01
  0.550000E+00  0.181818E+01  0.129984E-02  0.317590E+01  0.286868E-01
  0.560000E+00  0.178571E+01  0.131023E-02  0.317598E+01  0.287292E-01
  0.570000E+00  0.175439E+01  0.132387E-02  0.317605E+01  0.287704E-01
  0.580000E+00  0.172414E+01  0.134179E-02  0.317612E+01  0.288107E-01
  0.590000E+00  0.169492E+01  0.136530E-02  0.317619E+01  0.288503E-01
  0.600000E+00  0.166667E+01  0.139600E-02  0.317625E+01  0.288892E-01
  0.610000E+00  0.163934E+01  0.143586E-02  0.317632E+01  0.289279E-01
  0.620000E+00  0.161290E+01  0.148728E-02  0.317638E+01  0.289665E-01
  0.630000E+00  0.158730E+01  0.155318E-02  0.317644E+01  0.290054E-01
  0.640000E+00  0.156250E+01  0.163703E-02  0.317650E+01  0.290449E-01
  0.650000E+00  0.153846E+01  0.174300E-02  0.317657E+01  0.290855E-01
  0.660000E+00  0.151515E+01  0.187598E-02  0.317663E+01  0.291276E-01
  0.670000E+00  0.149254E+01  0.204175E-02  0.317670E+01  0.291718E-01
  0.680000E+00  0.147059E+01  0.224702E-02  0.317677E+01  0.292188E-01
  0.690000E+00  0.144928E+01  0.249958E-02  0.317684E+01  0.292693E-01
  0.700000E+00  0.142857E+01  0.280843E-02  0.317692E+01  0.293241E-01
  0.710000E+00  0.140845E+01  0.318386E-02  0.317700E+01  0.293842E-01
  0.720000E+00  0.138889E+01  0.363764E-02  0.317710E+01  0.294508E-01
  0.730000E+00  0.136986E+01  0.418307E-02  0.317720E+01  0.295250E-01
  0.740000E+00  0.135135E+01  0.483523E-02  0.317731E+01  0.296083E-01
  0.750000E+00  0.133333E+01  0.561102E-02  0.317744E+01  0.297022E-01
  0.760000E+00  0.131579E+01  0.652938E-02  0.317758E+01  0.298084E-01
  0.770000E+00  0.129870E+01  0.761139E-02  0.317774E+01  0.299289E-01
  0.780000E+00  0.128205E+01  0.888048E-02  0.317791E+01  0.300659E-01
  0.790000E+00  0.126582E+01  0.103625E-01  0.317811E+01  0.302217E-01
  0.800000E+00  0.125000E+01  0.120860E-01  0.317833E+01  0.303989E-01
  0.810000E+00  0.123457E+01  0.140822E-01  0.317859E+01  0.306004E-01
  0.820000E+00  0.121951E+01  0.163853E-01  0.317887E+01  0.308293E-01
  0.830000E+00  0.120482E+01  0.190327E-01  0.317918E+01  0.310889E-01
  0.840000E+00  0.119048E+01  0.220648E-01  0.317953E+01  0.313831E-01
  0.850000E+00  0.117647E+01  0.255257E-01  0.317993E+01  0.317157E-01
  0.860000E+00  0.116279E+01  0.294626E-01  0.318037E+01  0.320912E-01
  0.870000E+00  0.114943E+01  0.339269E-01  0.318085E+01  0.325141E-01
  0.880000E+00  0.113636E+01  0.389734E-01  0.318140E+01  0.329894E-01
  0.890000E+00  0.112360E+01  0.446610E-01  0.318200E+01  0.335224E-01
  0.900000E+00  0.111111E+01  0.510527E-01  0.318267E+01  0.341190E-01
  0.910000E+00  0.109890E+01  0.582157E-01  0.318340E+01  0.347851E-01
  0.920000E+00  0.108696E+01  0.662215E-01  0.318421E+01  0.355272E-01
  0.930000E+00  0.107527E+01  0.751461E-01  0.318511E+01  0.363522E-01
  0.940000E+00  0.106383E+01  0.850698E-01  0.318608E+01  0.372674E-01
  0.950000E+00  0.105263E+01  0.960780E-01  0.318716E+01  0.382804E-01
  0.960000E+00  0.104167E+01  0.108260E+00  0.318833E+01  0.393993E-01
  0.970000E+00  0.103093E+01  0.121712E+00  0.318961E+01  0.406327E-01
  0.980000E+00  0.102041E+01  0.136532E+00  0.319100E+01  0.419895E-01
  0.990000E+00  0.101010E+01  0.152826E+00  0.319251E+01  0.434791E-01
  0.100000E+01  0.100000E+01  0.170702E+00  0.319415E+01  0.451114E-01
  0.101000E+01  0.990099E+00  0.190277E+00  0.319593E+01  0.468967E-01
  0.102000E+01  0.980392E+00  0.211669E+00  0.319785E+01  0.488456E-01
  0.103000E+01  0.970874E+00  0.235005E+00  0.319992E+01  0.509695E-01
  0.104000E+01  0.961538E+00  0.260414E+00  0.320215E+01  0.532799E-01
  0.105000E+01  0.952381E+00  0.288033E+00  0.320455E+01  0.557890E-01
  0.106000E+01  0.943396E+00  0.318004E+00  0.320713E+01  0.585093E-01
  0.107000E+01  0.934579E+00  0.350471E+00  0.320989E+01  0.614538E-01
  0.108000E+01  0.925926E+00  0.385589E+00  0.321285E+01  0.646361E-01
  0.109000E+01  0.917431E+00  0.423513E+00  0.321602E+01  0.680701E-01
  0.110000E+01  0.909091E+00  0.464408E+00  0.321940E+01  0.717703E-01
  0.111000E+01  0.900901E+00  0.508441E+00  0.322300E+01  0.757513E-01
  0.112000E+01  0.892857E+00  0.555786E+00  0.322684E+01  0.800287E-01
  0.113000E+01  0.884956E+00  0.606622E+00  0.323092E+01  0.846180E-01
  0.114000E+01  0.877193E+00  0.661133E+00  0.323525E+01  0.895356E-01
  0.115000E+01  0.869565E+00  0.719511E+00  0.323984E+01  0.947981E-01
  0.116000E+01  0.862069E+00  0.781949E+00  0.324471E+01  0.100422E+00
  0.117000E+01  0.854701E+00  0.848649E+00  0.324987E+01  0.106426E+00
  0.118000E+01  0.847458E+00  0.919815E+00  0.325531E+01  0.112827E+00
  0.119000E+01  0.840336E+00  0.995661E+00  0.326107E+01  0.119644E+00
  0.120000E+01  0.833333E+00  0.107640E+01  0.326713E+01  0.126896E+00
  0.121000E+01  0.826446E+00  0.116226E+01  0.327353E+01  0.134601E+00
  0.122000E+01  0.819672E+00  0.125345E+01  0.328026E+01  0.142779E+00
  0.123000E+01  0.813008E+00  0.135023E+01  0.328734E+01  0.151451E+00
  0.124000E+01  0.806452E+00  0.145281E+01  0.329477E+01  0.160635E+00
  0.125000E+01  0.800000E+00  0.156144E+01  0.330258E+01  0.170355E+00
  0.126000E+01  0.793651E+00  0.167637E+01  0.331077E+01  0.180629E+00
  0.127000E+01  0.787402E+00  0.179785E+01  0.331935E+01  0.191480E+00
  0.128000E+01  0.781250E+00  0.192613E+01  0.332832E+01  0.202930E+00
  0.129000E+01  0.775194E+00  0.206147E+01  0.333772E+01  0.215000E+00
  0.130000E+01  0.769231E+00  0.220413E+01  0.334753E+01  0.227713E+00
  0.131000E+01  0.763359E+00  0.235439E+01  0.335779E+01  0.241092E+00
  0.132000E+01  0.757576E+00  0.251252E+01  0.336848E+01  0.255160E+00
  0.133000E+01  0.751880E+00  0.267878E+01  0.337964E+01  0.269939E+00
  0.134000E+01  0.746269E+00  0.285347E+01  0.339126E+01  0.285455E+00
  0.135000E+01  0.740741E+00  0.303686E+01  0.340336E+01  0.301730E+00
  0.136000E+01  0.735294E+00  0.322924E+01  0.341595E+01  0.318789E+00
  0.137000E+01  0.729927E+00  0.343090E+01  0.342904E+01  0.336657E+00
  0.138000E+01  0.724638E+00  0.364213E+01  0.344264E+01  0.355357E+00
  0.139000E+01  0.719424E+00  0.386323E+01  0.345676E+01  0.374915E+00
  0.140000E+01  0.714286E+00  0.409449E+01  0.347141E+01  0.395355E+00
  0.141000E+01  0.709220E+00  0.433622E+01  0.348661E+01  0.416704E+00
  0.142000E+01  0.704225E+00  0.458871E+01  0.350235E+01  0.438985E+00
  0.143000E+01  0.699301E+00  0.485227E+01  0.351866E+01  0.462226E+00
  0.144000E+01  0.694444E+00  0.512721E+01  0.353554E+01  0.486451E+00
  0.145000E+01  0.689655E+00  0.541383E+01  0.355301E+01  0.511687E+00
  0.146000E+01  0.684932E+00  0.571244E+01  0.357106E+01  0.537959E+00
  0.147000E+01  0.680272E+00  0.602334E+01  0.358972E+01  0.565293E+00
  0.148000E+01  0.675676E+00  0.634684E+01  0.360899E+01  0.593716E+00
  0.149000E+01  0.671141E+00  0.668325E+01  0.362888E+01  0.623253E+00
  0.150000E+01  0.666667E+00  0.703288E+01  0.364940E+01  0.653932E+00
  0.151000E+01  0.662252E+00  0.739603E+01  0.367056E+01  0.685777E+00
  0.152000E+01  0.657895E+00  0.777300E+01  0.369237E+01  0.718815E+00
  0.153000E+01  0.653595E+00  0.816410E+01  0.371483E+01  0.753072E+00
  0.154000E+01  0.649351E+00  0.856961E+01  0.373796E+01  0.788575E+00
  0.155000E+01  0.645161E+00  0.898985E+01  0.376176E+01  0.825350E+00
  0.156000E+01  0.641026E+00  0.942509E+01  0.378624E+01  0.863421E+00
  0.157000E+01  0.636943E+00  0.987562E+01  0.381142E+01  0.902816E+00
  0.158000E+01  0.632911E+00  0.103417E+02  0.383728E+01  0.943560E+00
  0.159000E+01  0.628931E+00  0.108237E+02  0.386386E+01  0.985678E+00
  0.160000E+01  0.625000E+00  0.113218E+02  0.389114E+01  0.102920E+01
  0.161000E+01  0.621118E+00  0.118363E+02  0.391914E+01  0.107414E+01
  0.162000E+01  0.617284E+00  0.123674E+02  0.394787E+01  0.112053E+01
  0.163000E+01  0.613497E+00  0.129154E+02  0.397732E+01  0.116840E+01
  0.164000E+01  0.609756E+00  0.134805E+02  0.400751E+01  0.121776E+01
  0.165000E+01  0.606061E+00  0.140629E+02  0.403845E+01  0.126864E+01
  0.166000E+01  0.602410E+00  0.146630E+02  0.407013E+01  0.132108E+01
  0.167000E+01  0.598802E+00  0.152808E+02  0.410256E+01  0.137508E+01
  0.168000E+01  0.595238E+00  0.159165E+02  0.413575E+01  0.143067E+01
  0.169000E+01  0.591716E+00  0.165704E+02  0.416969E+01  0.148787E+01
  0.170000E+01  0.588235E+00  0.172426E+02  0.420441E+01  0.154671E+01
  0.171000E+01  0.584795E+00  0.179332E+02  0.423989E+01  0.160720E+01
  0.172000E+01  0.581395E+00  0.186425E+02  0.427614E+01  0.166937E+01
  0.173000E+01  0.578035E+00  0.193704E+02  0.431316E+01  0.173324E+01
  0.174000E+01  0.574713E+00  0.201170E+02  0.435096E+01  0.179882E+01
  0.175000E+01  0.571429E+00  0.208826E+02  0.438954E+01  0.186614E+01
  0.176000E+01  0.568182E+00  0.216671E+02  0.442889E+01  0.193520E+01
  0.177000E+01  0.564972E+00  0.224705E+02  0.446902E+01  0.200604E+01
  0.178000E+01  0.561798E+00  0.232928E+02  0.450993E+01  0.207866E+01
  0.179000E+01  0.558659E+00  0.241341E+02  0.455163E+01  0.215308E+01
  0.180000E+01  0.555556E+00  0.249944E+02  0.459409E+01  0.222931E+01
  0.181000E+01  0.552486E+00  0.258734E+02  0.463734E+01  0.230737E+01
  0.182000E+01  0.549451E+00  0.267713E+02  0.468136E+01  0.238726E+01
  0.183000E+01  0.546448E+00  0.276878E+02  0.472615E+01  0.246901E+01
  0.184000E+01  0.543478E+00  0.286228E+02  0.477172E+01  0.255262E+01
  0.185000E+01  0.540541E+00  0.295761E+02  0.481805E+01  0.263810E+01
  0.186000E+01  0.537634E+00  0.305475E+02  0.486514E+01  0.272546E+01
  0.187000E+01  0.534759E+00  0.315369E+02  0.491299E+01  0.281470E+01
  0.188000E+01  0.531915E+00  0.325439E+02  0.496159E+01  0.290583E+01
  0.189000E+01  0.529101E+00  0.335682E+02  0.501094E+01  0.299885E+01
  0.190000E+01  0.526316E+00  0.346096E+02  0.506103E+01  0.309378E+01
  0.191000E+01  0.523560E+00  0.356677E+02  0.511186E+01  0.319060E+01
  0.192000E+01  0.520833E+00  0.367420E+02  0.516341E+01  0.328932E+01
  0.193000E+01  0.518135E+00  0.378321E+02  0.521568E+01  0.338994E+01
  0.194000E+01  0.515464E+00  0.389377E+02  0.526865E+01  0.349245E+01
  0.195000E+01  0.512821E+00  0.400582E+02  0.532233E+01  0.359685E+01
  0.196000E+01  0.510204E+00  0.411931E+02  0.537670E+01  0.370314E+01
  0.197000E+01  0.507614E+00  0.423418E+02  0.543174E+01  0.381131E+01
  0.198000E+01  0.505051E+00  0.435037E+02  0.548746E+01  0.392134E+01
  0.199000E+01  0.502513E+00  0.446783E+02  0.554383E+01  0.403324E+01
  0.200000E+01  0.500000E+00  0.458649E+02  0.560084E+01  0.414698E+01
  0.201000E+01  0.497512E+00  0.470628E+02  0.565849E+01  0.426256E+01
  0.202000E+01  0.495050E+00  0.482712E+02  0.571675E+01  0.437995E+01
  0.203000E+01  0.492611E+00  0.494895E+02  0.577561E+01  0.449915E+01
  0.204000E+01  0.490196E+00  0.507169E+02  0.583506E+01  0.462013E+01
  0.205000E+01  0.487805E+00  0.519525E+02  0.589508E+01  0.474288E+01
  0.206000E+01  0.485437E+00  0.531956E+02  0.595566E+01  0.486737E+01
  0.207000E+01  0.483092E+00  0.544453E+02  0.601678E+01  0.499358E+01
  0.208000E+01  0.480769E+00  0.557007E+02  0.607842E+01  0.512149E+01
  0.209000E+01  0.478469E+00  0.569610E+02  0.614057E+01  0.525107E+01
  0.210000E+01  0.476190E+00  0.582251E+02  0.620321E+01  0.538229E+01
  0.211000E+01  0.473934E+00  0.594922E+02  0.626631E+01  0.551512E+01
  0.212000E+01  0.471698E+00  0.607614E+02  0.632986E+01  0.564953E+01
  0.213000E+01  0.469484E+00  0.620316E+02  0.639384E+01  0.578549E+01
  0.214000E+01  0.467290E+00  0.633019E+02  0.645824E+01  0.592297E+01
  0.215000E+01  0.465116E+00  0.645712E+02  0.652302E+01  0.606193E+01
  0.216000E+01  0.462963E+00  0.658387E+02  0.658817E+01  0.620234E+01
  0.217000E+01  0.460829E+00  0.671032E+02  0.665367E+01  0.634415E+01
  0.218000E+01  0.458716E+00  0.683638E+02  0.671950E+01  0.648733E+01
  0.219000E+01  0.456621E+00  0.696194E+02  0.678564E+01  0.663184E+01
  0.220000E+01  0.454545E+00  0.708691E+02  0.685206E+01  0.677763E+01
  0.221000E+01  0.452489E+00  0.721118E+02  0.691875E+01  0.692467E+01
  0.222000E+01  0.450450E+00  0.733465E+02  0.698567E+01  0.707291E+01
  0.223000E+01  0.448430E+00  0.745722E+02  0.705281E+01  0.722231E+01
  0.224000E+01  0.446429E+00  0.757879E+02  0.712015E+01  0.737281E+01
  0.225000E+01  0.444444E+00  0.769927E+02  0.718767E+01  0.752438E+01
  0.226000E+01  0.442478E+00  0.781856E+02  0.725533E+01  0.767696E+01
  0.227000E+01  0.440529E+00  0.793656E+02  0.732313E+01  0.783052E+01
  0.228000E+01  0.438596E+00  0.805317E+02  0.739103E+01  0.798499E+01
  0.229000E+01  0.436681E+00  0.816832E+02  0.745901E+01  0.814033E+01
  0.230000E+01  0.434783E+00  0.828190E+02  0.752706E+01  0.829650E+01
  0.231000E+01  0.432900E+00  0.839384E+02  0.759514E+01  0.845343E+01
  0.232000E+01  0.431034E+00  0.850404E+02  0.766324E+01  0.861109E+01
  0.233000E+01  0.429185E+00  0.861243E+02  0.773134E+01  0.876941E+01
  0.234000E+01  0.427350E+00  0.871893E+02  0.779941E+01  0.892835E+01
  0.235000E+01  0.425532E+00  0.882346E+02  0.786743E+01  0.908786E+01
  0.236000E+01  0.423729E+00  0.892596E+02  0.793538E+01  0.924788E+01
  0.237000E+01  0.421941E+00  0.902634E+02  0.800323E+01  0.940836E+01
  0.238000E+01  0.420168E+00  0.912455E+02  0.807098E+01  0.956926E+01
  0.239000E+01  0.418410E+00  0.922053E+02  0.813859E+01  0.973052E+01
  0.240000E+01  0.416667E+00  0.931421E+02  0.820605E+01  0.989209E+01
  0.241000E+01  0.414938E+00  0.940554E+02  0.827334E+01  0.100539E+02
  0.242000E+01  0.413223E+00  0.949447E+02  0.834044E+01  0.102159E+02
  0.243000E+01  0.411523E+00  0.958096E+02  0.840732E+01  0.103781E+02
  0.244000E+01  0.409836E+00  0.966496E+02  0.847397E+01  0.105404E+02
  0.245000E+01  0.408163E+00  0.974643E+02  0.854038E+01  0.107028E+02
  0.246000E+01  0.406504E+00  0.982533E+02  0.860652E+01  0.108652E+02
  0.247000E+01  0.404858E+00  0.990164E+02  0.867237E+01  0.110275E+02
  0.248000E+01  0.403226E+00  0.997533E+02  0.873793E+01  0.111897E+02
  0.249000E+01  0.401606E+00  0.100464E+03  0.880316E+01  0.113519E+02
  0.250000E+01  0.400000E+00  0.101147E+03  0.886807E+01  0.115138E+02
  0.251000E+01  0.398406E+00  0.101804E+03  0.893263E+01  0.116755E+02
  0.252000E+01  0.396825E+00  0.102434E+03  0.899682E+01  0.118370E+02
  0.253000E+01  0.395257E+00  0.103037E+03  0.906064E+01  0.119981E+02
  0.254000E+01  0.393701E+00  0.103613E+03  0.912407E+01  0.121589E+02
  0.255000E+01  0.392157E+00  0.104162E+03  0.918709E+01  0.123193E+02
  0.256000E+01  0.390625E+00  0.104684E+03  0.924970E+01  0.124793E+02
  0.257000E+01  0.389105E+00  0.105178E+03  0.931188E+01  0.126388E+02
  0.258000E+01  0.387597E+00  0.105646E+03  0.937362E+01  0.127977E+02
  0.259000E+01  0.386100E+00  0.106087E+03  0.943491E+01  0.129562E+02
  0.260000E+01  0.384615E+00  0.106501E+03  0.949574E+01  0.131140E+02
  0.261000E+01  0.383142E+00  0.106889E+03  0.955610E+01  0.132713E+02
  0.262000E+01  0.381679E+00  0.107250E+03  0.961598E+01  0.134278E+02
  0.263000E+01  0.380228E+00  0.107586E+03  0.967536E+01  0.135837E+02
  0.264000E+01  0.378788E+00  0.107895E+03  0.973426E+01  0.137389E+02
  0.265000E+01  0.377358E+00  0.108179E+03  0.979264E+01  0.138933E+02
  0.266000E+01  0.375940E+00  0.108438E+03  0.985051E+01  0.140470E+02
  0.267000E+01  0.374532E+00  0.108672E+03  0.990787E+01  0.141998E+02
  0.268000E+01  0.373134E+00  0.108881E+03  0.996470E+01  0.143519E+02
  0.269000E+01  0.371747E+00  0.109066E+03  0.100210E+02  0.145030E+02
  0.270000E+01  0.370370E+00  0.109228E+03  0.100768E+02  0.146533E+02
  0.271000E+01  0.369004E+00  0.109366E+03  0.101320E+02  0.148027E+02
  0.272000E+01  0.367647E+00  0.109481E+03  0.101867E+02  0.149511E+02
  0.273000E+01  0.366300E+00  0.109573E+03  0.102408E+02  0.150986E+02
  0.274000E+01  0.364964E+00  0.109643E+03  0.102944E+02  0.152452E+02
  0.275000E+01  0.363636E+00  0.109692E+03  0.103474E+02  0.153907E+02
  0.276000E+01  0.362319E+00  0.109719E+03  0.103999E+02  0.155352E+02
  0.277000E+01  0.361011E+00  0.109726E+03  0.104518E+02  0.156788E+02
  0.278000E+01  0.359712E+00  0.109712E+03  0.105031E+02  0.158212E+02
  0.279000E+01  0.358423E+00  0.109678E+03  0.105539E+02  0.159627E+02
  0.280000E+01  0.357143E+00  0.109625E+03  0.106041E+02  0.161030E+02
  0.281000E+01  0.355872E+00  0.109554E+03  0.106538E+02  0.162423E+02
  0.282000E+01  0.354610E+00  0.109464E+03  0.107029E+02  0.163805E+02
  0.283000E+01  0.353357E+00  0.109356E+03  0.107514E+02  0.165176E+02
  0.284000E+01  0.352113E+00  0.109231E+03  0.107994E+02  0.166536E+02
  0.285000E+01  0.350877E+00  0.109089E+03  0.108468E+02  0.167885E+02
  0.286000E+01  0.349650E+00  0.108931E+03  0.108936E+02  0.169222E+02
  0.287000E+01  0.348432E+00  0.108756E+03  0.109399E+02  0.170548E+02
  0.288000E+01  0.347222E+00  0.108567E+03  0.109856E+02  0.171863E+02
  0.289000E+01  0.346021E+00  0.108363E+03  0.110308E+02  0.173166E+02
  0.290000E+01  0.344828E+00  0.108144E+03  0.110754E+02  0.174458E+02
  0.291000E+01  0.343643E+00  0.107911E+03  0.111195E+02  0.175738E+02
  0.292000E+01  0.342466E+00  0.107666E+03  0.111630E+02  0.177006E+02
  0.293000E+01  0.341297E+00  0.107407E+03  0.112060E+02  0.178263E+02
  0.294000E+01  0.340136E+00  0.107136E+03  0.112484E+02  0.179509E+02
  0.295000E+01  0.338983E+00  0.106853E+03  0.112903E+02  0.180742E+02
  0.296000E+01  0.337838E+00  0.106558E+03  0.113316E+02  0.181964E+02
  0.297000E+01  0.336700E+00  0.106252E+03  0.113725E+02  0.183175E+02
  0.298000E+01  0.335570E+00  0.105936E+03  0.114128E+02  0.184373E+02
  0.299000E+01  0.334448E+00  0.105610E+03  0.114525E+02  0.185560E+02
  0.300000E+01  0.333333E+00  0.105274E+03  0.114918E+02  0.186736E+02
  0.301000E+01  0.332226E+00  0.104929E+03  0.115305E+02  0.187900E+02
  0.302000E+01  0.331126E+00  0.104574E+03  0.115687E+02  0.189052E+02
  0.303000E+01  0.330033E+00  0.104212E+03  0.116064E+02  0.190193E+02
  0.304000E+01  0.328947E+00  0.103841E+03  0.116436E+02  0.191322E+02
  0.305000E+01  0.327869E+00  0.103463E+03  0.116804E+02  0.192440E+02
  0.306000E+01  0.326797E+00  0.103077E+03  0.117166E+02  0.193547E+02
  0.307000E+01  0.325733E+00  0.102685E+03  0.117523E+02  0.194642E+02
  0.308000E+01  0.324675E+00  0.102286E+03  0.117876E+02  0.195726E+02
  0.309000E+01  0.323625E+00  0.101881E+03  0.118223E+02  0.196799E+02
  0.310000E+01  0.322581E+00  0.101470E+03  0.118566E+02  0.197860E+02
  0.311000E+01  0.321543E+00  0.101054E+03  0.118905E+02  0.198910E+02
  0.312000E+01  0.320513E+00  0.100632E+03  0.119238E+02  0.199950E+02
  0.313000E+01  0.319489E+00  0.100206E+03  0.119567E+02  0.200978E+02
  0.314000E+01  0.318471E+00  0.997754E+02  0.119892E+02  0.201995E+02
  0.315000E+01  0.317460E+00  0.993404E+02  0.120212E+02  0.203002E+02
  0.316000E+01  0.316456E+00  0.989016E+02  0.120527E+02  0.203998E+02
  0.317000E+01  0.315457E+00  0.984591E+02  0.120839E+02  0.204983E+02
  0.318000E+01  0.314465E+00  0.980134E+02  0.121146E+02  0.205957E+02
  0.319000E+01  0.313480E+00  0.975646E+02  0.121448E+02  0.206921E+02
  0.320000E+01  0.312500E+00  0.971130E+02  0.121747E+02  0.207875E+02
  0.321000E+01  0.311526E+00  0.966589E+02  0.122041E+02  0.208818E+02
  0.322000E+01  0.310559E+00  0.962024E+02  0.122331E+02  0.209751E+02
  0.323000E+01  0.309598E+00  0.957440E+02  0.122617E+02  0.210674E+02
  0.324000E+01  0.308642E+00  0.952837E+02  0.122900E+02  0.211586E+02
  0.325000E+01  0.307692E+00  0.948218E+02  0.123178E+02  0.212489E+02
  0.326000E+01  0.306748E+00  0.943585E+02  0.123452E+02  0.213382E+02
  0.327000E+01  0.305810E+00  0.938941E+02  0.123722E+02  0.214265E+02
  0.328000E+01  0.304878E+00  0.934286E+02  0.123989E+02  0.215138E+02
  0.329000E+01  0.303951E+00  0.929624E+02  0.124252E+02  0.216002E+02
  0.330000E+01  0.303030E+00  0.924956E+02  0.124511E+02  0.216856E+02
  0.331000E+01  0.302115E+00  0.920284E+02  0.124767E+02  0.217701E+02
  0.332000E+01  0.301205E+00  0.915609E+02  0.125019E+02  0.218536E+02
  0.333000E+01  0.300300E+00  0.910933E+02  0.125267E+02  0.219362E+02
  0.334000E+01  0.299401E+00  0.906258E+02  0.125512E+02  0.220179E+02
  0.335000E+01  0.298507E+00  0.901585E+02  0.125754E+02  0.220987E+02
  0.336000E+01  0.297619E+00  0.896916E+02  0.125992E+02  0.221786E+02
  0.337000E+01  0.296736E+00  0.892252E+02  0.126227E+02  0.222576E+02
  0.338000E+01  0.295858E+00  0.887594E+02  0.126458E+02  0.223357E+02
  0.339000E+01  0.294985E+00  0.882945E+02  0.126686E+02  0.224130E+02
  0.340000E+01  0.294118E+00  0.878303E+02  0.126911E+02  0.224894E+02
  0.341000E+01  0.293255E+00  0.873673E+02  0.127133E+02  0.225649E+02
  0.342000E+01  0.292398E+00  0.869053E+02  0.127352E+02  0.226396E+02
  0.343000E+01  0.291545E+00  0.864445E+02  0.127568E+02  0.227135E+02
  0.344000E+01  0.290698E+00  0.859851E+02  0.127780E+02  0.227866E+02
  0.345000E+01  0.289855E+00  0.855271E+02  0.127990E+02  0.228588E+02
  0.346000E+01  0.289017E+00  0.850706E+02  0.128197E+02  0.229303E+02
  0.347000E+01  0.288184E+00  0.846158E+02  0.128401E+02  0.230010E+02
  0.348000E+01  0.287356E+00  0.841626E+02  0.128602E+02  0.230709E+02
  0.349000E+01  0.286533E+00  0.837112E+02  0.128800E+02  0.231400E+02
  0.350000E+01  0.285714E+00  0.832616E+02  0.128996E+02  0.232083E+02
  0.351000E+01  0.284900E+00  0.828140E+02  0.129189E+02  0.232759E+02
  0.352000E+01  0.284091E+00  0.823683E+02  0.129379E+02  0.233428E+02
  0.353000E+01  0.283286E+00  0.819247E+02  0.129567E+02  0.234089E+02
  0.354000E+01  0.282486E+00  0.814832E+02  0.129751E+02  0.234742E+02
  0.355000E+01  0.281690E+00  0.810438E+02  0.129934E+02  0.235389E+02
  0.356000E+01  0.280899E+00  0.806067E+02  0.130114E+02  0.236029E+02
  0.357000E+01  0.280112E+00  0.801718E+02  0.130291E+02  0.236661E+02
  0.358000E+01  0.279330E+00  0.797392E+02  0.130466E+02  0.237287E+02
  0.359000E+01  0.278552E+00  0.793090E+02  0.130639E+02  0.237906E+02
  0.360000E+01  0.277778E+00  0.788812E+02  0.130809E+02  0.238518E+02
  0.361000E+01  0.277008E+00  0.784559E+02  0.130977E+02  0.239123E+02
  0.362000E+01  0.276243E+00  0.780330E+02  0.131143E+02  0.239722E+02
  0.363000E+01  0.275482E+00  0.776126E+02  0.131306E+02  0.240314E+02
  0.364000E+01  0.274725E+00  0.771948E+02  0.131467E+02  0.240900E+02
  0.365000E+01  0.273973E+00  0.767795E+02  0.131626E+02  0.241479E+02
  0.366000E+01  0.273224E+00  0.763668E+02  0.131783E+02  0.242052E+02
  0.367000E+01  0.272480E+00  0.759567E+02  0.131938E+02  0.242619E+02
  0.368000E+01  0.271739E+00  0.755493E+02  0.132090E+02  0.243180E+02
  0.369000E+01  0.271003E+00  0.751445E+02  0.132241E+02  0.243735E+02
  0.370000E+01  0.270270E+00  0.747424E+02  0.132389E+02  0.244284E+02
  0.371000E+01  0.269542E+00  0.743430E+02  0.132536E+02  0.244827E+02
  0.372000E+01  0.268817E+00  0.739462E+02  0.132681E+02  0.245364E+02
  0.373000E+01  0.268097E+00  0.735522E+02  0.132823E+02  0.245896E+02
  0.374000E+01  0.267380E+00  0.731610E+02  0.132964E+02  0.246422E+02
  0.375000E+01  0.266667E+00  0.727724E+02  0.133103E+02  0.246942E+02
  0.376000E+01  0.265957E+00  0.723866E+02  0.133240E+02  0.247457E+02
  0.377000E+01  0.265252E+00  0.720036E+02  0.133375E+02  0.247966E+02
  0.378000E+01  0.264550E+00  0.716233E+02  0.133509E+02  0.248470E+02
  0.379000E+01  0.263852E+00  0.712458E+02  0.133641E+02  0.248969E+02
  0.380000E+01  0.263158E+00  0.708710E+02  0.133771E+02  0.249462E+02
  0.381000E+01  0.262467E+00  0.704990E+02  0.133899E+02  0.249950E+02
  0.382000E+01  0.261780E+00  0.701297E+02  0.134026E+02  0.250433E+02
  0.383000E+01  0.261097E+00  0.697632E+02  0.134151E+02  0.250911E+02
  0.384000E+01  0.260417E+00  0.693995E+02  0.134274E+02  0.251384E+02
  0.385000E+01  0.259740E+00  0.690385E+02  0.134396E+02  0.251853E+02
  0.386000E+01  0.259067E+00  0.686803E+02  0.134516E+02  0.252316E+02
  0.387000E+01  0.258398E+00  0.683248E+02  0.134634E+02  0.252775E+02
  0.388000E+01  0.257732E+00  0.679720E+02  0.134752E+02  0.253228E+02
  0.389000E+01  0.257069E+00  0.676220E+02  0.134867E+02  0.253678E+02
  0.390000E+01  0.256410E+00  0.672747E+02  0.134981E+02  0.254122E+02
  0.391000E+01  0.255754E+00  0.669301E+02  0.135094E+02  0.254562E+02
  0.392000E+01  0.255102E+00  0.665882E+02  0.135205E+02  0.254998E+02
  0.393000E+01  0.254453E+00  0.662490E+02  0.135315E+02  0.255429E+02
  0.394000E+01  0.253807E+00  0.659125E+02  0.135424E+02  0.255856E+02
  0.395000E+01  0.253165E+00  0.655787E+02  0.135531E+02  0.256278E+02
  0.396000E+01  0.252525E+00  0.652475E+02  0.135636E+02  0.256696E+02
  0.397000E+01  0.251889E+00  0.649190E+02  0.135741E+02  0.257110E+02
  0.398000E+01  0.251256E+00  0.645931E+02  0.135844E+02  0.257520E+02
  0.399000E+01  0.250627E+00  0.642699E+02  0.135946E+02  0.257926E+02
  0.400000E+01  0.250000E+00  0.639492E+02  0.136046E+02  0.258328E+02
  0.401000E+01  0.249377E+00  0.636312E+02  0.136146E+02  0.258725E+02
  0.402000E+01  0.248756E+00  0.633157E+02  0.136244E+02  0.259119E+02
  0.403000E+01  0.248139E+00  0.630028E+02  0.136341E+02  0.259509E+02
  0.404000E+01  0.247525E+00  0.626924E+02  0.136436E+02  0.259895E+02
  0.405000E+01  0.246914E+00  0.623846E+02  0.136531E+02  0.260277E+02
  0.406000E+01  0.246305E+00  0.620794E+02  0.136624E+02  0.260656E+02
  0.407000E+01  0.245700E+00  0.617766E+02  0.136716E+02  0.261030E+02
  0.408000E+01  0.245098E+00  0.614763E+02  0.136807E+02  0.261401E+02
  0.409000E+01  0.244499E+00  0.611785E+02  0.136897E+02  0.261769E+02
  0.410000E+01  0.243902E+00  0.608831E+02  0.136986E+02  0.262133E+02
  0.411000E+01  0.243309E+00  0.605902E+02  0.137074E+02  0.262493E+02
  0.412000E+01  0.242718E+00  0.602997E+02  0.137161E+02  0.262850E+02
  0.413000E+01  0.242131E+00  0.600116E+02  0.137246E+02  0.263204E+02
  0.414000E+01  0.241546E+00  0.597259E+02  0.137331E+02  0.263554E+02
  0.415000E+01  0.240964E+00  0.594426E+02  0.137415E+02  0.263901E+02
  0.416000E+01  0.240385E+00  0.591616E+02  0.137497E+02  0.264244E+02
  0.417000E+01  0.239808E+00  0.588830E+02  0.137579E+02  0.264585E+02
  0.418000E+01  0.239234E+00  0.586066E+02  0.137660E+02  0.264922E+02
  0.419000E+01  0.238663E+00  0.583326E+02  0.137740E+02  0.265255E+02
  0.420000E+01  0.238095E+00  0.580609E+02  0.137818E+02  0.265586E+02
  0.421000E+01  0.237530E+00  0.577914E+02  0.137896E+02  0.265914E+02
  0.422000E+01  0.236967E+00  0.575242E+02  0.137973E+02  0.266238E+02
  0.423000E+01  0.236407E+00  0.572592E+02  0.138049E+02  0.266560E+02
  0.424000E+01  0.235849E+00  0.569964E+02  0.138125E+02  0.266878E+02
  0.425000E+01  0.235294E+00  0.567358E+02  0.138199E+02  0.267194E+02
  0.426000E+01  0.234742E+00  0.564774E+02  0.138272E+02  0.267506E+02
  0.427000E+01  0.234192E+00  0.562211E+02  0.138345E+02  0.267816E+02
  0.428000E+01  0.233645E+00  0.559670E+02  0.138417E+02  0.268123E+02
  0.429000E+01  0.233100E+00  0.557150E+02  0.138488E+02  0.268427E+02
  0.430000E+01  0.232558E+00  0.554651E+02  0.138558E+02  0.268729E+02
  0.431000E+01  0.232019E+00  0.552172E+02  0.138627E+02  0.269027E+02
  0.432000E+01  0.231481E+00  0.549715E+02  0.138696E+02  0.269323E+02
  0.433000E+01  0.230947E+00  0.547278E+02  0.138764E+02  0.269616E+02
  0.434000E+01  0.230415E+00  0.544861E+02  0.138831E+02  0.269907E+02
  0.435000E+01  0.229885E+00  0.542464E+02  0.138897E+02  0.270195E+02
  0.436000E+01  0.229358E+00  0.540087E+02  0.138963E+02  0.270480E+02
  0.437000E+01  0.228833E+00  0.537730E+02  0.139027E+02  0.270763E+02
  0.438000E+01  0.228311E+00  0.535393E+02  0.139091E+02  0.271044E+02
  0.439000E+01  0.227790E+00  0.533075E+02  0.139155E+02  0.271321E+02
  0.440000E+01  0.227273E+00  0.530776E+02  0.139218E+02  0.271597E+02
  0.441000E+01  0.226757E+00  0.528497E+02  0.139279E+02  0.271870E+02
  0.442000E+01  0.226244E+00  0.526236E+02  0.139341E+02  0.272140E+02
  0.443000E+01  0.225734E+00  0.523994E+02  0.139401E+02  0.272408E+02
  0.444000E+01  0.225225E+00  0.521770E+02  0.139461E+02  0.272674E+02
  0.445000E+01  0.224719E+00  0.519565E+02  0.139521E+02  0.272938E+02
  0.446000E+01  0.224215E+00  0.517378E+02  0.139579E+02  0.273199E+02
  0.447000E+01  0.223714E+00  0.515209E+02  0.139637E+02  0.273458E+02
  0.448000E+01  0.223214E+00  0.513058E+02  0.139695E+02  0.273715E+02
  0.449000E+01  0.222717E+00  0.510925E+02  0.139751E+02  0.273969E+02
  0.450000E+01  0.222222E+00  0.508809E+02  0.139807E+02  0.274222E+02
  0.451000E+01  0.221729E+00  0.506710E+02  0.139863E+02  0.274472E+02
  0.452000E+01  0.221239E+00  0.504629E+02  0.139918E+02  0.274720E+02
  0.453000E+01  0.220751E+00  0.502565E+02  0.139972E+02  0.274966E+02
  0.454000E+01  0.220264E+00  0.500518E+02  0.140026E+02  0.275210E+02
  0.455000E+01  0.219780E+00  0.498487E+02  0.140079E+02  0.275451E+02
  0.456000E+01  0.219298E+00  0.496473E+02  0.140132E+02  0.275691E+02
  0.457000E+01  0.218818E+00  0.494475E+02  0.140184E+02  0.275929E+02
  0.458000E+01  0.218341E+00  0.492494E+02  0.140236E+02  0.276165E+02
  0.459000E+01  0.217865E+00  0.490529E+02  0.140287E+02  0.276399E+02
  0.460000E+01  0.217391E+00  0.488580E+02  0.140337E+02  0.276630E+02
  0.461000E+01  0.216920E+00  0.486646E+02  0.140387E+02  0.276860E+02
  0.462000E+01  0.216450E+00  0.484728E+02  0.140436E+02  0.277088E+02
  0.463000E+01  0.215983E+00  0.482826E+02  0.140485E+02  0.277315E+02
  0.464000E+01  0.215517E+00  0.480939E+02  0.140534E+02  0.277539E+02
  0.465000E+01  0.215054E+00  0.479067E+02  0.140582E+02  0.277761E+02
  0.466000E+01  0.214592E+00  0.477210E+02  0.140629E+02  0.277982E+02
  0.467000E+01  0.214133E+00  0.475368E+02  0.140676E+02  0.278201E+02
  0.468000E+01  0.213675E+00  0.473541E+02  0.140722E+02  0.278418E+02
  0.469000E+01  0.213220E+00  0.471729E+02  0.140768E+02  0.278633E+02
  0.470000E+01  0.212766E+00  0.469931E+02  0.140814E+02  0.278847E+02
  0.471000E+01  0.212314E+00  0.468147E+02  0.140859E+02  0.279059E+02
  0.472000E+01  0.211864E+00  0.466377E+02  0.140903E+02  0.279269E+02
  0.473000E+01  0.211416E+00  0.464622E+02  0.140947E+02  0.279477E+02
  0.474000E+01  0.210970E+00  0.462880E+02  0.140991E+02  0.279684E+02
  0.475000E+01  0.210526E+00  0.461153E+02  0.141034E+02  0.279890E+02
  0.476000E+01  0.210084E+00  0.459439E+02  0.141077E+02  0.280093E+02
  0.477000E+01  0.209644E+00  0.457738E+02  0.141120E+02  0.280295E+02
  0.478000E+01  0.209205E+00  0.456051E+02  0.141162E+02  0.280495E+02
  0.479000E+01  0.208768E+00  0.454377E+02  0.141203E+02  0.280694E+02
  0.480000E+01  0.208333E+00  0.452716E+02  0.141244E+02  0.280892E+02
  0.481000E+01  0.207900E+00  0.451069E+02  0.141285E+02  0.281087E+02
  0.482000E+01  0.207469E+00  0.449434E+02  0.141325E+02  0.281281E+02
  0.483000E+01  0.207039E+00  0.447812E+02  0.141365E+02  0.281474E+02
  0.484000E+01  0.206612E+00  0.446202E+02  0.141405E+02  0.281665E+02
  0.485000E+01  0.206186E+00  0.444605E+02  0.141444E+02  0.281855E+02
  0.486000E+01  0.205761E+00  0.443021E+02  0.141483E+02  0.282043E+02
  0.487000E+01  0.205339E+00  0.441449E+02  0.141521E+02  0.282230E+02
  0.488000E+01  0.204918E+00  0.439888E+02  0.141559E+02  0.282416E+02
  0.489000E+01  0.204499E+00  0.438340E+02  0.141597E+02  0.282600E+02
  0.490000E+01  0.204082E+00  0.436804E+02  0.141634E+02  0.282782E+02
  0.491000E+01  0.203666E+00  0.435280E+02  0.141671E+02  0.282964E+02
  0.492000E+01  0.203252E+00  0.433767E+02  0.141708E+02  0.283143E+02
  0.493000E+01  0.202840E+00  0.432266E+02  0.141744E+02  0.283322E+02
  0.494000E+01  0.202429E+00  0.430776E+02  0.141780E+02  0.283499E+02
  0.495000E+01  0.202020E+00  0.429298E+02  0.141815E+02  0.283675E+02
  0.496000E+01  0.201613E+00  0.427831E+02  0.141851E+02  0.283850E+02
  0.497000E+01  0.201207E+00  0.426375E+02  0.141886E+02  0.284023E+02
  0.498000E+01  0.200803E+00  0.424930E+02  0.141920E+02  0.284195E+02
  0.499000E+01  0.200401E+00  0.423496E+02  0.141954E+02  0.284366E+02
  0.500000E+01  0.200000E+00  0.422073E+02  0.141988E+02  0.284535E+02
  0.501000E+01  0.199601E+00  0.420660E+02  0.142022E+02  0.284703E+02
  0.502000E+01  0.199203E+00  0.419259E+02  0.142055E+02  0.284870E+02
  0.503000E+01  0.198807E+00  0.417867E+02  0.142088E+02  0.285036E+02
  0.504000E+01  0.198413E+00  0.416486E+02  0.142121E+02  0.285200E+02
  0.505000E+01  0.198020E+00  0.415116E+02  0.142153E+02  0.285364E+02
  0.506000E+01  0.197628E+00  0.413755E+02  0.142185E+02  0.285526E+02
  0.507000E+01  0.197239E+00  0.412405E+02  0.142217E+02  0.285687E+02
  0.508000E+01  0.196850E+00  0.411065E+02  0.142249E+02  0.285847E+02
  0.509000E+01  0.196464E+00  0.409734E+02  0.142280E+02  0.286006E+02
  0.510000E+01  0.196078E+00  0.408414E+02  0.142311E+02  0.286163E+02
  0.511000E+01  0.195695E+00  0.407103E+02  0.142341E+02  0.286320E+02
  0.512000E+01  0.195312E+00  0.405802E+02  0.142372E+02  0.286475E+02
  0.513000E+01  0.194932E+00  0.404510E+02  0.142402E+02  0.286629E+02
  0.514000E+01  0.194553E+00  0.403228E+02  0.142432E+02  0.286782E+02
  0.515000E+01  0.194175E+00  0.401955E+02  0.142461E+02  0.286935E+02
  0.516000E+01  0.193798E+00  0.400692E+02  0.142491E+02  0.287086E+02
  0.517000E+01  0.193424E+00  0.399437E+02  0.142520E+02  0.287236E+02
  0.518000E+01  0.193050E+00  0.398192E+02  0.142548E+02  0.287384E+02
  0.519000E+01  0.192678E+00  0.396956E+02  0.142577E+02  0.287532E+02
  0.520000E+01  0.192308E+00  0.395728E+02  0.142605E+02  0.287679E+02
  0.521000E+01  0.191939E+00  0.394510E+02  0.142633E+02  0.287825E+02
  0.522000E+01  0.191571E+00  0.393300E+02  0.142661E+02  0.287970E+02
  0.523000E+01  0.191205E+00  0.392099E+02  0.142689E+02  0.288114E+02
  0.524000E+01  0.190840E+00  0.390907E+02  0.142716E+02  0.288257E+02
  0.525000E+01  0.190476E+00  0.389723E+02  0.142743E+02  0.288398E+02
  0.526000E+01  0.190114E+00  0.388547E+02  0.142770E+02  0.288539E+02
  0.527000E+01  0.189753E+00  0.387380E+02  0.142796E+02  0.288679E+02
  0.528000E+01  0.189394E+00  0.386222E+02  0.142823E+02  0.288818E+02
  0.529000E+01  0.189036E+00  0.385071E+02  0.142849E+02  0.288956E+02
  0.530000E+01  0.188679E+00  0.383928E+02  0.142875E+02  0.289094E+02
  0.531000E+01  0.188324E+00  0.382794E+02  0.142900E+02  0.289230E+02
  0.532000E+01  0.187970E+00  0.381668E+02  0.142926E+02  0.289365E+02
  0.533000E+01  0.187617E+00  0.380549E+02  0.142951E+02  0.289499E+02
  0.534000E+01  0.187266E+00  0.379438E+02  0.142976E+02  0.289633E+02
  0.535000E+01  0.186916E+00  0.378335E+02  0.143001E+02  0.289766E+02
  0.536000E+01  0.186567E+00  0.377240E+02  0.143025E+02  0.289897E+02
  0.537000E+01  0.186220E+00  0.376152E+02  0.143050E+02  0.290028E+02
  0.538000E+01  0.185874E+00  0.375072E+02  0.143074E+02  0.290158E+02
  0.539000E+01  0.185529E+00  0.374000E+02  0.143098E+02  0.290287E+02
  0.540000E+01  0.185185E+00  0.372934E+02  0.143122E+02  0.290416E+02
  0.541000E+01  0.184843E+00  0.371876E+02  0.143145E+02  0.290543E+02
  0.542000E+01  0.184502E+00  0.370826E+02  0.143169E+02  0.290670E+02
  0.543000E+01  0.184162E+00  0.369782E+02  0.143192E+02  0.290796E+02
  0.544000E+01  0.183824E+00  0.368746E+02  0.143215E+02  0.290921E+02
  0.545000E+01  0.183486E+00  0.367717E+02  0.143238E+02  0.291045E+02
  0.546000E+01  0.183150E+00  0.366695E+02  0.143260E+02  0.291168E+02
  0.547000E+01  0.182815E+00  0.365679E+02  0.143283E+02  0.291291E+02
  0.548000E+01  0.182482E+00  0.364671E+02  0.143305E+02  0.291413E+02
  0.549000E+01  0.182149E+00  0.363670E+02  0.143327E+02  0.291534E+02
  0.550000E+01  0.181818E+00  0.362675E+02  0.143349E+02  0.291654E+02
  0.551000E+01  0.181488E+00  0.361687E+02  0.143371E+02  0.291774E+02
  0.552000E+01  0.181159E+00  0.360705E+02  0.143392E+02  0.291892E+02
  0.553000E+01  0.180832E+00  0.359730E+02  0.143414E+02  0.292010E+02
  0.554000E+01  0.180505E+00  0.358762E+02  0.143435E+02  0.292128E+02
  0.555000E+01  0.180180E+00  0.357800E+02  0.143456E+02  0.292244E+02
  0.556000E+01  0.179856E+00  0.356845E+02  0.143477E+02  0.292360E+02
  0.557000E+01  0.179533E+00  0.355896E+02  0.143497E+02  0.292475E+02
  0.558000E+01  0.179211E+00  0.354953E+02  0.143518E+02  0.292589E+02
  0.559000E+01  0.178891E+00  0.354016E+02  0.143538E+02  0.292703E+02
  0.560000E+01  0.178571E+00  0.353086E+02  0.143558E+02  0.292816E+02
  0.561000E+01  0.178253E+00  0.352161E+02  0.143578E+02  0.292928E+02
  0.562000E+01  0.177936E+00  0.351243E+02  0.143598E+02  0.293040E+02
  0.563000E+01  0.177620E+00  0.350331E+02  0.143618E+02  0.293151E+02
  0.564000E+01  0.177305E+00  0.349425E+02  0.143638E+02  0.293261E+02
  0.565000E+01  0.176991E+00  0.348524E+02  0.143657E+02  0.293370E+02
  0.566000E+01  0.176678E+00  0.347630E+02  0.143676E+02  0.293479E+02
  0.567000E+01  0.176367E+00  0.346741E+02  0.143695E+02  0.293587E+02
  0.568000E+01  0.176056E+00  0.345858E+02  0.143714E+02  0.293695E+02
  0.569000E+01  0.175747E+00  0.344981E+02  0.143733E+02  0.293802E+02
  0.570000E+01  0.175439E+00  0.344109E+02  0.143752E+02  0.293908E+02
  0.571000E+01  0.175131E+00  0.343243E+02  0.143770E+02  0.294013E+02
  0.572000E+01  0.174825E+00  0.342383E+02  0.143789E+02  0.294118E+02
  0.573000E+01  0.174520E+00  0.341528E+02  0.143807E+02  0.294223E+02
  0.574000E+01  0.174216E+00  0.340679E+02  0.143825E+02  0.294326E+02
  0.575000E+01  0.173913E+00  0.339835E+02  0.143843E+02  0.294430E+02
  0.576000E+01  0.173611E+00  0.338996E+02  0.143861E+02  0.294532E+02
  0.577000E+01  0.173310E+00  0.338163E+02  0.143878E+02  0.294634E+02
  0.578000E+01  0.173010E+00  0.337334E+02  0.143896E+02  0.294735E+02
  0.579000E+01  0.172712E+00  0.336512E+02  0.143913E+02  0.294836E+02
  0.580000E+01  0.172414E+00  0.335694E+02  0.143931E+02  0.294936E+02
  0.581000E+01  0.172117E+00  0.334881E+02  0.143948E+02  0.295035E+02
  0.582000E+01  0.171821E+00  0.334074E+02  0.143965E+02  0.295134E+02
  0.583000E+01  0.171527E+00  0.333272E+02  0.143982E+02  0.295233E+02
  0.584000E+01  0.171233E+00  0.332474E+02  0.143998E+02  0.295330E+02
  0.585000E+01  0.170940E+00  0.331682E+02  0.144015E+02  0.295428E+02
  0.586000E+01  0.170648E+00  0.330894E+02  0.144031E+02  0.295524E+02
  0.587000E+01  0.170358E+00  0.330112E+02  0.144048E+02  0.295620E+02
  0.588000E+01  0.170068E+00  0.329334E+02  0.144064E+02  0.295716E+02
  0.589000E+01  0.169779E+00  0.328561E+02  0.144080E+02  0.295811E+02
  0.590000E+01  0.169492E+00  0.327793E+02  0.144096E+02  0.295905E+02
  0.591000E+01  0.169205E+00  0.327029E+02  0.144112E+02  0.295999E+02
  0.592000E+01  0.168919E+00  0.326271E+02  0.144128E+02  0.296093E+02
  0.593000E+01  0.168634E+00  0.325517E+02  0.144144E+02  0.296185E+02
  0.594000E+01  0.168350E+00  0.324767E+02  0.144159E+02  0.296278E+02
  0.595000E+01  0.168067E+00  0.324022E+02  0.144175E+02  0.296370E+02
  0.596000E+01  0.167785E+00  0.323282E+02  0.144190E+02  0.296461E+02
  0.597000E+01  0.167504E+00  0.322546E+02  0.144205E+02  0.296552E+02
  0.598000E+01  0.167224E+00  0.321814E+02  0.144220E+02  0.296642E+02
  0.599000E+01  0.166945E+00  0.321087E+02  0.144235E+02  0.296732E+02
  0.600000E+01  0.166667E+00  0.320364E+02  0.144250E+02  0.296821E+02
  0.601000E+01  0.166389E+00  0.319646E+02  0.144265E+02  0.296910E+02
  0.602000E+01  0.166113E+00  0.318932E+02  0.144280E+02  0.296998E+02
  0.603000E+01  0.165837E+00  0.318222E+02  0.144294E+02  0.297086E+02
  0.604000E+01  0.165563E+00  0.317516E+02  0.144309E+02  0.297173E+02
  0.605000E+01  0.165289E+00  0.316815E+02  0.144323E+02  0.297260E+02
  0.606000E+01  0.165017E+00  0.316118E+02  0.144337E+02  0.297346E+02
  0.607000E+01  0.164745E+00  0.315425E+02  0.144351E+02  0.297432E+02
  0.608000E+01  0.164474E+00  0.314736E+02  0.144365E+02  0.297517E+02
  0.609000E+01  0.164204E+00  0.314051E+02  0.144379E+02  0.297602E+02
  0.610000E+01  0.163934E+00  0.313370E+02  0.144393E+02  0.297686E+02
  0.611000E+01  0.163666E+00  0.312693E+02  0.144407E+02  0.297770E+02
  0.612000E+01  0.163399E+00  0.312020E+02  0.144421E+02  0.297854E+02
  0.613000E+01  0.163132E+00  0.311351E+02  0.144434E+02  0.297937E+02
  0.614000E+01  0.162866E+00  0.310686E+02  0.144448E+02  0.298020E+02
  0.615000E+01  0.162602E+00  0.310025E+02  0.144461E+02  0.298102E+02
  0.616000E+01  0.162338E+00  0.309367E+02  0.144474E+02  0.298184E+02
  0.617000E+01  0.162075E+00  0.308714E+02  0.144488E+02  0.298265E+02
  0.618000E+01  0.161812E+00  0.308064E+02  0.144501E+02  0.298346E+02
  0.619000E+01  0.161551E+00  0.307418E+02  0.144514E+02  0.298426E+02
  0.620000E+01  0.161290E+00  0.306776E+02  0.144527E+02  0.298506E+02
  0.621000E+01  0.161031E+00  0.306137E+02  0.144539E+02  0.298586E+02
  0.622000E+01  0.160772E+00  0.305502E+02  0.144552E+02  0.298665E+02
  0.623000E+01  0.160514E+00  0.304871E+02  0.144565E+02  0.298744E+02
  0.624000E+01  0.160256E+00  0.304243E+02  0.144577E+02  0.298822E+02
  0.625000E+01  0.160000E+00  0.303619E+02  0.144590E+02  0.298900E+02
  0.626000E+01  0.159744E+00  0.302998E+02  0.144602E+02  0.298978E+02
  0.627000E+01  0.159490E+00  0.302381E+02  0.144615E+02  0.299055E+02
  0.628000E+01  0.159236E+00  0.301768E+02  0.144627E+02  0.299131E+02
  0.629000E+01  0.158983E+00  0.301157E+02  0.144639E+02  0.299208E+02
  0.630000E+01  0.158730E+00  0.300551E+02  0.144651E+02  0.299284E+02
  0.631000E+01  0.158479E+00  0.299947E+02  0.144663E+02  0.299359E+02
  0.632000E+01  0.158228E+00  0.299347E+02  0.144675E+02  0.299434E+02
  0.633000E+01  0.157978E+00  0.298751E+02  0.144687E+02  0.299509E+02
  0.634000E+01  0.157729E+00  0.298158E+02  0.144698E+02  0.299584E+02
  0.635000E+01  0.157480E+00  0.297568E+02  0.144710E+02  0.299657E+02
  0.636000E+01  0.157233E+00  0.296981E+02  0.144722E+02  0.299731E+02
  0.637000E+01  0.156986E+00  0.296398E+02  0.144733E+02  0.299804E+02
  0.638000E+01  0.156740E+00  0.295817E+02  0.144745E+02  0.299877E+02
  0.639000E+01  0.156495E+00  0.295240E+02  0.144756E+02  0.299950E+02
  0.640000E+01  0.156250E+00  0.294667E+02  0.144767E+02  0.300022E+02
  0.641000E+01  0.156006E+00  0.294096E+02  0.144778E+02  0.300094E+02
  0.642000E+01  0.155763E+00  0.293528E+02  0.144790E+02  0.300165E+02
  0.643000E+01  0.155521E+00  0.292964E+02  0.144801E+02  0.300236E+02
  0.644000E+01  0.155280E+00  0.292403E+02  0.144812E+02  0.300307E+02
  0.645000E+01  0.155039E+00  0.291844E+02  0.144822E+02  0.300377E+02
  0.646000E+01  0.154799E+00  0.291289E+02  0.144833E+02  0.300447E+02
  0.647000E+01  0.154560E+00  0.290737E+02  0.144844E+02  0.300517E+02
  0.648000E+01  0.154321E+00  0.290188E+02  0.144855E+02  0.300586E+02
  0.649000E+01  0.154083E+00  0.289641E+02  0.144865E+02  0.300655E+02
  0.650000E+01  0.153846E+00  0.289098E+02  0.144876E+02  0.300723E+02
  0.651000E+01  0.153610E+00  0.288558E+02  0.144886E+02  0.300792E+02
  0.652000E+01  0.153374E+00  0.288020E+02  0.144897E+02  0.300860E+02
  0.653000E+01  0.153139E+00  0.287486E+02  0.144907E+02  0.300927E+02
  0.654000E+01  0.152905E+00  0.286954E+02  0.144918E+02  0.300994E+02
  0.655000E+01  0.152672E+00  0.286425E+02  0.144928E+02  0.301061E+02
  0.656000E+01  0.152439E+00  0.285899E+02  0.144938E+02  0.301128E+02
  0.657000E+01  0.152207E+00  0.285375E+02  0.144948E+02  0.301194E+02
  0.658000E+01  0.151976E+00  0.284855E+02  0.144958E+02  0.301260E+02
  0.659000E+01  0.151745E+00  0.284337E+02  0.144968E+02  0.301326E+02
  0.660000E+01  0.151515E+00  0.283822E+02  0.144978E+02  0.301391E+02
  0.661000E+01  0.151286E+00  0.283310E+02  0.144988E+02  0.301456E+02
  0.662000E+01  0.151057E+00  0.282800E+02  0.144998E+02  0.301521E+02
  0.663000E+01  0.150830E+00  0.282293E+02  0.145007E+02  0.301585E+02
  0.664000E+01  0.150602E+00  0.281789E+02  0.145017E+02  0.301649E+02
  0.665000E+01  0.150376E+00  0.281287E+02  0.145027E+02  0.301713E+02
  0.666000E+01  0.150150E+00  0.280788E+02  0.145036E+02  0.301776E+02
  0.667000E+01  0.149925E+00  0.280291E+02  0.145046E+02  0.301840E+02
  0.668000E+01  0.149701E+00  0.279797E+02  0.145055E+02  0.301902E+02
  0.669000E+01  0.149477E+00  0.279306E+02  0.145064E+02  0.301965E+02
  0.670000E+01  0.149254E+00  0.278817E+02  0.145074E+02  0.302027E+02
  0.671000E+01  0.149031E+00  0.278331E+02  0.145083E+02  0.302089E+02
  0.672000E+01  0.148810E+00  0.277847E+02  0.145092E+02  0.302151E+02
  0.673000E+01  0.148588E+00  0.277366E+02  0.145101E+02  0.302212E+02
  0.674000E+01  0.148368E+00  0.276887E+02  0.145110E+02  0.302273E+02
  0.675000E+01  0.148148E+00  0.276410E+02  0.145119E+02  0.302334E+02
  0.676000E+01  0.147929E+00  0.275936E+02  0.145128E+02  0.302395E+02
  0.677000E+01  0.147710E+00  0.275465E+02  0.145137E+02  0.302455E+02
  0.678000E+01  0.147493E+00  0.274996E+02  0.145146E+02  0.302515E+02
  0.679000E+01  0.147275E+00  0.274529E+02  0.145155E+02  0.302575E+02
  0.680000E+01  0.147059E+00  0.274064E+02  0.145163E+02  0.302634E+02
  0.681000E+01  0.146843E+00  0.273602E+02  0.145172E+02  0.302693E+02
  0.682000E+01  0.146628E+00  0.273143E+02  0.145181E+02  0.302752E+02
  0.683000E+01  0.146413E+00  0.272685E+02  0.145189E+02  0.302811E+02
  0.684000E+01  0.146199E+00  0.272230E+02  0.145198E+02  0.302869E+02
  0.685000E+01  0.145985E+00  0.271777E+02  0.145206E+02  0.302927E+02
  0.686000E+01  0.145773E+00  0.271326E+02  0.145215E+02  0.302985E+02
  0.687000E+01  0.145560E+00  0.270878E+02  0.145223E+02  0.303042E+02
  0.688000E+01  0.145349E+00  0.270432E+02  0.145232E+02  0.303100E+02
  0.689000E+01  0.145138E+00  0.269988E+02  0.145240E+02  0.303157E+02
  0.690000E+01  0.144928E+00  0.269546E+02  0.145248E+02  0.303213E+02
  0.691000E+01  0.144718E+00  0.269107E+02  0.145256E+02  0.303270E+02
  0.692000E+01  0.144509E+00  0.268669E+02  0.145264E+02  0.303326E+02
  0.693000E+01  0.144300E+00  0.268234E+02  0.145272E+02  0.303382E+02
  0.694000E+01  0.144092E+00  0.267801E+02  0.145280E+02  0.303438E+02
  0.695000E+01  0.143885E+00  0.267370E+02  0.145288E+02  0.303493E+02
  0.696000E+01  0.143678E+00  0.266941E+02  0.145296E+02  0.303548E+02
  0.697000E+01  0.143472E+00  0.266514E+02  0.145304E+02  0.303603E+02
  0.698000E+01  0.143266E+00  0.266090E+02  0.145312E+02  0.303658E+02
  0.699000E+01  0.143062E+00  0.265667E+02  0.145320E+02  0.303713E+02
  0.700000E+01  0.142857E+00  0.265247E+02  0.145328E+02  0.303767E+02
  0.701000E+01  0.142653E+00  0.264828E+02  0.145335E+02  0.303821E+02
  0.702000E+01  0.142450E+00  0.264412E+02  0.145343E+02  0.303875E+02
  0.703000E+01  0.142248E+00  0.263997E+02  0.145351E+02  0.303928E+02
  0.704000E+01  0.142045E+00  0.263585E+02  0.145358E+02  0.303982E+02
  0.705000E+01  0.141844E+00  0.263174E+02  0.145366E+02  0.304035E+02
  0.706000E+01  0.141643E+00  0.262766E+02  0.145373E+02  0.304087E+02
  0.707000E+01  0.141443E+00  0.262359E+02  0.145381E+02  0.304140E+02
  0.708000E+01  0.141243E+00  0.261954E+02  0.145388E+02  0.304192E+02
  0.709000E+01  0.141044E+00  0.261552E+02  0.145396E+02  0.304245E+02
  0.710000E+01  0.140845E+00  0.261151E+02  0.145403E+02  0.304296E+02
  0.711000E+01  0.140647E+00  0.260752E+02  0.145410E+02  0.304348E+02
  0.712000E+01  0.140449E+00  0.260355E+02  0.145417E+02  0.304400E+02
  0.713000E+01  0.140252E+00  0.259960E+02  0.145425E+02  0.304451E+02
  0.714000E+01  0.140056E+00  0.259567E+02  0.145432E+02  0.304502E+02
  0.715000E+01  0.139860E+00  0.259175E+02  0.145439E+02  0.304553E+02
  0.716000E+01  0.139665E+00  0.258786E+02  0.145446E+02  0.304603E+02
  0.717000E+01  0.139470E+00  0.258398E+02  0.145453E+02  0.304654E+02
  0.718000E+01  0.139276E+00  0.258012E+02  0.145460E+02  0.304704E+02
  0.719000E+01  0.139082E+00  0.257628E+02  0.145467E+02  0.304754E+02
  0.720000E+01  0.138889E+00  0.257246E+02  0.145474E+02  0.304804E+02
  0.721000E+01  0.138696E+00  0.256865E+02  0.145481E+02  0.304853E+02
  0.722000E+01  0.138504E+00  0.256486E+02  0.145487E+02  0.304902E+02
  0.723000E+01  0.138313E+00  0.256109E+02  0.145494E+02  0.304951E+02
  0.724000E+01  0.138122E+00  0.255734E+02  0.145501E+02  0.305000E+02
  0.725000E+01  0.137931E+00  0.255361E+02  0.145508E+02  0.305049E+02
  0.726000E+01  0.137741E+00  0.254989E+02  0.145514E+02  0.305097E+02
  0.727000E+01  0.137552E+00  0.254619E+02  0.145521E+02  0.305146E+02
  0.728000E+01  0.137363E+00  0.254250E+02  0.145528E+02  0.305194E+02
  0.729000E+01  0.137174E+00  0.253884E+02  0.145534E+02  0.305242E+02
  0.730000E+01  0.136986E+00  0.253519E+02  0.145541E+02  0.305289E+02
  0.731000E+01  0.136799E+00  0.253155E+02  0.145547E+02  0.305337E+02
  0.732000E+01  0.136612E+00  0.252793E+02  0.145554E+02  0.305384E+02
  0.733000E+01  0.136426E+00  0.252433E+02  0.145560E+02  0.305431E+02
  0.734000E+01  0.136240E+00  0.252075E+02  0.145567E+02  0.305478E+02
  0.735000E+01  0.136054E+00  0.251718E+02  0.145573E+02  0.305525E+02
  0.736000E+01  0.135870E+00  0.251363E+02  0.145579E+02  0.305571E+02
  0.737000E+01  0.135685E+00  0.251009E+02  0.145586E+02  0.305618E+02
  0.738000E+01  0.135501E+00  0.250657E+02  0.145592E+02  0.305664E+02
  0.739000E+01  0.135318E+00  0.250307E+02  0.145598E+02  0.305710E+02
  0.740000E+01  0.135135E+00  0.249958E+02  0.145604E+02  0.305755E+02
  0.741000E+01  0.134953E+00  0.249611E+02  0.145610E+02  0.305801E+02
  0.742000E+01  0.134771E+00  0.249265E+02  0.145616E+02  0.305846E+02
  0.743000E+01  0.134590E+00  0.248921E+02  0.145623E+02  0.305891E+02
  0.744000E+01  0.134409E+00  0.248578E+02  0.145629E+02  0.305936E+02
  0.745000E+01  0.134228E+00  0.248237E+02  0.145635E+02  0.305981E+02
  0.746000E+01  0.134048E+00  0.247898E+02  0.145641E+02  0.306026E+02
  0.747000E+01  0.133869E+00  0.247559E+02  0.145647E+02  0.306070E+02
  0.748000E+01  0.133690E+00  0.247223E+02  0.145652E+02  0.306115E+02
  0.749000E+01  0.133511E+00  0.246888E+02  0.145658E+02  0.306159E+02
  0.750000E+01  0.133333E+00  0.246554E+02  0.145664E+02  0.306203E+02
  0.751000E+01  0.133156E+00  0.246222E+02  0.145670E+02  0.306246E+02
  0.752000E+01  0.132979E+00  0.245891E+02  0.145676E+02  0.306290E+02
  0.753000E+01  0.132802E+00  0.245562E+02  0.145682E+02  0.306333E+02
  0.754000E+01  0.132626E+00  0.245234E+02  0.145687E+02  0.306377E+02
  0.755000E+01  0.132450E+00  0.244908E+02  0.145693E+02  0.306420E+02
  0.756000E+01  0.132275E+00  0.244583E+02  0.145699E+02  0.306463E+02
  0.757000E+01  0.132100E+00  0.244259E+02  0.145704E+02  0.306505E+02
  0.758000E+01  0.131926E+00  0.243937E+02  0.145710E+02  0.306548E+02
  0.759000E+01  0.131752E+00  0.243616E+02  0.145716E+02  0.306590E+02
  0.760000E+01  0.131579E+00  0.243297E+02  0.145721E+02  0.306632E+02
  0.761000E+01  0.131406E+00  0.242979E+02  0.145727E+02  0.306674E+02
  0.762000E+01  0.131234E+00  0.242662E+02  0.145732E+02  0.306716E+02
  0.763000E+01  0.131062E+00  0.242347E+02  0.145738E+02  0.306758E+02
  0.764000E+01  0.130890E+00  0.242033E+02  0.145743E+02  0.306800E+02
  0.765000E+01  0.130719E+00  0.241720E+02  0.145748E+02  0.306841E+02
  0.766000E+01  0.130548E+00  0.241409E+02  0.145754E+02  0.306882E+02
  0.767000E+01  0.130378E+00  0.241099E+02  0.145759E+02  0.306923E+02
  0.768000E+01  0.130208E+00  0.240791E+02  0.145765E+02  0.306964E+02
  0.769000E+01  0.130039E+00  0.240483E+02  0.145770E+02  0.307005E+02
  0.770000E+01  0.129870E+00  0.240177E+02  0.145775E+02  0.307045E+02
  0.771000E+01  0.129702E+00  0.239873E+02  0.145780E+02  0.307086E+02
  0.772000E+01  0.129534E+00  0.239569E+02  0.145786E+02  0.307126E+02
  0.773000E+01  0.129366E+00  0.239267E+02  0.145791E+02  0.307166E+02
  0.774000E+01  0.129199E+00  0.238966E+02  0.145796E+02  0.307206E+02
  0.775000E+01  0.129032E+00  0.238667E+02  0.145801E+02  0.307246E+02
  0.776000E+01  0.128866E+00  0.238368E+02  0.145806E+02  0.307286E+02
  0.777000E+01  0.128700E+00  0.238071E+02  0.145811E+02  0.307325E+02
  0.778000E+01  0.128535E+00  0.237775E+02  0.145816E+02  0.307365E+02
  0.779000E+01  0.128370E+00  0.237481E+02  0.145821E+02  0.307404E+02
  0.780000E+01  0.128205E+00  0.237187E+02  0.145826E+02  0.307443E+02
  0.781000E+01  0.128041E+00  0.236895E+02  0.145831E+02  0.307482E+02
  0.782000E+01  0.127877E+00  0.236604E+02  0.145836E+02  0.307521E+02
  0.783000E+01  0.127714E+00  0.236315E+02  0.145841E+02  0.307559E+02
  0.784000E+01  0.127551E+00  0.236026E+02  0.145846E+02  0.307598E+02
  0.785000E+01  0.127389E+00  0.235739E+02  0.145851E+02  0.307636E+02
  0.786000E+01  0.127226E+00  0.235453E+02  0.145856E+02  0.307674E+02
  0.787000E+01  0.127065E+00  0.235168E+02  0.145861E+02  0.307712E+02
  0.788000E+01  0.126904E+00  0.234884E+02  0.145866E+02  0.307750E+02
  0.789000E+01  0.126743E+00  0.234601E+02  0.145870E+02  0.307788E+02
  0.790000E+01  0.126582E+00  0.234320E+02  0.145875E+02  0.307825E+02
  0.791000E+01  0.126422E+00  0.234039E+02  0.145880E+02  0.307863E+02
  0.792000E+01  0.126263E+00  0.233760E+02  0.145885E+02  0.307900E+02
  0.793000E+01  0.126103E+00  0.233482E+02  0.145889E+02  0.307937E+02
  0.794000E+01  0.125945E+00  0.233205E+02  0.145894E+02  0.307974E+02
  0.795000E+01  0.125786E+00  0.232929E+02  0.145899E+02  0.308011E+02
  0.796000E+01  0.125628E+00  0.232654E+02  0.145903E+02  0.308048E+02
  0.797000E+01  0.125471E+00  0.232381E+02  0.145908E+02  0.308085E+02
  0.798000E+01  0.125313E+00  0.232108E+02  0.145912E+02  0.308121E+02
  0.799000E+01  0.125156E+00  0.231837E+02  0.145917E+02  0.308158E+02
  0.800000E+01  0.125000E+00  0.231567E+02  0.145922E+02  0.308194E+02
  0.801000E+01  0.124844E+00  0.231298E+02  0.145926E+02  0.308230E+02
  0.802000E+01  0.124688E+00  0.231029E+02  0.145931E+02  0.308266E+02
  0.803000E+01  0.124533E+00  0.230762E+02  0.145935E+02  0.308302E+02
  0.804000E+01  0.124378E+00  0.230496E+02  0.145939E+02  0.308338E+02
  0.805000E+01  0.124224E+00  0.230231E+02  0.145944E+02  0.308373E+02
  0.806000E+01  0.124069E+00  0.229968E+02  0.145948E+02  0.308409E+02
  0.807000E+01  0.123916E+00  0.229705E+02  0.145953E+02  0.308444E+02
  0.808000E+01  0.123762E+00  0.229443E+02  0.145957E+02  0.308479E+02
  0.809000E+01  0.123609E+00  0.229182E+02  0.145961E+02  0.308514E+02
  0.810000E+01  0.123457E+00  0.228922E+02  0.145966E+02  0.308549E+02
  0.811000E+01  0.123305E+00  0.228664E+02  0.145970E+02  0.308584E+02
  0.812000E+01  0.123153E+00  0.228406E+02  0.145974E+02  0.308619E+02
  0.813000E+01  0.123001E+00  0.228149E+02  0.145978E+02  0.308653E+02
  0.814000E+01  0.122850E+00  0.227894E+02  0.145983E+02  0.308688E+02
  0.815000E+01  0.122699E+00  0.227639E+02  0.145987E+02  0.308722E+02
  0.816000E+01  0.122549E+00  0.227385E+02  0.145991E+02  0.308756E+02
  0.817000E+01  0.122399E+00  0.227133E+02  0.145995E+02  0.308791E+02
  0.818000E+01  0.122249E+00  0.226881E+02  0.145999E+02  0.308824E+02
  0.819000E+01  0.122100E+00  0.226630E+02  0.146004E+02  0.308858E+02
  0.820000E+01  0.121951E+00  0.226381E+02  0.146008E+02  0.308892E+02
  0.821000E+01  0.121803E+00  0.226132E+02  0.146012E+02  0.308926E+02
  0.822000E+01  0.121655E+00  0.225884E+02  0.146016E+02  0.308959E+02
  0.823000E+01  0.121507E+00  0.225637E+02  0.146020E+02  0.308993E+02
  0.824000E+01  0.121359E+00  0.225391E+02  0.146024E+02  0.309026E+02
  0.825000E+01  0.121212E+00  0.225146E+02  0.146028E+02  0.309059E+02
  0.826000E+01  0.121065E+00  0.224902E+02  0.146032E+02  0.309092E+02
  0.827000E+01  0.120919E+00  0.224659E+02  0.146036E+02  0.309125E+02
  0.828000E+01  0.120773E+00  0.224417E+02  0.146040E+02  0.309158E+02
  0.829000E+01  0.120627E+00  0.224176E+02  0.146044E+02  0.309190E+02
  0.830000E+01  0.120482E+00  0.223936E+02  0.146048E+02  0.309223E+02
  0.831000E+01  0.120337E+00  0.223696E+02  0.146052E+02  0.309255E+02
  0.832000E+01  0.120192E+00  0.223458E+02  0.146056E+02  0.309288E+02
  0.833000E+01  0.120048E+00  0.223220E+02  0.146059E+02  0.309320E+02
  0.834000E+01  0.119904E+00  0.222983E+02  0.146063E+02  0.309352E+02
  0.835000E+01  0.119760E+00  0.222748E+02  0.146067E+02  0.309384E+02
  0.836000E+01  0.119617E+00  0.222513E+02  0.146071E+02  0.309416E+02
  0.837000E+01  0.119474E+00  0.222279E+02  0.146075E+02  0.309448E+02
  0.838000E+01  0.119332E+00  0.222046E+02  0.146079E+02  0.309479E+02
  0.839000E+01  0.119190E+00  0.221813E+02  0.146082E+02  0.309511E+02
  0.840000E+01  0.119048E+00  0.221582E+02  0.146086E+02  0.309542E+02
  0.841000E+01  0.118906E+00  0.221352E+02  0.146090E+02  0.309574E+02
  0.842000E+01  0.118765E+00  0.221122E+02  0.146094E+02  0.309605E+02
  0.843000E+01  0.118624E+00  0.220893E+02  0.146097E+02  0.309636E+02
  0.844000E+01  0.118483E+00  0.220665E+02  0.146101E+02  0.309667E+02
  0.845000E+01  0.118343E+00  0.220438E+02  0.146105E+02  0.309698E+02
  0.846000E+01  0.118203E+00  0.220212E+02  0.146108E+02  0.309729E+02
  0.847000E+01  0.118064E+00  0.219987E+02  0.146112E+02  0.309760E+02
  0.848000E+01  0.117925E+00  0.219762E+02  0.146115E+02  0.309790E+02
  0.849000E+01  0.117786E+00  0.219538E+02  0.146119E+02  0.309821E+02
  0.850000E+01  0.117647E+00  0.219315E+02  0.146123E+02  0.309851E+02
  0.851000E+01  0.117509E+00  0.219093E+02  0.146126E+02  0.309881E+02
  0.852000E+01  0.117371E+00  0.218872E+02  0.146130E+02  0.309912E+02
  0.853000E+01  0.117233E+00  0.218652E+02  0.146133E+02  0.309942E+02
  0.854000E+01  0.117096E+00  0.218432E+02  0.146137E+02  0.309972E+02
  0.855000E+01  0.116959E+00  0.218213E+02  0.146140E+02  0.310002E+02
  0.856000E+01  0.116822E+00  0.217995E+02  0.146144E+02  0.310031E+02
  0.857000E+01  0.116686E+00  0.217778E+02  0.146147E+02  0.310061E+02
  0.858000E+01  0.116550E+00  0.217561E+02  0.146151E+02  0.310091E+02
  0.859000E+01  0.116414E+00  0.217346E+02  0.146154E+02  0.310120E+02
  0.860000E+01  0.116279E+00  0.217131E+02  0.146158E+02  0.310150E+02
  0.861000E+01  0.116144E+00  0.216917E+02  0.146161E+02  0.310179E+02
  0.862000E+01  0.116009E+00  0.216703E+02  0.146164E+02  0.310208E+02
  0.863000E+01  0.115875E+00  0.216491E+02  0.146168E+02  0.310237E+02
  0.864000E+01  0.115741E+00  0.216279E+02  0.146171E+02  0.310266E+02
  0.865000E+01  0.115607E+00  0.216068E+02  0.146174E+02  0.310295E+02
  0.866000E+01  0.115473E+00  0.215858E+02  0.146178E+02  0.310324E+02
  0.867000E+01  0.115340E+00  0.215648E+02  0.146181E+02  0.310353E+02
  0.868000E+01  0.115207E+00  0.215440E+02  0.146184E+02  0.310381E+02
  0.869000E+01  0.115075E+00  0.215231E+02  0.146188E+02  0.310410E+02
  0.870000E+01  0.114943E+00  0.215024E+02  0.146191E+02  0.310438E+02
  0.871000E+01  0.114811E+00  0.214818E+02  0.146194E+02  0.310467E+02
  0.872000E+01  0.114679E+00  0.214612E+02  0.146197E+02  0.310495E+02
  0.873000E+01  0.114548E+00  0.214407E+02  0.146201E+02  0.310523E+02
  0.874000E+01  0.114416E+00  0.214203E+02  0.146204E+02  0.310551E+02
  0.875000E+01  0.114286E+00  0.213999E+02  0.146207E+02  0.310579E+02
  0.876000E+01  0.114155E+00  0.213796E+02  0.146210E+02  0.310607E+02
  0.877000E+01  0.114025E+00  0.213594E+02  0.146213E+02  0.310635E+02
  0.878000E+01  0.113895E+00  0.213392E+02  0.146217E+02  0.310663E+02
  0.879000E+01  0.113766E+00  0.213192E+02  0.146220E+02  0.310690E+02
  0.880000E+01  0.113636E+00  0.212992E+02  0.146223E+02  0.310718E+02
  0.881000E+01  0.113507E+00  0.212792E+02  0.146226E+02  0.310745E+02
  0.882000E+01  0.113379E+00  0.212594E+02  0.146229E+02  0.310773E+02
  0.883000E+01  0.113250E+00  0.212396E+02  0.146232E+02  0.310800E+02
  0.884000E+01  0.113122E+00  0.212198E+02  0.146235E+02  0.310827E+02
  0.885000E+01  0.112994E+00  0.212002E+02  0.146238E+02  0.310854E+02
  0.886000E+01  0.112867E+00  0.211806E+02  0.146241E+02  0.310881E+02
  0.887000E+01  0.112740E+00  0.211611E+02  0.146244E+02  0.310908E+02
  0.888000E+01  0.112613E+00  0.211416E+02  0.146247E+02  0.310935E+02
  0.889000E+01  0.112486E+00  0.211222E+02  0.146250E+02  0.310962E+02
  0.890000E+01  0.112360E+00  0.211029E+02  0.146253E+02  0.310989E+02
  0.891000E+01  0.112233E+00  0.210837E+02  0.146256E+02  0.311015E+02
  0.892000E+01  0.112108E+00  0.210645E+02  0.146259E+02  0.311042E+02
  0.893000E+01  0.111982E+00  0.210454E+02  0.146262E+02  0.311068E+02
  0.894000E+01  0.111857E+00  0.210263E+02  0.146265E+02  0.311095E+02
  0.895000E+01  0.111732E+00  0.210073E+02  0.146268E+02  0.311121E+02
  0.896000E+01  0.111607E+00  0.209884E+02  0.146271E+02  0.311147E+02
  0.897000E+01  0.111483E+00  0.209695E+02  0.146274E+02  0.311173E+02
  0.898000E+01  0.111359E+00  0.209508E+02  0.146277E+02  0.311199E+02
  0.899000E+01  0.111235E+00  0.209320E+02  0.146280E+02  0.311225E+02
  0.900000E+01  0.111111E+00  0.209134E+02  0.146283E+02  0.311251E+02
  0.901000E+01  0.110988E+00  0.208948E+02  0.146286E+02  0.311277E+02
  0.902000E+01  0.110865E+00  0.208762E+02  0.146288E+02  0.311302E+02
  0.903000E+01  0.110742E+00  0.208577E+02  0.146291E+02  0.311328E+02
  0.904000E+01  0.110619E+00  0.208393E+02  0.146294E+02  0.311354E+02
  0.905000E+01  0.110497E+00  0.208210E+02  0.146297E+02  0.311379E+02
  0.906000E+01  0.110375E+00  0.208027E+02  0.146300E+02  0.311404E+02
  0.907000E+01  0.110254E+00  0.207845E+02  0.146303E+02  0.311430E+02
  0.908000E+01  0.110132E+00  0.207663E+02  0.146305E+02  0.311455E+02
  0.909000E+01  0.110011E+00  0.207482E+02  0.146308E+02  0.311480E+02
  0.910000E+01  0.109890E+00  0.207302E+02  0.146311E+02  0.311505E+02
  0.911000E+01  0.109769E+00  0.207122E+02  0.146314E+02  0.311530E+02
  0.912000E+01  0.109649E+00  0.206943E+02  0.146316E+02  0.311555E+02
  0.913000E+01  0.109529E+00  0.206764E+02  0.146319E+02  0.311580E+02
  0.914000E+01  0.109409E+00  0.206586E+02  0.146322E+02  0.311605E+02
  0.915000E+01  0.109290E+00  0.206408E+02  0.146324E+02  0.311629E+02
  0.916000E+01  0.109170E+00  0.206232E+02  0.146327E+02  0.311654E+02
  0.917000E+01  0.109051E+00  0.206055E+02  0.146330E+02  0.311679E+02
  0.918000E+01  0.108932E+00  0.205880E+02  0.146333E+02  0.311703E+02
  0.919000E+01  0.108814E+00  0.205705E+02  0.146335E+02  0.311727E+02
  0.920000E+01  0.108696E+00  0.205530E+02  0.146338E+02  0.311752E+02
  0.921000E+01  0.108578E+00  0.205356E+02  0.146340E+02  0.311776E+02
  0.922000E+01  0.108460E+00  0.205183E+02  0.146343E+02  0.311800E+02
  0.923000E+01  0.108342E+00  0.205010E+02  0.146346E+02  0.311824E+02
  0.924000E+01  0.108225E+00  0.204838E+02  0.146348E+02  0.311848E+02
  0.925000E+01  0.108108E+00  0.204666E+02  0.146351E+02  0.311872E+02
  0.926000E+01  0.107991E+00  0.204495E+02  0.146353E+02  0.311896E+02
  0.927000E+01  0.107875E+00  0.204324E+02  0.146356E+02  0.311920E+02
  0.928000E+01  0.107759E+00  0.204154E+02  0.146359E+02  0.311944E+02
  0.929000E+01  0.107643E+00  0.203985E+02  0.146361E+02  0.311967E+02
  0.930000E+01  0.107527E+00  0.203816E+02  0.146364E+02  0.311991E+02
  0.931000E+01  0.107411E+00  0.203648E+02  0.146366E+02  0.312014E+02
  0.932000E+01  0.107296E+00  0.203480E+02  0.146369E+02  0.312038E+02
  0.933000E+01  0.107181E+00  0.203313E+02  0.146371E+02  0.312061E+02
  0.934000E+01  0.107066E+00  0.203146E+02  0.146374E+02  0.312085E+02
  0.935000E+01  0.106952E+00  0.202980E+02  0.146376E+02  0.312108E+02
  0.936000E+01  0.106838E+00  0.202814E+02  0.146379E+02  0.312131E+02
  0.937000E+01  0.106724E+00  0.202649E+02  0.146381E+02  0.312154E+02
  0.938000E+01  0.106610E+00  0.202485E+02  0.146384E+02  0.312177E+02
  0.939000E+01  0.106496E+00  0.202321E+02  0.146386E+02  0.312200E+02
  0.940000E+01  0.106383E+00  0.202157E+02  0.146389E+02  0.312223E+02
  0.941000E+01  0.106270E+00  0.201994E+02  0.146391E+02  0.312246E+02
  0.942000E+01  0.106157E+00  0.201832E+02  0.146393E+02  0.312269E+02
  0.943000E+01  0.106045E+00  0.201670E+02  0.146396E+02  0.312291E+02
  0.944000E+01  0.105932E+00  0.201508E+02  0.146398E+02  0.312314E+02
  0.945000E+01  0.105820E+00  0.201348E+02  0.146401E+02  0.312337E+02
  0.946000E+01  0.105708E+00  0.201187E+02  0.146403E+02  0.312359E+02
  0.947000E+01  0.105597E+00  0.201027E+02  0.146405E+02  0.312382E+02
  0.948000E+01  0.105485E+00  0.200868E+02  0.146408E+02  0.312404E+02
  0.949000E+01  0.105374E+00  0.200709E+02  0.146410E+02  0.312426E+02
  0.950000E+01  0.105263E+00  0.200551E+02  0.146412E+02  0.312449E+02
  0.951000E+01  0.105152E+00  0.200393E+02  0.146415E+02  0.312471E+02
  0.952000E+01  0.105042E+00  0.200235E+02  0.146417E+02  0.312493E+02
  0.953000E+01  0.104932E+00  0.200079E+02  0.146419E+02  0.312515E+02
  0.954000E+01  0.104822E+00  0.199922E+02  0.146422E+02  0.312537E+02
  0.955000E+01  0.104712E+00  0.199766E+02  0.146424E+02  0.312559E+02
  0.956000E+01  0.104603E+00  0.199611E+02  0.146426E+02  0.312581E+02
  0.957000E+01  0.104493E+00  0.199456E+02  0.146429E+02  0.312603E+02
  0.958000E+01  0.104384E+00  0.199302E+02  0.146431E+02  0.312624E+02
  0.959000E+01  0.104275E+00  0.199148E+02  0.146433E+02  0.312646E+02
  0.960000E+01  0.104167E+00  0.198994E+02  0.146435E+02  0.312668E+02
  0.961000E+01  0.104058E+00  0.198841E+02  0.146438E+02  0.312689E+02
  0.962000E+01  0.103950E+00  0.198689E+02  0.146440E+02  0.312711E+02
  0.963000E+01  0.103842E+00  0.198537E+02  0.146442E+02  0.312732E+02
  0.964000E+01  0.103734E+00  0.198385E+02  0.146444E+02  0.312754E+02
  0.965000E+01  0.103627E+00  0.198234E+02  0.146446E+02  0.312775E+02
  0.966000E+01  0.103520E+00  0.198083E+02  0.146449E+02  0.312796E+02
  0.967000E+01  0.103413E+00  0.197933E+02  0.146451E+02  0.312817E+02
  0.968000E+01  0.103306E+00  0.197783E+02  0.146453E+02  0.312838E+02
  0.969000E+01  0.103199E+00  0.197634E+02  0.146455E+02  0.312860E+02
  0.970000E+01  0.103093E+00  0.197485E+02  0.146457E+02  0.312881E+02
  0.971000E+01  0.102987E+00  0.197337E+02  0.146460E+02  0.312901E+02
  0.972000E+01  0.102881E+00  0.197189E+02  0.146462E+02  0.312922E+02
  0.973000E+01  0.102775E+00  0.197042E+02  0.146464E+02  0.312943E+02
  0.974000E+01  0.102669E+00  0.196895E+02  0.146466E+02  0.312964E+02
  0.975000E+01  0.102564E+00  0.196748E+02  0.146468E+02  0.312985E+02
  0.976000E+01  0.102459E+00  0.196602E+02  0.146470E+02  0.313005E+02
  0.977000E+01  0.102354E+00  0.196457E+02  0.146472E+02  0.313026E+02
  0.978000E+01  0.102249E+00  0.196311E+02  0.146474E+02  0.313047E+02
  0.979000E+01  0.102145E+00  0.196167E+02  0.146477E+02  0.313067E+02
  0.980000E+01  0.102041E+00  0.196022E+02  0.146479E+02  0.313088E+02
  0.981000E+01  0.101937E+00  0.195879E+02  0.146481E+02  0.313108E+02
  0.982000E+01  0.101833E+00  0.195735E+02  0.146483E+02  0.313128E+02
  0.983000E+01  0.101729E+00  0.195592E+02  0.146485E+02  0.313148E+02
  0.984000E+01  0.101626E+00  0.195450E+02  0.146487E+02  0.313169E+02
  0.985000E+01  0.101523E+00  0.195307E+02  0.146489E+02  0.313189E+02
  0.986000E+01  0.101420E+00  0.195166E+02  0.146491E+02  0.313209E+02
  0.987000E+01  0.101317E+00  0.195024E+02  0.146493E+02  0.313229E+02
  0.988000E+01  0.101215E+00  0.194884E+02  0.146495E+02  0.313249E+02
  0.989000E+01  0.101112E+00  0.194743E+02  0.146497E+02  0.313269E+02
  0.990000E+01  0.101010E+00  0.194603E+02  0.146499E+02  0.313289E+02
  0.991000E+01  0.100908E+00  0.194464E+02  0.146501E+02  0.313309E+02
  0.992000E+01  0.100806E+00  0.194324E+02  0.146503E+02  0.313328E+02
  0.993000E+01  0.100705E+00  0.194186E+02  0.146505E+02  0.313348E+02
  0.994000E+01  0.100604E+00  0.194047E+02  0.146507E+02  0.313368E+02
  0.995000E+01  0.100503E+00  0.193909E+02  0.146509E+02  0.313387E+02
  0.996000E+01  0.100402E+00  0.193772E+02  0.146511E+02  0.313407E+02
  0.997000E+01  0.100301E+00  0.193635E+02  0.146513E+02  0.313426E+02
  0.998000E+01  0.100200E+00  0.193498E+02  0.146515E+02  0.313446E+02
  0.999000E+01  0.100100E+00  0.193362E+02  0.146517E+02  0.313465E+02
  0.100000E+02  0.100000E+00  0.193226E+02  0.146519E+02  0.313485E+02
