  0.200000E-01  0.500000E+02  0.190676-255  0.795899-255  0.159180-256
  0.300000E-01  0.333333E+02  0.100623-168  0.279882-168  0.839646-170
  0.400000E-01  0.250000E+02  0.240064-125  0.500657-125  0.200263-126
  0.500000E-01  0.200000E+02  0.258972E-99  0.431990E-99  0.215995-100
  0.600000E-01  0.166667E+02  0.590714E-82  0.821029E-82  0.492617E-83
  0.700000E-01  0.142857E+02  0.148413E-69  0.176792E-69  0.123755E-70
  0.800000E-01  0.125000E+02  0.296714E-60  0.309247E-60  0.247398E-61
  0.900000E-01  0.111111E+02  0.509120E-53  0.471640E-53  0.424476E-54
  0.100000E+00  0.100000E+02  0.312397E-47  0.260447E-47  0.260447E-48
  0.110000E+00  0.909091E+01  0.170000E-42  0.128841E-42  0.141725E-43
  0.120000E+00  0.833333E+01  0.150327E-38  0.104433E-38  0.125320E-39
  0.130000E+00  0.769231E+01  0.328515E-35  0.210661E-35  0.273859E-36
  0.140000E+00  0.714286E+01  0.239370E-32  0.142529E-32  0.199541E-33
  0.150000E+00  0.666667E+01  0.724385E-30  0.402561E-30  0.603841E-31
  0.160000E+00  0.625000E+01  0.107349E-27  0.559271E-28  0.894833E-29
  0.170000E+00  0.588235E+01  0.883615E-26  0.433265E-26  0.736550E-27
  0.180000E+00  0.555556E+01  0.445579E-24  0.206341E-24  0.371414E-25
  0.190000E+00  0.526316E+01  0.148723E-22  0.652458E-23  0.123967E-23
  0.200000E+00  0.500000E+01  0.349544E-21  0.145678E-21  0.291357E-22
  0.210000E+00  0.476190E+01  0.608212E-20  0.241410E-20  0.506961E-21
  0.220000E+00  0.454545E+01  0.816285E-19  0.309267E-19  0.680388E-20
  0.230000E+00  0.434783E+01  0.874115E-18  0.316776E-18  0.728585E-19
  0.240000E+00  0.416667E+01  0.768232E-17  0.266802E-17  0.640325E-18
  0.250000E+00  0.400000E+01  0.567424E-16  0.189179E-16  0.472948E-17
  0.260000E+00  0.384615E+01  0.359359E-15  0.115201E-15  0.299523E-16
  0.270000E+00  0.370370E+01  0.198506E-14  0.612787E-15  0.165452E-15
  0.280000E+00  0.357143E+01  0.970521E-14  0.288898E-14  0.808914E-15
  0.290000E+00  0.344828E+01  0.425311E-13  0.126678E-13  0.354488E-14
  0.300000E+00  0.333333E+01  0.168901E-12  0.480351E-13  0.140775E-13
  0.310000E+00  0.322581E+01  0.613646E-12  0.169205E-12  0.511457E-13
  0.320000E+00  0.312500E+01  0.205679E-11  0.549920E-12  0.171427E-12
  0.330000E+00  0.303030E+01  0.640660E-11  0.166249E-11  0.533968E-12
  0.340000E+00  0.294118E+01  0.186656E-10  0.470529E-11  0.155571E-11
  0.350000E+00  0.285714E+01  0.511588E-10  0.125380E-10  0.426388E-11
  0.360000E+00  0.277778E+01  0.132578E-09  0.316148E-10  0.110498E-10
  0.370000E+00  0.270270E+01  0.326342E-09  0.757782E-10  0.271991E-10
  0.380000E+00  0.263158E+01  0.766098E-09  0.173350E-09  0.638506E-10
  0.390000E+00  0.256410E+01  0.172144E-08  0.379838E-09  0.143473E-09
  0.400000E+00  0.250000E+01  0.371465E-08  0.799796E-09  0.309597E-09
  0.410000E+00  0.243902E+01  0.772062E-08  0.162307E-08  0.643472E-09
  0.420000E+00  0.238095E+01  0.154973E-07  0.318293E-08  0.129162E-08
  0.430000E+00  0.232558E+01  0.301153E-07  0.604626E-08  0.250994E-08
  0.440000E+00  0.227273E+01  0.567811E-07  0.111498E-07  0.473237E-08
  0.450000E+00  0.222222E+01  0.104083E-06  0.200001E-07  0.867469E-08
  0.460000E+00  0.217391E+01  0.185829E-06  0.349597E-07  0.154877E-07
  0.470000E+00  0.212766E+01  0.323696E-06  0.596483E-07  0.269779E-07
  0.480000E+00  0.208333E+01  0.550956E-06  0.994907E-07  0.459186E-07
  0.490000E+00  0.204082E+01  0.917636E-06  0.162453E-06  0.764787E-07
  0.500000E+00  0.200000E+01  0.149748E-05  0.260011E-06  0.124805E-06
  0.510000E+00  0.196078E+01  0.239724E-05  0.408403E-06  0.199793E-06
  0.520000E+00  0.192308E+01  0.376881E-05  0.630223E-06  0.314103E-06
  0.530000E+00  0.188679E+01  0.582480E-05  0.956411E-06  0.485454E-06
  0.540000E+00  0.185185E+01  0.885840E-05  0.142872E-05  0.738282E-06
  0.550000E+00  0.181818E+01  0.132681E-04  0.210270E-05  0.110580E-05
  0.560000E+00  0.178571E+01  0.195883E-04  0.305130E-05  0.163254E-05
  0.570000E+00  0.175439E+01  0.285265E-04  0.436913E-05  0.237746E-05
  0.580000E+00  0.172414E+01  0.410083E-04  0.617745E-05  0.341771E-05
  0.590000E+00  0.169492E+01  0.582306E-04  0.862998E-05  0.485305E-05
  0.600000E+00  0.166667E+01  0.817251E-04  0.119195E-04  0.681112E-05
  0.610000E+00  0.163934E+01  0.113432E-03  0.162855E-04  0.945357E-05
  0.620000E+00  0.161290E+01  0.155783E-03  0.220226E-04  0.129832E-04
  0.630000E+00  0.158730E+01  0.211803E-03  0.294900E-04  0.176519E-04
  0.640000E+00  0.156250E+01  0.285217E-03  0.391221E-04  0.237702E-04
  0.650000E+00  0.153846E+01  0.380577E-03  0.514396E-04  0.317175E-04
  0.660000E+00  0.151515E+01  0.503401E-03  0.670626E-04  0.419537E-04
  0.670000E+00  0.149254E+01  0.660329E-03  0.867236E-04  0.550319E-04
  0.680000E+00  0.147059E+01  0.859293E-03  0.111282E-03  0.716133E-04
  0.690000E+00  0.144928E+01  0.110970E-02  0.141740E-03  0.924822E-04
  0.700000E+00  0.142857E+01  0.142266E-02  0.179257E-03  0.118563E-03
  0.710000E+00  0.140845E+01  0.181116E-02  0.225170E-03  0.150939E-03
  0.720000E+00  0.138889E+01  0.229035E-02  0.281008E-03  0.190873E-03
  0.730000E+00  0.136986E+01  0.287775E-02  0.348513E-03  0.239824E-03
  0.740000E+00  0.135135E+01  0.359358E-02  0.429656E-03  0.299476E-03
  0.750000E+00  0.133333E+01  0.446098E-02  0.526660E-03  0.371759E-03
  0.760000E+00  0.131579E+01  0.550634E-02  0.642017E-03  0.458870E-03
  0.770000E+00  0.129870E+01  0.675964E-02  0.778510E-03  0.563306E-03
  0.780000E+00  0.128205E+01  0.825471E-02  0.939231E-03  0.687886E-03
  0.790000E+00  0.126582E+01  0.100296E-01  0.112760E-02  0.835782E-03
  0.800000E+00  0.125000E+01  0.121271E-01  0.134740E-02  0.101055E-02
  0.810000E+00  0.123457E+01  0.145947E-01  0.160276E-02  0.121615E-02
  0.820000E+00  0.121951E+01  0.174853E-01  0.189823E-02  0.145699E-02
  0.830000E+00  0.120482E+01  0.208575E-01  0.223873E-02  0.173794E-02
  0.840000E+00  0.119048E+01  0.247761E-01  0.262964E-02  0.206440E-02
  0.850000E+00  0.117647E+01  0.293120E-01  0.307678E-02  0.244228E-02
  0.860000E+00  0.116279E+01  0.345433E-01  0.358641E-02  0.287806E-02
  0.870000E+00  0.114943E+01  0.405552E-01  0.416528E-02  0.337885E-02
  0.880000E+00  0.113636E+01  0.474405E-01  0.482065E-02  0.395236E-02
  0.890000E+00  0.112360E+01  0.553001E-01  0.556025E-02  0.460698E-02
  0.900000E+00  0.111111E+01  0.642431E-01  0.639236E-02  0.535180E-02
  0.910000E+00  0.109890E+01  0.743875E-01  0.732577E-02  0.619663E-02
  0.920000E+00  0.108696E+01  0.858606E-01  0.836983E-02  0.715204E-02
  0.930000E+00  0.107527E+01  0.987989E-01  0.953442E-02  0.822939E-02
  0.940000E+00  0.106383E+01  0.113349E+00  0.108300E-01  0.944087E-02
  0.950000E+00  0.105263E+01  0.129668E+00  0.122676E-01  0.107995E-01
  0.960000E+00  0.104167E+01  0.147922E+00  0.138587E-01  0.123192E-01
  0.970000E+00  0.103093E+01  0.168291E+00  0.156156E-01  0.140147E-01
  0.980000E+00  0.102041E+01  0.190962E+00  0.175509E-01  0.159018E-01
  0.990000E+00  0.101010E+01  0.216138E+00  0.196780E-01  0.179971E-01
  0.100000E+01  0.100000E+01  0.244029E+00  0.220107E-01  0.203184E-01
  0.101000E+01  0.990099E+00  0.274862E+00  0.245635E-01  0.228841E-01
  0.102000E+01  0.980392E+00  0.308871E+00  0.273514E-01  0.257140E-01
  0.103000E+01  0.970874E+00  0.346305E+00  0.303899E-01  0.288287E-01
  0.104000E+01  0.961538E+00  0.387427E+00  0.336952E-01  0.322499E-01
  0.105000E+01  0.952381E+00  0.432509E+00  0.372840E-01  0.360004E-01
  0.106000E+01  0.943396E+00  0.481839E+00  0.411734E-01  0.401040E-01
  0.107000E+01  0.934579E+00  0.535715E+00  0.453812E-01  0.445856E-01
  0.108000E+01  0.925926E+00  0.594450E+00  0.499256E-01  0.494711E-01
  0.109000E+01  0.917431E+00  0.658368E+00  0.548254E-01  0.547877E-01
  0.110000E+01  0.909091E+00  0.727809E+00  0.600997E-01  0.605634E-01
  0.111000E+01  0.900901E+00  0.803122E+00  0.657683E-01  0.668275E-01
  0.112000E+01  0.892857E+00  0.884670E+00  0.718512E-01  0.736103E-01
  0.113000E+01  0.884956E+00  0.972830E+00  0.783690E-01  0.809432E-01
  0.114000E+01  0.877193E+00  0.106799E+01  0.853426E-01  0.888587E-01
  0.115000E+01  0.869565E+00  0.117055E+01  0.927934E-01  0.973902E-01
  0.116000E+01  0.862069E+00  0.128092E+01  0.100743E+00  0.106572E+00
  0.117000E+01  0.854701E+00  0.139952E+01  0.109213E+00  0.116441E+00
  0.118000E+01  0.847458E+00  0.152680E+01  0.118227E+00  0.127032E+00
  0.119000E+01  0.840336E+00  0.166319E+01  0.127806E+00  0.138384E+00
  0.120000E+01  0.833333E+00  0.180915E+01  0.137974E+00  0.150535E+00
  0.121000E+01  0.826446E+00  0.196514E+01  0.148753E+00  0.163524E+00
  0.122000E+01  0.819672E+00  0.213164E+01  0.160167E+00  0.177393E+00
  0.123000E+01  0.813008E+00  0.230913E+01  0.172239E+00  0.192182E+00
  0.124000E+01  0.806452E+00  0.249810E+01  0.184993E+00  0.207933E+00
  0.125000E+01  0.800000E+00  0.269904E+01  0.198451E+00  0.224690E+00
  0.126000E+01  0.793651E+00  0.291247E+01  0.212639E+00  0.242495E+00
  0.127000E+01  0.787402E+00  0.313888E+01  0.227578E+00  0.261395E+00
  0.128000E+01  0.781250E+00  0.337879E+01  0.243294E+00  0.281433E+00
  0.129000E+01  0.775194E+00  0.363271E+01  0.259809E+00  0.302655E+00
  0.130000E+01  0.769231E+00  0.390117E+01  0.277146E+00  0.325108E+00
  0.131000E+01  0.763359E+00  0.418467E+01  0.295330E+00  0.348838E+00
  0.132000E+01  0.757576E+00  0.448374E+01  0.314383E+00  0.373893E+00
  0.133000E+01  0.751880E+00  0.479888E+01  0.334327E+00  0.400321E+00
  0.134000E+01  0.746269E+00  0.513063E+01  0.355186E+00  0.428168E+00
  0.135000E+01  0.740741E+00  0.547948E+01  0.376981E+00  0.457483E+00
  0.136000E+01  0.735294E+00  0.584594E+01  0.399735E+00  0.488315E+00
  0.137000E+01  0.729927E+00  0.623051E+01  0.423469E+00  0.520712E+00
  0.138000E+01  0.724638E+00  0.663367E+01  0.448203E+00  0.554723E+00
  0.139000E+01  0.719424E+00  0.705590E+01  0.473958E+00  0.590395E+00
  0.140000E+01  0.714286E+00  0.749767E+01  0.500755E+00  0.627778E+00
  0.141000E+01  0.709220E+00  0.795944E+01  0.528613E+00  0.666918E+00
  0.142000E+01  0.704225E+00  0.844164E+01  0.557549E+00  0.707864E+00
  0.143000E+01  0.699301E+00  0.894470E+01  0.587583E+00  0.750664E+00
  0.144000E+01  0.694444E+00  0.946902E+01  0.618732E+00  0.795363E+00
  0.145000E+01  0.689655E+00  0.100150E+02  0.651012E+00  0.842008E+00
  0.146000E+01  0.684932E+00  0.105830E+02  0.684439E+00  0.890645E+00
  0.147000E+01  0.680272E+00  0.111733E+02  0.719027E+00  0.941319E+00
  0.148000E+01  0.675676E+00  0.117863E+02  0.754792E+00  0.994073E+00
  0.149000E+01  0.671141E+00  0.124223E+02  0.791747E+00  0.104895E+01
  0.150000E+01  0.666667E+00  0.130815E+02  0.829902E+00  0.110599E+01
  0.151000E+01  0.662252E+00  0.137642E+02  0.869270E+00  0.116524E+01
  0.152000E+01  0.657895E+00  0.144705E+02  0.909861E+00  0.122674E+01
  0.153000E+01  0.653595E+00  0.152007E+02  0.951684E+00  0.129052E+01
  0.154000E+01  0.649351E+00  0.159549E+02  0.994747E+00  0.135662E+01
  0.155000E+01  0.645161E+00  0.167332E+02  0.103906E+01  0.142508E+01
  0.156000E+01  0.641026E+00  0.175357E+02  0.108462E+01  0.149593E+01
  0.157000E+01  0.636943E+00  0.183624E+02  0.113144E+01  0.156921E+01
  0.158000E+01  0.632911E+00  0.192133E+02  0.117952E+01  0.164493E+01
  0.159000E+01  0.628931E+00  0.200884E+02  0.122886E+01  0.172314E+01
  0.160000E+01  0.625000E+00  0.209875E+02  0.127947E+01  0.180386E+01
  0.161000E+01  0.621118E+00  0.219107E+02  0.133134E+01  0.188712E+01
  0.162000E+01  0.617284E+00  0.228577E+02  0.138447E+01  0.197293E+01
  0.163000E+01  0.613497E+00  0.238284E+02  0.143886E+01  0.206132E+01
  0.164000E+01  0.609756E+00  0.248224E+02  0.149451E+01  0.215230E+01
  0.165000E+01  0.606061E+00  0.258397E+02  0.155141E+01  0.224590E+01
  0.166000E+01  0.602410E+00  0.268797E+02  0.160956E+01  0.234213E+01
  0.167000E+01  0.598802E+00  0.279422E+02  0.166893E+01  0.244100E+01
  0.168000E+01  0.595238E+00  0.290268E+02  0.172954E+01  0.254252E+01
  0.169000E+01  0.591716E+00  0.301331E+02  0.179136E+01  0.264669E+01
  0.170000E+01  0.588235E+00  0.312606E+02  0.185439E+01  0.275353E+01
  0.171000E+01  0.584795E+00  0.324088E+02  0.191862E+01  0.286303E+01
  0.172000E+01  0.581395E+00  0.335771E+02  0.198402E+01  0.297519E+01
  0.173000E+01  0.578035E+00  0.347650E+02  0.205059E+01  0.309002E+01
  0.174000E+01  0.574713E+00  0.359719E+02  0.211830E+01  0.320751E+01
  0.175000E+01  0.571429E+00  0.371970E+02  0.218715E+01  0.332764E+01
  0.176000E+01  0.568182E+00  0.384399E+02  0.225711E+01  0.345042E+01
  0.177000E+01  0.564972E+00  0.396996E+02  0.232816E+01  0.357583E+01
  0.178000E+01  0.561798E+00  0.409756E+02  0.240028E+01  0.370385E+01
  0.179000E+01  0.558659E+00  0.422670E+02  0.247346E+01  0.383448E+01
  0.180000E+01  0.555556E+00  0.435730E+02  0.254767E+01  0.396768E+01
  0.181000E+01  0.552486E+00  0.448929E+02  0.262288E+01  0.410344E+01
  0.182000E+01  0.549451E+00  0.462257E+02  0.269908E+01  0.424173E+01
  0.183000E+01  0.546448E+00  0.475707E+02  0.277623E+01  0.438254E+01
  0.184000E+01  0.543478E+00  0.489269E+02  0.285431E+01  0.452582E+01
  0.185000E+01  0.540541E+00  0.502935E+02  0.293330E+01  0.467156E+01
  0.186000E+01  0.537634E+00  0.516695E+02  0.301317E+01  0.481971E+01
  0.187000E+01  0.534759E+00  0.530539E+02  0.309388E+01  0.497025E+01
  0.188000E+01  0.531915E+00  0.544459E+02  0.317542E+01  0.512313E+01
  0.189000E+01  0.529101E+00  0.558445E+02  0.325775E+01  0.527832E+01
  0.190000E+01  0.526316E+00  0.572488E+02  0.334084E+01  0.543579E+01
  0.191000E+01  0.523560E+00  0.586576E+02  0.342467E+01  0.559548E+01
  0.192000E+01  0.520833E+00  0.600702E+02  0.350920E+01  0.575735E+01
  0.193000E+01  0.518135E+00  0.614854E+02  0.359440E+01  0.592136E+01
  0.194000E+01  0.515464E+00  0.629023E+02  0.368024E+01  0.608747E+01
  0.195000E+01  0.512821E+00  0.643199E+02  0.376669E+01  0.625561E+01
  0.196000E+01  0.510204E+00  0.657372E+02  0.385372E+01  0.642575E+01
  0.197000E+01  0.507614E+00  0.671533E+02  0.394129E+01  0.659784E+01
  0.198000E+01  0.505051E+00  0.685670E+02  0.402938E+01  0.677181E+01
  0.199000E+01  0.502513E+00  0.699775E+02  0.411795E+01  0.694761E+01
  0.200000E+01  0.500000E+00  0.713837E+02  0.420696E+01  0.712520E+01
  0.201000E+01  0.497512E+00  0.727848E+02  0.429640E+01  0.730451E+01
  0.202000E+01  0.495050E+00  0.741796E+02  0.438621E+01  0.748549E+01
  0.203000E+01  0.492611E+00  0.755673E+02  0.447638E+01  0.766808E+01
  0.204000E+01  0.490196E+00  0.769470E+02  0.456687E+01  0.785223E+01
  0.205000E+01  0.487805E+00  0.783176E+02  0.465764E+01  0.803786E+01
  0.206000E+01  0.485437E+00  0.796783E+02  0.474867E+01  0.822493E+01
  0.207000E+01  0.483092E+00  0.810281E+02  0.483992E+01  0.841336E+01
  0.208000E+01  0.480769E+00  0.823662E+02  0.493137E+01  0.860311E+01
  0.209000E+01  0.478469E+00  0.836916E+02  0.502297E+01  0.879410E+01
  0.210000E+01  0.476190E+00  0.850036E+02  0.511470E+01  0.898628E+01
  0.211000E+01  0.473934E+00  0.863013E+02  0.520653E+01  0.917958E+01
  0.212000E+01  0.471698E+00  0.875838E+02  0.529843E+01  0.937395E+01
  0.213000E+01  0.469484E+00  0.888503E+02  0.539037E+01  0.956931E+01
  0.214000E+01  0.467290E+00  0.901002E+02  0.548231E+01  0.976561E+01
  0.215000E+01  0.465116E+00  0.913325E+02  0.557423E+01  0.996277E+01
  0.216000E+01  0.462963E+00  0.925465E+02  0.566610E+01  0.101607E+02
  0.217000E+01  0.460829E+00  0.937416E+02  0.575789E+01  0.103595E+02
  0.218000E+01  0.458716E+00  0.949170E+02  0.584957E+01  0.105589E+02
  0.219000E+01  0.456621E+00  0.960721E+02  0.594111E+01  0.107589E+02
  0.220000E+01  0.454545E+00  0.972062E+02  0.603249E+01  0.109595E+02
  0.221000E+01  0.452489E+00  0.983187E+02  0.612368E+01  0.111606E+02
  0.222000E+01  0.450450E+00  0.994090E+02  0.621466E+01  0.113621E+02
  0.223000E+01  0.448430E+00  0.100477E+03  0.630539E+01  0.115639E+02
  0.224000E+01  0.446429E+00  0.101521E+03  0.639586E+01  0.117661E+02
  0.225000E+01  0.444444E+00  0.102541E+03  0.648603E+01  0.119686E+02
  0.226000E+01  0.442478E+00  0.103537E+03  0.657590E+01  0.121712E+02
  0.227000E+01  0.440529E+00  0.104509E+03  0.666542E+01  0.123740E+02
  0.228000E+01  0.438596E+00  0.105455E+03  0.675458E+01  0.125768E+02
  0.229000E+01  0.436681E+00  0.106376E+03  0.684336E+01  0.127797E+02
  0.230000E+01  0.434783E+00  0.107270E+03  0.693173E+01  0.129825E+02
  0.231000E+01  0.432900E+00  0.108139E+03  0.701968E+01  0.131852E+02
  0.232000E+01  0.431034E+00  0.108981E+03  0.710719E+01  0.133878E+02
  0.233000E+01  0.429185E+00  0.109796E+03  0.719422E+01  0.135902E+02
  0.234000E+01  0.427350E+00  0.110584E+03  0.728078E+01  0.137923E+02
  0.235000E+01  0.425532E+00  0.111344E+03  0.736683E+01  0.139941E+02
  0.236000E+01  0.423729E+00  0.112077E+03  0.745236E+01  0.141955E+02
  0.237000E+01  0.421941E+00  0.112783E+03  0.753736E+01  0.143965E+02
  0.238000E+01  0.420168E+00  0.113461E+03  0.762180E+01  0.145971E+02
  0.239000E+01  0.418410E+00  0.114111E+03  0.770568E+01  0.147971E+02
  0.240000E+01  0.416667E+00  0.114733E+03  0.778897E+01  0.149966E+02
  0.241000E+01  0.414938E+00  0.115327E+03  0.787166E+01  0.151955E+02
  0.242000E+01  0.413223E+00  0.115893E+03  0.795375E+01  0.153937E+02
  0.243000E+01  0.411523E+00  0.116431E+03  0.803521E+01  0.155912E+02
  0.244000E+01  0.409836E+00  0.116942E+03  0.811603E+01  0.157880E+02
  0.245000E+01  0.408163E+00  0.117424E+03  0.819620E+01  0.159841E+02
  0.246000E+01  0.406504E+00  0.117879E+03  0.827572E+01  0.161793E+02
  0.247000E+01  0.404858E+00  0.118307E+03  0.835457E+01  0.163736E+02
  0.248000E+01  0.403226E+00  0.118706E+03  0.843273E+01  0.165671E+02
  0.249000E+01  0.401606E+00  0.119079E+03  0.851021E+01  0.167596E+02
  0.250000E+01  0.400000E+00  0.119425E+03  0.858700E+01  0.169512E+02
  0.251000E+01  0.398406E+00  0.119744E+03  0.866308E+01  0.171418E+02
  0.252000E+01  0.396825E+00  0.120037E+03  0.873844E+01  0.173313E+02
  0.253000E+01  0.395257E+00  0.120303E+03  0.881309E+01  0.175198E+02
  0.254000E+01  0.393701E+00  0.120543E+03  0.888702E+01  0.177072E+02
  0.255000E+01  0.392157E+00  0.120758E+03  0.896021E+01  0.178935E+02
  0.256000E+01  0.390625E+00  0.120947E+03  0.903267E+01  0.180786E+02
  0.257000E+01  0.389105E+00  0.121111E+03  0.910439E+01  0.182626E+02
  0.258000E+01  0.387597E+00  0.121251E+03  0.917536E+01  0.184453E+02
  0.259000E+01  0.386100E+00  0.121367E+03  0.924559E+01  0.186269E+02
  0.260000E+01  0.384615E+00  0.121458E+03  0.931507E+01  0.188072E+02
  0.261000E+01  0.383142E+00  0.121527E+03  0.938380E+01  0.189862E+02
  0.262000E+01  0.381679E+00  0.121572E+03  0.945178E+01  0.191640E+02
  0.263000E+01  0.380228E+00  0.121595E+03  0.951900E+01  0.193404E+02
  0.264000E+01  0.378788E+00  0.121595E+03  0.958546E+01  0.195156E+02
  0.265000E+01  0.377358E+00  0.121574E+03  0.965117E+01  0.196894E+02
  0.266000E+01  0.375940E+00  0.121532E+03  0.971612E+01  0.198618E+02
  0.267000E+01  0.374532E+00  0.121469E+03  0.978031E+01  0.200329E+02
  0.268000E+01  0.373134E+00  0.121385E+03  0.984375E+01  0.202026E+02
  0.269000E+01  0.371747E+00  0.121282E+03  0.990643E+01  0.203709E+02
  0.270000E+01  0.370370E+00  0.121160E+03  0.996837E+01  0.205378E+02
  0.271000E+01  0.369004E+00  0.121019E+03  0.100295E+02  0.207033E+02
  0.272000E+01  0.367647E+00  0.120859E+03  0.100900E+02  0.208673E+02
  0.273000E+01  0.366300E+00  0.120682E+03  0.101497E+02  0.210300E+02
  0.274000E+01  0.364964E+00  0.120487E+03  0.102086E+02  0.211912E+02
  0.275000E+01  0.363636E+00  0.120275E+03  0.102668E+02  0.213510E+02
  0.276000E+01  0.362319E+00  0.120047E+03  0.103243E+02  0.215093E+02
  0.277000E+01  0.361011E+00  0.119803E+03  0.103810E+02  0.216661E+02
  0.278000E+01  0.359712E+00  0.119544E+03  0.104370E+02  0.218216E+02
  0.279000E+01  0.358423E+00  0.119270E+03  0.104923E+02  0.219755E+02
  0.280000E+01  0.357143E+00  0.118982E+03  0.105468E+02  0.221280E+02
  0.281000E+01  0.355872E+00  0.118679E+03  0.106007E+02  0.222790E+02
  0.282000E+01  0.354610E+00  0.118364E+03  0.106538E+02  0.224286E+02
  0.283000E+01  0.353357E+00  0.118035E+03  0.107063E+02  0.225767E+02
  0.284000E+01  0.352113E+00  0.117694E+03  0.107580E+02  0.227234E+02
  0.285000E+01  0.350877E+00  0.117341E+03  0.108090E+02  0.228686E+02
  0.286000E+01  0.349650E+00  0.116976E+03  0.108594E+02  0.230123E+02
  0.287000E+01  0.348432E+00  0.116601E+03  0.109090E+02  0.231546E+02
  0.288000E+01  0.347222E+00  0.116215E+03  0.109580E+02  0.232954E+02
  0.289000E+01  0.346021E+00  0.115818E+03  0.110063E+02  0.234348E+02
  0.290000E+01  0.344828E+00  0.115412E+03  0.110540E+02  0.235728E+02
  0.291000E+01  0.343643E+00  0.114997E+03  0.111010E+02  0.237093E+02
  0.292000E+01  0.342466E+00  0.114573E+03  0.111473E+02  0.238444E+02
  0.293000E+01  0.341297E+00  0.114140E+03  0.111930E+02  0.239780E+02
  0.294000E+01  0.340136E+00  0.113699E+03  0.112381E+02  0.241103E+02
  0.295000E+01  0.338983E+00  0.113251E+03  0.112825E+02  0.242411E+02
  0.296000E+01  0.337838E+00  0.112795E+03  0.113263E+02  0.243705E+02
  0.297000E+01  0.336700E+00  0.112333E+03  0.113695E+02  0.244986E+02
  0.298000E+01  0.335570E+00  0.111864E+03  0.114121E+02  0.246252E+02
  0.299000E+01  0.334448E+00  0.111389E+03  0.114540E+02  0.247505E+02
  0.300000E+01  0.333333E+00  0.110908E+03  0.114954E+02  0.248744E+02
  0.301000E+01  0.332226E+00  0.110422E+03  0.115362E+02  0.249970E+02
  0.302000E+01  0.331126E+00  0.109930E+03  0.115764E+02  0.251182E+02
  0.303000E+01  0.330033E+00  0.109434E+03  0.116160E+02  0.252381E+02
  0.304000E+01  0.328947E+00  0.108934E+03  0.116551E+02  0.253566E+02
  0.305000E+01  0.327869E+00  0.108430E+03  0.116936E+02  0.254738E+02
  0.306000E+01  0.326797E+00  0.107921E+03  0.117315E+02  0.255897E+02
  0.307000E+01  0.325733E+00  0.107410E+03  0.117689E+02  0.257043E+02
  0.308000E+01  0.324675E+00  0.106895E+03  0.118057E+02  0.258176E+02
  0.309000E+01  0.323625E+00  0.106377E+03  0.118421E+02  0.259297E+02
  0.310000E+01  0.322581E+00  0.105856E+03  0.118779E+02  0.260405E+02
  0.311000E+01  0.321543E+00  0.105333E+03  0.119131E+02  0.261500E+02
  0.312000E+01  0.320513E+00  0.104808E+03  0.119479E+02  0.262583E+02
  0.313000E+01  0.319489E+00  0.104281E+03  0.119822E+02  0.263653E+02
  0.314000E+01  0.318471E+00  0.103753E+03  0.120159E+02  0.264712E+02
  0.315000E+01  0.317460E+00  0.103223E+03  0.120492E+02  0.265758E+02
  0.316000E+01  0.316456E+00  0.102692E+03  0.120820E+02  0.266792E+02
  0.317000E+01  0.315457E+00  0.102160E+03  0.121143E+02  0.267815E+02
  0.318000E+01  0.314465E+00  0.101627E+03  0.121461E+02  0.268826E+02
  0.319000E+01  0.313480E+00  0.101094E+03  0.121775E+02  0.269825E+02
  0.320000E+01  0.312500E+00  0.100560E+03  0.122084E+02  0.270813E+02
  0.321000E+01  0.311526E+00  0.100026E+03  0.122389E+02  0.271789E+02
  0.322000E+01  0.310559E+00  0.994925E+02  0.122689E+02  0.272754E+02
  0.323000E+01  0.309598E+00  0.989589E+02  0.122985E+02  0.273708E+02
  0.324000E+01  0.308642E+00  0.984257E+02  0.123276E+02  0.274651E+02
  0.325000E+01  0.307692E+00  0.978929E+02  0.123563E+02  0.275583E+02
  0.326000E+01  0.306748E+00  0.973609E+02  0.123847E+02  0.276505E+02
  0.327000E+01  0.305810E+00  0.968296E+02  0.124126E+02  0.277416E+02
  0.328000E+01  0.304878E+00  0.962994E+02  0.124400E+02  0.278316E+02
  0.329000E+01  0.303951E+00  0.957702E+02  0.124671E+02  0.279206E+02
  0.330000E+01  0.303030E+00  0.952423E+02  0.124938E+02  0.280086E+02
  0.331000E+01  0.302115E+00  0.947157E+02  0.125201E+02  0.280955E+02
  0.332000E+01  0.301205E+00  0.941906E+02  0.125461E+02  0.281815E+02
  0.333000E+01  0.300300E+00  0.936671E+02  0.125716E+02  0.282664E+02
  0.334000E+01  0.299401E+00  0.931453E+02  0.125968E+02  0.283504E+02
  0.335000E+01  0.298507E+00  0.926252E+02  0.126216E+02  0.284334E+02
  0.336000E+01  0.297619E+00  0.921071E+02  0.126461E+02  0.285155E+02
  0.337000E+01  0.296736E+00  0.915910E+02  0.126702E+02  0.285966E+02
  0.338000E+01  0.295858E+00  0.910769E+02  0.126939E+02  0.286768E+02
  0.339000E+01  0.294985E+00  0.905650E+02  0.127174E+02  0.287560E+02
  0.340000E+01  0.294118E+00  0.900554E+02  0.127404E+02  0.288344E+02
  0.341000E+01  0.293255E+00  0.895480E+02  0.127632E+02  0.289119E+02
  0.342000E+01  0.292398E+00  0.890431E+02  0.127856E+02  0.289884E+02
  0.343000E+01  0.291545E+00  0.885406E+02  0.128077E+02  0.290641E+02
  0.344000E+01  0.290698E+00  0.880407E+02  0.128295E+02  0.291389E+02
  0.345000E+01  0.289855E+00  0.875433E+02  0.128510E+02  0.292129E+02
  0.346000E+01  0.289017E+00  0.870486E+02  0.128721E+02  0.292860E+02
  0.347000E+01  0.288184E+00  0.865565E+02  0.128930E+02  0.293583E+02
  0.348000E+01  0.287356E+00  0.860673E+02  0.129136E+02  0.294298E+02
  0.349000E+01  0.286533E+00  0.855808E+02  0.129338E+02  0.295005E+02
  0.350000E+01  0.285714E+00  0.850971E+02  0.129538E+02  0.295703E+02
  0.351000E+01  0.284900E+00  0.846163E+02  0.129735E+02  0.296394E+02
  0.352000E+01  0.284091E+00  0.841384E+02  0.129930E+02  0.297077E+02
  0.353000E+01  0.283286E+00  0.836635E+02  0.130121E+02  0.297752E+02
  0.354000E+01  0.282486E+00  0.831915E+02  0.130310E+02  0.298420E+02
  0.355000E+01  0.281690E+00  0.827226E+02  0.130496E+02  0.299080E+02
  0.356000E+01  0.280899E+00  0.822566E+02  0.130680E+02  0.299733E+02
  0.357000E+01  0.280112E+00  0.817938E+02  0.130861E+02  0.300378E+02
  0.358000E+01  0.279330E+00  0.813340E+02  0.131039E+02  0.301016E+02
  0.359000E+01  0.278552E+00  0.808773E+02  0.131215E+02  0.301647E+02
  0.360000E+01  0.277778E+00  0.804238E+02  0.131389E+02  0.302271E+02
  0.361000E+01  0.277008E+00  0.799734E+02  0.131560E+02  0.302889E+02
  0.362000E+01  0.276243E+00  0.795261E+02  0.131729E+02  0.303499E+02
  0.363000E+01  0.275482E+00  0.790820E+02  0.131896E+02  0.304102E+02
  0.364000E+01  0.274725E+00  0.786411E+02  0.132060E+02  0.304699E+02
  0.365000E+01  0.273973E+00  0.782033E+02  0.132222E+02  0.305289E+02
  0.366000E+01  0.273224E+00  0.777688E+02  0.132381E+02  0.305873E+02
  0.367000E+01  0.272480E+00  0.773374E+02  0.132539E+02  0.306451E+02
  0.368000E+01  0.271739E+00  0.769092E+02  0.132694E+02  0.307022E+02
  0.369000E+01  0.271003E+00  0.764842E+02  0.132848E+02  0.307586E+02
  0.370000E+01  0.270270E+00  0.760624E+02  0.132999E+02  0.308145E+02
  0.371000E+01  0.269542E+00  0.756439E+02  0.133148E+02  0.308698E+02
  0.372000E+01  0.268817E+00  0.752285E+02  0.133295E+02  0.309244E+02
  0.373000E+01  0.268097E+00  0.748163E+02  0.133440E+02  0.309785E+02
  0.374000E+01  0.267380E+00  0.744073E+02  0.133583E+02  0.310320E+02
  0.375000E+01  0.266667E+00  0.740015E+02  0.133725E+02  0.310849E+02
  0.376000E+01  0.265957E+00  0.735989E+02  0.133864E+02  0.311372E+02
  0.377000E+01  0.265252E+00  0.731994E+02  0.134002E+02  0.311890E+02
  0.378000E+01  0.264550E+00  0.728031E+02  0.134137E+02  0.312402E+02
  0.379000E+01  0.263852E+00  0.724100E+02  0.134271E+02  0.312909E+02
  0.380000E+01  0.263158E+00  0.720200E+02  0.134403E+02  0.313411E+02
  0.381000E+01  0.262467E+00  0.716331E+02  0.134534E+02  0.313907E+02
  0.382000E+01  0.261780E+00  0.712494E+02  0.134662E+02  0.314398E+02
  0.383000E+01  0.261097E+00  0.708687E+02  0.134789E+02  0.314883E+02
  0.384000E+01  0.260417E+00  0.704912E+02  0.134915E+02  0.315364E+02
  0.385000E+01  0.259740E+00  0.701168E+02  0.135038E+02  0.315839E+02
  0.386000E+01  0.259067E+00  0.697454E+02  0.135160E+02  0.316310E+02
  0.387000E+01  0.258398E+00  0.693770E+02  0.135281E+02  0.316776E+02
  0.388000E+01  0.257732E+00  0.690118E+02  0.135400E+02  0.317236E+02
  0.389000E+01  0.257069E+00  0.686495E+02  0.135517E+02  0.317692E+02
  0.390000E+01  0.256410E+00  0.682902E+02  0.135633E+02  0.318144E+02
  0.391000E+01  0.255754E+00  0.679340E+02  0.135747E+02  0.318590E+02
  0.392000E+01  0.255102E+00  0.675807E+02  0.135860E+02  0.319033E+02
  0.393000E+01  0.254453E+00  0.672303E+02  0.135972E+02  0.319470E+02
  0.394000E+01  0.253807E+00  0.668829E+02  0.136082E+02  0.319903E+02
  0.395000E+01  0.253165E+00  0.665385E+02  0.136191E+02  0.320332E+02
  0.396000E+01  0.252525E+00  0.661969E+02  0.136298E+02  0.320756E+02
  0.397000E+01  0.251889E+00  0.658582E+02  0.136404E+02  0.321176E+02
  0.398000E+01  0.251256E+00  0.655223E+02  0.136508E+02  0.321592E+02
  0.399000E+01  0.250627E+00  0.651893E+02  0.136612E+02  0.322003E+02
  0.400000E+01  0.250000E+00  0.648592E+02  0.136714E+02  0.322411E+02
  0.401000E+01  0.249377E+00  0.645318E+02  0.136814E+02  0.322814E+02
  0.402000E+01  0.248756E+00  0.642072E+02  0.136914E+02  0.323213E+02
  0.403000E+01  0.248139E+00  0.638854E+02  0.137012E+02  0.323609E+02
  0.404000E+01  0.247525E+00  0.635663E+02  0.137109E+02  0.324000E+02
  0.405000E+01  0.246914E+00  0.632499E+02  0.137205E+02  0.324388E+02
  0.406000E+01  0.246305E+00  0.629363E+02  0.137299E+02  0.324771E+02
  0.407000E+01  0.245700E+00  0.626253E+02  0.137393E+02  0.325151E+02
  0.408000E+01  0.245098E+00  0.623170E+02  0.137485E+02  0.325528E+02
  0.409000E+01  0.244499E+00  0.620113E+02  0.137576E+02  0.325900E+02
  0.410000E+01  0.243902E+00  0.617082E+02  0.137667E+02  0.326269E+02
  0.411000E+01  0.243309E+00  0.614077E+02  0.137756E+02  0.326634E+02
  0.412000E+01  0.242718E+00  0.611098E+02  0.137843E+02  0.326996E+02
  0.413000E+01  0.242131E+00  0.608145E+02  0.137930E+02  0.327354E+02
  0.414000E+01  0.241546E+00  0.605217E+02  0.138016E+02  0.327709E+02
  0.415000E+01  0.240964E+00  0.602314E+02  0.138101E+02  0.328061E+02
  0.416000E+01  0.240385E+00  0.599435E+02  0.138185E+02  0.328409E+02
  0.417000E+01  0.239808E+00  0.596582E+02  0.138267E+02  0.328753E+02
  0.418000E+01  0.239234E+00  0.593753E+02  0.138349E+02  0.329095E+02
  0.419000E+01  0.238663E+00  0.590948E+02  0.138430E+02  0.329433E+02
  0.420000E+01  0.238095E+00  0.588167E+02  0.138510E+02  0.329768E+02
  0.421000E+01  0.237530E+00  0.585410E+02  0.138589E+02  0.330100E+02
  0.422000E+01  0.236967E+00  0.582677E+02  0.138667E+02  0.330429E+02
  0.423000E+01  0.236407E+00  0.579967E+02  0.138744E+02  0.330754E+02
  0.424000E+01  0.235849E+00  0.577281E+02  0.138820E+02  0.331077E+02
  0.425000E+01  0.235294E+00  0.574617E+02  0.138895E+02  0.331396E+02
  0.426000E+01  0.234742E+00  0.571976E+02  0.138970E+02  0.331713E+02
  0.427000E+01  0.234192E+00  0.569358E+02  0.139043E+02  0.332027E+02
  0.428000E+01  0.233645E+00  0.566762E+02  0.139116E+02  0.332338E+02
  0.429000E+01  0.233100E+00  0.564188E+02  0.139188E+02  0.332646E+02
  0.430000E+01  0.232558E+00  0.561636E+02  0.139259E+02  0.332951E+02
  0.431000E+01  0.232019E+00  0.559106E+02  0.139329E+02  0.333253E+02
  0.432000E+01  0.231481E+00  0.556597E+02  0.139399E+02  0.333553E+02
  0.433000E+01  0.230947E+00  0.554110E+02  0.139467E+02  0.333850E+02
  0.434000E+01  0.230415E+00  0.551644E+02  0.139535E+02  0.334144E+02
  0.435000E+01  0.229885E+00  0.549199E+02  0.139602E+02  0.334435E+02
  0.436000E+01  0.229358E+00  0.546774E+02  0.139669E+02  0.334724E+02
  0.437000E+01  0.228833E+00  0.544371E+02  0.139734E+02  0.335011E+02
  0.438000E+01  0.228311E+00  0.541987E+02  0.139799E+02  0.335294E+02
  0.439000E+01  0.227790E+00  0.539624E+02  0.139863E+02  0.335576E+02
  0.440000E+01  0.227273E+00  0.537281E+02  0.139927E+02  0.335854E+02
  0.441000E+01  0.226757E+00  0.534957E+02  0.139989E+02  0.336131E+02
  0.442000E+01  0.226244E+00  0.532653E+02  0.140051E+02  0.336405E+02
  0.443000E+01  0.225734E+00  0.530369E+02  0.140113E+02  0.336676E+02
  0.444000E+01  0.225225E+00  0.528103E+02  0.140173E+02  0.336945E+02
  0.445000E+01  0.224719E+00  0.525857E+02  0.140233E+02  0.337212E+02
  0.446000E+01  0.224215E+00  0.523630E+02  0.140293E+02  0.337476E+02
  0.447000E+01  0.223714E+00  0.521421E+02  0.140351E+02  0.337738E+02
  0.448000E+01  0.223214E+00  0.519230E+02  0.140409E+02  0.337998E+02
  0.449000E+01  0.222717E+00  0.517058E+02  0.140467E+02  0.338256E+02
  0.450000E+01  0.222222E+00  0.514904E+02  0.140524E+02  0.338511E+02
  0.451000E+01  0.221729E+00  0.512769E+02  0.140580E+02  0.338764E+02
  0.452000E+01  0.221239E+00  0.510650E+02  0.140636E+02  0.339015E+02
  0.453000E+01  0.220751E+00  0.508550E+02  0.140691E+02  0.339264E+02
  0.454000E+01  0.220264E+00  0.506467E+02  0.140745E+02  0.339511E+02
  0.455000E+01  0.219780E+00  0.504401E+02  0.140799E+02  0.339756E+02
  0.456000E+01  0.219298E+00  0.502352E+02  0.140852E+02  0.339998E+02
  0.457000E+01  0.218818E+00  0.500320E+02  0.140905E+02  0.340239E+02
  0.458000E+01  0.218341E+00  0.498305E+02  0.140957E+02  0.340477E+02
  0.459000E+01  0.217865E+00  0.496306E+02  0.141008E+02  0.340714E+02
  0.460000E+01  0.217391E+00  0.494324E+02  0.141060E+02  0.340949E+02
  0.461000E+01  0.216920E+00  0.492358E+02  0.141110E+02  0.341181E+02
  0.462000E+01  0.216450E+00  0.490408E+02  0.141160E+02  0.341412E+02
  0.463000E+01  0.215983E+00  0.488474E+02  0.141209E+02  0.341641E+02
  0.464000E+01  0.215517E+00  0.486556E+02  0.141258E+02  0.341868E+02
  0.465000E+01  0.215054E+00  0.484654E+02  0.141307E+02  0.342093E+02
  0.466000E+01  0.214592E+00  0.482767E+02  0.141355E+02  0.342316E+02
  0.467000E+01  0.214133E+00  0.480895E+02  0.141402E+02  0.342537E+02
  0.468000E+01  0.213675E+00  0.479038E+02  0.141449E+02  0.342757E+02
  0.469000E+01  0.213220E+00  0.477197E+02  0.141496E+02  0.342975E+02
  0.470000E+01  0.212766E+00  0.475370E+02  0.141542E+02  0.343191E+02
  0.471000E+01  0.212314E+00  0.473558E+02  0.141587E+02  0.343405E+02
  0.472000E+01  0.211864E+00  0.471761E+02  0.141632E+02  0.343618E+02
  0.473000E+01  0.211416E+00  0.469978E+02  0.141677E+02  0.343829E+02
  0.474000E+01  0.210970E+00  0.468209E+02  0.141721E+02  0.344038E+02
  0.475000E+01  0.210526E+00  0.466454E+02  0.141765E+02  0.344246E+02
  0.476000E+01  0.210084E+00  0.464714E+02  0.141808E+02  0.344451E+02
  0.477000E+01  0.209644E+00  0.462987E+02  0.141851E+02  0.344656E+02
  0.478000E+01  0.209205E+00  0.461274E+02  0.141894E+02  0.344858E+02
  0.479000E+01  0.208768E+00  0.459575E+02  0.141936E+02  0.345059E+02
  0.480000E+01  0.208333E+00  0.457889E+02  0.141977E+02  0.345259E+02
  0.481000E+01  0.207900E+00  0.456216E+02  0.142018E+02  0.345457E+02
  0.482000E+01  0.207469E+00  0.454556E+02  0.142059E+02  0.345653E+02
  0.483000E+01  0.207039E+00  0.452910E+02  0.142100E+02  0.345848E+02
  0.484000E+01  0.206612E+00  0.451277E+02  0.142140E+02  0.346042E+02
  0.485000E+01  0.206186E+00  0.449656E+02  0.142179E+02  0.346234E+02
  0.486000E+01  0.205761E+00  0.448048E+02  0.142219E+02  0.346424E+02
  0.487000E+01  0.205339E+00  0.446452E+02  0.142257E+02  0.346613E+02
  0.488000E+01  0.204918E+00  0.444869E+02  0.142296E+02  0.346801E+02
  0.489000E+01  0.204499E+00  0.443299E+02  0.142334E+02  0.346987E+02
  0.490000E+01  0.204082E+00  0.441740E+02  0.142372E+02  0.347171E+02
  0.491000E+01  0.203666E+00  0.440194E+02  0.142409E+02  0.347355E+02
  0.492000E+01  0.203252E+00  0.438659E+02  0.142446E+02  0.347536E+02
  0.493000E+01  0.202840E+00  0.437136E+02  0.142483E+02  0.347717E+02
  0.494000E+01  0.202429E+00  0.435625E+02  0.142519E+02  0.347896E+02
  0.495000E+01  0.202020E+00  0.434126E+02  0.142555E+02  0.348074E+02
  0.496000E+01  0.201613E+00  0.432638E+02  0.142591E+02  0.348251E+02
  0.497000E+01  0.201207E+00  0.431161E+02  0.142626E+02  0.348426E+02
  0.498000E+01  0.200803E+00  0.429696E+02  0.142661E+02  0.348600E+02
  0.499000E+01  0.200401E+00  0.428242E+02  0.142695E+02  0.348772E+02
  0.500000E+01  0.200000E+00  0.426799E+02  0.142730E+02  0.348944E+02
  0.501000E+01  0.199601E+00  0.425367E+02  0.142764E+02  0.349114E+02
  0.502000E+01  0.199203E+00  0.423945E+02  0.142797E+02  0.349283E+02
  0.503000E+01  0.198807E+00  0.422535E+02  0.142831E+02  0.349450E+02
  0.504000E+01  0.198413E+00  0.421135E+02  0.142864E+02  0.349617E+02
  0.505000E+01  0.198020E+00  0.419745E+02  0.142897E+02  0.349782E+02
  0.506000E+01  0.197628E+00  0.418366E+02  0.142929E+02  0.349946E+02
  0.507000E+01  0.197239E+00  0.416997E+02  0.142961E+02  0.350109E+02
  0.508000E+01  0.196850E+00  0.415639E+02  0.142993E+02  0.350270E+02
  0.509000E+01  0.196464E+00  0.414290E+02  0.143025E+02  0.350431E+02
  0.510000E+01  0.196078E+00  0.412952E+02  0.143056E+02  0.350590E+02
  0.511000E+01  0.195695E+00  0.411623E+02  0.143087E+02  0.350748E+02
  0.512000E+01  0.195312E+00  0.410304E+02  0.143118E+02  0.350905E+02
  0.513000E+01  0.194932E+00  0.408995E+02  0.143148E+02  0.351061E+02
  0.514000E+01  0.194553E+00  0.407696E+02  0.143178E+02  0.351216E+02
  0.515000E+01  0.194175E+00  0.406406E+02  0.143208E+02  0.351370E+02
  0.516000E+01  0.193798E+00  0.405126E+02  0.143238E+02  0.351523E+02
  0.517000E+01  0.193424E+00  0.403855E+02  0.143267E+02  0.351674E+02
  0.518000E+01  0.193050E+00  0.402593E+02  0.143296E+02  0.351825E+02
  0.519000E+01  0.192678E+00  0.401341E+02  0.143325E+02  0.351974E+02
  0.520000E+01  0.192308E+00  0.400097E+02  0.143353E+02  0.352123E+02
  0.521000E+01  0.191939E+00  0.398863E+02  0.143382E+02  0.352270E+02
  0.522000E+01  0.191571E+00  0.397637E+02  0.143410E+02  0.352417E+02
  0.523000E+01  0.191205E+00  0.396420E+02  0.143438E+02  0.352562E+02
  0.524000E+01  0.190840E+00  0.395212E+02  0.143465E+02  0.352707E+02
  0.525000E+01  0.190476E+00  0.394013E+02  0.143493E+02  0.352850E+02
  0.526000E+01  0.190114E+00  0.392822E+02  0.143520E+02  0.352992E+02
  0.527000E+01  0.189753E+00  0.391640E+02  0.143547E+02  0.353134E+02
  0.528000E+01  0.189394E+00  0.390466E+02  0.143573E+02  0.353274E+02
  0.529000E+01  0.189036E+00  0.389301E+02  0.143600E+02  0.353414E+02
  0.530000E+01  0.188679E+00  0.388144E+02  0.143626E+02  0.353553E+02
  0.531000E+01  0.188324E+00  0.386995E+02  0.143652E+02  0.353690E+02
  0.532000E+01  0.187970E+00  0.385854E+02  0.143678E+02  0.353827E+02
  0.533000E+01  0.187617E+00  0.384721E+02  0.143703E+02  0.353963E+02
  0.534000E+01  0.187266E+00  0.383596E+02  0.143728E+02  0.354098E+02
  0.535000E+01  0.186916E+00  0.382479E+02  0.143753E+02  0.354232E+02
  0.536000E+01  0.186567E+00  0.381370E+02  0.143778E+02  0.354365E+02
  0.537000E+01  0.186220E+00  0.380269E+02  0.143803E+02  0.354498E+02
  0.538000E+01  0.185874E+00  0.379175E+02  0.143827E+02  0.354629E+02
  0.539000E+01  0.185529E+00  0.378089E+02  0.143852E+02  0.354760E+02
  0.540000E+01  0.185185E+00  0.377010E+02  0.143876E+02  0.354889E+02
  0.541000E+01  0.184843E+00  0.375939E+02  0.143900E+02  0.355018E+02
  0.542000E+01  0.184502E+00  0.374876E+02  0.143923E+02  0.355146E+02
  0.543000E+01  0.184162E+00  0.373819E+02  0.143947E+02  0.355273E+02
  0.544000E+01  0.183824E+00  0.372770E+02  0.143970E+02  0.355400E+02
  0.545000E+01  0.183486E+00  0.371728E+02  0.143993E+02  0.355525E+02
  0.546000E+01  0.183150E+00  0.370693E+02  0.144016E+02  0.355650E+02
  0.547000E+01  0.182815E+00  0.369665E+02  0.144039E+02  0.355774E+02
  0.548000E+01  0.182482E+00  0.368645E+02  0.144061E+02  0.355897E+02
  0.549000E+01  0.182149E+00  0.367631E+02  0.144083E+02  0.356020E+02
  0.550000E+01  0.181818E+00  0.366624E+02  0.144105E+02  0.356141E+02
  0.551000E+01  0.181488E+00  0.365624E+02  0.144127E+02  0.356262E+02
  0.552000E+01  0.181159E+00  0.364630E+02  0.144149E+02  0.356382E+02
  0.553000E+01  0.180832E+00  0.363643E+02  0.144171E+02  0.356501E+02
  0.554000E+01  0.180505E+00  0.362663E+02  0.144192E+02  0.356620E+02
  0.555000E+01  0.180180E+00  0.361690E+02  0.144213E+02  0.356738E+02
  0.556000E+01  0.179856E+00  0.360723E+02  0.144235E+02  0.356855E+02
  0.557000E+01  0.179533E+00  0.359762E+02  0.144255E+02  0.356971E+02
  0.558000E+01  0.179211E+00  0.358808E+02  0.144276E+02  0.357087E+02
  0.559000E+01  0.178891E+00  0.357860E+02  0.144297E+02  0.357202E+02
  0.560000E+01  0.178571E+00  0.356918E+02  0.144317E+02  0.357316E+02
  0.561000E+01  0.178253E+00  0.355983E+02  0.144337E+02  0.357429E+02
  0.562000E+01  0.177936E+00  0.355054E+02  0.144357E+02  0.357542E+02
  0.563000E+01  0.177620E+00  0.354130E+02  0.144377E+02  0.357654E+02
  0.564000E+01  0.177305E+00  0.353213E+02  0.144397E+02  0.357765E+02
  0.565000E+01  0.176991E+00  0.352302E+02  0.144417E+02  0.357876E+02
  0.566000E+01  0.176678E+00  0.351397E+02  0.144436E+02  0.357986E+02
  0.567000E+01  0.176367E+00  0.350498E+02  0.144456E+02  0.358095E+02
  0.568000E+01  0.176056E+00  0.349604E+02  0.144475E+02  0.358204E+02
  0.569000E+01  0.175747E+00  0.348717E+02  0.144494E+02  0.358312E+02
  0.570000E+01  0.175439E+00  0.347835E+02  0.144513E+02  0.358420E+02
  0.571000E+01  0.175131E+00  0.346959E+02  0.144531E+02  0.358526E+02
  0.572000E+01  0.174825E+00  0.346088E+02  0.144550E+02  0.358632E+02
  0.573000E+01  0.174520E+00  0.345223E+02  0.144568E+02  0.358738E+02
  0.574000E+01  0.174216E+00  0.344364E+02  0.144587E+02  0.358843E+02
  0.575000E+01  0.173913E+00  0.343510E+02  0.144605E+02  0.358947E+02
  0.576000E+01  0.173611E+00  0.342661E+02  0.144623E+02  0.359050E+02
  0.577000E+01  0.173310E+00  0.341818E+02  0.144641E+02  0.359153E+02
  0.578000E+01  0.173010E+00  0.340981E+02  0.144658E+02  0.359256E+02
  0.579000E+01  0.172712E+00  0.340148E+02  0.144676E+02  0.359358E+02
  0.580000E+01  0.172414E+00  0.339321E+02  0.144693E+02  0.359459E+02
  0.581000E+01  0.172117E+00  0.338499E+02  0.144711E+02  0.359559E+02
  0.582000E+01  0.171821E+00  0.337682E+02  0.144728E+02  0.359659E+02
  0.583000E+01  0.171527E+00  0.336871E+02  0.144745E+02  0.359759E+02
  0.584000E+01  0.171233E+00  0.336064E+02  0.144762E+02  0.359858E+02
  0.585000E+01  0.170940E+00  0.335262E+02  0.144779E+02  0.359956E+02
  0.586000E+01  0.170648E+00  0.334466E+02  0.144795E+02  0.360053E+02
  0.587000E+01  0.170358E+00  0.333674E+02  0.144812E+02  0.360151E+02
  0.588000E+01  0.170068E+00  0.332888E+02  0.144828E+02  0.360247E+02
  0.589000E+01  0.169779E+00  0.332106E+02  0.144845E+02  0.360343E+02
  0.590000E+01  0.169492E+00  0.331329E+02  0.144861E+02  0.360439E+02
  0.591000E+01  0.169205E+00  0.330557E+02  0.144877E+02  0.360533E+02
  0.592000E+01  0.168919E+00  0.329789E+02  0.144893E+02  0.360628E+02
  0.593000E+01  0.168634E+00  0.329026E+02  0.144909E+02  0.360722E+02
  0.594000E+01  0.168350E+00  0.328268E+02  0.144924E+02  0.360815E+02
  0.595000E+01  0.168067E+00  0.327515E+02  0.144940E+02  0.360908E+02
  0.596000E+01  0.167785E+00  0.326766E+02  0.144955E+02  0.361000E+02
  0.597000E+01  0.167504E+00  0.326022E+02  0.144971E+02  0.361092E+02
  0.598000E+01  0.167224E+00  0.325282E+02  0.144986E+02  0.361183E+02
  0.599000E+01  0.166945E+00  0.324547E+02  0.145001E+02  0.361274E+02
  0.600000E+01  0.166667E+00  0.323816E+02  0.145016E+02  0.361364E+02
  0.601000E+01  0.166389E+00  0.323089E+02  0.145031E+02  0.361454E+02
  0.602000E+01  0.166113E+00  0.322367E+02  0.145046E+02  0.361543E+02
  0.603000E+01  0.165837E+00  0.321649E+02  0.145061E+02  0.361631E+02
  0.604000E+01  0.165563E+00  0.320936E+02  0.145075E+02  0.361720E+02
  0.605000E+01  0.165289E+00  0.320227E+02  0.145090E+02  0.361807E+02
  0.606000E+01  0.165017E+00  0.319522E+02  0.145104E+02  0.361895E+02
  0.607000E+01  0.164745E+00  0.318821E+02  0.145119E+02  0.361981E+02
  0.608000E+01  0.164474E+00  0.318124E+02  0.145133E+02  0.362068E+02
  0.609000E+01  0.164204E+00  0.317432E+02  0.145147E+02  0.362154E+02
  0.610000E+01  0.163934E+00  0.316743E+02  0.145161E+02  0.362239E+02
  0.611000E+01  0.163666E+00  0.316059E+02  0.145175E+02  0.362324E+02
  0.612000E+01  0.163399E+00  0.315378E+02  0.145189E+02  0.362408E+02
  0.613000E+01  0.163132E+00  0.314702E+02  0.145202E+02  0.362492E+02
  0.614000E+01  0.162866E+00  0.314029E+02  0.145216E+02  0.362576E+02
  0.615000E+01  0.162602E+00  0.313361E+02  0.145230E+02  0.362659E+02
  0.616000E+01  0.162338E+00  0.312696E+02  0.145243E+02  0.362741E+02
  0.617000E+01  0.162075E+00  0.312035E+02  0.145256E+02  0.362824E+02
  0.618000E+01  0.161812E+00  0.311378E+02  0.145270E+02  0.362905E+02
  0.619000E+01  0.161551E+00  0.310725E+02  0.145283E+02  0.362987E+02
  0.620000E+01  0.161290E+00  0.310076E+02  0.145296E+02  0.363068E+02
  0.621000E+01  0.161031E+00  0.309430E+02  0.145309E+02  0.363148E+02
  0.622000E+01  0.160772E+00  0.308788E+02  0.145322E+02  0.363228E+02
  0.623000E+01  0.160514E+00  0.308150E+02  0.145334E+02  0.363308E+02
  0.624000E+01  0.160256E+00  0.307515E+02  0.145347E+02  0.363387E+02
  0.625000E+01  0.160000E+00  0.306884E+02  0.145360E+02  0.363466E+02
  0.626000E+01  0.159744E+00  0.306257E+02  0.145372E+02  0.363544E+02
  0.627000E+01  0.159490E+00  0.305633E+02  0.145385E+02  0.363622E+02
  0.628000E+01  0.159236E+00  0.305013E+02  0.145397E+02  0.363699E+02
  0.629000E+01  0.158983E+00  0.304396E+02  0.145409E+02  0.363777E+02
  0.630000E+01  0.158730E+00  0.303783E+02  0.145421E+02  0.363853E+02
  0.631000E+01  0.158479E+00  0.303173E+02  0.145434E+02  0.363930E+02
  0.632000E+01  0.158228E+00  0.302567E+02  0.145446E+02  0.364006E+02
  0.633000E+01  0.157978E+00  0.301964E+02  0.145458E+02  0.364081E+02
  0.634000E+01  0.157729E+00  0.301364E+02  0.145469E+02  0.364156E+02
  0.635000E+01  0.157480E+00  0.300768E+02  0.145481E+02  0.364231E+02
  0.636000E+01  0.157233E+00  0.300175E+02  0.145493E+02  0.364306E+02
  0.637000E+01  0.156986E+00  0.299585E+02  0.145505E+02  0.364380E+02
  0.638000E+01  0.156740E+00  0.298998E+02  0.145516E+02  0.364453E+02
  0.639000E+01  0.156495E+00  0.298415E+02  0.145528E+02  0.364526E+02
  0.640000E+01  0.156250E+00  0.297835E+02  0.145539E+02  0.364599E+02
  0.641000E+01  0.156006E+00  0.297258E+02  0.145550E+02  0.364672E+02
  0.642000E+01  0.155763E+00  0.296685E+02  0.145562E+02  0.364744E+02
  0.643000E+01  0.155521E+00  0.296114E+02  0.145573E+02  0.364816E+02
  0.644000E+01  0.155280E+00  0.295547E+02  0.145584E+02  0.364887E+02
  0.645000E+01  0.155039E+00  0.294983E+02  0.145595E+02  0.364958E+02
  0.646000E+01  0.154799E+00  0.294422E+02  0.145606E+02  0.365029E+02
  0.647000E+01  0.154560E+00  0.293864E+02  0.145617E+02  0.365099E+02
  0.648000E+01  0.154321E+00  0.293308E+02  0.145627E+02  0.365169E+02
  0.649000E+01  0.154083E+00  0.292756E+02  0.145638E+02  0.365239E+02
  0.650000E+01  0.153846E+00  0.292207E+02  0.145649E+02  0.365309E+02
  0.651000E+01  0.153610E+00  0.291661E+02  0.145660E+02  0.365377E+02
  0.652000E+01  0.153374E+00  0.291118E+02  0.145670E+02  0.365446E+02
  0.653000E+01  0.153139E+00  0.290578E+02  0.145681E+02  0.365514E+02
  0.654000E+01  0.152905E+00  0.290040E+02  0.145691E+02  0.365582E+02
  0.655000E+01  0.152672E+00  0.289506E+02  0.145701E+02  0.365650E+02
  0.656000E+01  0.152439E+00  0.288974E+02  0.145712E+02  0.365717E+02
  0.657000E+01  0.152207E+00  0.288445E+02  0.145722E+02  0.365784E+02
  0.658000E+01  0.151976E+00  0.287919E+02  0.145732E+02  0.365851E+02
  0.659000E+01  0.151745E+00  0.287396E+02  0.145742E+02  0.365917E+02
  0.660000E+01  0.151515E+00  0.286875E+02  0.145752E+02  0.365983E+02
  0.661000E+01  0.151286E+00  0.286358E+02  0.145762E+02  0.366049E+02
  0.662000E+01  0.151057E+00  0.285843E+02  0.145772E+02  0.366114E+02
  0.663000E+01  0.150830E+00  0.285330E+02  0.145782E+02  0.366180E+02
  0.664000E+01  0.150602E+00  0.284821E+02  0.145791E+02  0.366244E+02
  0.665000E+01  0.150376E+00  0.284314E+02  0.145801E+02  0.366309E+02
  0.666000E+01  0.150150E+00  0.283809E+02  0.145811E+02  0.366373E+02
  0.667000E+01  0.149925E+00  0.283308E+02  0.145820E+02  0.366437E+02
  0.668000E+01  0.149701E+00  0.282809E+02  0.145830E+02  0.366500E+02
  0.669000E+01  0.149477E+00  0.282312E+02  0.145839E+02  0.366563E+02
  0.670000E+01  0.149254E+00  0.281818E+02  0.145849E+02  0.366626E+02
  0.671000E+01  0.149031E+00  0.281327E+02  0.145858E+02  0.366689E+02
  0.672000E+01  0.148810E+00  0.280838E+02  0.145867E+02  0.366751E+02
  0.673000E+01  0.148588E+00  0.280352E+02  0.145876E+02  0.366813E+02
  0.674000E+01  0.148368E+00  0.279868E+02  0.145886E+02  0.366875E+02
  0.675000E+01  0.148148E+00  0.279386E+02  0.145895E+02  0.366937E+02
  0.676000E+01  0.147929E+00  0.278908E+02  0.145904E+02  0.366998E+02
  0.677000E+01  0.147710E+00  0.278431E+02  0.145913E+02  0.367059E+02
  0.678000E+01  0.147493E+00  0.277957E+02  0.145922E+02  0.367119E+02
  0.679000E+01  0.147275E+00  0.277485E+02  0.145931E+02  0.367180E+02
  0.680000E+01  0.147059E+00  0.277016E+02  0.145940E+02  0.367240E+02
  0.681000E+01  0.146843E+00  0.276549E+02  0.145948E+02  0.367299E+02
  0.682000E+01  0.146628E+00  0.276085E+02  0.145957E+02  0.367359E+02
  0.683000E+01  0.146413E+00  0.275623E+02  0.145966E+02  0.367418E+02
  0.684000E+01  0.146199E+00  0.275163E+02  0.145974E+02  0.367477E+02
  0.685000E+01  0.145985E+00  0.274705E+02  0.145983E+02  0.367536E+02
  0.686000E+01  0.145773E+00  0.274250E+02  0.145991E+02  0.367594E+02
  0.687000E+01  0.145560E+00  0.273797E+02  0.146000E+02  0.367652E+02
  0.688000E+01  0.145349E+00  0.273346E+02  0.146008E+02  0.367710E+02
  0.689000E+01  0.145138E+00  0.272898E+02  0.146017E+02  0.367768E+02
  0.690000E+01  0.144928E+00  0.272452E+02  0.146025E+02  0.367825E+02
  0.691000E+01  0.144718E+00  0.272008E+02  0.146033E+02  0.367882E+02
  0.692000E+01  0.144509E+00  0.271566E+02  0.146041E+02  0.367939E+02
  0.693000E+01  0.144300E+00  0.271126E+02  0.146050E+02  0.367996E+02
  0.694000E+01  0.144092E+00  0.270689E+02  0.146058E+02  0.368052E+02
  0.695000E+01  0.143885E+00  0.270253E+02  0.146066E+02  0.368108E+02
  0.696000E+01  0.143678E+00  0.269820E+02  0.146074E+02  0.368164E+02
  0.697000E+01  0.143472E+00  0.269389E+02  0.146082E+02  0.368220E+02
  0.698000E+01  0.143266E+00  0.268960E+02  0.146090E+02  0.368275E+02
  0.699000E+01  0.143062E+00  0.268533E+02  0.146098E+02  0.368330E+02
  0.700000E+01  0.142857E+00  0.268108E+02  0.146106E+02  0.368385E+02
  0.701000E+01  0.142653E+00  0.267686E+02  0.146113E+02  0.368439E+02
  0.702000E+01  0.142450E+00  0.267265E+02  0.146121E+02  0.368494E+02
  0.703000E+01  0.142248E+00  0.266846E+02  0.146129E+02  0.368548E+02
  0.704000E+01  0.142045E+00  0.266430E+02  0.146136E+02  0.368602E+02
  0.705000E+01  0.141844E+00  0.266015E+02  0.146144E+02  0.368655E+02
  0.706000E+01  0.141643E+00  0.265602E+02  0.146152E+02  0.368709E+02
  0.707000E+01  0.141443E+00  0.265192E+02  0.146159E+02  0.368762E+02
  0.708000E+01  0.141243E+00  0.264783E+02  0.146167E+02  0.368815E+02
  0.709000E+01  0.141044E+00  0.264376E+02  0.146174E+02  0.368868E+02
  0.710000E+01  0.140845E+00  0.263971E+02  0.146181E+02  0.368920E+02
  0.711000E+01  0.140647E+00  0.263568E+02  0.146189E+02  0.368972E+02
  0.712000E+01  0.140449E+00  0.263167E+02  0.146196E+02  0.369024E+02
  0.713000E+01  0.140252E+00  0.262768E+02  0.146203E+02  0.369076E+02
  0.714000E+01  0.140056E+00  0.262371E+02  0.146211E+02  0.369128E+02
  0.715000E+01  0.139860E+00  0.261976E+02  0.146218E+02  0.369179E+02
  0.716000E+01  0.139665E+00  0.261582E+02  0.146225E+02  0.369230E+02
  0.717000E+01  0.139470E+00  0.261191E+02  0.146232E+02  0.369281E+02
  0.718000E+01  0.139276E+00  0.260801E+02  0.146239E+02  0.369332E+02
  0.719000E+01  0.139082E+00  0.260413E+02  0.146246E+02  0.369382E+02
  0.720000E+01  0.138889E+00  0.260027E+02  0.146253E+02  0.369433E+02
  0.721000E+01  0.138696E+00  0.259643E+02  0.146260E+02  0.369483E+02
  0.722000E+01  0.138504E+00  0.259260E+02  0.146267E+02  0.369532E+02
  0.723000E+01  0.138313E+00  0.258879E+02  0.146274E+02  0.369582E+02
  0.724000E+01  0.138122E+00  0.258500E+02  0.146281E+02  0.369632E+02
  0.725000E+01  0.137931E+00  0.258123E+02  0.146287E+02  0.369681E+02
  0.726000E+01  0.137741E+00  0.257748E+02  0.146294E+02  0.369730E+02
  0.727000E+01  0.137552E+00  0.257374E+02  0.146301E+02  0.369779E+02
  0.728000E+01  0.137363E+00  0.257002E+02  0.146308E+02  0.369827E+02
  0.729000E+01  0.137174E+00  0.256631E+02  0.146314E+02  0.369876E+02
  0.730000E+01  0.136986E+00  0.256263E+02  0.146321E+02  0.369924E+02
  0.731000E+01  0.136799E+00  0.255896E+02  0.146327E+02  0.369972E+02
  0.732000E+01  0.136612E+00  0.255531E+02  0.146334E+02  0.370019E+02
  0.733000E+01  0.136426E+00  0.255167E+02  0.146340E+02  0.370067E+02
  0.734000E+01  0.136240E+00  0.254805E+02  0.146347E+02  0.370114E+02
  0.735000E+01  0.136054E+00  0.254445E+02  0.146353E+02  0.370162E+02
  0.736000E+01  0.135870E+00  0.254086E+02  0.146360E+02  0.370209E+02
  0.737000E+01  0.135685E+00  0.253729E+02  0.146366E+02  0.370255E+02
  0.738000E+01  0.135501E+00  0.253374E+02  0.146372E+02  0.370302E+02
  0.739000E+01  0.135318E+00  0.253020E+02  0.146379E+02  0.370349E+02
  0.740000E+01  0.135135E+00  0.252667E+02  0.146385E+02  0.370395E+02
  0.741000E+01  0.134953E+00  0.252317E+02  0.146391E+02  0.370441E+02
  0.742000E+01  0.134771E+00  0.251968E+02  0.146397E+02  0.370487E+02
  0.743000E+01  0.134590E+00  0.251620E+02  0.146404E+02  0.370532E+02
  0.744000E+01  0.134409E+00  0.251274E+02  0.146410E+02  0.370578E+02
  0.745000E+01  0.134228E+00  0.250930E+02  0.146416E+02  0.370623E+02
  0.746000E+01  0.134048E+00  0.250587E+02  0.146422E+02  0.370668E+02
  0.747000E+01  0.133869E+00  0.250245E+02  0.146428E+02  0.370713E+02
  0.748000E+01  0.133690E+00  0.249905E+02  0.146434E+02  0.370758E+02
  0.749000E+01  0.133511E+00  0.249567E+02  0.146440E+02  0.370802E+02
  0.750000E+01  0.133333E+00  0.249230E+02  0.146446E+02  0.370847E+02
  0.751000E+01  0.133156E+00  0.248895E+02  0.146452E+02  0.370891E+02
  0.752000E+01  0.132979E+00  0.248561E+02  0.146457E+02  0.370935E+02
  0.753000E+01  0.132802E+00  0.248228E+02  0.146463E+02  0.370979E+02
  0.754000E+01  0.132626E+00  0.247897E+02  0.146469E+02  0.371023E+02
  0.755000E+01  0.132450E+00  0.247568E+02  0.146475E+02  0.371066E+02
  0.756000E+01  0.132275E+00  0.247240E+02  0.146481E+02  0.371110E+02
  0.757000E+01  0.132100E+00  0.246913E+02  0.146486E+02  0.371153E+02
  0.758000E+01  0.131926E+00  0.246588E+02  0.146492E+02  0.371196E+02
  0.759000E+01  0.131752E+00  0.246264E+02  0.146498E+02  0.371239E+02
  0.760000E+01  0.131579E+00  0.245941E+02  0.146503E+02  0.371281E+02
  0.761000E+01  0.131406E+00  0.245620E+02  0.146509E+02  0.371324E+02
  0.762000E+01  0.131234E+00  0.245300E+02  0.146514E+02  0.371366E+02
  0.763000E+01  0.131062E+00  0.244982E+02  0.146520E+02  0.371408E+02
  0.764000E+01  0.130890E+00  0.244665E+02  0.146525E+02  0.371450E+02
  0.765000E+01  0.130719E+00  0.244350E+02  0.146531E+02  0.371492E+02
  0.766000E+01  0.130548E+00  0.244035E+02  0.146536E+02  0.371534E+02
  0.767000E+01  0.130378E+00  0.243722E+02  0.146542E+02  0.371575E+02
  0.768000E+01  0.130208E+00  0.243411E+02  0.146547E+02  0.371617E+02
  0.769000E+01  0.130039E+00  0.243101E+02  0.146552E+02  0.371658E+02
  0.770000E+01  0.129870E+00  0.242792E+02  0.146558E+02  0.371699E+02
  0.771000E+01  0.129702E+00  0.242484E+02  0.146563E+02  0.371740E+02
  0.772000E+01  0.129534E+00  0.242178E+02  0.146568E+02  0.371780E+02
  0.773000E+01  0.129366E+00  0.241873E+02  0.146574E+02  0.371821E+02
  0.774000E+01  0.129199E+00  0.241569E+02  0.146579E+02  0.371861E+02
  0.775000E+01  0.129032E+00  0.241267E+02  0.146584E+02  0.371902E+02
  0.776000E+01  0.128866E+00  0.240965E+02  0.146589E+02  0.371942E+02
  0.777000E+01  0.128700E+00  0.240665E+02  0.146594E+02  0.371982E+02
  0.778000E+01  0.128535E+00  0.240367E+02  0.146599E+02  0.372021E+02
  0.779000E+01  0.128370E+00  0.240069E+02  0.146605E+02  0.372061E+02
  0.780000E+01  0.128205E+00  0.239773E+02  0.146610E+02  0.372101E+02
  0.781000E+01  0.128041E+00  0.239478E+02  0.146615E+02  0.372140E+02
  0.782000E+01  0.127877E+00  0.239185E+02  0.146620E+02  0.372179E+02
  0.783000E+01  0.127714E+00  0.238892E+02  0.146625E+02  0.372218E+02
  0.784000E+01  0.127551E+00  0.238601E+02  0.146630E+02  0.372257E+02
  0.785000E+01  0.127389E+00  0.238311E+02  0.146635E+02  0.372296E+02
  0.786000E+01  0.127226E+00  0.238022E+02  0.146639E+02  0.372334E+02
  0.787000E+01  0.127065E+00  0.237734E+02  0.146644E+02  0.372373E+02
  0.788000E+01  0.126904E+00  0.237448E+02  0.146649E+02  0.372411E+02
  0.789000E+01  0.126743E+00  0.237162E+02  0.146654E+02  0.372449E+02
  0.790000E+01  0.126582E+00  0.236878E+02  0.146659E+02  0.372487E+02
  0.791000E+01  0.126422E+00  0.236595E+02  0.146664E+02  0.372525E+02
  0.792000E+01  0.126263E+00  0.236313E+02  0.146668E+02  0.372563E+02
  0.793000E+01  0.126103E+00  0.236033E+02  0.146673E+02  0.372601E+02
  0.794000E+01  0.125945E+00  0.235753E+02  0.146678E+02  0.372638E+02
  0.795000E+01  0.125786E+00  0.235475E+02  0.146683E+02  0.372675E+02
  0.796000E+01  0.125628E+00  0.235197E+02  0.146687E+02  0.372713E+02
  0.797000E+01  0.125471E+00  0.234921E+02  0.146692E+02  0.372750E+02
  0.798000E+01  0.125313E+00  0.234646E+02  0.146697E+02  0.372786E+02
  0.799000E+01  0.125156E+00  0.234372E+02  0.146701E+02  0.372823E+02
  0.800000E+01  0.125000E+00  0.234099E+02  0.146706E+02  0.372860E+02
  0.801000E+01  0.124844E+00  0.233828E+02  0.146710E+02  0.372896E+02
  0.802000E+01  0.124688E+00  0.233557E+02  0.146715E+02  0.372933E+02
  0.803000E+01  0.124533E+00  0.233287E+02  0.146719E+02  0.372969E+02
  0.804000E+01  0.124378E+00  0.233019E+02  0.146724E+02  0.373005E+02
  0.805000E+01  0.124224E+00  0.232752E+02  0.146728E+02  0.373041E+02
  0.806000E+01  0.124069E+00  0.232485E+02  0.146733E+02  0.373077E+02
  0.807000E+01  0.123916E+00  0.232220E+02  0.146737E+02  0.373113E+02
  0.808000E+01  0.123762E+00  0.231956E+02  0.146742E+02  0.373148E+02
  0.809000E+01  0.123609E+00  0.231693E+02  0.146746E+02  0.373184E+02
  0.810000E+01  0.123457E+00  0.231430E+02  0.146750E+02  0.373219E+02
  0.811000E+01  0.123305E+00  0.231169E+02  0.146755E+02  0.373254E+02
  0.812000E+01  0.123153E+00  0.230909E+02  0.146759E+02  0.373289E+02
  0.813000E+01  0.123001E+00  0.230650E+02  0.146763E+02  0.373324E+02
  0.814000E+01  0.122850E+00  0.230392E+02  0.146768E+02  0.373359E+02
  0.815000E+01  0.122699E+00  0.230135E+02  0.146772E+02  0.373394E+02
  0.816000E+01  0.122549E+00  0.229879E+02  0.146776E+02  0.373428E+02
  0.817000E+01  0.122399E+00  0.229624E+02  0.146780E+02  0.373463E+02
  0.818000E+01  0.122249E+00  0.229370E+02  0.146785E+02  0.373497E+02
  0.819000E+01  0.122100E+00  0.229117E+02  0.146789E+02  0.373532E+02
  0.820000E+01  0.121951E+00  0.228865E+02  0.146793E+02  0.373566E+02
  0.821000E+01  0.121803E+00  0.228614E+02  0.146797E+02  0.373600E+02
  0.822000E+01  0.121655E+00  0.228364E+02  0.146801E+02  0.373633E+02
  0.823000E+01  0.121507E+00  0.228115E+02  0.146805E+02  0.373667E+02
  0.824000E+01  0.121359E+00  0.227866E+02  0.146809E+02  0.373701E+02
  0.825000E+01  0.121212E+00  0.227619E+02  0.146813E+02  0.373734E+02
  0.826000E+01  0.121065E+00  0.227373E+02  0.146817E+02  0.373768E+02
  0.827000E+01  0.120919E+00  0.227128E+02  0.146821E+02  0.373801E+02
  0.828000E+01  0.120773E+00  0.226883E+02  0.146825E+02  0.373834E+02
  0.829000E+01  0.120627E+00  0.226640E+02  0.146829E+02  0.373867E+02
  0.830000E+01  0.120482E+00  0.226397E+02  0.146833E+02  0.373900E+02
  0.831000E+01  0.120337E+00  0.226156E+02  0.146837E+02  0.373933E+02
  0.832000E+01  0.120192E+00  0.225915E+02  0.146841E+02  0.373966E+02
  0.833000E+01  0.120048E+00  0.225675E+02  0.146845E+02  0.373998E+02
  0.834000E+01  0.119904E+00  0.225436E+02  0.146849E+02  0.374031E+02
  0.835000E+01  0.119760E+00  0.225198E+02  0.146853E+02  0.374063E+02
  0.836000E+01  0.119617E+00  0.224961E+02  0.146857E+02  0.374095E+02
  0.837000E+01  0.119474E+00  0.224725E+02  0.146861E+02  0.374127E+02
  0.838000E+01  0.119332E+00  0.224490E+02  0.146865E+02  0.374159E+02
  0.839000E+01  0.119190E+00  0.224256E+02  0.146868E+02  0.374191E+02
  0.840000E+01  0.119048E+00  0.224022E+02  0.146872E+02  0.374223E+02
  0.841000E+01  0.118906E+00  0.223790E+02  0.146876E+02  0.374255E+02
  0.842000E+01  0.118765E+00  0.223558E+02  0.146880E+02  0.374286E+02
  0.843000E+01  0.118624E+00  0.223327E+02  0.146883E+02  0.374318E+02
  0.844000E+01  0.118483E+00  0.223097E+02  0.146887E+02  0.374349E+02
  0.845000E+01  0.118343E+00  0.222868E+02  0.146891E+02  0.374380E+02
  0.846000E+01  0.118203E+00  0.222639E+02  0.146895E+02  0.374412E+02
  0.847000E+01  0.118064E+00  0.222412E+02  0.146898E+02  0.374443E+02
  0.848000E+01  0.117925E+00  0.222185E+02  0.146902E+02  0.374474E+02
  0.849000E+01  0.117786E+00  0.221960E+02  0.146905E+02  0.374504E+02
  0.850000E+01  0.117647E+00  0.221735E+02  0.146909E+02  0.374535E+02
  0.851000E+01  0.117509E+00  0.221511E+02  0.146913E+02  0.374566E+02
  0.852000E+01  0.117371E+00  0.221287E+02  0.146916E+02  0.374596E+02
  0.853000E+01  0.117233E+00  0.221065E+02  0.146920E+02  0.374627E+02
  0.854000E+01  0.117096E+00  0.220843E+02  0.146923E+02  0.374657E+02
  0.855000E+01  0.116959E+00  0.220622E+02  0.146927E+02  0.374687E+02
  0.856000E+01  0.116822E+00  0.220402E+02  0.146930E+02  0.374718E+02
  0.857000E+01  0.116686E+00  0.220183E+02  0.146934E+02  0.374748E+02
  0.858000E+01  0.116550E+00  0.219965E+02  0.146937E+02  0.374777E+02
  0.859000E+01  0.116414E+00  0.219747E+02  0.146941E+02  0.374807E+02
  0.860000E+01  0.116279E+00  0.219530E+02  0.146944E+02  0.374837E+02
  0.861000E+01  0.116144E+00  0.219314E+02  0.146948E+02  0.374867E+02
  0.862000E+01  0.116009E+00  0.219099E+02  0.146951E+02  0.374896E+02
  0.863000E+01  0.115875E+00  0.218885E+02  0.146955E+02  0.374926E+02
  0.864000E+01  0.115741E+00  0.218671E+02  0.146958E+02  0.374955E+02
  0.865000E+01  0.115607E+00  0.218458E+02  0.146961E+02  0.374984E+02
  0.866000E+01  0.115473E+00  0.218246E+02  0.146965E+02  0.375013E+02
  0.867000E+01  0.115340E+00  0.218034E+02  0.146968E+02  0.375042E+02
  0.868000E+01  0.115207E+00  0.217824E+02  0.146972E+02  0.375071E+02
  0.869000E+01  0.115075E+00  0.217614E+02  0.146975E+02  0.375100E+02
  0.870000E+01  0.114943E+00  0.217405E+02  0.146978E+02  0.375129E+02
  0.871000E+01  0.114811E+00  0.217196E+02  0.146981E+02  0.375158E+02
  0.872000E+01  0.114679E+00  0.216989E+02  0.146985E+02  0.375186E+02
  0.873000E+01  0.114548E+00  0.216782E+02  0.146988E+02  0.375215E+02
  0.874000E+01  0.114416E+00  0.216576E+02  0.146991E+02  0.375243E+02
  0.875000E+01  0.114286E+00  0.216370E+02  0.146994E+02  0.375271E+02
  0.876000E+01  0.114155E+00  0.216165E+02  0.146998E+02  0.375300E+02
  0.877000E+01  0.114025E+00  0.215961E+02  0.147001E+02  0.375328E+02
  0.878000E+01  0.113895E+00  0.215758E+02  0.147004E+02  0.375356E+02
  0.879000E+01  0.113766E+00  0.215556E+02  0.147007E+02  0.375384E+02
  0.880000E+01  0.113636E+00  0.215354E+02  0.147010E+02  0.375412E+02
  0.881000E+01  0.113507E+00  0.215153E+02  0.147014E+02  0.375439E+02
  0.882000E+01  0.113379E+00  0.214952E+02  0.147017E+02  0.375467E+02
  0.883000E+01  0.113250E+00  0.214752E+02  0.147020E+02  0.375495E+02
  0.884000E+01  0.113122E+00  0.214553E+02  0.147023E+02  0.375522E+02
  0.885000E+01  0.112994E+00  0.214355E+02  0.147026E+02  0.375550E+02
  0.886000E+01  0.112867E+00  0.214158E+02  0.147029E+02  0.375577E+02
  0.887000E+01  0.112740E+00  0.213961E+02  0.147032E+02  0.375604E+02
  0.888000E+01  0.112613E+00  0.213764E+02  0.147035E+02  0.375631E+02
  0.889000E+01  0.112486E+00  0.213569E+02  0.147038E+02  0.375658E+02
  0.890000E+01  0.112360E+00  0.213374E+02  0.147041E+02  0.375685E+02
  0.891000E+01  0.112233E+00  0.213180E+02  0.147044E+02  0.375712E+02
  0.892000E+01  0.112108E+00  0.212986E+02  0.147047E+02  0.375739E+02
  0.893000E+01  0.111982E+00  0.212793E+02  0.147050E+02  0.375766E+02
  0.894000E+01  0.111857E+00  0.212601E+02  0.147053E+02  0.375792E+02
  0.895000E+01  0.111732E+00  0.212409E+02  0.147056E+02  0.375819E+02
  0.896000E+01  0.111607E+00  0.212218E+02  0.147059E+02  0.375845E+02
  0.897000E+01  0.111483E+00  0.212028E+02  0.147062E+02  0.375872E+02
  0.898000E+01  0.111359E+00  0.211839E+02  0.147065E+02  0.375898E+02
  0.899000E+01  0.111235E+00  0.211650E+02  0.147068E+02  0.375924E+02
  0.900000E+01  0.111111E+00  0.211461E+02  0.147071E+02  0.375951E+02
  0.901000E+01  0.110988E+00  0.211274E+02  0.147074E+02  0.375977E+02
  0.902000E+01  0.110865E+00  0.211087E+02  0.147077E+02  0.376003E+02
  0.903000E+01  0.110742E+00  0.210900E+02  0.147080E+02  0.376028E+02
  0.904000E+01  0.110619E+00  0.210715E+02  0.147083E+02  0.376054E+02
  0.905000E+01  0.110497E+00  0.210529E+02  0.147085E+02  0.376080E+02
  0.906000E+01  0.110375E+00  0.210345E+02  0.147088E+02  0.376106E+02
  0.907000E+01  0.110254E+00  0.210161E+02  0.147091E+02  0.376131E+02
  0.908000E+01  0.110132E+00  0.209978E+02  0.147094E+02  0.376157E+02
  0.909000E+01  0.110011E+00  0.209795E+02  0.147097E+02  0.376182E+02
  0.910000E+01  0.109890E+00  0.209613E+02  0.147099E+02  0.376208E+02
  0.911000E+01  0.109769E+00  0.209432E+02  0.147102E+02  0.376233E+02
  0.912000E+01  0.109649E+00  0.209251E+02  0.147105E+02  0.376258E+02
  0.913000E+01  0.109529E+00  0.209071E+02  0.147108E+02  0.376283E+02
  0.914000E+01  0.109409E+00  0.208891E+02  0.147110E+02  0.376308E+02
  0.915000E+01  0.109290E+00  0.208712E+02  0.147113E+02  0.376333E+02
  0.916000E+01  0.109170E+00  0.208534E+02  0.147116E+02  0.376358E+02
  0.917000E+01  0.109051E+00  0.208356E+02  0.147119E+02  0.376383E+02
  0.918000E+01  0.108932E+00  0.208179E+02  0.147121E+02  0.376408E+02
  0.919000E+01  0.108814E+00  0.208002E+02  0.147124E+02  0.376432E+02
  0.920000E+01  0.108696E+00  0.207826E+02  0.147127E+02  0.376457E+02
  0.921000E+01  0.108578E+00  0.207651E+02  0.147129E+02  0.376481E+02
  0.922000E+01  0.108460E+00  0.207476E+02  0.147132E+02  0.376506E+02
  0.923000E+01  0.108342E+00  0.207301E+02  0.147135E+02  0.376530E+02
  0.924000E+01  0.108225E+00  0.207128E+02  0.147137E+02  0.376555E+02
  0.925000E+01  0.108108E+00  0.206955E+02  0.147140E+02  0.376579E+02
  0.926000E+01  0.107991E+00  0.206782E+02  0.147142E+02  0.376603E+02
  0.927000E+01  0.107875E+00  0.206610E+02  0.147145E+02  0.376627E+02
  0.928000E+01  0.107759E+00  0.206438E+02  0.147148E+02  0.376651E+02
  0.929000E+01  0.107643E+00  0.206268E+02  0.147150E+02  0.376675E+02
  0.930000E+01  0.107527E+00  0.206097E+02  0.147153E+02  0.376699E+02
  0.931000E+01  0.107411E+00  0.205927E+02  0.147155E+02  0.376723E+02
  0.932000E+01  0.107296E+00  0.205758E+02  0.147158E+02  0.376746E+02
  0.933000E+01  0.107181E+00  0.205589E+02  0.147160E+02  0.376770E+02
  0.934000E+01  0.107066E+00  0.205421E+02  0.147163E+02  0.376794E+02
  0.935000E+01  0.106952E+00  0.205254E+02  0.147165E+02  0.376817E+02
  0.936000E+01  0.106838E+00  0.205087E+02  0.147168E+02  0.376841E+02
  0.937000E+01  0.106724E+00  0.204920E+02  0.147170E+02  0.376864E+02
  0.938000E+01  0.106610E+00  0.204754E+02  0.147173E+02  0.376887E+02
  0.939000E+01  0.106496E+00  0.204589E+02  0.147175E+02  0.376910E+02
  0.940000E+01  0.106383E+00  0.204424E+02  0.147178E+02  0.376934E+02
  0.941000E+01  0.106270E+00  0.204259E+02  0.147180E+02  0.376957E+02
  0.942000E+01  0.106157E+00  0.204096E+02  0.147183E+02  0.376980E+02
  0.943000E+01  0.106045E+00  0.203932E+02  0.147185E+02  0.377003E+02
  0.944000E+01  0.105932E+00  0.203769E+02  0.147188E+02  0.377026E+02
  0.945000E+01  0.105820E+00  0.203607E+02  0.147190E+02  0.377048E+02
  0.946000E+01  0.105708E+00  0.203445E+02  0.147193E+02  0.377071E+02
  0.947000E+01  0.105597E+00  0.203284E+02  0.147195E+02  0.377094E+02
  0.948000E+01  0.105485E+00  0.203123E+02  0.147197E+02  0.377117E+02
  0.949000E+01  0.105374E+00  0.202963E+02  0.147200E+02  0.377139E+02
  0.950000E+01  0.105263E+00  0.202803E+02  0.147202E+02  0.377162E+02
  0.951000E+01  0.105152E+00  0.202644E+02  0.147204E+02  0.377184E+02
  0.952000E+01  0.105042E+00  0.202485E+02  0.147207E+02  0.377206E+02
  0.953000E+01  0.104932E+00  0.202327E+02  0.147209E+02  0.377229E+02
  0.954000E+01  0.104822E+00  0.202169E+02  0.147211E+02  0.377251E+02
  0.955000E+01  0.104712E+00  0.202012E+02  0.147214E+02  0.377273E+02
  0.956000E+01  0.104603E+00  0.201855E+02  0.147216E+02  0.377295E+02
  0.957000E+01  0.104493E+00  0.201699E+02  0.147218E+02  0.377317E+02
  0.958000E+01  0.104384E+00  0.201543E+02  0.147221E+02  0.377339E+02
  0.959000E+01  0.104275E+00  0.201388E+02  0.147223E+02  0.377361E+02
  0.960000E+01  0.104167E+00  0.201233E+02  0.147225E+02  0.377383E+02
  0.961000E+01  0.104058E+00  0.201079E+02  0.147228E+02  0.377405E+02
  0.962000E+01  0.103950E+00  0.200925E+02  0.147230E+02  0.377427E+02
  0.963000E+01  0.103842E+00  0.200772E+02  0.147232E+02  0.377448E+02
  0.964000E+01  0.103734E+00  0.200619E+02  0.147234E+02  0.377470E+02
  0.965000E+01  0.103627E+00  0.200467E+02  0.147237E+02  0.377492E+02
  0.966000E+01  0.103520E+00  0.200315E+02  0.147239E+02  0.377513E+02
  0.967000E+01  0.103413E+00  0.200163E+02  0.147241E+02  0.377534E+02
  0.968000E+01  0.103306E+00  0.200012E+02  0.147243E+02  0.377556E+02
  0.969000E+01  0.103199E+00  0.199862E+02  0.147245E+02  0.377577E+02
  0.970000E+01  0.103093E+00  0.199712E+02  0.147248E+02  0.377598E+02
  0.971000E+01  0.102987E+00  0.199562E+02  0.147250E+02  0.377620E+02
  0.972000E+01  0.102881E+00  0.199413E+02  0.147252E+02  0.377641E+02
  0.973000E+01  0.102775E+00  0.199264E+02  0.147254E+02  0.377662E+02
  0.974000E+01  0.102669E+00  0.199116E+02  0.147256E+02  0.377683E+02
  0.975000E+01  0.102564E+00  0.198968E+02  0.147258E+02  0.377704E+02
  0.976000E+01  0.102459E+00  0.198821E+02  0.147261E+02  0.377725E+02
  0.977000E+01  0.102354E+00  0.198674E+02  0.147263E+02  0.377746E+02
  0.978000E+01  0.102249E+00  0.198528E+02  0.147265E+02  0.377766E+02
  0.979000E+01  0.102145E+00  0.198382E+02  0.147267E+02  0.377787E+02
  0.980000E+01  0.102041E+00  0.198236E+02  0.147269E+02  0.377808E+02
  0.981000E+01  0.101937E+00  0.198091E+02  0.147271E+02  0.377828E+02
  0.982000E+01  0.101833E+00  0.197946E+02  0.147273E+02  0.377849E+02
  0.983000E+01  0.101729E+00  0.197802E+02  0.147275E+02  0.377869E+02
  0.984000E+01  0.101626E+00  0.197658E+02  0.147277E+02  0.377890E+02
  0.985000E+01  0.101523E+00  0.197515E+02  0.147279E+02  0.377910E+02
  0.986000E+01  0.101420E+00  0.197372E+02  0.147282E+02  0.377931E+02
  0.987000E+01  0.101317E+00  0.197230E+02  0.147284E+02  0.377951E+02
  0.988000E+01  0.101215E+00  0.197088E+02  0.147286E+02  0.377971E+02
  0.989000E+01  0.101112E+00  0.196946E+02  0.147288E+02  0.377991E+02
  0.990000E+01  0.101010E+00  0.196805E+02  0.147290E+02  0.378011E+02
  0.991000E+01  0.100908E+00  0.196664E+02  0.147292E+02  0.378031E+02
  0.992000E+01  0.100806E+00  0.196524E+02  0.147294E+02  0.378051E+02
  0.993000E+01  0.100705E+00  0.196384E+02  0.147296E+02  0.378071E+02
  0.994000E+01  0.100604E+00  0.196244E+02  0.147298E+02  0.378091E+02
  0.995000E+01  0.100503E+00  0.196105E+02  0.147300E+02  0.378111E+02
  0.996000E+01  0.100402E+00  0.195966E+02  0.147302E+02  0.378131E+02
  0.997000E+01  0.100301E+00  0.195828E+02  0.147304E+02  0.378151E+02
  0.998000E+01  0.100200E+00  0.195690E+02  0.147306E+02  0.378170E+02
  0.999000E+01  0.100100E+00  0.195553E+02  0.147308E+02  0.378190E+02
  0.100000E+02  0.100000E+00  0.195416E+02  0.147310E+02  0.378209E+02
