  0.02  2.37448
  0.03  2.57996
  0.04  2.71944
  0.05  2.81774
  0.06  2.88901
  0.07  2.94192
  0.08  2.98205
  0.09  3.01307997
  0.1  3.03747967
  0.11  3.05697744
  0.12  3.07276599
  0.13  3.08572115
  0.14  3.09647931
  0.15  3.10549053
  0.16  3.11305828
  0.17  3.11932068
  0.18  3.12426093
  0.19  3.1276455
  0.2  3.1290572
  0.21  3.1278083
  0.22  3.1230056
  0.23  3.1135394
  0.24  3.098074
  0.25  3.07518
  0.26  3.043308
  0.27  3.000965
  0.28  2.946746
  0.29  2.879455
  0.3  2.798239
  0.31  2.70269
  0.32  2.59292
  0.33  2.46959
  0.34  2.33399
  0.35  2.18793
  0.36  2.03373
  0.37  1.87408
  0.38  1.71186
  0.39  1.54997
  0.4  1.39122
  0.41  1.23812
  0.42  1.09279
  0.43  0.9569
  0.44  0.8316
  0.45  0.71756
  0.46  0.61503
  0.47  0.52384
  0.48  0.44353
  0.49  0.37343
  0.5  0.31269
  0.51  0.26041
  0.52  0.21565
  0.53  0.17748
  0.54  0.14504
  0.55  0.11753
  0.56  0.0942
  0.57  0.0745
  0.58  0.0577
  0.59  0.0435
  0.6  0.0313
  0.61  0.0209
  0.62  0.012
  0.63  0.0044
  0.64  0.0023
  0.65  0.008
  0.66  0.013
  0.67  0.0175
  0.68  0.0214
  0.69  0.0248
  0.7  0.028
  0.71  0.0307
  0.72  0.0332
  0.73  0.0355
  0.74  0.0375
  0.75  0.0394
  0.76  0.0411
  0.77  0.0427
  0.78  0.0441
  0.79  0.0454
  0.8  0.0466
  0.81  0.0477
  0.82  0.0487
  0.83  0.0498
  0.84  0.0506
  0.85  0.0515
  0.86  0.0523
  0.87  0.053
  0.88  0.0537
  0.89  0.0543
  0.9  0.055
  0.91  0.0556
  0.92  0.0561
  0.93  0.0566
  0.94  0.0571
  0.95  0.0575
  0.96  0.058
  0.97  0.0584
  0.98  0.0587
  0.99  0.0591
  1.  0.0595
  1.01  0.0598
  1.02  0.0601
  1.03  0.0604
  1.04  0.0607
  1.05  0.061
  1.06  0.0612
  1.07  0.0615
  1.08  0.0617
  1.09  0.062
  1.1  0.0622
  1.11  0.0623
  1.12  0.0625
  1.13  0.0627
  1.14  0.0629
  1.15  0.0631
  1.16  0.0633
  1.17  0.0634
  1.18  0.0635
  1.19  0.0636
  1.2  0.0638
  1.21  0.0639
  1.22  0.064
  1.23  0.0642
  1.24  0.0643
  1.25  0.0644
  1.26  0.0645
  1.27  0.0646
  1.28  0.0647
  1.29  0.0648
  1.3  0.065
  1.31  0.065
  1.32  0.0651
  1.33  0.0652
  1.34  0.0653
  1.35  0.0653
  1.36  0.0654
  1.37  0.0655
  1.38  0.0656
  1.39  0.0657
  1.4  0.0657
  1.41  0.0658
  1.42  0.0659
  1.43  0.0659
  1.44  0.066
  1.45  0.066
  1.46  0.0661
  1.47  0.0661
  1.48  0.0662
  1.49  0.0662
  1.5  0.0663
  1.51  0.0663
  1.52  0.0664
  1.53  0.0664
  1.54  0.0664
  1.55  0.0665
  1.56  0.0665
  1.57  0.0666
  1.58  0.0666
  1.59  0.0667
  1.6  0.0667
  1.61  0.0668
  1.62  0.0668
  1.63  0.0669
  1.64  0.0668
  1.65  0.0669
  1.66  0.067
  1.67  0.067
  1.68  0.067
  1.69  0.0671
  1.7  0.0671
  1.71  0.0671
  1.72  0.0671
  1.73  0.0671
  1.74  0.0672
  1.75  0.0672
  1.76  0.0673
  1.77  0.0673
  1.78  0.0673
  1.79  0.0673
  1.8  0.0674
  1.81  0.0673
  1.82  0.0674
  1.83  0.0674
  1.84  0.0674
  1.85  0.0674
  1.86  0.0675
  1.87  0.0675
  1.88  0.0675
  1.89  0.0676
  1.9  0.0675
  1.91  0.0676
  1.92  0.0676
  1.93  0.0676
  1.94  0.0676
  1.95  0.0677
  1.96  0.0676
  1.97  0.0676
  1.98  0.0676
  1.99  0.0677
  2.  0.0677
  2.01  0.0677
  2.02  0.0677
  2.03  0.0678
  2.04  0.0678
  2.05  0.0677
  2.06  0.0678
  2.07  0.0678
  2.08  0.0679
  2.09  0.0678
  2.1  0.0679
  2.11  0.0679
  2.12  0.0678
  2.13  0.0679
  2.14  0.0679
  2.15  0.0679
  2.16  0.0679
  2.17  0.068
  2.18  0.0679
  2.19  0.0679
  2.2  0.0679
  2.21  0.068
  2.22  0.068
  2.23  0.068
  2.24  0.068
  2.25  0.068
  2.26  0.068
  2.27  0.0681
  2.28  0.0681
  2.29  0.068
  2.3  0.068
  2.31  0.0681
  2.32  0.0681
  2.33  0.068
  2.34  0.0681
  2.35  0.0681
  2.36  0.0681
  2.37  0.0681
  2.38  0.0681
  2.39  0.0682
  2.4  0.0681
  2.41  0.0681
  2.42  0.0682
  2.43  0.0682
  2.44  0.0682
  2.45  0.0682
  2.46  0.0682
  2.47  0.0682
  2.48  0.0682
  2.49  0.0682
  2.5  0.0683
  2.51  0.0683
  2.52  0.0683
  2.53  0.0682
  2.54  0.0682
  2.55  0.0683
  2.56  0.0682
  2.57  0.0683
  2.58  0.0683
  2.59  0.0683
  2.6  0.0683
  2.61  0.0683
  2.62  0.0683
  2.63  0.0683
  2.64  0.0684
  2.65  0.0683
  2.66  0.0684
  2.67  0.0683
  2.68  0.0683
  2.69  0.0684
  2.7  0.0684
  2.71  0.0684
  2.72  0.0684
  2.73  0.0684
  2.74  0.0684
  2.75  0.0684
  2.76  0.0684
  2.77  0.0683
  2.78  0.0684
  2.79  0.0684
  2.8  0.0684
  2.81  0.0684
  2.82  0.0684
  2.83  0.0684
  2.84  0.0684
  2.85  0.0684
  2.86  0.0684
  2.87  0.0684
  2.88  0.0684
  2.89  0.0685
  2.9  0.0685
  2.91  0.0684
  2.92  0.0685
  2.93  0.0684
  2.94  0.0685
  2.95  0.0685
  2.96  0.0684
  2.97  0.0685
  2.98  0.0685
  2.99  0.0685
  3.  0.0685
  3.01  0.0685
  3.02  0.0685
  3.03  0.0685
  3.04  0.0685
  3.05  0.0685
  3.06  0.0685
  3.07  0.0685
  3.08  0.0685
  3.09  0.0685
  3.1  0.0685
  3.11  0.0686
  3.12  0.0685
  3.13  0.0686
  3.14  0.0685
  3.15  0.0685
  3.16  0.0686
  3.17  0.0686
  3.18  0.0685
  3.19  0.0685
  3.2  0.0685
  3.21  0.0685
  3.22  0.0686
  3.23  0.0686
  3.24  0.0686
  3.25  0.0685
  3.26  0.0685
  3.27  0.0686
  3.28  0.0686
  3.29  0.0686
  3.3  0.0686
  3.31  0.0686
  3.32  0.0686
  3.33  0.0686
  3.34  0.0686
  3.35  0.0686
  3.36  0.0686
  3.37  0.0686
  3.38  0.0686
  3.39  0.0686
  3.4  0.0686
  3.41  0.0686
  3.42  0.0686
  3.43  0.0686
  3.44  0.0687
  3.45  0.0686
  3.46  0.0686
  3.47  0.0686
  3.48  0.0686
  3.49  0.0687
  3.5  0.0687
  3.51  0.0687
  3.52  0.0687
  3.53  0.0687
  3.54  0.0687
  3.55  0.0687
  3.56  0.0687
  3.57  0.0687
  3.58  0.0687
  3.59  0.0686
  3.6  0.0686
  3.61  0.0686
  3.62  0.0687
  3.63  0.0687
  3.64  0.0686
  3.65  0.0686
  3.66  0.0687
  3.67  0.0687
  3.68  0.0686
  3.69  0.0687
  3.7  0.0686
  3.71  0.0687
  3.72  0.0687
  3.73  0.0687
  3.74  0.0687
  3.75  0.0687
  3.76  0.0687
  3.77  0.0687
  3.78  0.0687
  3.79  0.0687
  3.8  0.0687
  3.81  0.0687
  3.82  0.0687
  3.83  0.0687
  3.84  0.0687
  3.85  0.0687
  3.86  0.0687
  3.87  0.0687
  3.88  0.0687
  3.89  0.0687
  3.9  0.0687
  3.91  0.0688
  3.92  0.0687
  3.93  0.0687
  3.94  0.0687
  3.95  0.0687
  3.96  0.0687
  3.97  0.0687
  3.98  0.0687
  3.99  0.0687
  4.  0.0688
  4.01  0.0688
  4.02  0.0688
  4.03  0.0688
  4.04  0.0688
  4.05  0.0687
  4.06  0.0687
  4.07  0.0687
  4.08  0.0687
  4.09  0.0687
  4.1  0.0687
  4.11  0.0687
  4.12  0.0688
  4.13  0.0688
  4.14  0.0687
  4.15  0.0687
  4.16  0.0687
  4.17  0.0688
  4.18  0.0688
  4.19  0.0687
  4.2  0.0687
  4.21  0.0688
  4.22  0.0688
  4.23  0.0687
  4.24  0.0687
  4.25  0.0688
  4.26  0.0687
  4.27  0.0687
  4.28  0.0688
  4.29  0.0687
  4.3  0.0688
  4.31  0.0688
  4.32  0.0687
  4.33  0.0688
  4.34  0.0687
  4.35  0.0688
  4.36  0.0688
  4.37  0.0688
  4.38  0.0688
  4.39  0.0688
  4.4  0.0688
  4.41  0.0688
  4.42  0.0688
  4.43  0.0688
  4.44  0.0688
  4.45  0.0688
  4.46  0.0688
  4.47  0.0688
  4.48  0.0687
  4.49  0.0688
  4.5  0.0688
  4.51  0.0688
  4.52  0.0688
  4.53  0.0687
  4.54  0.0688
  4.55  0.0688
  4.56  0.0687
  4.57  0.0688
  4.58  0.0688
  4.59  0.0687
  4.6  0.0688
  4.61  0.0688
  4.62  0.0688
  4.63  0.0688
  4.64  0.0688
  4.65  0.0688
  4.66  0.0688
  4.67  0.0688
  4.68  0.0688
  4.69  0.0688
  4.7  0.0688
  4.71  0.0688
  4.72  0.0688
  4.73  0.0688
  4.74  0.0688
  4.75  0.0689
  4.76  0.0688
  4.77  0.0688
  4.78  0.0688
  4.79  0.0688
  4.8  0.0688
  4.81  0.0689
  4.82  0.0688
  4.83  0.0688
  4.84  0.0688
  4.85  0.0688
  4.86  0.0688
  4.87  0.0688
  4.88  0.0688
  4.89  0.0688
  4.9  0.0688
  4.91  0.0689
  4.92  0.0689
  4.93  0.0689
  4.94  0.0688
  4.95  0.0688
  4.96  0.0688
  4.97  0.0688
  4.98  0.0688
  4.99  0.0688
  5.  0.0688
  5.01  0.0688
  5.02  0.0688
  5.03  0.0688
  5.04  0.0688
  5.05  0.0688
  5.06  0.0688
  5.07  0.0688
  5.08  0.0688
  5.09  0.0689
  5.1  0.0689
  5.11  0.0689
  5.12  0.0689
  5.13  0.0689
  5.14  0.0689
  5.15  0.0688
  5.16  0.0688
  5.17  0.0688
  5.18  0.0688
  5.19  0.0688
  5.2  0.0688
  5.21  0.0689
  5.22  0.0689
  5.23  0.0689
  5.24  0.0689
  5.25  0.0688
  5.26  0.0688
  5.27  0.0688
  5.28  0.0688
  5.29  0.0689
  5.3  0.0689
  5.31  0.0689
  5.32  0.0688
  5.33  0.0688
  5.34  0.0688
  5.35  0.0689
  5.36  0.0689
  5.37  0.0688
  5.38  0.0688
  5.39  0.0688
  5.4  0.0689
  5.41  0.0689
  5.42  0.0688
  5.43  0.0688
  5.44  0.0689
  5.45  0.0689
  5.46  0.0689
  5.47  0.0688
  5.48  0.0688
  5.49  0.0689
  5.5  0.0689
  5.51  0.0688
  5.52  0.0688
  5.53  0.0689
  5.54  0.0689
  5.55  0.0688
  5.56  0.0689
  5.57  0.0689
  5.58  0.0689
  5.59  0.0688
  5.6  0.0689
  5.61  0.0689
  5.62  0.0688
  5.63  0.0689
  5.64  0.0689
  5.65  0.0688
  5.66  0.0689
  5.67  0.0689
  5.68  0.0689
  5.69  0.0688
  5.7  0.0689
  5.71  0.0689
  5.72  0.0688
  5.73  0.0689
  5.74  0.0689
  5.75  0.0689
  5.76  0.0689
  5.77  0.0688
  5.78  0.0689
  5.79  0.0689
  5.8  0.0688
  5.81  0.0689
  5.82  0.0689
  5.83  0.0688
  5.84  0.0689
  5.85  0.0689
  5.86  0.0689
  5.87  0.0689
  5.88  0.0688
  5.89  0.0689
  5.9  0.0689
  5.91  0.0689
  5.92  0.0689
  5.93  0.0688
  5.94  0.0689
  5.95  0.0689
  5.96  0.0689
  5.97  0.0689
  5.98  0.0688
  5.99  0.0689
  6.  0.0689
  6.01  0.0689
  6.02  0.0689
  6.03  0.0689
  6.04  0.0689
  6.05  0.0688
  6.06  0.0689
  6.07  0.0688
  6.08  0.0689
  6.09  0.0689
  6.1  0.0689
  6.11  0.0689
  6.12  0.0689
  6.13  0.0689
  6.14  0.0689
  6.15  0.0689
  6.16  0.0688
  6.17  0.0689
  6.18  0.0688
  6.19  0.0689
  6.2  0.0688
  6.21  0.0689
  6.22  0.0689
  6.23  0.0689
  6.24  0.0689
  6.25  0.0689
  6.26  0.0689
  6.27  0.0689
  6.28  0.0689
  6.29  0.0689
  6.3  0.0689
  6.31  0.0689
  6.32  0.0689
  6.33  0.0689
  6.34  0.0689
  6.35  0.0689
  6.36  0.0688
  6.37  0.0689
  6.38  0.0689
  6.39  0.0689
  6.4  0.0689
  6.41  0.0689
  6.42  0.0689
  6.43  0.0689
  6.44  0.0689
  6.45  0.0689
  6.46  0.0689
  6.47  0.0689
  6.48  0.0689
  6.49  0.0689
  6.5  0.0689
  6.51  0.0689
  6.52  0.0689
  6.53  0.0689
  6.54  0.0689
  6.55  0.0689
  6.56  0.0689
  6.57  0.0689
  6.58  0.0689
  6.59  0.0689
  6.6  0.0689
  6.61  0.0689
  6.62  0.0689
  6.63  0.0689
  6.64  0.0689
  6.65  0.0689
  6.66  0.0689
  6.67  0.0689
  6.68  0.0689
  6.69  0.0689
  6.7  0.069
  6.71  0.0689
  6.72  0.0689
  6.73  0.0689
  6.74  0.0689
  6.75  0.0689
  6.76  0.0689
  6.77  0.0689
  6.78  0.0689
  6.79  0.0689
  6.8  0.069
  6.81  0.0689
  6.82  0.0689
  6.83  0.0689
  6.84  0.0689
  6.85  0.0689
  6.86  0.0689
  6.87  0.0689
  6.88  0.0689
  6.89  0.0689
  6.9  0.0689
  6.91  0.0689
  6.92  0.0689
  6.93  0.0689
  6.94  0.0689
  6.95  0.0689
  6.96  0.069
  6.97  0.0689
  6.98  0.0689
  6.99  0.0689
  7.  0.0689
  7.01  0.0689
  7.02  0.0689
  7.03  0.0689
  7.04  0.0689
  7.05  0.0689
  7.06  0.0689
  7.07  0.0689
  7.08  0.0689
  7.09  0.0689
  7.1  0.069
  7.11  0.0689
  7.12  0.0689
  7.13  0.069
  7.14  0.0689
  7.15  0.0689
  7.16  0.069
  7.17  0.0689
  7.18  0.0689
  7.19  0.069
  7.2  0.0689
  7.21  0.0689
  7.22  0.069
  7.23  0.0689
  7.24  0.0689
  7.25  0.0689
  7.26  0.0689
  7.27  0.0689
  7.28  0.0689
  7.29  0.0689
  7.3  0.0689
  7.31  0.0689
  7.32  0.069
  7.33  0.0689
  7.34  0.0689
  7.35  0.069
  7.36  0.0689
  7.37  0.0689
  7.38  0.069
  7.39  0.0689
  7.4  0.0689
  7.41  0.0689
  7.42  0.0689
  7.43  0.0689
  7.44  0.0689
  7.45  0.069
  7.46  0.0689
  7.47  0.0689
  7.48  0.069
  7.49  0.0689
  7.5  0.0689
  7.51  0.0689
  7.52  0.069
  7.53  0.0689
  7.54  0.0689
  7.55  0.069
  7.56  0.0689
  7.57  0.0689
  7.58  0.0689
  7.59  0.069
  7.6  0.0689
  7.61  0.0689
  7.62  0.0689
  7.63  0.069
  7.64  0.0689
  7.65  0.0689
  7.66  0.069
  7.67  0.0689
  7.68  0.0689
  7.69  0.0689
  7.7  0.069
  7.71  0.0689
  7.72  0.0689
  7.73  0.0689
  7.74  0.069
  7.75  0.0689
  7.76  0.0689
  7.77  0.0689
  7.78  0.069
  7.79  0.0689
  7.8  0.0689
  7.81  0.069
  7.82  0.069
  7.83  0.0689
  7.84  0.0689
  7.85  0.069
  7.86  0.069
  7.87  0.0689
  7.88  0.0689
  7.89  0.069
  7.9  0.069
  7.91  0.0689
  7.92  0.0689
  7.93  0.069
  7.94  0.069
  7.95  0.0689
  7.96  0.0689
  7.97  0.0689
  7.98  0.069
  7.99  0.0689
  8.  0.0689
  8.01  0.0689
