  0.02  2.37448
  0.03  2.57996
  0.04  2.71944
  0.05  2.81774
  0.06  2.88901
  0.07  2.94192
  0.08  2.98205
  0.09  3.01308
  0.1  3.03748
  0.11  3.05698
  0.12  3.07278
  0.13  3.08578
  0.14  3.09668
  0.15  3.10607
  0.16  3.11452
  0.17  3.12262
  0.18  3.13105
  0.19  3.14057
  0.2  3.15209
  0.21  3.1666
  0.22  3.18523
  0.23  3.20921
  0.24  3.23981
  0.25  3.2784
  0.26  3.32633
  0.27  3.385
  0.28  3.45576
  0.29  3.5399
  0.3  3.63864
  0.31  3.7531
  0.32  3.88424
  0.33  4.03282
  0.34  4.19941
  0.35  4.38428
  0.36  4.58742
  0.37  4.80851
  0.38  5.04684
  0.39  5.30136
  0.4  5.57066
  0.41  5.85302
  0.42  6.14641
  0.43  6.4486
  0.44  6.75717
  0.45  7.06965
  0.46  7.38359
  0.47  7.69659
  0.48  8.00643
  0.49  8.31111
  0.5  8.60885
  0.51  8.89816
  0.52  9.17785
  0.53  9.44698
  0.54  9.70489
  0.55  9.95117
  0.56  10.1856
  0.57  10.4082
  0.58  10.619
  0.59  10.8183
  0.6  11.0064
  0.61  11.1838
  0.62  11.3509
  0.63  11.5082
  0.64  11.6562
  0.65  11.7955
  0.66  11.9265
  0.67  12.0497
  0.68  12.1656
  0.69  12.2748
  0.7  12.3775
  0.71  12.4744
  0.72  12.5656
  0.73  12.6517
  0.74  12.7329
  0.75  12.8096
  0.76  12.8821
  0.77  12.9507
  0.78  13.0156
  0.79  13.0771
  0.8  13.1354
  0.81  13.1907
  0.82  13.2432
  0.83  13.293
  0.84  13.3405
  0.85  13.3856
  0.86  13.4285
  0.87  13.4695
  0.88  13.5085
  0.89  13.5458
  0.9  13.5813
  0.91  13.6153
  0.92  13.6478
  0.93  13.6789
  0.94  13.7086
  0.95  13.7372
  0.96  13.7645
  0.97  13.7907
  0.98  13.8159
  0.99  13.84
  1.  13.8632
  1.01  13.8855
  1.02  13.907
  1.03  13.9276
  1.04  13.9475
  1.05  13.9666
  1.06  13.9851
  1.07  14.0028
  1.08  14.02
  1.09  14.0365
  1.1  14.0525
  1.11  14.068
  1.12  14.0829
  1.13  14.0973
  1.14  14.1112
  1.15  14.1247
  1.16  14.1377
  1.17  14.1504
  1.18  14.1626
  1.19  14.1745
  1.2  14.1859
  1.21  14.1971
  1.22  14.2079
  1.23  14.2183
  1.24  14.2285
  1.25  14.2384
  1.26  14.248
  1.27  14.2573
  1.28  14.2663
  1.29  14.2751
  1.3  14.2836
  1.31  14.2919
  1.32  14.3
  1.33  14.3079
  1.34  14.3155
  1.35  14.323
  1.36  14.3302
  1.37  14.3373
  1.38  14.3441
  1.39  14.3508
  1.4  14.3574
  1.41  14.3637
  1.42  14.3699
  1.43  14.376
  1.44  14.3819
  1.45  14.3877
  1.46  14.3933
  1.47  14.3988
  1.48  14.4041
  1.49  14.4094
  1.5  14.4145
  1.51  14.4195
  1.52  14.4243
  1.53  14.4291
  1.54  14.4338
  1.55  14.4383
  1.56  14.4428
  1.57  14.4471
  1.58  14.4514
  1.59  14.4555
  1.6  14.4596
  1.61  14.4636
  1.62  14.4675
  1.63  14.4713
  1.64  14.4751
  1.65  14.4787
  1.66  14.4823
  1.67  14.4858
  1.68  14.4893
  1.69  14.4926
  1.7  14.4959
  1.71  14.4992
  1.72  14.5024
  1.73  14.5055
  1.74  14.5085
  1.75  14.5115
  1.76  14.5144
  1.77  14.5173
  1.78  14.5201
  1.79  14.5229
  1.8  14.5256
  1.81  14.5283
  1.82  14.5309
  1.83  14.5335
  1.84  14.536
  1.85  14.5385
  1.86  14.5409
  1.87  14.5433
  1.88  14.5456
  1.89  14.5479
  1.9  14.5502
  1.91  14.5524
  1.92  14.5546
  1.93  14.5568
  1.94  14.5589
  1.95  14.5609
  1.96  14.563
  1.97  14.565
  1.98  14.567
  1.99  14.5689
  2.  14.5708
  2.01  14.5727
  2.02  14.5745
  2.03  14.5763
  2.04  14.5781
  2.05  14.5799
  2.06  14.5816
  2.07  14.5833
  2.08  14.5849
  2.09  14.5866
  2.1  14.5882
  2.11  14.5898
  2.12  14.5914
  2.13  14.5929
  2.14  14.5944
  2.15  14.5959
  2.16  14.5974
  2.17  14.5988
  2.18  14.6003
  2.19  14.6017
  2.2  14.6031
  2.21  14.6044
  2.22  14.6058
  2.23  14.6071
  2.24  14.6084
  2.25  14.6097
  2.26  14.611
  2.27  14.6122
  2.28  14.6134
  2.29  14.6147
  2.3  14.6159
  2.31  14.617
  2.32  14.6182
  2.33  14.6194
  2.34  14.6205
  2.35  14.6216
  2.36  14.6227
  2.37  14.6238
  2.38  14.6249
  2.39  14.6259
  2.4  14.627
  2.41  14.628
  2.42  14.629
  2.43  14.63
  2.44  14.631
  2.45  14.6319
  2.46  14.6329
  2.47  14.6339
  2.48  14.6348
  2.49  14.6357
  2.5  14.6366
  2.51  14.6375
  2.52  14.6384
  2.53  14.6393
  2.54  14.6402
  2.55  14.641
  2.56  14.6419
  2.57  14.6427
  2.58  14.6435
  2.59  14.6443
  2.6  14.6451
  2.61  14.6459
  2.62  14.6467
  2.63  14.6475
  2.64  14.6482
  2.65  14.649
  2.66  14.6497
  2.67  14.6505
  2.68  14.6512
  2.69  14.6519
  2.7  14.6526
  2.71  14.6533
  2.72  14.654
  2.73  14.6547
  2.74  14.6554
  2.75  14.656
  2.76  14.6567
  2.77  14.6574
  2.78  14.658
  2.79  14.6586
  2.8  14.6593
  2.81  14.6599
  2.82  14.6605
  2.83  14.6611
  2.84  14.6617
  2.85  14.6623
  2.86  14.6629
  2.87  14.6635
  2.88  14.6641
  2.89  14.6646
  2.9  14.6652
  2.91  14.6658
  2.92  14.6663
  2.93  14.6669
  2.94  14.6674
  2.95  14.6679
  2.96  14.6685
  2.97  14.669
  2.98  14.6695
  2.99  14.67
  3.  14.6705
  3.01  14.671
  3.02  14.6715
  3.03  14.672
  3.04  14.6725
  3.05  14.673
  3.06  14.6734
  3.07  14.6739
  3.08  14.6744
  3.09  14.6748
  3.1  14.6753
  3.11  14.6757
  3.12  14.6762
  3.13  14.6766
  3.14  14.6771
  3.15  14.6775
  3.16  14.6779
  3.17  14.6783
  3.18  14.6788
  3.19  14.6792
  3.2  14.6796
  3.21  14.68
  3.22  14.6804
  3.23  14.6808
  3.24  14.6812
  3.25  14.6816
  3.26  14.682
  3.27  14.6823
  3.28  14.6827
  3.29  14.6831
  3.3  14.6835
  3.31  14.6838
  3.32  14.6842
  3.33  14.6846
  3.34  14.6849
  3.35  14.6853
  3.36  14.6856
  3.37  14.686
  3.38  14.6863
  3.39  14.6867
  3.4  14.687
  3.41  14.6874
  3.42  14.6877
  3.43  14.688
  3.44  14.6883
  3.45  14.6887
  3.46  14.689
  3.47  14.6893
  3.48  14.6896
  3.49  14.6899
  3.5  14.6902
  3.51  14.6905
  3.52  14.6908
  3.53  14.6911
  3.54  14.6914
  3.55  14.6917
  3.56  14.692
  3.57  14.6923
  3.58  14.6926
  3.59  14.6929
  3.6  14.6932
  3.61  14.6935
  3.62  14.6937
  3.63  14.694
  3.64  14.6943
  3.65  14.6946
  3.66  14.6948
  3.67  14.6951
  3.68  14.6954
  3.69  14.6956
  3.7  14.6959
  3.71  14.6961
  3.72  14.6964
  3.73  14.6966
  3.74  14.6969
  3.75  14.6971
  3.76  14.6974
  3.77  14.6976
  3.78  14.6979
  3.79  14.6981
  3.8  14.6983
  3.81  14.6986
  3.82  14.6988
  3.83  14.6991
  3.84  14.6993
  3.85  14.6995
  3.86  14.6997
  3.87  14.7
  3.88  14.7002
  3.89  14.7004
  3.9  14.7006
  3.91  14.7008
  3.92  14.7011
  3.93  14.7013
  3.94  14.7015
  3.95  14.7017
  3.96  14.7019
  3.97  14.7021
  3.98  14.7023
  3.99  14.7025
  4.  14.7027
  4.01  14.7029
  4.02  14.7031
  4.03  14.7033
  4.04  14.7035
  4.05  14.7037
  4.06  14.7039
  4.07  14.7041
  4.08  14.7043
  4.09  14.7045
  4.1  14.7047
  4.11  14.7049
  4.12  14.705
  4.13  14.7052
  4.14  14.7054
  4.15  14.7056
  4.16  14.7058
  4.17  14.7059
  4.18  14.7061
  4.19  14.7063
  4.2  14.7065
  4.21  14.7066
  4.22  14.7068
  4.23  14.707
  4.24  14.7072
  4.25  14.7073
  4.26  14.7075
  4.27  14.7077
  4.28  14.7078
  4.29  14.708
  4.3  14.7081
  4.31  14.7083
  4.32  14.7085
  4.33  14.7086
  4.34  14.7088
  4.35  14.7089
  4.36  14.7091
  4.37  14.7092
  4.38  14.7094
  4.39  14.7095
  4.4  14.7097
  4.41  14.7098
  4.42  14.71
  4.43  14.7101
  4.44  14.7103
  4.45  14.7104
  4.46  14.7106
  4.47  14.7107
  4.48  14.7109
  4.49  14.711
  4.5  14.7111
  4.51  14.7113
  4.52  14.7114
  4.53  14.7116
  4.54  14.7117
  4.55  14.7118
  4.56  14.712
  4.57  14.7121
  4.58  14.7122
  4.59  14.7124
  4.6  14.7125
  4.61  14.7126
  4.62  14.7127
  4.63  14.7129
  4.64  14.713
  4.65  14.7131
  4.66  14.7133
  4.67  14.7134
  4.68  14.7135
  4.69  14.7136
  4.7  14.7137
  4.71  14.7139
  4.72  14.714
  4.73  14.7141
  4.74  14.7142
  4.75  14.7143
  4.76  14.7145
  4.77  14.7146
  4.78  14.7147
  4.79  14.7148
  4.8  14.7149
  4.81  14.715
  4.82  14.7152
  4.83  14.7153
  4.84  14.7154
  4.85  14.7155
  4.86  14.7156
  4.87  14.7157
  4.88  14.7158
  4.89  14.7159
  4.9  14.716
  4.91  14.7161
  4.92  14.7162
  4.93  14.7163
  4.94  14.7165
  4.95  14.7166
  4.96  14.7167
  4.97  14.7168
  4.98  14.7169
  4.99  14.717
  5.  14.7171
  5.01  14.7172
  5.02  14.7173
  5.03  14.7174
  5.04  14.7175
  5.05  14.7176
  5.06  14.7177
  5.07  14.7178
  5.08  14.7179
  5.09  14.7179
  5.1  14.718
  5.11  14.7181
  5.12  14.7182
  5.13  14.7183
  5.14  14.7184
  5.15  14.7185
  5.16  14.7186
  5.17  14.7187
  5.18  14.7188
  5.19  14.7189
  5.2  14.719
  5.21  14.719
  5.22  14.7191
  5.23  14.7192
  5.24  14.7193
  5.25  14.7194
  5.26  14.7195
  5.27  14.7196
  5.28  14.7197
  5.29  14.7197
  5.3  14.7198
  5.31  14.7199
  5.32  14.72
  5.33  14.7201
  5.34  14.7202
  5.35  14.7202
  5.36  14.7203
  5.37  14.7204
  5.38  14.7205
  5.39  14.7206
  5.4  14.7206
  5.41  14.7207
  5.42  14.7208
  5.43  14.7209
  5.44  14.7209
  5.45  14.721
  5.46  14.7211
  5.47  14.7212
  5.48  14.7213
  5.49  14.7213
  5.5  14.7214
  5.51  14.7215
  5.52  14.7216
  5.53  14.7216
  5.54  14.7217
  5.55  14.7218
  5.56  14.7218
  5.57  14.7219
  5.58  14.722
  5.59  14.7221
  5.6  14.7221
  5.61  14.7222
  5.62  14.7223
  5.63  14.7223
  5.64  14.7224
  5.65  14.7225
  5.66  14.7225
  5.67  14.7226
  5.68  14.7227
  5.69  14.7228
  5.7  14.7228
  5.71  14.7229
  5.72  14.723
  5.73  14.723
  5.74  14.7231
  5.75  14.7231
  5.76  14.7232
  5.77  14.7233
  5.78  14.7233
  5.79  14.7234
  5.8  14.7235
  5.81  14.7235
  5.82  14.7236
  5.83  14.7237
  5.84  14.7237
  5.85  14.7238
  5.86  14.7238
  5.87  14.7239
  5.88  14.724
  5.89  14.724
  5.9  14.7241
  5.91  14.7241
  5.92  14.7242
  5.93  14.7243
  5.94  14.7243
  5.95  14.7244
  5.96  14.7244
  5.97  14.7245
  5.98  14.7246
  5.99  14.7246
  6.  14.7247
  6.01  14.7247
  6.02  14.7248
  6.03  14.7248
  6.04  14.7249
  6.05  14.725
  6.06  14.725
  6.07  14.7251
  6.08  14.7251
  6.09  14.7252
  6.1  14.7252
  6.11  14.7253
  6.12  14.7253
  6.13  14.7254
  6.14  14.7254
  6.15  14.7255
  6.16  14.7256
  6.17  14.7256
  6.18  14.7257
  6.19  14.7257
  6.2  14.7258
  6.21  14.7258
  6.22  14.7259
  6.23  14.7259
  6.24  14.726
  6.25  14.726
  6.26  14.7261
  6.27  14.7261
  6.28  14.7262
  6.29  14.7262
  6.3  14.7263
  6.31  14.7263
  6.32  14.7264
  6.33  14.7264
  6.34  14.7265
  6.35  14.7265
  6.36  14.7266
  6.37  14.7266
  6.38  14.7266
  6.39  14.7267
  6.4  14.7267
  6.41  14.7268
  6.42  14.7268
  6.43  14.7269
  6.44  14.7269
  6.45  14.727
  6.46  14.727
  6.47  14.7271
  6.48  14.7271
  6.49  14.7272
  6.5  14.7272
  6.51  14.7272
  6.52  14.7273
  6.53  14.7273
  6.54  14.7274
  6.55  14.7274
  6.56  14.7275
  6.57  14.7275
  6.58  14.7275
  6.59  14.7276
  6.6  14.7276
  6.61  14.7277
  6.62  14.7277
  6.63  14.7278
  6.64  14.7278
  6.65  14.7278
  6.66  14.7279
  6.67  14.7279
  6.68  14.728
  6.69  14.728
  6.7  14.728
  6.71  14.7281
  6.72  14.7281
  6.73  14.7282
  6.74  14.7282
  6.75  14.7283
  6.76  14.7283
  6.77  14.7283
  6.78  14.7284
  6.79  14.7284
  6.8  14.7284
  6.81  14.7285
  6.82  14.7285
  6.83  14.7286
  6.84  14.7286
  6.85  14.7286
  6.86  14.7287
  6.87  14.7287
  6.88  14.7288
  6.89  14.7288
  6.9  14.7288
  6.91  14.7289
  6.92  14.7289
  6.93  14.7289
  6.94  14.729
  6.95  14.729
  6.96  14.729
  6.97  14.7291
  6.98  14.7291
  6.99  14.7292
  7.  14.7292
  7.01  14.7292
  7.02  14.7293
  7.03  14.7293
  7.04  14.7293
  7.05  14.7294
  7.06  14.7294
  7.07  14.7294
  7.08  14.7295
  7.09  14.7295
  7.1  14.7295
  7.11  14.7296
  7.12  14.7296
  7.13  14.7296
  7.14  14.7297
  7.15  14.7297
  7.16  14.7297
  7.17  14.7298
  7.18  14.7298
  7.19  14.7298
  7.2  14.7299
  7.21  14.7299
  7.22  14.7299
  7.23  14.73
  7.24  14.73
  7.25  14.73
  7.26  14.7301
  7.27  14.7301
  7.28  14.7301
  7.29  14.7302
  7.3  14.7302
  7.31  14.7302
  7.32  14.7302
  7.33  14.7303
  7.34  14.7303
  7.35  14.7303
  7.36  14.7304
  7.37  14.7304
  7.38  14.7304
  7.39  14.7305
  7.4  14.7305
  7.41  14.7305
  7.42  14.7306
  7.43  14.7306
  7.44  14.7306
  7.45  14.7306
  7.46  14.7307
  7.47  14.7307
  7.48  14.7307
  7.49  14.7308
  7.5  14.7308
  7.51  14.7308
  7.52  14.7308
  7.53  14.7309
  7.54  14.7309
  7.55  14.7309
  7.56  14.731
  7.57  14.731
  7.58  14.731
  7.59  14.731
  7.6  14.7311
  7.61  14.7311
  7.62  14.7311
  7.63  14.7311
  7.64  14.7312
  7.65  14.7312
  7.66  14.7312
  7.67  14.7313
  7.68  14.7313
  7.69  14.7313
  7.7  14.7313
  7.71  14.7314
  7.72  14.7314
  7.73  14.7314
  7.74  14.7314
  7.75  14.7315
  7.76  14.7315
  7.77  14.7315
  7.78  14.7315
  7.79  14.7316
  7.8  14.7316
  7.81  14.7316
  7.82  14.7316
  7.83  14.7317
  7.84  14.7317
  7.85  14.7317
  7.86  14.7317
  7.87  14.7318
  7.88  14.7318
  7.89  14.7318
  7.9  14.7318
  7.91  14.7319
  7.92  14.7319
  7.93  14.7319
  7.94  14.7319
  7.95  14.732
  7.96  14.732
  7.97  14.732
  7.98  14.732
  7.99  14.7321
  8.  14.7321
  8.01  14.7321
  8.02  14.7321
  8.03  14.7322
  8.04  14.7322
  8.05  14.7322
  8.06  14.7322
  8.07  14.7322
  8.08  14.7323
  8.09  14.7323
  8.1  14.7323
  8.11  14.7323
  8.12  14.7324
  8.13  14.7324
  8.14  14.7324
  8.15  14.7324
  8.16  14.7325
  8.17  14.7325
  8.18  14.7325
  8.19  14.7325
  8.2  14.7325
  8.21  14.7326
  8.22  14.7326
  8.23  14.7326
  8.24  14.7326
  8.25  14.7326
  8.26  14.7327
  8.27  14.7327
  8.28  14.7327
  8.29  14.7327
  8.3  14.7328
  8.31  14.7328
  8.32  14.7328
  8.33  14.7328
  8.34  14.7328
  8.35  14.7329
  8.36  14.7329
  8.37  14.7329
  8.38  14.7329
  8.39  14.7329
  8.4  14.733
  8.41  14.733
  8.42  14.733
  8.43  14.733
  8.44  14.733
  8.45  14.7331
  8.46  14.7331
  8.47  14.7331
  8.48  14.7331
  8.49  14.7331
  8.5  14.7332
  8.51  14.7332
  8.52  14.7332
  8.53  14.7332
  8.54  14.7332
  8.55  14.7333
  8.56  14.7333
  8.57  14.7333
  8.58  14.7333
  8.59  14.7333
  8.6  14.7334
  8.61  14.7334
  8.62  14.7334
  8.63  14.7334
  8.64  14.7334
  8.65  14.7334
  8.66  14.7335
  8.67  14.7335
  8.68  14.7335
  8.69  14.7335
  8.7  14.7335
  8.71  14.7336
  8.72  14.7336
  8.73  14.7336
  8.74  14.7336
  8.75  14.7336
  8.76  14.7336
  8.77  14.7337
  8.78  14.7337
  8.79  14.7337
  8.8  14.7337
  8.81  14.7337
  8.82  14.7338
  8.83  14.7338
  8.84  14.7338
  8.85  14.7338
  8.86  14.7338
  8.87  14.7338
  8.88  14.7339
  8.89  14.7339
  8.9  14.7339
  8.91  14.7339
  8.92  14.7339
  8.93  14.7339
  8.94  14.734
  8.95  14.734
  8.96  14.734
  8.97  14.734
  8.98  14.734
  8.99  14.734
  9.  14.7341
