  0.02  0.776464
  0.03  1.03346
  0.04  1.40905
  0.05  1.86477
  0.06  2.37671
  0.07  2.92502
  0.08  3.49304
  0.09  4.06744
  0.1  4.63792
  0.11  5.19676
  0.12  5.73828
  0.13  6.25847
  0.14  6.75464
  0.15  7.22519
  0.16  7.66933
  0.17  8.08698
  0.18  8.47854
  0.19  8.84479
  0.2  9.18676
  0.21  9.50564
  0.22  9.80272
  0.23  10.0794
  0.24  10.3369
  0.25  10.5766
  0.26  10.7997
  0.27  11.0075
  0.28  11.2011
  0.29  11.3816
  0.3  11.5499
  0.31  11.707
  0.32  11.8538
  0.33  11.991
  0.34  12.1194
  0.35  12.2396
  0.36  12.3523
  0.37  12.4579
  0.38  12.5572
  0.39  12.6504
  0.4  12.7382
  0.41  12.8208
  0.42  12.8986
  0.43  12.972
  0.44  13.0412
  0.45  13.1067
  0.46  13.1685
  0.47  13.2271
  0.48  13.2825
  0.49  13.3351
  0.5  13.3849
  0.51  13.4322
  0.52  13.4772
  0.53  13.5199
  0.54  13.5605
  0.55  13.5992
  0.56  13.6361
  0.57  13.6712
  0.58  13.7048
  0.59  13.7367
  0.6  13.7673
  0.61  13.7965
  0.62  13.8244
  0.63  13.8512
  0.64  13.8767
  0.65  13.9013
  0.66  13.9247
  0.67  13.9473
  0.68  13.9689
  0.69  13.9896
  0.7  14.0096
  0.71  14.0287
  0.72  14.0471
  0.73  14.0648
  0.74  14.0819
  0.75  14.0983
  0.76  14.1141
  0.77  14.1293
  0.78  14.144
  0.79  14.1581
  0.8  14.1718
  0.81  14.1849
  0.82  14.1977
  0.83  14.2099
  0.84  14.2218
  0.85  14.2333
  0.86  14.2444
  0.87  14.2551
  0.88  14.2655
  0.89  14.2756
  0.9  14.2853
  0.91  14.2947
  0.92  14.3039
  0.93  14.3127
  0.94  14.3213
  0.95  14.3296
  0.96  14.3377
  0.97  14.3455
  0.98  14.3531
  0.99  14.3605
  1.  14.3677
  1.01  14.3747
  1.02  14.3814
  1.03  14.388
  1.04  14.3944
  1.05  14.4006
  1.06  14.4067
  1.07  14.4126
  1.08  14.4183
  1.09  14.4239
  1.1  14.4293
  1.11  14.4346
  1.12  14.4398
  1.13  14.4448
  1.14  14.4497
  1.15  14.4544
  1.16  14.4591
  1.17  14.4636
  1.18  14.468
  1.19  14.4723
  1.2  14.4765
  1.21  14.4806
  1.22  14.4847
  1.23  14.4886
  1.24  14.4924
  1.25  14.4961
  1.26  14.4998
  1.27  14.5033
  1.28  14.5068
  1.29  14.5102
  1.3  14.5135
  1.31  14.5168
  1.32  14.52
  1.33  14.5231
  1.34  14.5261
  1.35  14.5291
  1.36  14.532
  1.37  14.5348
  1.38  14.5376
  1.39  14.5403
  1.4  14.543
  1.41  14.5456
  1.42  14.5482
  1.43  14.5507
  1.44  14.5531
  1.45  14.5556
  1.46  14.5579
  1.47  14.5602
  1.48  14.5625
  1.49  14.5647
  1.5  14.5669
  1.51  14.569
  1.52  14.5711
  1.53  14.5732
  1.54  14.5752
  1.55  14.5771
  1.56  14.5791
  1.57  14.581
  1.58  14.5828
  1.59  14.5847
  1.6  14.5865
  1.61  14.5882
  1.62  14.59
  1.63  14.5917
  1.64  14.5933
  1.65  14.595
  1.66  14.5966
  1.67  14.5982
  1.68  14.5997
  1.69  14.6013
  1.7  14.6028
  1.71  14.6042
  1.72  14.6057
  1.73  14.6071
  1.74  14.6085
  1.75  14.6099
  1.76  14.6112
  1.77  14.6126
  1.78  14.6139
  1.79  14.6152
  1.8  14.6164
  1.81  14.6177
  1.82  14.6189
  1.83  14.6201
  1.84  14.6213
  1.85  14.6225
  1.86  14.6236
  1.87  14.6247
  1.88  14.6259
  1.89  14.6269
  1.9  14.628
  1.91  14.6291
  1.92  14.6301
  1.93  14.6312
  1.94  14.6322
  1.95  14.6332
  1.96  14.6341
  1.97  14.6351
  1.98  14.6361
  1.99  14.637
  2.  14.6379
  2.01  14.6388
  2.02  14.6397
  2.03  14.6406
  2.04  14.6415
  2.05  14.6424
  2.06  14.6432
  2.07  14.644
  2.08  14.6449
  2.09  14.6457
  2.1  14.6465
  2.11  14.6473
  2.12  14.648
  2.13  14.6488
  2.14  14.6496
  2.15  14.6503
  2.16  14.651
  2.17  14.6518
  2.18  14.6525
  2.19  14.6532
  2.2  14.6539
  2.21  14.6546
  2.22  14.6552
  2.23  14.6559
  2.24  14.6566
  2.25  14.6572
  2.26  14.6579
  2.27  14.6585
  2.28  14.6591
  2.29  14.6597
  2.3  14.6603
  2.31  14.661
  2.32  14.6615
  2.33  14.6621
  2.34  14.6627
  2.35  14.6633
  2.36  14.6638
  2.37  14.6644
  2.38  14.665
  2.39  14.6655
  2.4  14.666
  2.41  14.6666
  2.42  14.6671
  2.43  14.6676
  2.44  14.6681
  2.45  14.6686
  2.46  14.6691
  2.47  14.6696
  2.48  14.6701
  2.49  14.6706
  2.5  14.671
  2.51  14.6715
  2.52  14.672
  2.53  14.6724
  2.54  14.6729
  2.55  14.6733
  2.56  14.6738
  2.57  14.6742
  2.58  14.6747
  2.59  14.6751
  2.6  14.6755
  2.61  14.6759
  2.62  14.6763
  2.63  14.6767
  2.64  14.6771
  2.65  14.6775
  2.66  14.6779
  2.67  14.6783
  2.68  14.6787
  2.69  14.6791
  2.7  14.6795
  2.71  14.6798
  2.72  14.6802
  2.73  14.6806
  2.74  14.6809
  2.75  14.6813
  2.76  14.6816
  2.77  14.682
  2.78  14.6823
  2.79  14.6827
  2.8  14.683
  2.81  14.6834
  2.82  14.6837
  2.83  14.684
  2.84  14.6843
  2.85  14.6847
  2.86  14.685
  2.87  14.6853
  2.88  14.6856
  2.89  14.6859
  2.9  14.6862
  2.91  14.6865
  2.92  14.6868
  2.93  14.6871
  2.94  14.6874
  2.95  14.6877
  2.96  14.688
  2.97  14.6883
  2.98  14.6885
  2.99  14.6888
  3.  14.6891
  3.01  14.6894
  3.02  14.6896
  3.03  14.6899
  3.04  14.6902
  3.05  14.6904
  3.06  14.6907
  3.07  14.6909
  3.08  14.6912
  3.09  14.6915
  3.1  14.6917
  3.11  14.692
  3.12  14.6922
  3.13  14.6924
  3.14  14.6927
  3.15  14.6929
  3.16  14.6932
  3.17  14.6934
  3.18  14.6936
  3.19  14.6938
  3.2  14.6941
  3.21  14.6943
  3.22  14.6945
  3.23  14.6947
  3.24  14.695
  3.25  14.6952
  3.26  14.6954
  3.27  14.6956
  3.28  14.6958
  3.29  14.696
  3.3  14.6962
  3.31  14.6964
  3.32  14.6966
  3.33  14.6968
  3.34  14.697
  3.35  14.6972
  3.36  14.6974
  3.37  14.6976
  3.38  14.6978
  3.39  14.698
  3.4  14.6982
  3.41  14.6984
  3.42  14.6986
  3.43  14.6988
  3.44  14.6989
  3.45  14.6991
  3.46  14.6993
  3.47  14.6995
  3.48  14.6997
  3.49  14.6998
  3.5  14.7
  3.51  14.7002
  3.52  14.7003
  3.53  14.7005
  3.54  14.7007
  3.55  14.7008
  3.56  14.701
  3.57  14.7012
  3.58  14.7013
  3.59  14.7015
  3.6  14.7017
  3.61  14.7018
  3.62  14.702
  3.63  14.7021
  3.64  14.7023
  3.65  14.7024
  3.66  14.7026
  3.67  14.7027
  3.68  14.7029
  3.69  14.703
  3.7  14.7032
  3.71  14.7033
  3.72  14.7035
  3.73  14.7036
  3.74  14.7038
  3.75  14.7039
  3.76  14.704
  3.77  14.7042
  3.78  14.7043
  3.79  14.7044
  3.8  14.7046
  3.81  14.7047
  3.82  14.7049
  3.83  14.705
  3.84  14.7051
  3.85  14.7052
  3.86  14.7054
  3.87  14.7055
  3.88  14.7056
  3.89  14.7058
  3.9  14.7059
  3.91  14.706
  3.92  14.7061
  3.93  14.7063
  3.94  14.7064
  3.95  14.7065
  3.96  14.7066
  3.97  14.7067
  3.98  14.7069
  3.99  14.707
  4.  14.7071
  4.01  14.7072
  4.02  14.7073
  4.03  14.7074
  4.04  14.7075
  4.05  14.7077
  4.06  14.7078
  4.07  14.7079
  4.08  14.708
  4.09  14.7081
  4.1  14.7082
  4.11  14.7083
  4.12  14.7084
  4.13  14.7085
  4.14  14.7086
  4.15  14.7087
  4.16  14.7088
  4.17  14.7089
  4.18  14.709
  4.19  14.7091
  4.2  14.7092
  4.21  14.7093
  4.22  14.7094
  4.23  14.7095
  4.24  14.7096
  4.25  14.7097
  4.26  14.7098
  4.27  14.7099
  4.28  14.71
  4.29  14.7101
  4.3  14.7102
  4.31  14.7103
  4.32  14.7104
  4.33  14.7105
  4.34  14.7106
  4.35  14.7107
  4.36  14.7107
  4.37  14.7108
  4.38  14.7109
  4.39  14.711
  4.4  14.7111
  4.41  14.7112
  4.42  14.7113
  4.43  14.7114
  4.44  14.7114
  4.45  14.7115
  4.46  14.7116
  4.47  14.7117
  4.48  14.7118
  4.49  14.7119
  4.5  14.7119
  4.51  14.712
  4.52  14.7121
  4.53  14.7122
  4.54  14.7123
  4.55  14.7123
  4.56  14.7124
  4.57  14.7125
  4.58  14.7126
  4.59  14.7127
  4.6  14.7127
  4.61  14.7128
  4.62  14.7129
  4.63  14.713
  4.64  14.713
  4.65  14.7131
  4.66  14.7132
  4.67  14.7133
  4.68  14.7133
  4.69  14.7134
  4.7  14.7135
  4.71  14.7135
  4.72  14.7136
  4.73  14.7137
  4.74  14.7137
  4.75  14.7138
  4.76  14.7139
  4.77  14.714
  4.78  14.714
  4.79  14.7141
  4.8  14.7142
  4.81  14.7142
  4.82  14.7143
  4.83  14.7144
  4.84  14.7144
  4.85  14.7145
  4.86  14.7146
  4.87  14.7146
  4.88  14.7147
  4.89  14.7147
  4.9  14.7148
  4.91  14.7149
  4.92  14.7149
  4.93  14.715
  4.94  14.7151
  4.95  14.7151
  4.96  14.7152
  4.97  14.7152
  4.98  14.7153
  4.99  14.7154
  5.  14.7154
  5.01  14.7155
  5.02  14.7155
  5.03  14.7156
  5.04  14.7157
  5.05  14.7157
  5.06  14.7158
  5.07  14.7158
  5.08  14.7159
  5.09  14.7159
  5.1  14.716
  5.11  14.7161
  5.12  14.7161
  5.13  14.7162
  5.14  14.7162
  5.15  14.7163
  5.16  14.7163
  5.17  14.7164
  5.18  14.7164
  5.19  14.7165
  5.2  14.7165
  5.21  14.7166
  5.22  14.7166
  5.23  14.7167
  5.24  14.7167
  5.25  14.7168
  5.26  14.7169
  5.27  14.7169
  5.28  14.717
  5.29  14.717
  5.3  14.7171
  5.31  14.7171
  5.32  14.7172
  5.33  14.7172
  5.34  14.7172
  5.35  14.7173
  5.36  14.7173
  5.37  14.7174
  5.38  14.7174
  5.39  14.7175
  5.4  14.7175
  5.41  14.7176
  5.42  14.7176
  5.43  14.7177
  5.44  14.7177
  5.45  14.7178
  5.46  14.7178
  5.47  14.7179
  5.48  14.7179
  5.49  14.7179
  5.5  14.718
  5.51  14.718
  5.52  14.7181
  5.53  14.7181
  5.54  14.7182
  5.55  14.7182
  5.56  14.7183
  5.57  14.7183
  5.58  14.7183
  5.59  14.7184
  5.6  14.7184
  5.61  14.7185
  5.62  14.7185
  5.63  14.7186
  5.64  14.7186
  5.65  14.7186
  5.66  14.7187
  5.67  14.7187
  5.68  14.7188
  5.69  14.7188
  5.7  14.7188
  5.71  14.7189
  5.72  14.7189
  5.73  14.719
  5.74  14.719
  5.75  14.719
  5.76  14.7191
  5.77  14.7191
  5.78  14.7192
  5.79  14.7192
  5.8  14.7192
  5.81  14.7193
  5.82  14.7193
  5.83  14.7193
  5.84  14.7194
  5.85  14.7194
  5.86  14.7195
  5.87  14.7195
  5.88  14.7195
  5.89  14.7196
  5.9  14.7196
  5.91  14.7196
  5.92  14.7197
  5.93  14.7197
  5.94  14.7197
  5.95  14.7198
  5.96  14.7198
  5.97  14.7198
  5.98  14.7199
  5.99  14.7199
  6.  14.72
  6.01  14.72
  6.02  14.72
  6.03  14.7201
  6.04  14.7201
  6.05  14.7201
  6.06  14.7202
  6.07  14.7202
  6.08  14.7202
  6.09  14.7203
  6.1  14.7203
  6.11  14.7203
  6.12  14.7204
  6.13  14.7204
  6.14  14.7204
  6.15  14.7204
  6.16  14.7205
  6.17  14.7205
  6.18  14.7205
  6.19  14.7206
  6.2  14.7206
  6.21  14.7206
  6.22  14.7207
  6.23  14.7207
  6.24  14.7207
  6.25  14.7208
  6.26  14.7208
  6.27  14.7208
  6.28  14.7209
  6.29  14.7209
  6.3  14.7209
  6.31  14.7209
  6.32  14.721
  6.33  14.721
  6.34  14.721
  6.35  14.7211
  6.36  14.7211
  6.37  14.7211
  6.38  14.7211
  6.39  14.7212
  6.4  14.7212
  6.41  14.7212
  6.42  14.7213
  6.43  14.7213
  6.44  14.7213
  6.45  14.7213
  6.46  14.7214
  6.47  14.7214
  6.48  14.7214
  6.49  14.7214
  6.5  14.7215
  6.51  14.7215
  6.52  14.7215
  6.53  14.7216
  6.54  14.7216
  6.55  14.7216
  6.56  14.7216
  6.57  14.7217
  6.58  14.7217
  6.59  14.7217
  6.6  14.7217
  6.61  14.7218
  6.62  14.7218
  6.63  14.7218
  6.64  14.7218
  6.65  14.7219
  6.66  14.7219
  6.67  14.7219
  6.68  14.7219
  6.69  14.722
  6.7  14.722
  6.71  14.722
  6.72  14.722
  6.73  14.7221
  6.74  14.7221
  6.75  14.7221
  6.76  14.7221
  6.77  14.7222
  6.78  14.7222
  6.79  14.7222
  6.8  14.7222
  6.81  14.7223
  6.82  14.7223
  6.83  14.7223
  6.84  14.7223
  6.85  14.7224
  6.86  14.7224
  6.87  14.7224
  6.88  14.7224
  6.89  14.7224
  6.9  14.7225
  6.91  14.7225
  6.92  14.7225
  6.93  14.7225
  6.94  14.7226
  6.95  14.7226
  6.96  14.7226
  6.97  14.7226
  6.98  14.7226
  6.99  14.7227
  7.  14.7227
  7.01  14.7227
  7.02  14.7227
  7.03  14.7228
  7.04  14.7228
  7.05  14.7228
  7.06  14.7228
  7.07  14.7228
  7.08  14.7229
  7.09  14.7229
  7.1  14.7229
  7.11  14.7229
  7.12  14.7229
  7.13  14.723
  7.14  14.723
  7.15  14.723
  7.16  14.723
  7.17  14.723
  7.18  14.7231
  7.19  14.7231
  7.2  14.7231
  7.21  14.7231
  7.22  14.7231
  7.23  14.7232
  7.24  14.7232
  7.25  14.7232
  7.26  14.7232
  7.27  14.7232
  7.28  14.7233
  7.29  14.7233
  7.3  14.7233
  7.31  14.7233
  7.32  14.7233
  7.33  14.7234
  7.34  14.7234
  7.35  14.7234
  7.36  14.7234
  7.37  14.7234
  7.38  14.7234
  7.39  14.7235
  7.4  14.7235
  7.41  14.7235
  7.42  14.7235
  7.43  14.7235
  7.44  14.7236
  7.45  14.7236
  7.46  14.7236
  7.47  14.7236
  7.48  14.7236
  7.49  14.7236
  7.5  14.7237
  7.51  14.7237
  7.52  14.7237
  7.53  14.7237
  7.54  14.7237
  7.55  14.7237
  7.56  14.7238
  7.57  14.7238
  7.58  14.7238
  7.59  14.7238
  7.6  14.7238
  7.61  14.7239
  7.62  14.7239
  7.63  14.7239
  7.64  14.7239
  7.65  14.7239
  7.66  14.7239
  7.67  14.724
  7.68  14.724
  7.69  14.724
  7.7  14.724
  7.71  14.724
  7.72  14.724
  7.73  14.724
  7.74  14.7241
  7.75  14.7241
  7.76  14.7241
  7.77  14.7241
  7.78  14.7241
  7.79  14.7241
  7.8  14.7242
  7.81  14.7242
  7.82  14.7242
  7.83  14.7242
  7.84  14.7242
  7.85  14.7242
  7.86  14.7243
  7.87  14.7243
  7.88  14.7243
  7.89  14.7243
  7.9  14.7243
  7.91  14.7243
  7.92  14.7243
  7.93  14.7244
  7.94  14.7244
  7.95  14.7244
  7.96  14.7244
  7.97  14.7244
  7.98  14.7244
  7.99  14.7244
  8.  14.7245
  8.01  14.7245
  8.02  14.7245
  8.03  14.7245
  8.04  14.7245
  8.05  14.7245
  8.06  14.7245
  8.07  14.7246
  8.08  14.7246
  8.09  14.7246
  8.1  14.7246
  8.11  14.7246
  8.12  14.7246
  8.13  14.7246
  8.14  14.7247
  8.15  14.7247
  8.16  14.7247
  8.17  14.7247
  8.18  14.7247
  8.19  14.7247
  8.2  14.7247
  8.21  14.7248
  8.22  14.7248
  8.23  14.7248
  8.24  14.7248
  8.25  14.7248
  8.26  14.7248
  8.27  14.7248
  8.28  14.7248
  8.29  14.7249
  8.3  14.7249
  8.31  14.7249
  8.32  14.7249
  8.33  14.7249
  8.34  14.7249
  8.35  14.7249
  8.36  14.7249
  8.37  14.725
  8.38  14.725
  8.39  14.725
  8.4  14.725
  8.41  14.725
  8.42  14.725
  8.43  14.725
  8.44  14.725
  8.45  14.7251
  8.46  14.7251
  8.47  14.7251
  8.48  14.7251
  8.49  14.7251
  8.5  14.7251
  8.51  14.7251
  8.52  14.7251
  8.53  14.7252
  8.54  14.7252
  8.55  14.7252
  8.56  14.7252
  8.57  14.7252
  8.58  14.7252
  8.59  14.7252
  8.6  14.7252
  8.61  14.7253
  8.62  14.7253
  8.63  14.7253
  8.64  14.7253
  8.65  14.7253
  8.66  14.7253
  8.67  14.7253
  8.68  14.7253
  8.69  14.7253
  8.7  14.7254
  8.71  14.7254
  8.72  14.7254
  8.73  14.7254
  8.74  14.7254
  8.75  14.7254
  8.76  14.7254
  8.77  14.7254
  8.78  14.7254
  8.79  14.7255
  8.8  14.7255
  8.81  14.7255
  8.82  14.7255
  8.83  14.7255
  8.84  14.7255
  8.85  14.7255
  8.86  14.7255
  8.87  14.7255
  8.88  14.7256
  8.89  14.7256
  8.9  14.7256
  8.91  14.7256
  8.92  14.7256
  8.93  14.7256
  8.94  14.7256
  8.95  14.7256
  8.96  14.7256
  8.97  14.7256
  8.98  14.7257
  8.99  14.7257
  9.  14.7257
