  0.02  1.70308E-46
  0.03  3.94463E-30
  0.04  6.05042E-22
  0.05  4.94758E-17
  0.06  9.55246E-14
  0.07  2.08471E-11
  0.08  1.17966E-09
  0.09  2.71118E-08
  0.1  3.31479E-07
  0.11  2.56045E-06
  0.12  1.40141E-05
  0.13  5.88492E-05
  0.14  0.000200689
  0.15  0.000579471
  0.16  0.00146172
  0.17  0.00329932
  0.18  0.00678907
  0.19  0.0129245
  0.2  0.0230328
  0.21  0.0387917
  0.22  0.0622244
  0.23  0.0956706
  0.24  0.141736
  0.25  0.20322
  0.26  0.283022
  0.27  0.384035
  0.28  0.509014
  0.29  0.660445
  0.3  0.840401
  0.31  1.05041
  0.32  1.29132
  0.33  1.56323
  0.34  1.86542
  0.35  2.19635
  0.36  2.55369
  0.37  2.93443
  0.38  3.33498
  0.39  3.75139
  0.4  4.17944
  0.41  4.6149
  0.42  5.05362
  0.43  5.4917
  0.44  5.92557
  0.45  6.35209
  0.46  6.76856
  0.47  7.17275
  0.48  7.5629
  0.49  7.93768
  0.5  8.29616
  0.51  8.63775
  0.52  8.9622
  0.53  9.2695
  0.54  9.55985
  0.55  9.83364
  0.56  10.0914
  0.57  10.3337
  0.58  10.5613
  0.59  10.7748
  0.6  10.9751
  0.61  11.1629
  0.62  11.3389
  0.63  11.5038
  0.64  11.6585
  0.65  11.8035
  0.66  11.9395
  0.67  12.0672
  0.68  12.187
  0.69  12.2996
  0.7  12.4055
  0.71  12.5051
  0.72  12.5988
  0.73  12.6872
  0.74  12.7704
  0.75  12.849
  0.76  12.9232
  0.77  12.9934
  0.78  13.0597
  0.79  13.1225
  0.8  13.182
  0.81  13.2384
  0.82  13.2919
  0.83  13.3428
  0.84  13.3911
  0.85  13.4371
  0.86  13.4808
  0.87  13.5225
  0.88  13.5622
  0.89  13.6001
  0.9  13.6363
  0.91  13.6709
  0.92  13.7039
  0.93  13.7355
  0.94  13.7657
  0.95  13.7947
  0.96  13.8225
  0.97  13.8491
  0.98  13.8746
  0.99  13.8991
  1.  13.9227
  1.01  13.9453
  1.02  13.9671
  1.03  13.988
  1.04  14.0082
  1.05  14.0276
  1.06  14.0463
  1.07  14.0643
  1.08  14.0817
  1.09  14.0985
  1.1  14.1147
  1.11  14.1303
  1.12  14.1454
  1.13  14.16
  1.14  14.1741
  1.15  14.1878
  1.16  14.201
  1.17  14.2138
  1.18  14.2261
  1.19  14.2381
  1.2  14.2497
  1.21  14.261
  1.22  14.2719
  1.23  14.2825
  1.24  14.2928
  1.25  14.3028
  1.26  14.3125
  1.27  14.3219
  1.28  14.331
  1.29  14.3399
  1.3  14.3486
  1.31  14.3569
  1.32  14.3651
  1.33  14.3731
  1.34  14.3808
  1.35  14.3883
  1.36  14.3956
  1.37  14.4028
  1.38  14.4097
  1.39  14.4165
  1.4  14.4231
  1.41  14.4295
  1.42  14.4358
  1.43  14.4419
  1.44  14.4479
  1.45  14.4537
  1.46  14.4594
  1.47  14.4649
  1.48  14.4703
  1.49  14.4756
  1.5  14.4808
  1.51  14.4858
  1.52  14.4907
  1.53  14.4955
  1.54  14.5002
  1.55  14.5048
  1.56  14.5093
  1.57  14.5137
  1.58  14.518
  1.59  14.5222
  1.6  14.5263
  1.61  14.5304
  1.62  14.5343
  1.63  14.5382
  1.64  14.5419
  1.65  14.5456
  1.66  14.5493
  1.67  14.5528
  1.68  14.5563
  1.69  14.5597
  1.7  14.563
  1.71  14.5663
  1.72  14.5695
  1.73  14.5726
  1.74  14.5757
  1.75  14.5787
  1.76  14.5817
  1.77  14.5846
  1.78  14.5874
  1.79  14.5902
  1.8  14.593
  1.81  14.5956
  1.82  14.5983
  1.83  14.6009
  1.84  14.6034
  1.85  14.6059
  1.86  14.6084
  1.87  14.6108
  1.88  14.6131
  1.89  14.6155
  1.9  14.6177
  1.91  14.62
  1.92  14.6222
  1.93  14.6244
  1.94  14.6265
  1.95  14.6286
  1.96  14.6306
  1.97  14.6326
  1.98  14.6346
  1.99  14.6366
  2.  14.6385
  2.01  14.6404
  2.02  14.6422
  2.03  14.6441
  2.04  14.6459
  2.05  14.6476
  2.06  14.6494
  2.07  14.6511
  2.08  14.6528
  2.09  14.6544
  2.1  14.6561
  2.11  14.6577
  2.12  14.6592
  2.13  14.6608
  2.14  14.6623
  2.15  14.6638
  2.16  14.6653
  2.17  14.6668
  2.18  14.6682
  2.19  14.6696
  2.2  14.671
  2.21  14.6724
  2.22  14.6738
  2.23  14.6751
  2.24  14.6764
  2.25  14.6777
  2.26  14.679
  2.27  14.6803
  2.28  14.6815
  2.29  14.6827
  2.3  14.6839
  2.31  14.6851
  2.32  14.6863
  2.33  14.6874
  2.34  14.6886
  2.35  14.6897
  2.36  14.6908
  2.37  14.6919
  2.38  14.693
  2.39  14.6941
  2.4  14.6951
  2.41  14.6961
  2.42  14.6972
  2.43  14.6982
  2.44  14.6992
  2.45  14.7001
  2.46  14.7011
  2.47  14.7021
  2.48  14.703
  2.49  14.7039
  2.5  14.7049
  2.51  14.7058
  2.52  14.7067
  2.53  14.7075
  2.54  14.7084
  2.55  14.7093
  2.56  14.7101
  2.57  14.711
  2.58  14.7118
  2.59  14.7126
  2.6  14.7134
  2.61  14.7142
  2.62  14.715
  2.63  14.7158
  2.64  14.7166
  2.65  14.7173
  2.66  14.7181
  2.67  14.7188
  2.68  14.7195
  2.69  14.7203
  2.7  14.721
  2.71  14.7217
  2.72  14.7224
  2.73  14.7231
  2.74  14.7238
  2.75  14.7244
  2.76  14.7251
  2.77  14.7257
  2.78  14.7264
  2.79  14.727
  2.8  14.7277
  2.81  14.7283
  2.82  14.7289
  2.83  14.7295
  2.84  14.7301
  2.85  14.7307
  2.86  14.7313
  2.87  14.7319
  2.88  14.7325
  2.89  14.7331
  2.9  14.7337
  2.91  14.7342
  2.92  14.7348
  2.93  14.7353
  2.94  14.7359
  2.95  14.7364
  2.96  14.7369
  2.97  14.7375
  2.98  14.738
  2.99  14.7385
  3.  14.739
  3.01  14.7395
  3.02  14.74
  3.03  14.7405
  3.04  14.741
  3.05  14.7415
  3.06  14.7419
  3.07  14.7424
  3.08  14.7429
  3.09  14.7433
  3.1  14.7438
  3.11  14.7443
  3.12  14.7447
  3.13  14.7452
  3.14  14.7456
  3.15  14.746
  3.16  14.7465
  3.17  14.7469
  3.18  14.7473
  3.19  14.7477
  3.2  14.7481
  3.21  14.7485
  3.22  14.749
  3.23  14.7494
  3.24  14.7498
  3.25  14.7501
  3.26  14.7505
  3.27  14.7509
  3.28  14.7513
  3.29  14.7517
  3.3  14.7521
  3.31  14.7524
  3.32  14.7528
  3.33  14.7532
  3.34  14.7535
  3.35  14.7539
  3.36  14.7542
  3.37  14.7546
  3.38  14.7549
  3.39  14.7553
  3.4  14.7556
  3.41  14.756
  3.42  14.7563
  3.43  14.7566
  3.44  14.757
  3.45  14.7573
  3.46  14.7576
  3.47  14.7579
  3.48  14.7582
  3.49  14.7586
  3.5  14.7589
  3.51  14.7592
  3.52  14.7595
  3.53  14.7598
  3.54  14.7601
  3.55  14.7604
  3.56  14.7607
  3.57  14.761
  3.58  14.7613
  3.59  14.7615
  3.6  14.7618
  3.61  14.7621
  3.62  14.7624
  3.63  14.7627
  3.64  14.7629
  3.65  14.7632
  3.66  14.7635
  3.67  14.7638
  3.68  14.764
  3.69  14.7643
  3.7  14.7645
  3.71  14.7648
  3.72  14.7651
  3.73  14.7653
  3.74  14.7656
  3.75  14.7658
  3.76  14.7661
  3.77  14.7663
  3.78  14.7666
  3.79  14.7668
  3.8  14.767
  3.81  14.7673
  3.82  14.7675
  3.83  14.7678
  3.84  14.768
  3.85  14.7682
  3.86  14.7684
  3.87  14.7687
  3.88  14.7689
  3.89  14.7691
  3.9  14.7693
  3.91  14.7696
  3.92  14.7698
  3.93  14.77
  3.94  14.7702
  3.95  14.7704
  3.96  14.7706
  3.97  14.7708
  3.98  14.771
  3.99  14.7712
  4.  14.7715
  4.01  14.7717
  4.02  14.7719
  4.03  14.7721
  4.04  14.7723
  4.05  14.7724
  4.06  14.7726
  4.07  14.7728
  4.08  14.773
  4.09  14.7732
  4.1  14.7734
  4.11  14.7736
  4.12  14.7738
  4.13  14.774
  4.14  14.7741
  4.15  14.7743
  4.16  14.7745
  4.17  14.7747
  4.18  14.7749
  4.19  14.775
  4.2  14.7752
  4.21  14.7754
  4.22  14.7756
  4.23  14.7757
  4.24  14.7759
  4.25  14.7761
  4.26  14.7762
  4.27  14.7764
  4.28  14.7766
  4.29  14.7767
  4.3  14.7769
  4.31  14.7771
  4.32  14.7772
  4.33  14.7774
  4.34  14.7775
  4.35  14.7777
  4.36  14.7779
  4.37  14.778
  4.38  14.7782
  4.39  14.7783
  4.4  14.7785
  4.41  14.7786
  4.42  14.7788
  4.43  14.7789
  4.44  14.7791
  4.45  14.7792
  4.46  14.7794
  4.47  14.7795
  4.48  14.7796
  4.49  14.7798
  4.5  14.7799
  4.51  14.7801
  4.52  14.7802
  4.53  14.7803
  4.54  14.7805
  4.55  14.7806
  4.56  14.7807
  4.57  14.7809
  4.58  14.781
  4.59  14.7811
  4.6  14.7813
  4.61  14.7814
  4.62  14.7815
  4.63  14.7817
  4.64  14.7818
  4.65  14.7819
  4.66  14.7821
  4.67  14.7822
  4.68  14.7823
  4.69  14.7824
  4.7  14.7825
  4.71  14.7827
  4.72  14.7828
  4.73  14.7829
  4.74  14.783
  4.75  14.7832
  4.76  14.7833
  4.77  14.7834
  4.78  14.7835
  4.79  14.7836
  4.8  14.7837
  4.81  14.7839
  4.82  14.784
  4.83  14.7841
  4.84  14.7842
  4.85  14.7843
  4.86  14.7844
  4.87  14.7845
  4.88  14.7846
  4.89  14.7847
  4.9  14.7848
  4.91  14.785
  4.92  14.7851
  4.93  14.7852
  4.94  14.7853
  4.95  14.7854
  4.96  14.7855
  4.97  14.7856
  4.98  14.7857
  4.99  14.7858
  5.  14.7859
  5.01  14.786
  5.02  14.7861
  5.03  14.7862
  5.04  14.7863
  5.05  14.7864
  5.06  14.7865
  5.07  14.7866
  5.08  14.7867
  5.09  14.7868
  5.1  14.7869
  5.11  14.787
  5.12  14.7871
  5.13  14.7872
  5.14  14.7873
  5.15  14.7873
  5.16  14.7874
  5.17  14.7875
  5.18  14.7876
  5.19  14.7877
  5.2  14.7878
  5.21  14.7879
  5.22  14.788
  5.23  14.7881
  5.24  14.7882
  5.25  14.7882
  5.26  14.7883
  5.27  14.7884
  5.28  14.7885
  5.29  14.7886
  5.3  14.7887
  5.31  14.7888
  5.32  14.7888
  5.33  14.7889
  5.34  14.789
  5.35  14.7891
  5.36  14.7892
  5.37  14.7892
  5.38  14.7893
  5.39  14.7894
  5.4  14.7895
  5.41  14.7896
  5.42  14.7896
  5.43  14.7897
  5.44  14.7898
  5.45  14.7899
  5.46  14.79
  5.47  14.79
  5.48  14.7901
  5.49  14.7902
  5.5  14.7903
  5.51  14.7903
  5.52  14.7904
  5.53  14.7905
  5.54  14.7906
  5.55  14.7906
  5.56  14.7907
  5.57  14.7908
  5.58  14.7909
  5.59  14.7909
  5.6  14.791
  5.61  14.7911
  5.62  14.7911
  5.63  14.7912
  5.64  14.7913
  5.65  14.7913
  5.66  14.7914
  5.67  14.7915
  5.68  14.7916
  5.69  14.7916
  5.7  14.7917
  5.71  14.7918
  5.72  14.7918
  5.73  14.7919
  5.74  14.792
  5.75  14.792
  5.76  14.7921
  5.77  14.7921
  5.78  14.7922
  5.79  14.7923
  5.8  14.7923
  5.81  14.7924
  5.82  14.7925
  5.83  14.7925
  5.84  14.7926
  5.85  14.7927
  5.86  14.7927
  5.87  14.7928
  5.88  14.7928
  5.89  14.7929
  5.9  14.793
  5.91  14.793
  5.92  14.7931
  5.93  14.7931
  5.94  14.7932
  5.95  14.7933
  5.96  14.7933
  5.97  14.7934
  5.98  14.7934
  5.99  14.7935
  6.  14.7936
  6.01  14.7936
  6.02  14.7937
  6.03  14.7937
  6.04  14.7938
  6.05  14.7938
  6.06  14.7939
  6.07  14.7939
  6.08  14.794
  6.09  14.7941
  6.1  14.7941
  6.11  14.7942
  6.12  14.7942
  6.13  14.7943
  6.14  14.7943
  6.15  14.7944
  6.16  14.7944
  6.17  14.7945
  6.18  14.7945
  6.19  14.7946
  6.2  14.7946
  6.21  14.7947
  6.22  14.7948
  6.23  14.7948
  6.24  14.7949
  6.25  14.7949
  6.26  14.795
  6.27  14.795
  6.28  14.7951
  6.29  14.7951
  6.3  14.7952
  6.31  14.7952
  6.32  14.7953
  6.33  14.7953
  6.34  14.7954
  6.35  14.7954
  6.36  14.7954
  6.37  14.7955
  6.38  14.7955
  6.39  14.7956
  6.4  14.7956
  6.41  14.7957
  6.42  14.7957
  6.43  14.7958
  6.44  14.7958
  6.45  14.7959
  6.46  14.7959
  6.47  14.796
  6.48  14.796
  6.49  14.7961
  6.5  14.7961
  6.51  14.7961
  6.52  14.7962
  6.53  14.7962
  6.54  14.7963
  6.55  14.7963
  6.56  14.7964
  6.57  14.7964
  6.58  14.7964
  6.59  14.7965
  6.6  14.7965
  6.61  14.7966
  6.62  14.7966
  6.63  14.7967
  6.64  14.7967
  6.65  14.7967
  6.66  14.7968
  6.67  14.7968
  6.68  14.7969
  6.69  14.7969
  6.7  14.797
  6.71  14.797
  6.72  14.797
  6.73  14.7971
  6.74  14.7971
  6.75  14.7972
  6.76  14.7972
  6.77  14.7972
  6.78  14.7973
  6.79  14.7973
  6.8  14.7974
  6.81  14.7974
  6.82  14.7974
  6.83  14.7975
  6.84  14.7975
  6.85  14.7975
  6.86  14.7976
  6.87  14.7976
  6.88  14.7977
  6.89  14.7977
  6.9  14.7977
  6.91  14.7978
  6.92  14.7978
  6.93  14.7978
  6.94  14.7979
  6.95  14.7979
  6.96  14.798
  6.97  14.798
  6.98  14.798
  6.99  14.7981
  7.  14.7981
  7.01  14.7981
  7.02  14.7982
  7.03  14.7982
  7.04  14.7982
  7.05  14.7983
  7.06  14.7983
  7.07  14.7983
  7.08  14.7984
  7.09  14.7984
  7.1  14.7985
  7.11  14.7985
  7.12  14.7985
  7.13  14.7986
  7.14  14.7986
  7.15  14.7986
  7.16  14.7987
  7.17  14.7987
  7.18  14.7987
  7.19  14.7988
  7.2  14.7988
  7.21  14.7988
  7.22  14.7989
  7.23  14.7989
  7.24  14.7989
  7.25  14.7989
  7.26  14.799
  7.27  14.799
  7.28  14.799
  7.29  14.7991
  7.3  14.7991
  7.31  14.7991
  7.32  14.7992
  7.33  14.7992
  7.34  14.7992
  7.35  14.7993
  7.36  14.7993
  7.37  14.7993
  7.38  14.7994
  7.39  14.7994
  7.4  14.7994
  7.41  14.7994
  7.42  14.7995
  7.43  14.7995
  7.44  14.7995
  7.45  14.7996
  7.46  14.7996
  7.47  14.7996
  7.48  14.7997
  7.49  14.7997
  7.5  14.7997
  7.51  14.7997
  7.52  14.7998
  7.53  14.7998
  7.54  14.7998
  7.55  14.7999
  7.56  14.7999
  7.57  14.7999
  7.58  14.7999
  7.59  14.8
  7.6  14.8
  7.61  14.8
  7.62  14.8
  7.63  14.8001
  7.64  14.8001
  7.65  14.8001
  7.66  14.8002
  7.67  14.8002
  7.68  14.8002
  7.69  14.8002
  7.7  14.8003
  7.71  14.8003
  7.72  14.8003
  7.73  14.8003
  7.74  14.8004
  7.75  14.8004
  7.76  14.8004
  7.77  14.8004
  7.78  14.8005
  7.79  14.8005
  7.8  14.8005
  7.81  14.8006
  7.82  14.8006
  7.83  14.8006
  7.84  14.8006
  7.85  14.8007
  7.86  14.8007
  7.87  14.8007
  7.88  14.8007
  7.89  14.8008
  7.9  14.8008
  7.91  14.8008
  7.92  14.8008
  7.93  14.8009
  7.94  14.8009
  7.95  14.8009
  7.96  14.8009
  7.97  14.8009
  7.98  14.801
  7.99  14.801
  8.  14.801
  8.01  14.801
  8.02  14.8011
  8.03  14.8011
  8.04  14.8011
  8.05  14.8011
  8.06  14.8012
  8.07  14.8012
  8.08  14.8012
  8.09  14.8012
  8.1  14.8013
  8.11  14.8013
  8.12  14.8013
  8.13  14.8013
  8.14  14.8013
  8.15  14.8014
  8.16  14.8014
  8.17  14.8014
  8.18  14.8014
  8.19  14.8015
  8.2  14.8015
  8.21  14.8015
  8.22  14.8015
  8.23  14.8015
  8.24  14.8016
  8.25  14.8016
  8.26  14.8016
  8.27  14.8016
  8.28  14.8016
  8.29  14.8017
  8.3  14.8017
  8.31  14.8017
  8.32  14.8017
  8.33  14.8018
  8.34  14.8018
  8.35  14.8018
  8.36  14.8018
  8.37  14.8018
  8.38  14.8019
  8.39  14.8019
  8.4  14.8019
  8.41  14.8019
  8.42  14.8019
  8.43  14.802
  8.44  14.802
  8.45  14.802
  8.46  14.802
  8.47  14.802
  8.48  14.8021
  8.49  14.8021
  8.5  14.8021
  8.51  14.8021
  8.52  14.8021
  8.53  14.8022
  8.54  14.8022
  8.55  14.8022
  8.56  14.8022
  8.57  14.8022
  8.58  14.8023
  8.59  14.8023
  8.6  14.8023
  8.61  14.8023
  8.62  14.8023
  8.63  14.8024
  8.64  14.8024
  8.65  14.8024
  8.66  14.8024
  8.67  14.8024
  8.68  14.8024
  8.69  14.8025
  8.7  14.8025
  8.71  14.8025
  8.72  14.8025
  8.73  14.8025
  8.74  14.8026
  8.75  14.8026
  8.76  14.8026
  8.77  14.8026
  8.78  14.8026
  8.79  14.8026
  8.8  14.8027
  8.81  14.8027
  8.82  14.8027
  8.83  14.8027
  8.84  14.8027
  8.85  14.8027
  8.86  14.8028
  8.87  14.8028
  8.88  14.8028
  8.89  14.8028
  8.9  14.8028
  8.91  14.8029
  8.92  14.8029
  8.93  14.8029
  8.94  14.8029
  8.95  14.8029
  8.96  14.8029
  8.97  14.803
  8.98  14.803
  8.99  14.803
  9.  14.803
  9.01  14.803
