

 Updated Nijmegen Potential (Nijm-II 1P1 updated, 4/8/97)
 --------------------------
 input parameters for nijmegen potential (here: nijm-II, np) 
  IDPAR    2
  TYPE     NP
  NONREL   T
  label    NI-2


K_F=    1.200    K_M=    1.200
  
 MBHF SP. SPECTRUM FOR GIVEN CHANNELS
  

   K:     .00     .40     .80    1.20     .00
 1S 0  -30.99  -29.88  -26.45  -22.36     .00
 3S 1  -34.35  -33.25  -29.97  -26.15     .00
 3D 1    1.02    1.17    1.55    2.04     .00
 1P 1    4.74    4.85    5.12    5.58     .00
 3P 0   -4.32   -4.38   -4.44   -4.41     .00
 3P 1   10.15   10.63   11.92   13.84     .00
 3P 2   -5.46   -6.15   -8.01  -10.57     .00
 3F 2    -.20    -.27    -.46    -.76     .00
 1D 2   -1.70   -1.96   -2.69   -3.77     .00
 3D 2   -2.82   -3.20   -4.25   -5.67     .00
 3D 3     .06     .07     .05    -.02     .00
 3G 3     .06     .08     .16     .29     .00
 1F 3     .47     .57     .82    1.15     .00
 3F 3     .65     .82    1.29    1.93     .00
 3F 4    -.06    -.10    -.24    -.49     .00
 3H 4    -.01    -.02    -.05    -.11     .00
 1G 4    -.13    -.18    -.33    -.57     .00
 3G 4    -.22    -.31    -.59   -1.02     .00
 3G 5     .01     .02     .05     .10     .00
 3I 5     .00     .01     .02     .05     .00
 1H 5     .05     .08     .16     .30     .00
 3H 5     .05     .09     .20     .41     .00
 3H 6     .00    -.01    -.02    -.05     .00
 3J 6     .00     .00    -.01    -.02     .00
 1I 6    -.01    -.02    -.06    -.13     .00
 3I 6    -.02    -.04    -.10    -.22     .00
  

U(K):  -63.04  -61.40  -56.32  -50.62     .00

E(K):  -63.04  -58.08  -43.05  -20.76     .00
  
 BHF SP. SPECTRUM FOR GIVEN CHANNEL

   K:     .000     .400     .800    1.200     .000
 1S 0  -30.993  -29.884  -26.445  -22.362     .000
 3S 1  -34.347  -33.243  -29.967  -26.145     .000
 3D 1    1.023    1.166    1.550    2.039     .000
 1P 1    4.739    4.846    5.116    5.577     .000
 3P 0   -4.322   -4.376   -4.444   -4.408     .000
 3P 1   10.147   10.632   11.919   13.840     .000
 3P 2   -5.463   -6.151   -8.010  -10.569     .000
 3F 2    -.205    -.271    -.464    -.755     .000
 1D 2   -1.697   -1.955   -2.695   -3.774     .000
 3D 2   -2.820   -3.200   -4.248   -5.665     .000
 3D 3     .065     .066     .051    -.017     .000
 3G 3     .056     .082     .162     .290     .000
 1F 3     .472     .566     .822    1.147     .000
 3F 3     .653     .821    1.292    1.929     .000
 3F 4    -.064    -.103    -.236    -.493     .000
 3H 4    -.011    -.019    -.049    -.105     .000
 1G 4    -.128    -.180    -.333    -.565     .000
 3G 4    -.223    -.314    -.590   -1.018     .000
 3G 5     .014     .023     .053     .102     .000
 3I 5     .004     .008     .022     .051     .000
 1H 5     .048     .076     .160     .297     .000
 3H 5     .051     .087     .202     .406     .000
 3H 6    -.003    -.006    -.018    -.047     .000
 3J 6    -.001    -.002    -.006    -.018     .000
 1I 6    -.011    -.022    -.059    -.129     .000
 3I 6    -.020    -.038    -.101    -.224     .000
  

U(K):  -63.04  -61.39  -56.31  -50.62     .00

E(K):  -63.04  -58.07  -43.04  -20.76     .00
  
  

K_F=    1.300    K_M=    1.300
  
 MBHF SP. SPECTRUM FOR GIVEN CHANNELS
  

   K:     .00     .43     .87    1.30     .00
 1S 0  -37.29  -35.79  -31.22  -25.70     .00
 3S 1  -39.25  -37.79  -33.66  -28.67     .00
 3D 1    1.51    1.70    2.20    2.81     .00
 1P 1    6.34    6.44    6.75    7.28     .00
 3P 0   -5.74   -5.73   -5.62   -5.29     .00
 3P 1   13.92   14.51   16.14   18.59     .00
 3P 2   -7.82   -8.73  -11.15  -14.42     .00
 3F 2    -.33    -.43    -.71   -1.13     .00
 1D 2   -2.51   -2.87   -3.88   -5.35     .00
 3D 2   -4.13   -4.64   -5.99   -7.79     .00
 3D 3     .11     .11     .07    -.04     .00
 3G 3     .10     .14     .26     .45     .00
 1F 3     .73     .86    1.19    1.60     .00
 3F 3    1.03    1.28    1.92    2.77     .00
 3F 4    -.12    -.18    -.40    -.82     .00
 3H 4    -.02    -.04    -.08    -.18     .00
 1G 4    -.22    -.30    -.52    -.86     .00
 3G 4    -.38    -.52    -.92   -1.55     .00
 3G 5     .03     .04     .09     .16     .00
 3I 5     .01     .01     .04     .09     .00
 1H 5     .09     .13     .26     .46     .00
 3H 5     .10     .16     .34     .65     .00
 3H 6    -.01    -.01    -.03    -.08     .00
 3J 6     .00     .00    -.01    -.03     .00
 1I 6    -.02    -.04    -.10    -.21     .00
 3I 6    -.04    -.07    -.18    -.37     .00
  

U(K):  -73.93  -71.77  -65.24  -57.63     .00

E(K):  -73.93  -67.88  -49.66  -22.58     .00
  
 BHF SP. SPECTRUM FOR GIVEN CHANNEL

   K:     .000     .433     .867    1.300     .000
 1S 0  -37.295  -35.793  -31.223  -25.704     .000
 3S 1  -39.259  -37.799  -33.665  -28.674     .000
 3D 1    1.512    1.703    2.196    2.815     .000
 1P 1    6.336    6.444    6.748    7.279     .000
 3P 0   -5.739   -5.731   -5.623   -5.285     .000
 3P 1   13.917   14.514   16.144   18.585     .000
 3P 2   -7.820   -8.732  -11.154  -14.417     .000
 3F 2    -.333    -.433    -.711   -1.127     .000
 1D 2   -2.511   -2.872   -3.878   -5.347     .000
 3D 2   -4.134   -4.640   -5.987   -7.793     .000
 3D 3     .107     .105     .070    -.044     .000
 3G 3     .096     .138     .258     .451     .000
 1F 3     .727     .857    1.186    1.601     .000
 3F 3    1.034    1.278    1.916    2.770     .000
 3F 4    -.115    -.182    -.399    -.817     .000
 3H 4    -.021    -.036    -.084    -.177     .000
 1G 4    -.217    -.296    -.518    -.858     .000
 3G 4    -.377    -.520    -.924   -1.555     .000
 3G 5     .026     .041     .088     .164     .000
 3I 5     .008     .015     .039     .088     .000
 1H 5     .088     .132     .261     .460     .000
 3H 5     .097     .157     .341     .653     .000
 3H 6    -.006    -.012    -.034    -.083     .000
 3J 6    -.002    -.004    -.012    -.033     .000
 1I 6    -.023    -.042    -.103    -.214     .000
 3I 6    -.040    -.072    -.178    -.374     .000
  

U(K):  -73.94  -71.78  -65.25  -57.64     .00

E(K):  -73.94  -67.89  -49.67  -22.59     .00
  
  

K_F=    1.400    K_M=    1.400
  
 MBHF SP. SPECTRUM FOR GIVEN CHANNELS
  

   K:     .00     .47     .93    1.40     .00
 1S 0  -44.05  -42.09  -36.13  -28.94     .00
 3S 1  -44.12  -42.29  -37.04  -30.79     .00
 3D 1    2.15    2.39    3.01    3.76     .00
 1P 1    8.24    8.36    8.67    9.33     .00
 3P 0   -7.37   -7.27   -6.86   -6.12     .00
 3P 1   18.55   19.30   21.31   24.44     .00
 3P 2  -10.86  -12.01  -15.05  -19.08     .00
 3F 2    -.52    -.66   -1.05   -1.60     .00
 1D 2   -3.58   -4.07   -5.41   -7.35     .00
 3D 2   -5.84   -6.48   -8.17  -10.40     .00
 3D 3     .17     .16     .09    -.08     .00
 3G 3     .16     .22     .40     .66     .00
 1F 3    1.07    1.24    1.66    2.16     .00
 3F 3    1.57    1.90    2.75    3.82     .00
 3F 4    -.20    -.30    -.65   -1.28     .00
 3H 4    -.04    -.06    -.14    -.28     .00
 1G 4    -.35    -.47    -.78   -1.24     .00
 3G 4    -.61    -.82   -1.41   -2.26     .00
 3G 5     .05     .07     .14     .24     .00
 3I 5     .01     .03     .07     .14     .00
 1H 5     .15     .22     .40     .68     .00
 3H 5     .17     .26     .54    1.00     .00
 3H 6    -.01    -.02    -.06    -.14     .00
 3J 6     .00    -.01    -.02    -.06     .00
 1I 6    -.04    -.07    -.17    -.34     .00
 3I 6    -.07    -.13    -.29    -.59     .00
  

U(K):  -85.39  -82.62  -74.21  -64.32     .00

E(K):  -85.39  -78.10  -56.14  -23.68     .00
  
 BHF SP. SPECTRUM FOR GIVEN CHANNEL

   K:     .000     .467     .933    1.400     .000
 1S 0  -44.050  -42.094  -36.131  -28.942     .000
 3S 1  -44.114  -42.280  -37.031  -30.782     .000
 3D 1    2.152    2.393    3.009    3.763     .000
 1P 1    8.236    8.356    8.673    9.332     .000
 3P 0   -7.373   -7.269   -6.859   -6.121     .000
 3P 1   18.551   19.298   21.310   24.436     .000
 3P 2  -10.857  -12.014  -15.053  -19.077     .000
 3F 2    -.520    -.661   -1.053   -1.604     .000
 1D 2   -3.585   -4.069   -5.412   -7.347     .000
 3D 2   -5.840   -6.481   -8.171  -10.400     .000
 3D 3     .166     .157     .091    -.085     .000
 3G 3     .159     .222     .399     .663     .000
 1F 3    1.072    1.239    1.658    2.162     .000
 3F 3    1.571    1.899    2.747    3.821     .000
 3F 4    -.199    -.305    -.649   -1.280     .000
 3H 4    -.038    -.062    -.140    -.278     .000
 1G 4    -.351    -.466    -.783   -1.244     .000
 3G 4    -.612    -.821   -1.405   -2.260     .000
 3G 5     .046     .070     .141     .244     .000
 3I 5     .015     .027     .067     .141     .000
 1H 5     .150     .216     .403     .680     .000
 3H 5     .171     .265     .543     .996     .000
 3H 6    -.011    -.022    -.059    -.141     .000
 3J 6    -.003    -.007    -.023    -.057     .000
 1I 6    -.043    -.074    -.170    -.336     .000
 3I 6    -.075    -.128    -.295    -.590     .000
  

U(K):  -85.38  -82.61  -74.19  -64.31     .00

E(K):  -85.38  -78.09  -56.13  -23.66     .00
  
  

K_F=    1.500    K_M=    1.500
  
 MBHF SP. SPECTRUM FOR GIVEN CHANNELS
  

   K:     .00     .50    1.00    1.50     .00
 1S 0  -51.18  -48.68  -41.12  -31.91     .00
 3S 1  -48.63  -46.37  -40.06  -32.31     .00
 3D 1    2.97    3.26    4.00    4.88     .00
 1P 1   10.48   10.61   10.97   11.70     .00
 3P 0   -9.22   -8.97   -8.15   -6.77     .00
 3P 1   24.19   25.11   27.60   31.42     .00
 3P 2  -14.67  -16.08  -19.79  -24.58     .00
 3F 2    -.78    -.97   -1.49   -2.21     .00
 1D 2   -4.98   -5.60   -7.34   -9.81     .00
 3D 2   -8.02   -8.78  -10.83  -13.47     .00
 3D 3     .24     .22     .11    -.14     .00
 3G 3     .25     .34     .58     .94     .00
 1F 3    1.53    1.72    2.23    2.83     .00
 3F 3    2.30    2.71    3.77    5.10     .00
 3F 4    -.32    -.49   -1.00   -1.94     .00
 3H 4    -.06    -.10    -.22    -.42     .00
 1G 4    -.54    -.70   -1.12   -1.75     .00
 3G 4    -.95   -1.23   -2.02   -3.19     .00
 3G 5     .08     .11     .21     .35     .00
 3I 5     .03     .04     .11     .22     .00
 1H 5     .24     .34     .59     .96     .00
 3H 5     .28     .42     .83    1.46     .00
 3H 6    -.02    -.04    -.10    -.23     .00
 3J 6    -.01    -.01    -.04    -.09     .00
 1I 6    -.08    -.12    -.27    -.50     .00
 3I 6    -.13    -.21    -.46    -.89     .00
  

U(K):  -96.99  -93.46  -83.01  -70.37     .00

E(K):  -96.99  -88.28  -62.27  -23.71     .00
  
 BHF SP. SPECTRUM FOR GIVEN CHANNEL

   K:     .000     .500    1.000    1.500     .000
 1S 0  -51.176  -48.681  -41.122  -31.904     .000
 3S 1  -48.626  -46.362  -40.050  -32.305     .000
 3D 1    2.971    3.256    3.997    4.878     .000
 1P 1   10.477   10.612   10.970   11.700     .000
 3P 0   -9.217   -8.966   -8.147   -6.771     .000
 3P 1   24.186   25.107   27.597   31.419     .000
 3P 2  -14.668  -16.084  -19.786  -24.581     .000
 3F 2    -.780    -.970   -1.491   -2.210     .000
 1D 2   -4.978   -5.597   -7.336   -9.814     .000
 3D 2   -8.017   -8.778  -10.830  -13.475     .000
 3D 3     .244     .221     .110    -.143     .000
 3G 3     .252     .338     .582     .944     .000
 1F 3    1.531    1.724    2.227    2.825     .000
 3F 3    2.300    2.708    3.773    5.099     .000
 3F 4    -.324    -.487   -1.002   -1.938     .000
 3H 4    -.065    -.101    -.216    -.423     .000
 1G 4    -.542    -.696   -1.122   -1.751     .000
 3G 4    -.949   -1.232   -2.022   -3.185     .000
 3G 5     .076     .112     .212     .351     .000
 3I 5     .026     .045     .106     .220     .000
 1H 5     .241     .336     .595     .964     .000
 3H 5     .284     .423     .825    1.455     .000
 3H 6    -.021    -.038    -.099    -.227     .000
 3J 6    -.006    -.013    -.039    -.092     .000
 1I 6    -.075    -.123    -.266    -.502     .000
 3I 6    -.130    -.212    -.462    -.889     .000
  

U(K):  -96.99  -93.46  -83.00  -70.36     .00

E(K):  -96.99  -88.27  -62.26  -23.70     .00
  
  

K_F=    1.600    K_M=    1.600
  
 MBHF SP. SPECTRUM FOR GIVEN CHANNELS
  

   K:     .00     .40     .80    1.20    1.60
 1S 0  -58.59  -56.82  -51.66  -43.55  -34.54
 3S 1  -52.87  -51.27  -46.98  -40.47  -33.19
 3D 1    3.97    4.16    4.70    5.44    6.19
 1P 1   13.11   13.17   13.45   13.87   14.50
 3P 0  -11.25  -10.98  -10.23   -8.97   -7.25
 3P 1   30.95   31.56   33.44   36.29   39.80
 3P 2  -19.35  -20.31  -22.98  -26.80  -30.99
 3F 2   -1.12   -1.27   -1.67   -2.27   -2.94
 1D 2   -6.72   -7.16   -8.46  -10.44  -12.82
 3D 2  -10.68  -11.19  -12.65  -14.77  -17.11
 3D 3     .34     .32     .23     .06    -.22
 3G 3     .38     .45     .64     .94    1.29
 1F 3    2.09    2.22    2.59    3.09    3.63
 3F 3    3.22    3.52    4.32    5.44    6.63
 3F 4    -.51    -.64   -1.06   -1.78   -2.81
 3H 4    -.10    -.14    -.23    -.39    -.61
 1G 4    -.79    -.91   -1.25   -1.76   -2.39
 3G 4   -1.39   -1.62   -2.25   -3.19   -4.35
 3G 5     .12     .15     .23     .35     .48
 3I 5     .04     .06     .11     .20     .32
 1H 5     .37     .44     .65     .95    1.32
 3H 5     .45     .56     .88    1.39    2.05
 3H 6    -.04    -.05    -.10    -.20    -.35
 3J 6    -.01    -.02    -.04    -.08    -.14
 1I 6    -.12    -.16    -.28    -.47    -.72
 3I 6    -.21    -.28    -.49    -.82   -1.29
  

U(K): -108.72 -106.20  -99.09  -87.93  -75.52

E(K): -108.72 -102.89  -85.82  -58.07  -22.44
  
 BHF SP. SPECTRUM FOR GIVEN CHANNEL

   K:     .000     .400     .800    1.200    1.600
 1S 0  -58.582  -56.807  -51.656  -43.543  -34.533
 3S 1  -52.845  -51.244  -46.950  -40.442  -33.157
 3D 1    3.975    4.165    4.696    5.438    6.190
 1P 1   13.106   13.174   13.446   13.873   14.505
 3P 0  -11.252  -10.979  -10.231   -8.969   -7.245
 3P 1   30.949   31.559   33.439   36.288   39.806
 3P 2  -19.347  -20.309  -22.983  -26.802  -30.990
 3F 2   -1.120   -1.267   -1.675   -2.269   -2.942
 1D 2   -6.716   -7.162   -8.459  -10.440  -12.824
 3D 2  -10.677  -11.186  -12.647  -14.770  -17.108
 3D 3     .339     .316     .232     .061    -.214
 3G 3     .376     .446     .643     .937    1.295
 1F 3    2.092    2.225    2.588    3.092    3.625
 3F 3    3.219    3.518    4.324    5.442    6.630
 3F 4    -.507    -.644   -1.060   -1.778   -2.812
 3H 4    -.103    -.135    -.230    -.389    -.614
 1G 4    -.793    -.915   -1.252   -1.759   -2.392
 3G 4   -1.394   -1.621   -2.249   -3.189   -4.345
 3G 5     .119     .150     .233     .351     .481
 3I 5     .043     .060     .111     .198     .323
 1H 5     .371     .445     .650     .955    1.319
 3H 5     .450     .561     .884    1.393    2.050
 3H 6    -.035    -.051    -.100    -.195    -.353
 3J 6    -.012    -.018    -.038    -.078    -.143
 1I 6    -.124    -.163    -.280    -.468    -.722
 3I 6    -.214    -.282    -.485    -.822   -1.289
  

U(K): -108.68 -106.16  -99.05  -87.88  -75.46

E(K): -108.68 -102.85  -85.78  -58.03  -22.38
  
  

K_F=    1.700    K_M=    1.700
  
 MBHF SP. SPECTRUM FOR GIVEN CHANNELS
  

   K:     .00     .42     .85    1.27    1.70
 1S 0  -66.13  -63.93  -57.64  -47.70  -36.70
 3S 1  -56.44  -54.47  -49.55  -41.91  -33.32
 3D 1    5.19    5.42    6.02    6.85    7.68
 1P 1   16.11   16.20   16.53   17.00   17.71
 3P 0  -13.41  -12.98  -11.83   -9.91   -7.39
 3P 1   38.92   39.68   41.99   45.40   49.62
 3P 2  -24.99  -26.11  -29.20  -33.60  -38.32
 3F 2   -1.57   -1.76   -2.27   -3.00   -3.80
 1D 2   -8.87   -9.44  -11.05  -13.49  -16.39
 3D 2  -13.90  -14.51  -16.19  -18.62  -21.24
 3D 3     .45     .42     .29     .05    -.30
 3G 3     .55     .64     .89    1.27    1.72
 1F 3    2.79    2.95    3.35    3.93    4.54
 3F 3    4.39    4.77    5.71    7.02    8.38
 3F 4    -.77    -.96   -1.55   -2.55   -3.96
 3H 4    -.16    -.21    -.34    -.56    -.86
 1G 4   -1.13   -1.29   -1.72   -2.37   -3.17
 3G 4   -2.00   -2.30   -3.09   -4.30   -5.74
 3G 5     .18     .22     .33     .48     .63
 3I 5     .07     .09     .17     .29     .46
 1H 5     .55     .64     .91    1.30    1.75
 3H 5     .68     .84    1.27    1.95    2.80
 3H 6    -.06    -.08    -.16    -.30    -.53
 3J 6    -.02    -.03    -.06    -.12    -.21
 1I 6    -.20    -.25    -.41    -.67   -1.01
 3I 6    -.34    -.43    -.72   -1.18   -1.81
  

U(K): -120.08 -116.89 -108.30  -94.71  -79.47

E(K): -120.08 -113.14  -93.32  -61.00  -19.55
  
 BHF SP. SPECTRUM FOR GIVEN CHANNEL

   K:     .000     .425     .850    1.275    1.700
 1S 0  -66.117  -63.919  -57.625  -47.690  -36.686
 3S 1  -56.402  -54.437  -49.513  -41.869  -33.281
 3D 1    5.192    5.418    6.018    6.852    7.676
 1P 1   16.114   16.196   16.534   17.001   17.711
 3P 0  -13.409  -12.982  -11.828   -9.906   -7.391
 3P 1   38.919   39.677   41.996   45.407   49.623
 3P 2  -24.991  -26.108  -29.203  -33.594  -38.317
 3F 2   -1.569   -1.760   -2.269   -3.003   -3.796
 1D 2   -8.866   -9.435  -11.045  -13.488  -16.391
 3D 2  -13.895  -14.508  -16.189  -18.621  -21.240
 3D 3     .454     .419     .288     .050    -.299
 3G 3     .549     .642     .895    1.272    1.717
 1F 3    2.787    2.949    3.352    3.928    4.535
 3F 3    4.394    4.767    5.707    7.023    8.384
 3F 4    -.770    -.964   -1.549   -2.548   -3.956
 3H 4    -.162    -.206    -.338    -.557    -.861
 1G 4   -1.133   -1.292   -1.716   -2.367   -3.173
 3G 4   -2.002   -2.300   -3.094   -4.295   -5.745
 3G 5     .182     .223     .331     .481     .632
 3I 5     .071     .095     .166     .287     .456
 1H 5     .548     .645     .910    1.300    1.755
 3H 5     .682     .835    1.272    1.948    2.800
 3H 6    -.058    -.081    -.156    -.298    -.530
 3J 6    -.020    -.030    -.061    -.120    -.215
 1I 6    -.195    -.251    -.412    -.668   -1.007
 3I 6    -.336    -.433    -.718   -1.181   -1.808
  

U(K): -120.03 -116.84 -108.25  -94.66  -79.40

E(K): -120.03 -113.10  -93.26  -60.95  -19.48
  
  

K_F=    1.800    K_M=    1.800
  
 MBHF SP. SPECTRUM FOR GIVEN CHANNELS
  

   K:     .00     .45     .90    1.35    1.80
 1S 0  -73.69  -71.06  -63.44  -51.45  -38.20
 3S 1  -59.39  -57.17  -51.39  -42.44  -32.54
 3D 1    6.65    6.89    7.55    8.46    9.34
 1P 1   19.54   19.67   20.06   20.56   21.31
 3P 0  -15.66  -15.05  -13.35  -10.57   -7.07
 3P 1   48.23   49.19   51.99   56.04   60.92
 3P 2  -31.71  -32.96  -36.45  -41.34  -46.57
 3F 2   -2.15   -2.37   -3.00   -3.88   -4.80
 1D 2  -11.50  -12.18  -14.14  -17.10  -20.59
 3D 2  -17.76  -18.42  -20.31  -23.01  -25.91
 3D 3     .59     .53     .35     .04    -.40
 3G 3     .78     .89    1.21    1.69    2.25
 1F 3    3.64    3.79    4.24    4.89    5.60
 3F 3    5.86    6.26    7.35    8.86   10.44
 3F 4   -1.13   -1.40   -2.20   -3.57   -5.45
 3H 4    -.24    -.30    -.48    -.78   -1.20
 1G 4   -1.57   -1.76   -2.29   -3.12   -4.17
 3G 4   -2.80   -3.14   -4.14   -5.66   -7.51
 3G 5     .27     .32     .46     .64     .82
 3I 5     .11     .14     .24     .41     .64
 1H 5     .78     .90    1.24    1.72    2.28
 3H 5    1.00    1.20    1.77    2.65    3.73
 3H 6    -.09    -.13    -.23    -.44    -.77
 3J 6    -.03    -.05    -.09    -.18    -.31
 1I 6    -.30    -.37    -.59    -.93   -1.37
 3I 6    -.51    -.64   -1.03   -1.65   -2.47
  

U(K): -131.08 -127.20 -116.68 -100.16  -82.02

E(K): -131.08 -123.00  -99.88  -62.37  -14.83
  
 BHF SP. SPECTRUM FOR GIVEN CHANNEL

   K:     .000     .450     .900    1.350    1.800
 1S 0  -73.683  -71.054  -63.431  -51.437  -38.195
 3S 1  -59.369  -57.143  -51.364  -42.412  -32.506
 3D 1    6.654    6.888    7.552    8.461    9.343
 1P 1   19.542   19.670   20.059   20.558   21.311
 3P 0  -15.661  -15.048  -13.351  -10.569   -7.070
 3P 1   48.236   49.195   51.996   56.042   60.925
 3P 2  -31.708  -32.956  -36.445  -41.341  -46.570
 3F 2   -2.146   -2.371   -2.997   -3.882   -4.802
 1D 2  -11.501  -12.176  -14.143  -17.097  -20.589
 3D 2  -17.763  -18.415  -20.311  -23.014  -25.908
 3D 3     .589     .532     .348     .037    -.403
 3G 3     .777     .890    1.210    1.689    2.249
 1F 3    3.639    3.793    4.239    4.885    5.603
 3F 3    5.864    6.258    7.346    8.862   10.436
 3F 4   -1.132   -1.398   -2.203   -3.565   -5.448
 3H 4    -.242    -.301    -.481    -.782   -1.195
 1G 4   -1.575   -1.758   -2.291   -3.121   -4.173
 3G 4   -2.796   -3.143   -4.142   -5.663   -7.515
 3G 5     .268     .318     .456     .642     .816
 3I 5     .109     .141     .240     .410     .643
 1H 5     .781     .904    1.239    1.724    2.276
 3H 5     .998    1.201    1.775    2.648    3.725
 3H 6    -.092    -.126    -.235    -.440    -.774
 3J 6    -.033    -.047    -.094    -.179    -.311
 1I 6    -.295    -.371    -.587    -.925   -1.365
 3I 6    -.508    -.641   -1.028   -1.646   -2.467
  

U(K): -131.05 -127.16 -116.64 -100.12  -81.96

E(K): -131.05 -122.96  -99.84  -62.32  -14.78
  
  

K_F=    1.900    K_M=    1.900
  
 MBHF SP. SPECTRUM FOR GIVEN CHANNELS
  

   K:     .00     .47     .95    1.42    1.90
 1S 0  -81.17  -78.03  -68.86  -54.70  -39.17
 3S 1  -61.57  -59.05  -52.23  -42.21  -31.13
 3D 1    8.35    8.60    9.32   10.30   11.21
 1P 1   23.47   23.59   24.01   24.56   25.43
 3P 0  -17.96  -17.08  -14.67  -10.91   -6.36
 3P 1   59.10   60.21   63.51   68.26   73.97
 3P 2  -39.55  -40.92  -44.77  -50.16  -55.84
 3F 2   -2.85   -3.13   -3.89   -4.92   -5.91
 1D 2  -14.64  -15.46  -17.83  -21.36  -25.46
 3D 2  -22.26  -22.97  -25.07  -28.06  -31.16
 3D 3     .74     .66     .41     .01    -.52
 3G 3    1.06    1.21    1.62    2.20    2.85
 1F 3    4.62    4.79    5.28    6.02    6.84
 3F 3    7.60    8.06    9.31   11.03   12.74
 3F 4   -1.61   -1.98   -3.07   -4.86   -7.28
 3H 4    -.35    -.43    -.68   -1.07   -1.59
 1G 4   -2.11   -2.35   -3.03   -4.06   -5.35
 3G 4   -3.76   -4.22   -5.48   -7.35   -9.56
 3G 5     .38     .45     .62     .83    1.01
 3I 5     .16     .21     .35     .57     .86
 1H 5    1.08    1.23    1.64    2.23    2.89
 3H 5    1.41    1.68    2.41    3.51    4.84
 3H 6    -.14    -.19    -.34    -.63   -1.10
 3J 6    -.05    -.07    -.14    -.26    -.44
 1I 6    -.43    -.53    -.81   -1.25   -1.81
 3I 6    -.74    -.92   -1.43   -2.24   -3.29
  

U(K): -141.23 -136.67 -123.83 -104.50  -83.30

E(K): -141.23 -132.00 -105.11  -62.40   -8.45
  
 BHF SP. SPECTRUM FOR GIVEN CHANNEL

   K:     .000     .475     .950    1.425    1.900
 1S 0  -81.160  -78.025  -68.854  -54.688  -39.158
 3S 1  -61.545  -59.029  -52.204  -42.183  -31.100
 3D 1    8.353    8.601    9.318   10.301   11.210
 1P 1   23.467   23.593   24.009   24.565   25.431
 3P 0  -17.960  -17.083  -14.672  -10.913   -6.353
 3P 1   59.102   60.207   63.509   68.263   73.969
 3P 2  -39.550  -40.924  -44.765  -50.158  -55.833
 3F 2   -2.850   -3.133   -3.893   -4.924   -5.906
 1D 2  -14.641  -15.456  -17.826  -21.358  -25.459
 3D 2  -22.262  -22.970  -25.066  -28.056  -31.157
 3D 3     .742     .658     .412     .015    -.521
 3G 3    1.060    1.210    1.617    2.202    2.855
 1F 3    4.620    4.788    5.281    6.019    6.837
 3F 3    7.596    8.057    9.308   11.033   12.744
 3F 4   -1.613   -1.982   -3.073   -4.862   -7.276
 3H 4    -.348    -.433    -.678   -1.071   -1.591
 1G 4   -2.109   -2.350   -3.026   -4.063   -5.348
 3G 4   -3.763   -4.220   -5.482   -7.355   -9.559
 3G 5     .377     .445     .619     .835    1.008
 3I 5     .160     .209     .346     .567     .860
 1H 5    1.081    1.234    1.644    2.233    2.890
 3H 5    1.415    1.678    2.411    3.512    4.842
 3H 6    -.140    -.188    -.344    -.634   -1.103
 3J 6    -.051    -.072    -.138    -.257    -.437
 1I 6    -.431    -.531    -.813   -1.249   -1.810
 3I 6    -.742    -.920   -1.430   -2.235   -3.286
  

U(K): -141.19 -136.64 -123.79 -104.46  -83.25

E(K): -141.19 -131.96 -105.08  -62.36   -8.40
  
  

K_F=    2.000    K_M=    2.000
  
 MBHF SP. SPECTRUM FOR GIVEN CHANNELS
  

   K:     .00     .50    1.00    1.50    2.00
 1S 0  -88.35  -84.60  -73.95  -57.41  -39.20
 3S 1  -62.65  -59.72  -52.29  -41.10  -28.53
 3D 1   10.31   10.59   11.33   12.34   13.19
 1P 1   27.86   28.00   28.51   29.11   29.93
 3P 0  -20.18  -18.99  -15.81  -10.87   -4.88
 3P 1   71.55   72.87   76.81   82.30   88.62
 3P 2  -48.61  -50.10  -54.23  -60.02  -65.98
 3F 2   -3.72   -4.06   -4.94   -6.09   -7.09
 1D 2  -18.36  -19.35  -22.15  -26.27  -30.95
 3D 2  -27.46  -28.26  -30.52  -33.69  -36.78
 3D 3     .91     .80     .48    -.01    -.65
 3G 3    1.42    1.61    2.10    2.79    3.55
 1F 3    5.76    5.96    6.48    7.29    8.18
 3F 3    9.67   10.21   11.57   13.45   15.23
 3F 4   -2.26   -2.74   -4.17   -6.47   -9.56
 3H 4    -.49    -.60    -.92   -1.42   -2.09
 1G 4   -2.78   -3.09   -3.90   -5.16   -6.74
 3G 4   -4.99   -5.56   -7.07   -9.31  -11.94
 3G 5     .52     .61     .81    1.05    1.21
 3I 5     .23     .30     .47     .76    1.14
 1H 5    1.46    1.64    2.13    2.83    3.60
 3H 5    1.95    2.28    3.20    4.56    6.17
 3H 6    -.21    -.27    -.49    -.89   -1.54
 3J 6    -.08    -.11    -.20    -.36    -.60
 1I 6    -.61    -.74   -1.10   -1.65   -2.35
 3I 6   -1.05   -1.28   -1.94   -2.97   -4.29
  

U(K): -150.16 -144.63 -129.78 -107.22  -82.36

E(K): -150.16 -139.44 -109.05  -60.56     .59
  
 BHF SP. SPECTRUM FOR GIVEN CHANNEL

   K:     .000     .500    1.000    1.500    2.000
 1S 0  -88.338  -84.582  -73.940  -57.392  -39.187
 3S 1  -62.618  -59.684  -52.254  -41.058  -28.485
 3D 1   10.312   10.586   11.333   12.341   13.187
 1P 1   27.858   27.996   28.511   29.109   29.933
 3P 0  -20.182  -18.991  -15.811  -10.867   -4.880
 3P 1   71.554   72.868   76.811   82.302   88.623
 3P 2  -48.611  -50.100  -54.231  -60.021  -65.976
 3F 2   -3.722   -4.064   -4.939   -6.090   -7.093
 1D 2  -18.363  -19.351  -22.148  -26.269  -30.950
 3D 2  -27.458  -28.262  -30.521  -33.692  -36.780
 3D 3     .908     .802     .482    -.006    -.644
 3G 3    1.424    1.610    2.096    2.791    3.554
 1F 3    5.763    5.960    6.479    7.286    8.179
 3F 3    9.668   10.209   11.566   13.448   15.232
 3F 4   -2.257   -2.743   -4.167   -6.471   -9.560
 3H 4    -.494    -.604    -.919   -1.422   -2.092
 1G 4   -2.783   -3.086   -3.898   -5.162   -6.744
 3G 4   -4.991   -5.561   -7.065   -9.309  -11.943
 3G 5     .523     .605     .808    1.048    1.212
 3I 5     .234     .296     .475     .757    1.142
 1H 5    1.457    1.642    2.134    2.834    3.601
 3H 5    1.953    2.284    3.199    4.559    6.169
 3H 6    -.207    -.275    -.491    -.894   -1.536
 3J 6    -.078    -.107    -.199    -.360    -.601
 1I 6    -.610    -.738   -1.097   -1.649   -2.352
 3I 6   -1.053   -1.284   -1.941   -2.968   -4.288
  

U(K): -150.11 -144.57 -129.73 -107.15  -82.28

E(K): -150.11 -139.39 -108.99  -60.50     .66
  
  BIND. ENERGY FOR GIVEN CHANNELS :
  
 K_F        1.20     1.30     1.40     1.50     1.60     1.70     1.80     1.90     2.00
DENSITY    .0584    .0742    .0927    .1140    .1383    .1659    .1970    .2317    .2702
 K_M        1.20     1.30     1.40     1.50     1.60     1.70     1.80     1.90     2.00
  
   1S 0   -12.78   -15.00   -17.26   -19.52   -21.68   -23.74   -25.60   -27.19   -28.53
   3S 1   -14.57   -16.30   -17.82   -19.16   -20.11   -20.85   -21.09   -20.94   -20.39
   3D 1      .84     1.18     1.61     2.12     2.73     3.43     4.24     5.14     6.16
   1P 1     2.63     3.46     4.45     5.62     6.97     8.54    10.34    12.34    14.62
   3P 0    -2.22    -2.78    -3.34    -3.91    -4.42    -4.86    -5.18    -5.31    -5.28
   3P 1     6.24     8.44    11.12    14.39    18.27    22.84    28.20    34.32    41.35
   3P 2    -4.36    -6.04    -8.09   -10.57   -13.49   -16.89   -20.77   -25.16   -30.10
   3F 2     -.27     -.41     -.60     -.85    -1.15    -1.52    -1.95    -2.46    -3.04
   1D 2    -1.50    -2.14    -2.97    -4.01    -5.28    -6.82    -8.64   -10.76   -13.24
   3D 2    -2.32    -3.25    -4.39    -5.78    -7.43    -9.35   -11.56   -14.03   -16.87
   3D 3      .02      .02      .02      .02      .02      .01      .00     -.01     -.02
   3G 3      .10      .16      .24      .34      .48      .65      .86     1.12     1.42
   1F 3      .46      .65      .90     1.20     1.56     1.98     2.46     3.02     3.67
   3F 3      .73     1.08     1.52     2.07     2.74     3.54     4.46     5.53     6.75
   3F 4     -.15     -.26     -.41     -.63     -.93    -1.34    -1.86    -2.53    -3.35
   3H 4     -.03     -.05     -.09     -.14     -.20     -.29     -.41     -.56     -.74
   1G 4     -.20     -.31     -.46     -.65     -.90    -1.22    -1.60    -2.08    -2.65
   3G 4     -.35     -.55     -.82    -1.17    -1.63    -2.20    -2.89    -3.74    -4.74
   3G 5      .03      .05      .09      .12      .18      .24      .32      .41      .52
   3I 5      .02      .03      .04      .07      .10      .15      .21      .30      .40
   1H 5      .10      .16      .24      .35      .49      .66      .88     1.13     1.44
   3H 5      .13      .21      .33      .50      .72     1.00     1.36     1.80     2.33
   3H 6     -.01     -.02     -.04     -.07     -.11     -.16     -.24     -.34     -.48
   3J 6      .00     -.01     -.02     -.03     -.04     -.07     -.10     -.14     -.19
   1I 6     -.04     -.07     -.11     -.17     -.24     -.35     -.48     -.65     -.85
   3I 6     -.07     -.12     -.19     -.29     -.43     -.62     -.85    -1.16    -1.53
  
 MHF 
 M/M*      1.416    1.464    1.518    1.569    1.628    1.679    1.733    1.776    1.819
 U        -62.67   -73.47   -84.81   -96.29  -108.00  -119.16  -129.88  -139.69  -148.29
  
 T_AV      17.92    21.03    24.38    27.99    31.85    35.95    40.31    44.91    49.76
 U/A      -27.59   -31.86   -36.05   -40.14   -43.80   -47.21   -49.88   -51.97   -53.37
  
 BE/A      -9.68   -10.83   -11.66   -12.15   -11.95   -11.25    -9.57    -7.06    -3.60
  
  

*******************    nijmegen I interaction

 Nijmegen Potential
 ------------------
 input parameters for nijmegen potential (here: nijm-I, np)  
  IDPAR    1
  TYPE     NP
  NONREL   T
  label    NI-1

K_F=    1.200    K_M=    1.200
  
 MBHF SP. SPECTRUM FOR GIVEN CHANNELS
  

   K:     .00     .40     .80    1.20     .00
 1S 0  -31.70  -30.58  -27.13  -23.07     .00
 3S 1  -34.93  -33.82  -30.54  -26.73     .00
 3D 1    1.02    1.16    1.54    2.02     .00
 1P 1    4.63    4.73    5.00    5.47     .00
 3P 0   -4.37   -4.43   -4.50   -4.47     .00
 3P 1   10.18   10.66   11.94   13.85     .00
 3P 2   -5.48   -6.16   -8.01  -10.56     .00
 3F 2    -.20    -.27    -.46    -.75     .00
 1D 2   -1.71   -1.97   -2.71   -3.78     .00
 3D 2   -2.82   -3.20   -4.25   -5.66     .00
 3D 3     .06     .07     .05    -.02     .00
 3G 3     .06     .08     .16     .29     .00
 1F 3     .47     .56     .82    1.13     .00
 3F 3     .65     .82    1.29    1.93     .00
 3F 4    -.06    -.10    -.23    -.49     .00
 3H 4    -.01    -.02    -.05    -.11     .00
 1G 4    -.13    -.18    -.33    -.57     .00
 3G 4    -.22    -.31    -.59   -1.02     .00
 3G 5     .01     .02     .05     .10     .00
 3I 5     .00     .01     .02     .05     .00
 1H 5     .05     .08     .16     .30     .00
 3H 5     .05     .09     .20     .41     .00
 3H 6     .00    -.01    -.02    -.05     .00
 3J 6     .00     .00    -.01    -.02     .00
 1I 6    -.01    -.02    -.06    -.13     .00
 3I 6    -.02    -.04    -.10    -.22     .00
  

U(K):  -64.48  -62.84  -57.75  -52.08     .00

E(K):  -64.48  -59.52  -44.48  -22.22     .00
  
 BHF SP. SPECTRUM FOR GIVEN CHANNEL

   K:     .000     .400     .800    1.200     .000
 1S 0  -31.699  -30.585  -27.135  -23.067     .000
 3S 1  -34.935  -33.824  -30.539  -26.733     .000
 3D 1    1.020    1.161    1.539    2.018     .000
 1P 1    4.630    4.735    5.002    5.469     .000
 3P 0   -4.374   -4.430   -4.501   -4.467     .000
 3P 1   10.181   10.662   11.938   13.846     .000
 3P 2   -5.476   -6.162   -8.012  -10.556     .000
 3F 2    -.205    -.270    -.463    -.754     .000
 1D 2   -1.712   -1.970   -2.705   -3.775     .000
 3D 2   -2.820   -3.199   -4.245   -5.662     .000
 3D 3     .064     .066     .049    -.022     .000
 3G 3     .056     .082     .162     .290     .000
 1F 3     .470     .564     .816    1.133     .000
 3F 3     .653     .821    1.292    1.928     .000
 3F 4    -.063    -.102    -.232    -.487     .000
 3H 4    -.011    -.019    -.049    -.105     .000
 1G 4    -.128    -.180    -.333    -.566     .000
 3G 4    -.223    -.314    -.590   -1.017     .000
 3G 5     .014     .023     .053     .103     .000
 3I 5     .004     .008     .022     .051     .000
 1H 5     .048     .076     .160     .297     .000
 3H 5     .051     .087     .202     .406     .000
 3H 6    -.003    -.006    -.018    -.046     .000
 3J 6    -.001    -.002    -.006    -.018     .000
 1I 6    -.011    -.022    -.059    -.129     .000
 3I 6    -.020    -.038    -.101    -.224     .000
  

U(K):  -64.49  -62.84  -57.76  -52.09     .00

E(K):  -64.49  -59.52  -44.48  -22.23     .00
  
  

K_F=    1.300    K_M=    1.300
  
 MBHF SP. SPECTRUM FOR GIVEN CHANNELS
  

   K:     .00     .43     .87    1.30     .00
 1S 0  -38.35  -36.84  -32.25  -26.73     .00
 3S 1  -40.14  -38.67  -34.52  -29.55     .00
 3D 1    1.51    1.69    2.18    2.78     .00
 1P 1    6.19    6.29    6.60    7.15     .00
 3P 0   -5.81   -5.81   -5.70   -5.37     .00
 3P 1   13.96   14.55   16.16   18.59     .00
 3P 2   -7.83   -8.74  -11.15  -14.39     .00
 3F 2    -.33    -.43    -.71   -1.12     .00
 1D 2   -2.53   -2.89   -3.89   -5.34     .00
 3D 2   -4.13   -4.64   -5.98   -7.79     .00
 3D 3     .11     .10     .07    -.05     .00
 3G 3     .10     .14     .26     .45     .00
 1F 3     .72     .85    1.18    1.58     .00
 3F 3    1.03    1.28    1.92    2.77     .00
 3F 4    -.11    -.18    -.39    -.81     .00
 3H 4    -.02    -.04    -.08    -.18     .00
 1G 4    -.22    -.30    -.52    -.86     .00
 3G 4    -.38    -.52    -.92   -1.55     .00
 3G 5     .03     .04     .09     .16     .00
 3I 5     .01     .01     .04     .09     .00
 1H 5     .09     .13     .26     .46     .00
 3H 5     .10     .16     .34     .65     .00
 3H 6    -.01    -.01    -.03    -.08     .00
 3J 6     .00     .00    -.01    -.03     .00
 1I 6    -.02    -.04    -.10    -.21     .00
 3I 6    -.04    -.07    -.18    -.37     .00
  

U(K):  -76.10  -73.92  -67.36  -59.75     .00

E(K):  -76.10  -70.03  -51.78  -24.71     .00
  
 BHF SP. SPECTRUM FOR GIVEN CHANNEL

   K:     .000     .433     .867    1.300     .000
 1S 0  -38.350  -36.838  -32.246  -26.734     .000
 3S 1  -40.143  -38.674  -34.524  -29.550     .000
 3D 1    1.507    1.695    2.177    2.780     .000
 1P 1    6.188    6.295    6.603    7.154     .000
 3P 0   -5.814   -5.808   -5.703   -5.367     .000
 3P 1   13.958   14.548   16.162   18.592     .000
 3P 2   -7.834   -8.741  -11.147  -14.385     .000
 3F 2    -.333    -.433    -.710   -1.124     .000
 1D 2   -2.531   -2.891   -3.888   -5.342     .000
 3D 2   -4.133   -4.638   -5.983   -7.789     .000
 3D 3     .107     .104     .067    -.051     .000
 3G 3     .096     .138     .258     .450     .000
 1F 3     .724     .852    1.176    1.578     .000
 3F 3    1.034    1.278    1.915    2.768     .000
 3F 4    -.114    -.179    -.394    -.808     .000
 3H 4    -.021    -.036    -.084    -.177     .000
 1G 4    -.217    -.297    -.518    -.859     .000
 3G 4    -.377    -.520    -.923   -1.552     .000
 3G 5     .026     .041     .088     .165     .000
 3I 5     .008     .015     .039     .088     .000
 1H 5     .088     .132     .261     .460     .000
 3H 5     .097     .157     .341     .653     .000
 3H 6    -.006    -.012    -.034    -.083     .000
 3J 6    -.002    -.004    -.012    -.033     .000
 1I 6    -.023    -.042    -.103    -.214     .000
 3I 6    -.040    -.072    -.178    -.374     .000
  

U(K):  -76.10  -73.93  -67.36  -59.75     .00

E(K):  -76.10  -70.03  -51.79  -24.71     .00
  
  

K_F=    1.400    K_M=    1.400
  
 MBHF SP. SPECTRUM FOR GIVEN CHANNELS
  

   K:     .00     .47     .93    1.40     .00
 1S 0  -45.57  -43.60  -37.59  -30.40     .00
 3S 1  -45.41  -43.56  -38.28  -32.05     .00
 3D 1    2.14    2.38    2.98    3.71     .00
 1P 1    8.04    8.16    8.50    9.19     .00
 3P 0   -7.48   -7.38   -6.97   -6.23     .00
 3P 1   18.60   19.33   21.33   24.45     .00
 3P 2  -10.87  -12.02  -15.03  -19.02     .00
 3F 2    -.52    -.66   -1.05   -1.60     .00
 1D 2   -3.61   -4.09   -5.42   -7.33     .00
 3D 2   -5.84   -6.48   -8.17  -10.40     .00
 3D 3     .17     .15     .09    -.09     .00
 3G 3     .16     .22     .40     .66     .00
 1F 3    1.07    1.23    1.64    2.13     .00
 3F 3    1.57    1.90    2.75    3.82     .00
 3F 4    -.20    -.30    -.64   -1.27     .00
 3H 4    -.04    -.06    -.14    -.28     .00
 1G 4    -.35    -.47    -.78   -1.25     .00
 3G 4    -.61    -.82   -1.40   -2.25     .00
 3G 5     .05     .07     .14     .25     .00
 3I 5     .01     .03     .07     .14     .00
 1H 5     .15     .22     .40     .68     .00
 3H 5     .17     .26     .54    1.00     .00
 3H 6    -.01    -.02    -.06    -.14     .00
 3J 6     .00    -.01    -.02    -.06     .00
 1I 6    -.04    -.07    -.17    -.34     .00
 3I 6    -.07    -.13    -.29    -.59     .00
  

U(K):  -88.50  -85.70  -77.20  -67.27     .00

E(K):  -88.50  -81.18  -59.13  -26.63     .00
  
 BHF SP. SPECTRUM FOR GIVEN CHANNEL

   K:     .000     .467     .933    1.400     .000
 1S 0  -45.576  -43.600  -37.594  -30.399     .000
 3S 1  -45.417  -43.569  -38.289  -32.059     .000
 3D 1    2.143    2.379    2.980    3.712     .000
 1P 1    8.040    8.164    8.498    9.190     .000
 3P 0   -7.477   -7.376   -6.969   -6.234     .000
 3P 1   18.596   19.333   21.325   24.452     .000
 3P 2  -10.868  -12.016  -15.031  -19.021     .000
 3F 2    -.520    -.661   -1.052   -1.599     .000
 1D 2   -3.611   -4.091   -5.418   -7.335     .000
 3D 2   -5.838   -6.478   -8.166  -10.397     .000
 3D 3     .165     .154     .086    -.094     .000
 3G 3     .159     .222     .399     .661     .000
 1F 3    1.068    1.232    1.639    2.126     .000
 3F 3    1.571    1.899    2.746    3.818     .000
 3F 4    -.196    -.300    -.641   -1.267     .000
 3H 4    -.038    -.062    -.140    -.277     .000
 1G 4    -.351    -.466    -.784   -1.246     .000
 3G 4    -.612    -.820   -1.404   -2.255     .000
 3G 5     .046     .070     .142     .246     .000
 3I 5     .015     .027     .067     .141     .000
 1H 5     .150     .217     .403     .680     .000
 3H 5     .171     .265     .543     .996     .000
 3H 6    -.011    -.022    -.059    -.140     .000
 3J 6    -.003    -.007    -.023    -.057     .000
 1I 6    -.043    -.074    -.170    -.336     .000
 3I 6    -.075    -.128    -.295    -.590     .000
  

U(K):  -88.51  -85.71  -77.21  -67.28     .00

E(K):  -88.51  -81.19  -59.14  -26.64     .00
  
  

K_F=    1.500    K_M=    1.500
  
 MBHF SP. SPECTRUM FOR GIVEN CHANNELS
  

   K:     .00     .50    1.00    1.50     .00
 1S 0  -53.30  -50.78  -43.14  -33.89     .00
 3S 1  -50.43  -48.15  -41.79  -34.06     .00
 3D 1    2.96    3.23    3.95    4.81     .00
 1P 1   10.23   10.37   10.76   11.55     .00
 3P 0   -9.36   -9.11   -8.29   -6.92     .00
 3P 1   24.23   25.14   27.62   31.47     .00
 3P 2  -14.67  -16.07  -19.74  -24.49     .00
 3F 2    -.78    -.97   -1.49   -2.20     .00
 1D 2   -5.01   -5.62   -7.34   -9.79     .00
 3D 2   -8.01   -8.77  -10.82  -13.47     .00
 3D 3     .24     .22     .10    -.15     .00
 3G 3     .25     .34     .58     .94     .00
 1F 3    1.52    1.71    2.20    2.77     .00
 3F 3    2.30    2.71    3.77    5.09     .00
 3F 4    -.32    -.48    -.99   -1.92     .00
 3H 4    -.06    -.10    -.22    -.42     .00
 1G 4    -.54    -.70   -1.12   -1.75     .00
 3G 4    -.95   -1.23   -2.02   -3.18     .00
 3G 5     .08     .11     .21     .36     .00
 3I 5     .03     .04     .11     .22     .00
 1H 5     .24     .34     .59     .96     .00
 3H 5     .28     .42     .83    1.46     .00
 3H 6    -.02    -.04    -.10    -.23     .00
 3J 6    -.01    -.01    -.04    -.09     .00
 1I 6    -.08    -.12    -.27    -.50     .00
 3I 6    -.13    -.21    -.46    -.89     .00
  

U(K): -101.31  -97.73  -87.10  -74.33     .00

E(K): -101.31  -92.54  -66.36  -27.68     .00
  
 BHF SP. SPECTRUM FOR GIVEN CHANNEL

   K:     .000     .500    1.000    1.500     .000
 1S 0  -53.301  -50.777  -43.141  -33.887     .000
 3S 1  -50.429  -48.144  -41.780  -34.046     .000
 3D 1    2.956    3.234    3.952    4.806     .000
 1P 1   10.228   10.373   10.763   11.545     .000
 3P 0   -9.360   -9.110   -8.294   -6.923     .000
 3P 1   24.235   25.144   27.618   31.468     .000
 3P 2  -14.671  -16.073  -19.738  -24.486     .000
 3F 2    -.779    -.969   -1.488   -2.201     .000
 1D 2   -5.010   -5.620   -7.336   -9.792     .000
 3D 2   -8.014   -8.774  -10.824  -13.471     .000
 3D 3     .243     .218     .104    -.152     .000
 3G 3     .252     .338     .582     .941     .000
 1F 3    1.523    1.712    2.199    2.772     .000
 3F 3    2.299    2.708    3.771    5.093     .000
 3F 4    -.320    -.480    -.990   -1.922     .000
 3H 4    -.065    -.101    -.216    -.422     .000
 1G 4    -.543    -.696   -1.123   -1.754     .000
 3G 4    -.949   -1.232   -2.019   -3.176     .000
 3G 5     .076     .112     .213     .356     .000
 3I 5     .026     .045     .106     .220     .000
 1H 5     .241     .336     .595     .964     .000
 3H 5     .284     .423     .825    1.456     .000
 3H 6    -.021    -.038    -.099    -.226     .000
 3J 6    -.006    -.013    -.039    -.092     .000
 1I 6    -.075    -.123    -.266    -.502     .000
 3I 6    -.130    -.212    -.462    -.889     .000
  

U(K): -101.31  -97.72  -87.09  -74.32     .00

E(K): -101.31  -92.54  -66.35  -27.66     .00
  
  

K_F=    1.600    K_M=    1.600
  
 MBHF SP. SPECTRUM FOR GIVEN CHANNELS
  

   K:     .00     .40     .80    1.20    1.60
 1S 0  -61.48  -59.67  -54.47  -46.26  -37.18
 3S 1  -55.34  -53.71  -49.39  -42.83  -35.54
 3D 1    3.95    4.13    4.65    5.37    6.10
 1P 1   12.80   12.88   13.18   13.65   14.33
 3P 0  -11.44  -11.17  -10.43   -9.17   -7.45
 3P 1   31.00   31.60   33.47   36.33   39.92
 3P 2  -19.34  -20.29  -22.93  -26.71  -30.85
 3F 2   -1.12   -1.27   -1.67   -2.26   -2.93
 1D 2   -6.75   -7.19   -8.47  -10.42  -12.80
 3D 2  -10.67  -11.18  -12.64  -14.76  -17.11
 3D 3     .34     .31     .23     .05    -.22
 3G 3     .38     .45     .64     .94    1.29
 1F 3    2.08    2.21    2.56    3.04    3.55
 3F 3    3.22    3.52    4.32    5.44    6.62
 3F 4    -.50    -.63   -1.05   -1.76   -2.79
 3H 4    -.10    -.14    -.23    -.39    -.61
 1G 4    -.79    -.92   -1.25   -1.76   -2.40
 3G 4   -1.39   -1.62   -2.25   -3.18   -4.33
 3G 5     .12     .15     .23     .35     .49
 3I 5     .04     .06     .11     .20     .32
 1H 5     .37     .44     .65     .95    1.32
 3H 5     .45     .56     .88    1.39    2.05
 3H 6    -.04    -.05    -.10    -.19    -.35
 3J 6    -.01    -.02    -.04    -.08    -.14
 1I 6    -.12    -.16    -.28    -.47    -.72
 3I 6    -.21    -.28    -.49    -.82   -1.29
  

U(K): -114.57 -111.98 -104.74  -93.35  -80.72

E(K): -114.57 -108.66  -91.47  -63.49  -27.64
  
 BHF SP. SPECTRUM FOR GIVEN CHANNEL

   K:     .000     .400     .800    1.200    1.600
 1S 0  -61.478  -59.672  -54.469  -46.263  -37.181
 3S 1  -55.346  -53.724  -49.402  -42.843  -35.555
 3D 1    3.951    4.135    4.649    5.366    6.098
 1P 1   12.797   12.877   13.179   13.651   14.334
 3P 0  -11.443  -11.171  -10.426   -9.169   -7.455
 3P 1   30.999   31.601   33.470   36.330   39.916
 3P 2  -19.336  -20.287  -22.930  -26.706  -30.852
 3F 2   -1.119   -1.266   -1.672   -2.262   -2.926
 1D 2   -6.752   -7.189   -8.465  -10.423  -12.797
 3D 2  -10.672  -11.180  -12.639  -14.764  -17.108
 3D 3     .336     .312     .225     .052    -.223
 3G 3     .376     .446     .643     .936    1.288
 1F 3    2.079    2.208    2.558    3.042    3.552
 3F 3    3.219    3.518    4.322    5.437    6.619
 3F 4    -.500    -.635   -1.047   -1.760   -2.794
 3H 4    -.103    -.135    -.230    -.388    -.612
 1G 4    -.793    -.915   -1.253   -1.762   -2.397
 3G 4   -1.394   -1.620   -2.246   -3.182   -4.329
 3G 5     .119     .150     .234     .354     .489
 3I 5     .043     .060     .111     .198     .323
 1H 5     .371     .445     .650     .955    1.320
 3H 5     .450     .561     .884    1.393    2.053
 3H 6    -.035    -.050    -.100    -.194    -.350
 3J 6    -.012    -.018    -.038    -.078    -.143
 1I 6    -.124    -.163    -.280    -.468    -.722
 3I 6    -.214    -.282    -.485    -.822   -1.288
  

U(K): -114.58 -112.00 -104.76  -93.37  -80.74

E(K): -114.58 -108.68  -91.49  -63.51  -27.66
  
  

K_F=    1.700    K_M=    1.700
  
 MBHF SP. SPECTRUM FOR GIVEN CHANNELS
  

   K:     .00     .42     .85    1.27    1.70
 1S 0  -69.96  -67.72  -61.34  -51.26  -40.12
 3S 1  -59.76  -57.77  -52.79  -45.07  -36.46
 3D 1    5.16    5.37    5.95    6.76    7.57
 1P 1   15.74   15.84   16.22   16.75   17.52
 3P 0  -13.66  -13.23  -12.08  -10.17   -7.68
 3P 1   38.97   39.72   42.04   45.50   49.85
 3P 2  -24.96  -26.06  -29.11  -33.45  -38.13
 3F 2   -1.57   -1.76   -2.26   -2.99   -3.77
 1D 2   -8.90   -9.46  -11.04  -13.46  -16.36
 3D 2  -13.89  -14.50  -16.18  -18.62  -21.24
 3D 3     .45     .41     .28     .04    -.30
 3G 3     .55     .64     .89    1.27    1.71
 1F 3    2.77    2.92    3.31    3.86    4.44
 3F 3    4.39    4.77    5.70    7.01    8.37
 3F 4    -.76    -.95   -1.53   -2.53   -3.94
 3H 4    -.16    -.21    -.34    -.56    -.86
 1G 4   -1.13   -1.29   -1.72   -2.37   -3.18
 3G 4   -2.00   -2.30   -3.09   -4.28   -5.72
 3G 5     .18     .22     .33     .49     .65
 3I 5     .07     .09     .17     .29     .46
 1H 5     .55     .64     .91    1.30    1.76
 3H 5     .68     .84    1.27    1.95    2.81
 3H 6    -.06    -.08    -.16    -.30    -.52
 3J 6    -.02    -.03    -.06    -.12    -.21
 1I 6    -.20    -.25    -.41    -.67   -1.01
 3I 6    -.34    -.43    -.72   -1.18   -1.81
  

U(K): -127.85 -124.57 -115.75 -101.80  -86.19

E(K): -127.85 -120.82 -100.77  -68.09  -26.26
  
 BHF SP. SPECTRUM FOR GIVEN CHANNEL

   K:     .000     .425     .850    1.275    1.700
 1S 0  -69.962  -67.723  -61.336  -51.254  -40.114
 3S 1  -59.750  -57.760  -52.781  -45.057  -36.445
 3D 1    5.156    5.373    5.950    6.756    7.566
 1P 1   15.742   15.840   16.225   16.753   17.519
 3P 0  -13.661  -13.234  -12.085  -10.172   -7.679
 3P 1   38.970   39.721   42.042   45.498   49.851
 3P 2  -24.957  -26.058  -29.112  -33.449  -38.125
 3F 2   -1.569   -1.759   -2.265   -2.992   -3.769
 1D 2   -8.902   -9.460  -11.042  -13.462  -16.362
 3D 2  -13.887  -14.499  -16.180  -18.616  -21.244
 3D 3     .450     .414     .279     .041    -.302
 3G 3     .549     .642     .894    1.269    1.705
 1F 3    2.767    2.923    3.308    3.858    4.441
 3F 3    4.394    4.765    5.704    7.015    8.366
 3F 4    -.759    -.951   -1.531   -2.526   -3.938
 3H 4    -.161    -.206    -.337    -.555    -.857
 1G 4   -1.133   -1.293   -1.718   -2.371   -3.179
 3G 4   -2.001   -2.298   -3.089   -4.283   -5.718
 3G 5     .183     .223     .332     .486     .647
 3I 5     .071     .095     .166     .287     .456
 1H 5     .548     .645     .911    1.301    1.756
 3H 5     .682     .835    1.272    1.949    2.806
 3H 6    -.058    -.081    -.155    -.296    -.524
 3J 6    -.020    -.030    -.061    -.120    -.214
 1I 6    -.195    -.251    -.412    -.668   -1.005
 3I 6    -.336    -.433    -.718   -1.181   -1.808
  

U(K): -127.84 -124.56 -115.74 -101.79  -86.17

E(K): -127.84 -120.81 -100.76  -68.08  -26.24
  
  

K_F=    1.800    K_M=    1.800
  
 MBHF SP. SPECTRUM FOR GIVEN CHANNELS
  

   K:     .00     .45     .90    1.35    1.80
 1S 0  -78.66  -75.98  -68.21  -55.99  -42.53
 3S 1  -63.74  -61.49  -55.62  -46.55  -36.60
 3D 1    6.60    6.82    7.46    8.34    9.22
 1P 1   19.10   19.25   19.71   20.28   21.09
 3P 0  -15.99  -15.38  -13.69  -10.92   -7.46
 3P 1   48.29   49.25   52.07   56.22   61.35
 3P 2  -31.64  -32.87  -36.30  -41.14  -46.31
 3F 2   -2.14   -2.37   -2.99   -3.86   -4.76
 1D 2  -11.53  -12.19  -14.13  -17.06  -20.57
 3D 2  -17.75  -18.40  -20.30  -23.01  -25.92
 3D 3     .58     .52     .34     .03    -.39
 3G 3     .78     .89    1.21    1.68    2.23
 1F 3    3.61    3.75    4.18    4.79    5.49
 3F 3    5.86    6.26    7.34    8.85   10.41
 3F 4   -1.12   -1.38   -2.18   -3.54   -5.43
 3H 4    -.24    -.30    -.48    -.78   -1.19
 1G 4   -1.58   -1.76   -2.29   -3.13   -4.18
 3G 4   -2.79   -3.14   -4.13   -5.64   -7.47
 3G 5     .27     .32     .46     .65     .84
 3I 5     .11     .14     .24     .41     .64
 1H 5     .78     .90    1.24    1.72    2.28
 3H 5    1.00    1.20    1.78    2.65    3.74
 3H 6    -.09    -.13    -.23    -.44    -.76
 3J 6    -.03    -.05    -.09    -.18    -.31
 1I 6    -.30    -.37    -.59    -.92   -1.36
 3I 6    -.51    -.64   -1.03   -1.65   -2.47
  

U(K): -141.14 -137.13 -126.25 -109.18  -90.44

E(K): -141.14 -132.93 -109.46  -71.39  -23.26
  
 BHF SP. SPECTRUM FOR GIVEN CHANNEL

   K:     .000     .450     .900    1.350    1.800
 1S 0  -78.659  -75.977  -68.208  -55.989  -42.530
 3S 1  -63.731  -61.474  -55.609  -46.536  -36.580
 3D 1    6.601    6.824    7.459    8.340    9.224
 1P 1   19.102   19.255   19.707   20.282   21.087
 3P 0  -15.987  -15.375  -13.685  -10.920   -7.460
 3P 1   48.289   49.248   52.074   56.222   61.350
 3P 2  -31.639  -32.867  -36.304  -41.135  -46.309
 3F 2   -2.145   -2.369   -2.989   -3.863   -4.759
 1D 2  -11.534  -12.194  -14.128  -17.062  -20.566
 3D 2  -17.751  -18.403  -20.301  -23.012  -25.919
 3D 3     .583     .524     .338     .030    -.392
 3G 3     .777     .889    1.208    1.682    2.228
 1F 3    3.609    3.755    4.177    4.791    5.488
 3F 3    5.862    6.255    7.340    8.848   10.407
 3F 4   -1.116   -1.379   -2.179   -3.540   -5.433
 3H 4    -.242    -.301    -.479    -.779   -1.191
 1G 4   -1.575   -1.759   -2.294   -3.127   -4.179
 3G 4   -2.794   -3.140   -4.134   -5.643   -7.472
 3G 5     .268     .319     .459     .651     .841
 3I 5     .109     .141     .240     .410     .644
 1H 5     .781     .905    1.240    1.725    2.279
 3H 5     .998    1.202    1.775    2.651    3.736
 3H 6    -.092    -.126    -.234    -.436    -.762
 3J 6    -.033    -.047    -.094    -.179    -.310
 1I 6    -.295    -.371    -.587    -.925   -1.363
 3I 6    -.508    -.641   -1.028   -1.646   -2.466
  

U(K): -141.12 -137.11 -126.23 -109.16  -90.41

E(K): -141.12 -132.91 -109.44  -71.37  -23.22
  
  

K_F=    1.900    K_M=    1.900
  
 MBHF SP. SPECTRUM FOR GIVEN CHANNELS
  

   K:     .00     .47     .95    1.42    1.90
 1S 0  -87.48  -84.25  -74.90  -60.38  -44.48
 3S 1  -67.12  -64.54  -57.61  -47.39  -36.18
 3D 1    8.28    8.51    9.20   10.16   11.10
 1P 1   22.96   23.12   23.61   24.25   25.15
 3P 0  -18.38  -17.50  -15.10  -11.37   -6.87
 3P 1   59.16   60.28   63.65   68.59   74.69
 3P 2  -39.43  -40.78  -44.56  -49.88  -55.50
 3F 2   -2.85   -3.13   -3.88   -4.89   -5.84
 1D 2  -14.67  -15.46  -17.80  -21.32  -25.45
 3D 2  -22.25  -22.96  -25.06  -28.06  -31.17
 3D 3     .73     .65     .40     .01    -.48
 3G 3    1.06    1.21    1.61    2.19    2.82
 1F 3    4.58    4.73    5.19    5.90    6.71
 3F 3    7.59    8.05    9.30   11.01   12.70
 3F 4   -1.59   -1.96   -3.04   -4.84   -7.27
 3H 4    -.35    -.43    -.68   -1.07   -1.59
 1G 4   -2.11   -2.35   -3.03   -4.07   -5.35
 3G 4   -3.76   -4.22   -5.47   -7.33   -9.49
 3G 5     .38     .45     .62     .85    1.05
 3I 5     .16     .21     .35     .57     .86
 1H 5    1.08    1.23    1.64    2.23    2.90
 3H 5    1.41    1.68    2.41    3.52    4.86
 3H 6    -.14    -.19    -.34    -.63   -1.08
 3J 6    -.05    -.07    -.14    -.26    -.44
 1I 6    -.43    -.53    -.81   -1.25   -1.81
 3I 6    -.74    -.92   -1.43   -2.24   -3.28
  

U(K): -153.95 -149.17 -135.85 -115.67  -93.46

E(K): -153.95 -144.49 -117.13  -73.56  -18.60
  
 BHF SP. SPECTRUM FOR GIVEN CHANNEL

   K:     .000     .475     .950    1.425    1.900
 1S 0  -87.485  -84.255  -74.897  -60.381  -44.488
 3S 1  -67.129  -64.553  -57.625  -47.406  -36.196
 3D 1    8.278    8.512    9.197   10.157   11.103
 1P 1   22.956   23.118   23.613   24.252   25.152
 3P 0  -18.379  -17.501  -15.103  -11.372   -6.875
 3P 1   59.164   60.278   63.647   68.591   74.692
 3P 2  -39.434  -40.782  -44.558  -49.878  -55.501
 3F 2   -2.847   -3.128   -3.881   -4.893   -5.842
 1D 2  -14.665  -15.461  -17.795  -21.317  -25.452
 3D 2  -22.246  -22.955  -25.057  -28.061  -31.175
 3D 3     .732     .647     .400     .014    -.483
 3G 3    1.060    1.209    1.613    2.189    2.817
 1F 3    4.576    4.732    5.194    5.899    6.707
 3F 3    7.594    8.054    9.299   11.012   12.699
 3F 4   -1.591   -1.957   -3.042   -4.835   -7.269
 3H 4    -.347    -.432    -.676   -1.067   -1.586
 1G 4   -2.110   -2.352   -3.030   -4.070   -5.352
 3G 4   -3.760   -4.216   -5.470   -7.325   -9.493
 3G 5     .378     .447     .624     .850    1.050
 3I 5     .160     .209     .346     .567     .861
 1H 5    1.081    1.234    1.645    2.235    2.896
 3H 5    1.415    1.678    2.412    3.518    4.861
 3H 6    -.140    -.188    -.342    -.627   -1.080
 3J 6    -.051    -.072    -.138    -.257    -.436
 1I 6    -.431    -.531    -.812   -1.248   -1.805
 3I 6    -.742    -.920   -1.430   -2.235   -3.285
  

U(K): -153.97 -149.19 -135.87 -115.69  -93.48

E(K): -153.97 -144.51 -117.15  -73.58  -18.62
  
  

K_F=    2.000    K_M=    2.000
  
 MBHF SP. SPECTRUM FOR GIVEN CHANNELS
  

   K:     .00     .50    1.00    1.50    2.00
 1S 0  -96.24  -92.38  -81.41  -64.36  -45.63
 3S 1  -69.61  -66.62  -58.98  -47.50  -34.74
 3D 1   10.21   10.47   11.18   12.18   13.12
 1P 1   27.27   27.45   28.06   28.74   29.57
 3P 0  -20.71  -19.53  -16.36  -11.46   -5.57
 3P 1   71.64   72.98   77.06   82.87   89.81
 3P 2  -48.43  -49.88  -53.94  -59.65  -65.55
 3F 2   -3.72   -4.06   -4.92   -6.04   -7.00
 1D 2  -18.37  -19.34  -22.10  -26.23  -30.97
 3D 2  -27.44  -28.24  -30.51  -33.71  -36.80
 3D 3     .90     .79     .47     .01    -.56
 3G 3    1.42    1.61    2.09    2.77    3.49
 1F 3    5.70    5.88    6.36    7.14    8.05
 3F 3    9.66   10.20   11.55   13.42   15.17
 3F 4   -2.23   -2.71   -4.13   -6.45   -9.56
 3H 4    -.49    -.60    -.92   -1.42   -2.09
 1G 4   -2.79   -3.09   -3.90   -5.17   -6.74
 3G 4   -4.99   -5.55   -7.05   -9.26  -11.84
 3G 5     .52     .61     .82    1.07    1.28
 3I 5     .23     .30     .48     .76    1.14
 1H 5    1.46    1.64    2.14    2.84    3.61
 3H 5    1.95    2.29    3.20    4.57    6.20
 3H 6    -.21    -.27    -.49    -.88   -1.50
 3J 6    -.08    -.11    -.20    -.36    -.60
 1I 6    -.61    -.74   -1.10   -1.65   -2.34
 3I 6   -1.05   -1.28   -1.94   -2.97   -4.29
  

U(K): -165.99 -160.19 -144.55 -120.73  -94.33

E(K): -165.99 -155.01 -123.81  -74.08  -11.39
  
 BHF SP. SPECTRUM FOR GIVEN CHANNEL

   K:     .000     .500    1.000    1.500    2.000
 1S 0  -96.242  -92.380  -81.409  -64.361  -45.638
 3S 1  -69.627  -66.633  -58.997  -47.510  -34.753
 3D 1   10.209   10.467   11.180   12.183   13.121
 1P 1   27.274   27.454   28.063   28.742   29.566
 3P 0  -20.714  -19.526  -16.363  -11.465   -5.575
 3P 1   71.636   72.979   77.056   82.868   89.808
 3P 2  -48.428  -49.885  -53.943  -59.654  -65.548
 3F 2   -3.717   -4.056   -4.920   -6.044   -6.997
 1D 2  -18.370  -19.338  -22.103  -26.231  -30.969
 3D 2  -27.438  -28.244  -30.514  -33.705  -36.802
 3D 3     .895     .788     .471     .007    -.557
 3G 3    1.424    1.609    2.090    2.769    3.491
 1F 3    5.699    5.881    6.365    7.140    8.046
 3F 3    9.665   10.203   11.552   13.415   15.167
 3F 4   -2.227   -2.710   -4.131   -6.446   -9.564
 3H 4    -.493    -.603    -.916   -1.416   -2.088
 1G 4   -2.785   -3.089   -3.904   -5.171   -6.741
 3G 4   -4.986   -5.553   -7.046   -9.263  -11.843
 3G 5     .524     .608     .817    1.074    1.282
 3I 5     .234     .296     .475     .758    1.144
 1H 5    1.457    1.642    2.135    2.837    3.611
 3H 5    1.953    2.285    3.202    4.569    6.202
 3H 6    -.206    -.274    -.487    -.881   -1.497
 3J 6    -.078    -.107    -.199    -.359    -.599
 1I 6    -.610    -.738   -1.097   -1.647   -2.344
 3I 6   -1.053   -1.284   -1.941   -2.967   -4.285
  

U(K): -166.00 -160.21 -144.57 -120.76  -94.36

E(K): -166.00 -155.02 -123.83  -74.10  -11.42
  
  BIND. ENERGY FOR GIVEN CHANNELS :
  
 K_F        1.20     1.30     1.40     1.50     1.60     1.70     1.80     1.90     2.00
DENSITY    .0584    .0742    .0927    .1140    .1383    .1659    .1970    .2317    .2702
 K_M        1.20     1.30     1.40     1.50     1.60     1.70     1.80     1.90     2.00
  
   1S 0   -13.12   -15.51   -17.99   -20.52   -23.03   -25.50   -27.86   -30.01   -31.98
   3S 1   -14.86   -16.73   -18.44   -20.03   -21.30   -22.41   -23.12   -23.50   -23.57
   3D 1      .84     1.17     1.59     2.09     2.69     3.39     4.18     5.08     6.10
   1P 1     2.57     3.39     4.36     5.52     6.86     8.42    10.20    12.18    14.43
   3P 0    -2.25    -2.82    -3.39    -3.98    -4.52    -4.99    -5.36    -5.54    -5.58
   3P 1     6.25     8.45    11.13    14.40    18.30    22.90    28.31    34.51    41.68
   3P 2    -4.36    -6.03    -8.07   -10.54   -13.44   -16.81   -20.67   -25.02   -29.92
   3F 2     -.27     -.41     -.60     -.84    -1.15    -1.51    -1.94    -2.45    -3.02
   1D 2    -1.50    -2.15    -2.97    -4.01    -5.28    -6.81    -8.63   -10.75   -13.23
   3D 2    -2.32    -3.24    -4.39    -5.78    -7.43    -9.35   -11.56   -14.04   -16.87
   3D 3      .01      .02      .02      .02      .02      .01      .00     -.01     -.01
   3G 3      .10      .16      .24      .34      .48      .65      .85     1.11     1.40
   1F 3      .45      .64      .89     1.18     1.53     1.94     2.42     2.96     3.60
   3F 3      .73     1.08     1.52     2.07     2.74     3.53     4.45     5.51     6.73
   3F 4     -.15     -.26     -.41     -.63     -.93    -1.33    -1.85    -2.52    -3.35
   3H 4     -.03     -.05     -.09     -.14     -.20     -.29     -.40     -.56     -.74
   1G 4     -.20     -.31     -.46     -.65     -.90    -1.22    -1.60    -2.08    -2.65
   3G 4     -.35     -.55     -.82    -1.17    -1.63    -2.19    -2.88    -3.72    -4.72
   3G 5      .03      .05      .09      .13      .18      .25      .33      .42      .54
   3I 5      .02      .03      .04      .07      .10      .15      .21      .30      .40
   1H 5      .10      .16      .24      .35      .49      .66      .88     1.14     1.44
   3H 5      .13      .21      .33      .50      .72     1.00     1.36     1.80     2.34
   3H 6     -.01     -.02     -.04     -.07     -.11     -.16     -.24     -.34     -.47
   3J 6      .00     -.01     -.02     -.03     -.04     -.06     -.10     -.14     -.19
   1I 6     -.04     -.07     -.11     -.17     -.24     -.35     -.48     -.64     -.85
   3I 6     -.07     -.12     -.19     -.29     -.43     -.62     -.85    -1.16    -1.53
  
 MHF 
 M/M*      1.415    1.466    1.521    1.577    1.640    1.697    1.757    1.810    1.865
 U        -64.11   -75.63   -87.91  -100.58  -113.82  -126.89  -139.90  -152.37  -164.07
  
 T_AV      17.92    21.03    24.38    27.99    31.85    35.95    40.31    44.91    49.76
 U/A      -28.31   -32.91   -37.53   -42.17   -46.51   -50.71   -54.32   -57.47   -60.02
  
 BE/A     -10.40   -11.89   -13.15   -14.18   -14.66   -14.75   -14.01   -12.55   -10.26
  
  
 **************   nijmegen obe


 Nijmegen Potential
 ------------------
 input parameters for nijmegen potential (here: nijm-I, np)  
  IDPAR    0
  TYPE     NP
  NONREL   T
  label    NI-1

  

K_F=    1.200    K_M=    1.200
  
 MBHF SP. SPECTRUM FOR GIVEN CHANNELS
  

   K:     .00     .40     .80    1.20     .00
 1S 0  -31.03  -29.91  -26.47  -22.37     .00
 3S 1  -34.49  -33.36  -30.08  -26.29     .00
 3D 1    1.00    1.14    1.50    1.97     .00
 1P 1    4.46    4.55    4.80    5.24     .00
 3P 0   -4.48   -4.52   -4.56   -4.46     .00
 3P 1    9.84   10.31   11.59   13.51     .00
 3P 2   -5.78   -6.45   -8.22  -10.64     .00
 3F 2    -.21    -.28    -.49    -.80     .00
 1D 2   -1.69   -1.95   -2.68   -3.74     .00
 3D 2   -2.86   -3.26   -4.35   -5.84     .00
 3D 3     .04     .03     .00    -.10     .00
 3G 3     .06     .08     .16     .29     .00
 1F 3     .47     .57     .82    1.14     .00
 3F 3     .64     .82    1.28    1.92     .00
 3F 4    -.07    -.12    -.27    -.57     .00
 3H 4    -.01    -.02    -.05    -.11     .00
 1G 4    -.13    -.18    -.34    -.58     .00
 3G 4    -.22    -.32    -.59   -1.03     .00
 3G 5     .01     .02     .05     .10     .00
 3I 5     .00     .01     .02     .05     .00
 1H 5     .05     .08     .16     .30     .00
 3H 5     .05     .09     .20     .40     .00
 3H 6     .00    -.01    -.02    -.05     .00
 3J 6     .00     .00    -.01    -.02     .00
 1I 6    -.01    -.02    -.06    -.13     .00
 3I 6    -.02    -.04    -.10    -.22     .00
  

U(K):  -64.38  -62.75  -57.70  -52.04     .00

E(K):  -64.38  -59.43  -44.43  -22.18     .00
  
 BHF SP. SPECTRUM FOR GIVEN CHANNEL

   K:     .000     .400     .800    1.200     .000
 1S 0  -31.033  -29.910  -26.469  -22.373     .000
 3S 1  -34.484  -33.357  -30.075  -26.287     .000
 3D 1     .999    1.138    1.501    1.965     .000
 1P 1    4.463    4.553    4.805    5.245     .000
 3P 0   -4.480   -4.524   -4.564   -4.456     .000
 3P 1    9.841   10.310   11.592   13.511     .000
 3P 2   -5.782   -6.448   -8.222  -10.641     .000
 3F 2    -.209    -.280    -.485    -.804     .000
 1D 2   -1.690   -1.953   -2.680   -3.736     .000
 3D 2   -2.856   -3.261   -4.349   -5.845     .000
 3D 3     .037     .031    -.004    -.099     .000
 3G 3     .055     .082     .160     .288     .000
 1F 3     .468     .565     .816    1.136     .000
 3F 3     .645     .817    1.278    1.918     .000
 3F 4    -.072    -.117    -.270    -.566     .000
 3H 4    -.011    -.020    -.049    -.107     .000
 1G 4    -.127    -.181    -.336    -.581     .000
 3G 4    -.221    -.316    -.590   -1.029     .000
 3G 5     .013     .023     .051     .098     .000
 3I 5     .004     .008     .022     .051     .000
 1H 5     .048     .076     .160     .296     .000
 3H 5     .051     .087     .201     .403     .000
 3H 6    -.003    -.006    -.019    -.050     .000
 3J 6    -.001    -.002    -.006    -.018     .000
 1I 6    -.011    -.022    -.059    -.129     .000
 3I 6    -.020    -.038    -.101    -.224     .000
  

U(K):  -64.37  -62.74  -57.69  -52.03     .00

E(K):  -64.37  -59.43  -44.42  -22.17     .00
  
  

K_F=    1.300    K_M=    1.300
  
 MBHF SP. SPECTRUM FOR GIVEN CHANNELS
  

   K:     .00     .43     .87    1.30     .00
 1S 0  -37.33  -35.83  -31.24  -25.72     .00
 3S 1  -39.48  -38.01  -33.86  -28.93     .00
 3D 1    1.48    1.66    2.13    2.71     .00
 1P 1    5.95    6.04    6.33    6.87     .00
 3P 0   -5.94   -5.92   -5.74   -5.31     .00
 3P 1   13.49   14.08   15.71   18.21     .00
 3P 2   -8.23   -9.09  -11.36  -14.41     .00
 3F 2    -.34    -.45    -.75   -1.20     .00
 1D 2   -2.51   -2.86   -3.86   -5.28     .00
 3D 2   -4.20   -4.73   -6.15   -8.07     .00
 3D 3     .06     .05    -.01    -.15     .00
 3G 3     .10     .14     .26     .44     .00
 1F 3     .72     .85    1.18    1.59     .00
 3F 3    1.03    1.27    1.91    2.76     .00
 3F 4    -.13    -.21    -.46    -.93     .00
 3H 4    -.02    -.04    -.09    -.18     .00
 1G 4    -.22    -.30    -.53    -.89     .00
 3G 4    -.38    -.53    -.94   -1.57     .00
 3G 5     .03     .04     .09     .15     .00
 3I 5     .01     .01     .04     .09     .00
 1H 5     .09     .13     .26     .46     .00
 3H 5     .10     .16     .34     .65     .00
 3H 6    -.01    -.01    -.04    -.09     .00
 3J 6     .00     .00    -.01    -.03     .00
 1I 6    -.02    -.04    -.10    -.21     .00
 3I 6    -.04    -.07    -.18    -.37     .00
  

U(K):  -75.80  -73.66  -67.09  -59.42     .00

E(K):  -75.80  -69.76  -51.51  -24.38     .00
  
 BHF SP. SPECTRUM FOR GIVEN CHANNEL

   K:     .000     .433     .867    1.300     .000
 1S 0  -37.333  -35.830  -31.240  -25.723     .000
 3S 1  -39.480  -38.020  -33.865  -28.937     .000
 3D 1    1.476    1.657    2.125    2.714     .000
 1P 1    5.946    6.042    6.326    6.870     .000
 3P 0   -5.942   -5.915   -5.743   -5.308     .000
 3P 1   13.486   14.077   15.709   18.212     .000
 3P 2   -8.226   -9.087  -11.361  -14.414     .000
 3F 2    -.343    -.451    -.753   -1.201     .000
 1D 2   -2.505   -2.864   -3.857   -5.281     .000
 3D 2   -4.201   -4.732   -6.153   -8.071     .000
 3D 3     .064     .051    -.011    -.155     .000
 3G 3     .096     .138     .258     .445     .000
 1F 3     .725     .855    1.182    1.587     .000
 3F 3    1.028    1.272    1.908    2.763     .000
 3F 4    -.131    -.208    -.461    -.930     .000
 3H 4    -.021    -.036    -.086    -.180     .000
 1G 4    -.218    -.301    -.531    -.885     .000
 3G 4    -.379    -.525    -.937   -1.569     .000
 3G 5     .025     .041     .085     .154     .000
 3I 5     .008     .015     .039     .087     .000
 1H 5     .088     .132     .261     .458     .000
 3H 5     .097     .156     .339     .646     .000
 3H 6    -.006    -.012    -.036    -.090     .000
 3J 6    -.002    -.004    -.012    -.033     .000
 1I 6    -.023    -.042    -.103    -.215     .000
 3I 6    -.040    -.072    -.178    -.374     .000
  

U(K):  -75.81  -73.66  -67.09  -59.43     .00

E(K):  -75.81  -69.77  -51.52  -24.39     .00
  
  

K_F=    1.400    K_M=    1.400
  
 MBHF SP. SPECTRUM FOR GIVEN CHANNELS
  

   K:     .00     .47     .93    1.40     .00
 1S 0  -44.09  -42.13  -36.17  -28.94     .00
 3S 1  -44.44  -42.57  -37.39  -31.24     .00
 3D 1    2.10    2.32    2.90    3.63     .00
 1P 1    7.72    7.83    8.16    8.81     .00
 3P 0   -7.63   -7.49   -6.99   -6.07     .00
 3P 1   17.99   18.74   20.80   23.98     .00
 3P 2  -11.34  -12.41  -15.22  -18.97     .00
 3F 2    -.54    -.69   -1.11   -1.72     .00
 1D 2   -3.58   -4.06   -5.37   -7.23     .00
 3D 2   -5.95   -6.62   -8.41  -10.79     .00
 3D 3     .10     .08    -.02    -.23     .00
 3G 3     .16     .22     .39     .66     .00
 1F 3    1.07    1.23    1.64    2.14     .00
 3F 3    1.56    1.88    2.72    3.84     .00
 3F 4    -.23    -.35    -.75   -1.45     .00
 3H 4    -.04    -.06    -.14    -.29     .00
 1G 4    -.35    -.47    -.80   -1.30     .00
 3G 4    -.61    -.82   -1.41   -2.29     .00
 3G 5     .04     .07     .13     .23     .00
 3I 5     .01     .03     .07     .14     .00
 1H 5     .15     .22     .40     .68     .00
 3H 5     .17     .26     .54     .98     .00
 3H 6    -.01    -.02    -.06    -.15     .00
 3J 6     .00    -.01    -.02    -.06     .00
 1I 6    -.04    -.07    -.17    -.34     .00
 3I 6    -.07    -.13    -.29    -.59     .00
  

U(K):  -87.86  -85.02  -76.57  -66.57     .00

E(K):  -87.86  -80.50  -58.50  -25.93     .00
  
 BHF SP. SPECTRUM FOR GIVEN CHANNEL

   K:     .000     .467     .933    1.400     .000
 1S 0  -44.097  -42.135  -36.176  -28.941     .000
 3S 1  -44.458  -42.580  -37.403  -31.257     .000
 3D 1    2.098    2.323    2.902    3.626     .000
 1P 1    7.719    7.834    8.155    8.808     .000
 3P 0   -7.632   -7.495   -6.986   -6.066     .000
 3P 1   17.991   18.744   20.797   23.981     .000
 3P 2  -11.338  -12.407  -15.217  -18.967     .000
 3F 2    -.538    -.690   -1.115   -1.716     .000
 1D 2   -3.580   -4.055   -5.366   -7.228     .000
 3D 2   -5.952   -6.623   -8.407  -10.790     .000
 3D 3     .101     .077    -.022    -.230     .000
 3G 3     .159     .220     .395     .655     .000
 1F 3    1.071    1.233    1.640    2.140     .000
 3F 3    1.562    1.884    2.723    3.837     .000
 3F 4    -.226    -.349    -.745   -1.451     .000
 3H 4    -.038    -.062    -.141    -.286     .000
 1G 4    -.353    -.470    -.798   -1.297     .000
 3G 4    -.614    -.823   -1.411   -2.294     .000
 3G 5     .045     .068     .135     .230     .000
 3I 5     .015     .026     .066     .141     .000
 1H 5     .149     .216     .402     .676     .000
 3H 5     .170     .264     .539     .983     .000
 3H 6    -.011    -.022    -.063    -.154     .000
 3J 6    -.003    -.007    -.023    -.057     .000
 1I 6    -.043    -.074    -.170    -.337     .000
 3I 6    -.075    -.127    -.295    -.590     .000
  

U(K):  -87.88  -85.03  -76.58  -66.59     .00

E(K):  -87.88  -80.52  -58.52  -25.95     .00
  
  

K_F=    1.500    K_M=    1.500
  
 MBHF SP. SPECTRUM FOR GIVEN CHANNELS
  

   K:     .00     .50    1.00    1.50     .00
 1S 0  -51.23  -48.72  -41.14  -31.89     .00
 3S 1  -49.12  -46.90  -40.60  -33.12     .00
 3D 1    2.88    3.16    3.85    4.71     .00
 1P 1    9.81    9.94   10.31   11.08     .00
 3P 0   -9.53   -9.22   -8.23   -6.65     .00
 3P 1   23.47   24.41   26.97   30.95     .00
 3P 2  -15.20  -16.49  -19.86  -24.36     .00
 3F 2    -.81   -1.02   -1.59   -2.36     .00
 1D 2   -4.96   -5.57   -7.26   -9.62     .00
 3D 2   -8.17   -8.99  -11.17  -14.04     .00
 3D 3     .15     .11    -.04    -.32     .00
 3G 3     .25     .34     .58     .93     .00
 1F 3    1.52    1.72    2.21    2.81     .00
 3F 3    2.28    2.69    3.76    5.17     .00
 3F 4    -.37    -.56   -1.15   -2.17     .00
 3H 4    -.06    -.10    -.22    -.44     .00
 1G 4    -.54    -.71   -1.16   -1.84     .00
 3G 4    -.95   -1.24   -2.05   -3.24     .00
 3G 5     .07     .11     .20     .33     .00
 3I 5     .03     .05     .11     .22     .00
 1H 5     .24     .34     .59     .96     .00
 3H 5     .28     .42     .82    1.43     .00
 3H 6    -.02    -.04    -.11    -.25     .00
 3J 6    -.01    -.01    -.04    -.09     .00
 1I 6    -.07    -.12    -.27    -.50     .00
 3I 6    -.13    -.21    -.46    -.89     .00
  

U(K): -100.18  -96.65  -85.95  -73.20     .00

E(K): -100.18  -91.47  -65.22  -26.54     .00
  
 BHF SP. SPECTRUM FOR GIVEN CHANNEL

   K:     .000     .500    1.000    1.500     .000
 1S 0  -51.229  -48.725  -41.146  -31.892     .000
 3S 1  -49.127  -46.913  -40.614  -33.132     .000
 3D 1    2.884    3.155    3.854    4.711     .000
 1P 1    9.812    9.940   10.309   11.082     .000
 3P 0   -9.531   -9.219   -8.232   -6.652     .000
 3P 1   23.474   24.406   26.969   30.948     .000
 3P 2  -15.204  -16.493  -19.865  -24.356     .000
 3F 2    -.807   -1.019   -1.590   -2.357     .000
 1D 2   -4.961   -5.574   -7.261   -9.624     .000
 3D 2   -8.169   -8.989  -11.170  -14.037     .000
 3D 3     .148     .109    -.037    -.325     .000
 3G 3     .250     .338     .579     .928     .000
 1F 3    1.520    1.716    2.208    2.806     .000
 3F 3    2.275    2.690    3.762    5.167     .000
 3F 4    -.370    -.560   -1.152   -2.166     .000
 3H 4    -.064    -.103    -.222    -.436     .000
 1G 4    -.544    -.707   -1.158   -1.836     .000
 3G 4    -.948   -1.242   -2.049   -3.235     .000
 3G 5     .074     .109     .202     .327     .000
 3I 5     .026     .045     .106     .217     .000
 1H 5     .241     .336     .593     .956     .000
 3H 5     .283     .421     .818    1.432     .000
 3H 6    -.021    -.039    -.106    -.252     .000
 3J 6    -.006    -.013    -.039    -.093     .000
 1I 6    -.075    -.123    -.266    -.505     .000
 3I 6    -.130    -.212    -.462    -.890     .000
  

U(K): -100.20  -96.67  -85.97  -73.22     .00

E(K): -100.20  -91.48  -65.23  -26.56     .00
  
  

K_F=    1.600    K_M=    1.600
  
 MBHF SP. SPECTRUM FOR GIVEN CHANNELS
  

   K:     .00     .40     .80    1.20    1.60
 1S 0  -58.62  -56.84  -51.71  -43.55  -34.41
 3S 1  -53.50  -51.91  -47.81  -41.44  -34.33
 3D 1    3.85    4.03    4.53    5.24    5.98
 1P 1   12.25   12.34   12.65   13.09   13.72
 3P 0  -11.60  -11.29  -10.43   -8.95   -6.97
 3P 1   30.05   30.70   32.68   35.62   39.27
 3P 2  -19.91  -20.76  -23.17  -26.67  -30.62
 3F 2   -1.17   -1.33   -1.77   -2.42   -3.12
 1D 2   -6.69   -7.13   -8.39  -10.28  -12.51
 3D 2  -10.91  -11.46  -13.02  -15.31  -17.83
 3D 3     .21     .17     .06    -.14    -.44
 3G 3     .38     .44     .63     .92    1.27
 1F 3    2.08    2.21    2.56    3.06    3.59
 3F 3    3.20    3.49    4.29    5.45    6.79
 3F 4    -.58    -.74   -1.21   -2.01   -3.11
 3H 4    -.10    -.14    -.23    -.40    -.64
 1G 4    -.80    -.93   -1.28   -1.83   -2.53
 3G 4   -1.41   -1.63   -2.26   -3.22   -4.43
 3G 5     .12     .14     .22     .33     .45
 3I 5     .04     .06     .11     .20     .32
 1H 5     .37     .44     .65     .95    1.31
 3H 5     .45     .56     .88    1.37    2.01
 3H 6    -.04    -.05    -.11    -.21    -.40
 3J 6    -.01    -.02    -.04    -.08    -.14
 1I 6    -.12    -.16    -.28    -.47    -.73
 3I 6    -.21    -.28    -.49    -.82   -1.29
  

U(K): -112.68 -110.07 -102.92  -91.57  -78.78

E(K): -112.68 -106.75  -89.65  -61.71  -25.70
  
 BHF SP. SPECTRUM FOR GIVEN CHANNEL

   K:     .000     .400     .800    1.200    1.600
 1S 0  -58.613  -56.840  -51.711  -43.545  -34.403
 3S 1  -53.491  -51.899  -47.804  -41.434  -34.317
 3D 1    3.854    4.034    4.532    5.242    5.980
 1P 1   12.252   12.338   12.650   13.090   13.720
 3P 0  -11.602  -11.288  -10.425   -8.954   -6.973
 3P 1   30.051   30.704   32.682   35.623   39.269
 3P 2  -19.909  -20.763  -23.169  -26.673  -30.617
 3F 2   -1.170   -1.330   -1.773   -2.420   -3.123
 1D 2   -6.695   -7.133   -8.387  -10.281  -12.509
 3D 2  -10.907  -11.463  -13.025  -15.309  -17.827
 3D 3     .206     .174     .063    -.137    -.437
 3G 3     .376     .444     .634     .923    1.273
 1F 3    2.083    2.214    2.563    3.061    3.593
 3F 3    3.198    3.493    4.290    5.455    6.788
 3F 4    -.583    -.740   -1.213   -2.013   -3.111
 3H 4    -.105    -.136    -.231    -.398    -.640
 1G 4    -.804    -.928   -1.277   -1.825   -2.527
 3G 4   -1.406   -1.630   -2.256   -3.224   -4.427
 3G 5     .117     .145     .220     .329     .448
 3I 5     .044     .060     .109     .196     .321
 1H 5     .370     .444     .647     .949    1.306
 3H 5     .448     .559     .877    1.375    2.010
 3H 6    -.036    -.052    -.106    -.213    -.397
 3J 6    -.012    -.018    -.038    -.079    -.144
 1I 6    -.124    -.163    -.280    -.469    -.729
 3I 6    -.214    -.282    -.485    -.823   -1.291
  

U(K): -112.67 -110.06 -102.91  -91.55  -78.76

E(K): -112.67 -106.74  -89.64  -61.70  -25.68
  
  

K_F=    1.700    K_M=    1.700
  
 MBHF SP. SPECTRUM FOR GIVEN CHANNELS
  

   K:     .00     .42     .85    1.27    1.70
 1S 0  -66.15  -63.97  -57.64  -47.60  -36.41
 3S 1  -57.44  -55.64  -50.73  -43.26  -35.05
 3D 1    5.03    5.23    5.80    6.61    7.44
 1P 1   15.06   15.17   15.54   16.03   16.72
 3P 0  -13.80  -13.31  -11.96   -9.75   -6.96
 3P 1   37.84   38.64   41.09   44.65   49.01
 3P 2  -25.54  -26.51  -29.26  -33.28  -37.84
 3F 2   -1.65   -1.85   -2.42   -3.21   -4.00
 1D 2   -8.84   -9.38  -10.93  -13.23  -15.93
 3D 2  -14.24  -14.88  -16.70  -19.32  -22.19
 3D 3     .28     .23     .07    -.19    -.58
 3G 3     .55     .64     .89    1.26    1.70
 1F 3    2.78    2.92    3.32    3.89    4.52
 3F 3    4.37    4.72    5.68    7.10    8.74
 3F 4    -.89   -1.11   -1.78   -2.87   -4.32
 3H 4    -.16    -.21    -.34    -.58    -.91
 1G 4   -1.15   -1.31   -1.77   -2.48   -3.40
 3G 4   -2.02   -2.31   -3.12   -4.37   -5.91
 3G 5     .18     .21     .31     .45     .59
 3I 5     .07     .09     .17     .29     .46
 1H 5     .55     .64     .91    1.29    1.73
 3H 5     .68     .83    1.26    1.92    2.74
 3H 6    -.06    -.08    -.17    -.33    -.60
 3J 6    -.02    -.03    -.06    -.12    -.22
 1I 6    -.20    -.25    -.41    -.67   -1.02
 3I 6    -.34    -.43    -.72   -1.18   -1.81
  

U(K): -125.10 -121.95 -112.96  -98.98  -83.49

E(K): -125.10 -118.20  -97.98  -65.27  -23.56
  
 BHF SP. SPECTRUM FOR GIVEN CHANNEL

   K:     .000     .425     .850    1.275    1.700
 1S 0  -66.135  -63.960  -57.625  -47.586  -36.393
 3S 1  -57.398  -55.602  -50.687  -43.212  -35.003
 3D 1    5.031    5.233    5.802    6.606    7.437
 1P 1   15.062   15.168   15.544   16.030   16.726
 3P 0  -13.801  -13.308  -11.963   -9.752   -6.955
 3P 1   37.842   38.645   41.090   44.651   49.021
 3P 2  -25.537  -26.510  -29.261  -33.280  -37.831
 3F 2   -1.647   -1.854   -2.415   -3.208   -4.003
 1D 2   -8.840   -9.380  -10.927  -13.234  -15.927
 3D 2  -14.240  -14.879  -16.698  -19.318  -22.191
 3D 3     .276     .228     .075    -.187    -.573
 3G 3     .547     .638     .885    1.258    1.698
 1F 3    2.777    2.924    3.318    3.888    4.518
 3F 3    4.367    4.723    5.683    7.098    8.739
 3F 4    -.885   -1.110   -1.775   -2.872   -4.320
 3H 4    -.162    -.208    -.344    -.579    -.912
 1G 4   -1.149   -1.312   -1.766   -2.484   -3.396
 3G 4   -2.016   -2.311   -3.123   -4.373   -5.905
 3G 5     .177     .215     .314     .452     .594
 3I 5     .070     .095     .166     .289     .457
 1H 5     .547     .643     .907    1.290    1.732
 3H 5     .679     .831    1.260    1.918    2.735
 3H 6    -.060    -.085    -.167    -.330    -.603
 3J 6    -.020    -.030    -.061    -.121    -.217
 1I 6    -.195    -.251    -.413    -.671   -1.019
 3I 6    -.336    -.433    -.718   -1.182   -1.812
  

U(K): -125.05 -121.89 -112.90  -98.91  -83.40

E(K): -125.05 -118.15  -97.92  -65.20  -23.48
  
  

K_F=    1.800    K_M=    1.800
  
 MBHF SP. SPECTRUM FOR GIVEN CHANNELS
  

   K:     .00     .45     .90    1.35    1.80
 1S 0  -73.68  -71.03  -63.35  -51.22  -37.65
 3S 1  -60.77  -58.61  -53.04  -44.47  -34.86
 3D 1    6.42    6.65    7.28    8.18    9.08
 1P 1   18.28   18.42   18.85   19.40   20.11
 3P 0  -16.07  -15.36  -13.41  -10.31   -6.47
 3P 1   46.99   48.00   50.94   55.21   60.35
 3P 2  -32.16  -33.24  -36.34  -40.89  -45.99
 3F 2   -2.26   -2.51   -3.20   -4.13   -4.97
 1D 2  -11.44  -12.10  -13.97  -16.73  -19.90
 3D 2  -18.20  -18.94  -21.00  -23.97  -27.11
 3D 3     .35     .29     .09    -.25    -.73
 3G 3     .77     .88    1.20    1.67    2.21
 1F 3    3.61    3.77    4.21    4.86    5.59
 3F 3    5.80    6.22    7.36    9.06   11.05
 3F 4   -1.30   -1.61   -2.52   -3.97   -5.83
 3H 4    -.24    -.31    -.49    -.81   -1.27
 1G 4   -1.59   -1.80   -2.38   -3.30   -4.47
 3G 4   -2.80   -3.17   -4.21   -5.78   -7.70
 3G 5     .26     .31     .43     .60     .77
 3I 5     .11     .14     .24     .41     .64
 1H 5     .78     .90    1.23    1.71    2.24
 3H 5     .99    1.19    1.75    2.60    3.62
 3H 6    -.10    -.13    -.25    -.49    -.89
 3J 6    -.03    -.05    -.09    -.18    -.32
 1I 6    -.30    -.37    -.59    -.93   -1.39
 3I 6    -.51    -.64   -1.03   -1.65   -2.47
  

U(K): -137.09 -133.09 -122.28 -105.40  -86.36

E(K): -137.09 -128.90 -105.48  -67.61  -19.18
  
 BHF SP. SPECTRUM FOR GIVEN CHANNEL

   K:     .000     .450     .900    1.350    1.800
 1S 0  -73.673  -71.023  -63.343  -51.218  -37.639
 3S 1  -60.755  -58.599  -53.029  -44.454  -34.841
 3D 1    6.424    6.649    7.284    8.181    9.081
 1P 1   18.284   18.425   18.855   19.396   20.108
 3P 0  -16.073  -15.360  -13.406  -10.309   -6.473
 3P 1   46.988   47.996   50.945   55.214   60.353
 3P 2  -32.158  -33.239  -36.340  -40.890  -45.992
 3F 2   -2.256   -2.512   -3.203   -4.133   -4.973
 1D 2  -11.440  -12.097  -13.968  -16.734  -19.900
 3D 2  -18.204  -18.935  -21.004  -23.967  -27.107
 3D 3     .355     .289     .087    -.250    -.730
 3G 3     .771     .885    1.201    1.668    2.210
 1F 3    3.606    3.765    4.206    4.858    5.587
 3F 3    5.802    6.216    7.362    9.062   11.055
 3F 4   -1.304   -1.611   -2.516   -3.965   -5.832
 3H 4    -.244    -.306    -.494    -.815   -1.268
 1G 4   -1.594   -1.797   -2.381   -3.301   -4.469
 3G 4   -2.804   -3.171   -4.207   -5.784   -7.703
 3G 5     .259     .306     .432     .600     .766
 3I 5     .109     .142     .242     .408     .636
 1H 5     .779     .902    1.233    1.708    2.241
 3H 5     .993    1.193    1.755    2.599    3.624
 3H 6    -.095    -.132    -.255    -.493    -.889
 3J 6    -.033    -.047    -.094    -.180    -.315
 1I 6    -.295    -.371    -.589    -.932   -1.387
 3I 6    -.508    -.641   -1.028   -1.649   -2.475
  

U(K): -137.06 -133.07 -122.25 -105.38  -86.33

E(K): -137.06 -128.87 -105.46  -67.59  -19.15
  
  

K_F=    1.900    K_M=    1.900
  
 MBHF SP. SPECTRUM FOR GIVEN CHANNELS
  

   K:     .00     .47     .95    1.42    1.90
 1S 0  -81.08  -77.92  -68.70  -54.22  -38.17
 3S 1  -63.48  -61.09  -54.61  -44.84  -34.15
 3D 1    8.06    8.30    8.99    9.96   10.93
 1P 1   21.95   22.11   22.62   23.16   23.90
 3P 0  -18.36  -17.35  -14.66  -10.46   -5.53
 3P 1   57.64   58.84   62.40   67.40   73.39
 3P 2  -39.85  -41.02  -44.44  -49.49  -55.21
 3F 2   -3.01   -3.33   -4.15   -5.20   -5.99
 1D 2  -14.56  -15.33  -17.56  -20.80  -24.49
 3D 2  -22.87  -23.67  -25.97  -29.21  -32.64
 3D 3     .44     .36     .10    -.32    -.92
 3G 3    1.05    1.20    1.59    2.17    2.81
 1F 3    4.58    4.75    5.23    5.97    6.84
 3F 3    7.53    8.02    9.35   11.37   13.81
 3F 4   -1.86   -2.28   -3.48   -5.35   -7.65
 3H 4    -.35    -.44    -.69   -1.12   -1.71
 1G 4   -2.15   -2.41   -3.15   -4.31   -5.76
 3G 4   -3.79   -4.26   -5.55   -7.50   -9.84
 3G 5     .36     .43     .58     .78     .96
 3I 5     .16     .21     .34     .56     .85
 1H 5    1.08    1.23    1.63    2.21    2.84
 3H 5    1.41    1.66    2.38    3.44    4.69
 3H 6    -.15    -.20    -.38    -.72   -1.27
 3J 6    -.05    -.07    -.14    -.26    -.45
 1I 6    -.43    -.53    -.82   -1.26   -1.84
 3I 6    -.74    -.92   -1.43   -2.24   -3.30
  

U(K): -148.46 -143.75 -130.51 -110.28  -87.92

E(K): -148.46 -139.07 -111.79  -68.18  -13.06
  
 BHF SP. SPECTRUM FOR GIVEN CHANNEL

   K:     .000     .475     .950    1.425    1.900
 1S 0  -81.074  -77.917  -68.692  -54.212  -38.163
 3S 1  -63.467  -61.075  -54.596  -44.828  -34.138
 3D 1    8.058    8.296    8.989    9.960   10.935
 1P 1   21.948   22.108   22.616   23.157   23.895
 3P 0  -18.356  -17.353  -14.660  -10.459   -5.529
 3P 1   57.639   58.836   62.402   67.403   73.388
 3P 2  -39.849  -41.024  -44.444  -49.493  -55.211
 3F 2   -3.014   -3.331   -4.151   -5.195   -5.994
 1D 2  -14.556  -15.334  -17.556  -20.797  -24.488
 3D 2  -22.872  -23.671  -25.974  -29.213  -32.639
 3D 3     .445     .357     .101    -.316    -.919
 3G 3    1.055    1.201    1.593    2.165    2.814
 1F 3    4.584    4.751    5.232    5.965    6.843
 3F 3    7.534    8.018    9.352   11.374   13.808
 3F 4   -1.864   -2.282   -3.477   -5.345   -7.652
 3H 4    -.352    -.440    -.694   -1.123   -1.711
 1G 4   -2.150   -2.412   -3.147   -4.306   -5.764
 3G 4   -3.792   -4.263   -5.549   -7.502   -9.843
 3G 5     .364     .426     .580     .779     .965
 3I 5     .161     .209     .344     .564     .854
 1H 5    1.078    1.230    1.634    2.207    2.836
 3H 5    1.407    1.665    2.378    3.437    4.693
 3H 6    -.146    -.200    -.377    -.718   -1.274
 3J 6    -.051    -.072    -.139    -.259    -.445
 1I 6    -.431    -.531    -.816   -1.262   -1.845
 3I 6    -.742    -.920   -1.431   -2.240   -3.299
  

U(K): -148.44 -143.73 -130.48 -110.26  -87.88

E(K): -148.44 -139.05 -111.77  -68.15  -13.03
  
  

K_F=    2.000    K_M=    2.000
  
 MBHF SP. SPECTRUM FOR GIVEN CHANNELS
  

   K:     .00     .50    1.00    1.50    2.00
 1S 0  -88.16  -84.40  -73.57  -56.55  -37.59
 3S 1  -65.37  -62.57  -55.48  -44.60  -32.40
 3D 1    9.94   10.20   10.94   11.97   12.96
 1P 1   26.06   26.27   26.85   27.39   28.01
 3P 0  -20.54  -19.22  -15.67  -10.22   -3.90
 3P 1   69.88   71.36   75.59   81.39   88.15
 3P 2  -48.67  -49.93  -53.67  -59.22  -65.41
 3F 2   -3.96   -4.32   -5.26   -6.37   -7.01
 1D 2  -18.24  -19.15  -21.74  -25.50  -29.67
 3D 2  -28.28  -29.16  -31.66  -35.16  -38.69
 3D 3     .54     .43     .12    -.40   -1.14
 3G 3    1.42    1.59    2.06    2.75    3.52
 1F 3    5.72    5.90    6.41    7.25    8.28
 3F 3    9.61   10.15   11.69   14.09   17.03
 3F 4   -2.61   -3.15   -4.68   -7.02   -9.84
 3H 4    -.50    -.61    -.95   -1.51   -2.27
 1G 4   -2.85   -3.17   -4.07   -5.52   -7.32
 3G 4   -5.04   -5.60   -7.16   -9.55  -12.38
 3G 5     .50     .57     .76     .99    1.19
 3I 5     .24     .30     .47     .76    1.13
 1H 5    1.45    1.64    2.12    2.80    3.52
 3H 5    1.94    2.26    3.15    4.45    5.96
 3H 6    -.22    -.29    -.54   -1.02   -1.78
 3J 6    -.08    -.11    -.20    -.36    -.61
 1I 6    -.61    -.74   -1.10   -1.67   -2.41
 3I 6   -1.05   -1.28   -1.94   -2.98   -4.31
  

U(K): -158.88 -153.03 -137.55 -113.83  -86.97

E(K): -158.88 -147.85 -116.82  -67.17   -4.03
  
 BHF SP. SPECTRUM FOR GIVEN CHANNEL

   K:     .000     .500    1.000    1.500    2.000
 1S 0  -88.154  -84.392  -73.562  -56.544  -37.582
 3S 1  -65.356  -62.549  -55.457  -44.584  -32.373
 3D 1    9.941   10.196   10.936   11.971   12.965
 1P 1   26.056   26.271   26.846   27.386   28.015
 3P 0  -20.536  -19.218  -15.666  -10.217   -3.902
 3P 1   69.881   71.365   75.593   81.389   88.155
 3P 2  -48.665  -49.927  -53.668  -59.215  -65.408
 3F 2   -3.956   -4.323   -5.257   -6.370   -7.013
 1D 2  -18.240  -19.154  -21.743  -25.495  -29.673
 3D 2  -28.279  -29.158  -31.662  -35.158  -38.689
 3D 3     .542     .434     .117    -.401   -1.138
 3G 3    1.418    1.591    2.063    2.755    3.522
 1F 3    5.721    5.896    6.414    7.254    8.280
 3F 3    9.609   10.153   11.688   14.094   17.030
 3F 4   -2.611   -3.149   -4.680   -7.021   -9.836
 3H 4    -.501    -.614    -.947   -1.510   -2.271
 1G 4   -2.852   -3.169   -4.074   -5.522   -7.321
 3G 4   -5.043   -5.604   -7.163   -9.554  -12.377
 3G 5     .503     .574     .756     .987    1.193
 3I 5     .235     .296     .471     .758    1.129
 1H 5    1.453    1.635    2.118    2.795    3.524
 3H 5    1.940    2.264    3.149    4.446    5.956
 3H 6    -.217    -.294    -.544   -1.020   -1.780
 3J 6    -.078    -.107    -.200    -.364    -.615
 1I 6    -.610    -.739   -1.103   -1.671   -2.407
 3I 6   -1.052   -1.284   -1.943   -2.976   -4.309
  

U(K): -158.85 -153.01 -137.52 -113.79  -86.92

E(K): -158.85 -147.82 -116.78  -67.14   -3.98
  
  BIND. ENERGY FOR GIVEN CHANNELS :
  
 K_F        1.20     1.30     1.40     1.50     1.60     1.70     1.80     1.90     2.00
DENSITY    .0584    .0742    .0927    .1140    .1383    .1659    .1970    .2317    .2702
 K_M        1.20     1.30     1.40     1.50     1.60     1.70     1.80     1.90     2.00
  
   1S 0   -12.79   -15.01   -17.27   -19.51   -21.67   -23.67   -25.45   -26.92   -28.04
   3S 1   -14.63   -16.39   -18.03   -19.44   -20.62   -21.51   -22.09   -22.26   -22.07
   3D 1      .82     1.14     1.55     2.05     2.63     3.31     4.10     4.99     5.99
   1P 1     2.47     3.25     4.19     5.29     6.58     8.05     9.74    11.63    13.74
   3P 0    -2.27    -2.82    -3.38    -3.92    -4.40    -4.79    -5.04    -5.10    -4.95
   3P 1     6.08     8.23    10.87    14.09    17.93    22.47    27.77    33.91    40.92
   3P 2    -4.45    -6.11    -8.14   -10.57   -13.43   -16.75   -20.57   -24.88   -29.74
   3F 2     -.29     -.44     -.64     -.90    -1.22    -1.61    -2.06    -2.58    -3.13
   1D 2    -1.49    -2.13    -2.94    -3.96    -5.20    -6.68    -8.44   -10.48   -12.83
   3D 2    -2.38    -3.34    -4.53    -5.98    -7.70    -9.71   -12.03   -14.65   -17.60
   3D 3     -.02     -.03     -.04     -.06     -.08     -.11     -.14     -.18     -.23
   3G 3      .10      .16      .23      .34      .47      .64      .85     1.10     1.40
   1F 3      .45      .65      .89     1.19     1.54     1.96     2.45     3.01     3.66
   3F 3      .73     1.07     1.52     2.08     2.76     3.60     4.59     5.77     7.15
   3F 4     -.18     -.30     -.47     -.72    -1.05    -1.49    -2.05    -2.74    -3.59
   3H 4     -.03     -.06     -.09     -.14     -.21     -.30     -.43     -.59     -.79
   1G 4     -.20     -.32     -.47     -.68     -.94    -1.28    -1.70    -2.21    -2.83
   3G 4     -.36     -.56     -.83    -1.19    -1.65    -2.24    -2.96    -3.83    -4.86
   3G 5      .03      .05      .08      .12      .17      .23      .30      .39      .49
   3I 5      .01      .03      .04      .07      .10      .15      .21      .29      .39
   1H 5      .10      .16      .24      .35      .49      .66      .87     1.12     1.42
   3H 5      .13      .21      .33      .49      .71      .99     1.33     1.76     2.27
   3H 6     -.01     -.03     -.04     -.07     -.12     -.18     -.27     -.39     -.55
   3J 6      .00     -.01     -.02     -.03     -.04     -.07     -.10     -.14     -.19
   1I 6     -.04     -.07     -.11     -.17     -.24     -.35     -.48     -.65     -.86
   3I 6     -.07     -.12     -.19     -.29     -.43     -.62     -.86    -1.16    -1.54
  
 MHF 
 M/M*      1.413    1.467    1.522    1.578    1.641    1.697    1.756    1.811    1.867
 U        -64.01   -75.35   -87.26   -99.47  -111.96  -124.17  -135.90  -146.96  -157.03
  
 T_AV      17.92    21.03    24.38    27.99    31.85    35.95    40.31    44.91    49.76
 U/A      -28.28   -32.76   -37.25   -41.56   -45.62   -49.28   -52.43   -54.79   -56.41
  
 BE/A     -10.37   -11.74   -12.87   -13.57   -13.78   -13.32   -12.12    -9.88    -6.64
  
  
  

