   1.0000000000000000E-02  0.1040000000000000    
   2.0000000000000000E-02  3.3329999999999999E-02
   2.9999999999999999E-02  1.1880000000000000E-02
   4.0000000000000001E-02  2.6090000000000002E-03
   5.0000000000000003E-02  2.6090000000000002E-03
   5.9999999999999998E-02  2.6090000000000002E-03
   6.9999999999999993E-02  2.6090000000000002E-03
   8.0000000000000002E-02  2.6090000000000002E-03
   8.9999999999999997E-02  2.6090000000000002E-03
   0.1000000000000000      4.3449999999999999E-04
   0.1100000000000000      2.8699999999999997E-03
   0.1200000000000000      5.6679999999999994E-03
   0.1300000000000000      8.7770000000000001E-03
   0.1400000000000000      1.2160000000000001E-02
   0.1500000000000000      1.5790000000000002E-02
   0.1600000000000000      1.9639999999999998E-02
   0.1700000000000000      2.3699999999999999E-02
   0.1800000000000000      2.7950000000000003E-02
   0.1900000000000000      3.2379999999999999E-02
   0.2000000000000000      3.6979999999999999E-02
   0.2100000000000000      4.1739999999999999E-02
   0.2200000000000000      4.6650000000000004E-02
   0.2300000000000000      5.1700000000000003E-02
   0.2400000000000000      5.6880000000000000E-02
   0.2500000000000000      6.2190000000000002E-02
   0.2600000000000000      6.7629999999999996E-02
   0.2700000000000000      7.3169999999999999E-02
   0.2800000000000000      7.8829999999999997E-02
   0.2900000000000000      8.4589999999999999E-02
   0.3000000000000000      9.0450000000000003E-02
   0.3100000000000000      9.6400000000000000E-02
   0.3200000000000000      0.1024000000000000    
   0.3300000000000000      0.1086000000000000    
   0.3400000000000000      0.1147000000000000    
   0.3500000000000000      0.1210000000000000    
   0.3600000000000000      0.1273000000000000    
   0.3700000000000000      0.1337000000000000    
   0.3800000000000000      0.1402000000000000    
   0.3900000000000000      0.1467000000000000    
   0.4000000000000000      0.1532000000000000    
   0.4100000000000000      0.1598000000000000    
   0.4200000000000000      0.1665000000000000    
   0.4300000000000000      0.1731000000000000    
   0.4400000000000000      0.1798000000000000    
   0.4500000000000000      0.1866000000000000    
   0.4600000000000000      0.1933000000000000    
   0.4700000000000000      0.2001000000000000    
   0.4800000000000000      0.2069000000000000    
   0.4900000000000000      0.2137000000000000    
   0.5000000000000000      0.2205000000000000    
   0.5100000000000000      0.2273000000000000    
   0.5200000000000000      0.2341000000000000    
   0.5300000000000000      0.2409000000000000    
   0.5400000000000000      0.2478000000000000    
   0.5500000000000000      0.2546000000000000    
   0.5600000000000001      0.2614000000000000    
   0.5700000000000000      0.2682000000000000    
   0.5800000000000000      0.2749000000000000    
   0.5900000000000000      0.2817000000000000    
   0.6000000000000000      0.2884000000000000    
   0.6100000000000000      0.2951000000000000    
   0.6200000000000000      0.3018000000000000    
   0.6300000000000000      0.3085000000000000    
   0.6400000000000000      0.3151000000000000    
   0.6500000000000000      0.3218000000000000    
   0.6600000000000000      0.3283000000000000    
   0.6700000000000000      0.3349000000000000    
   0.6800000000000000      0.3414000000000000    
   0.6899999999999999      0.3479000000000000    
   0.7000000000000000      0.3543000000000000    
   0.7100000000000000      0.3607000000000000    
   0.7200000000000000      0.3670000000000000    
   0.7300000000000000      0.3734000000000000    
   0.7400000000000000      0.3796000000000000    
   0.7500000000000000      0.3858000000000000    
   0.7600000000000000      0.3920000000000000    
   0.7700000000000000      0.3981000000000000    
   0.7800000000000000      0.4042000000000000    
   0.7900000000000000      0.4102000000000000    
   0.8000000000000000      0.4162000000000000    
   0.8100000000000001      0.4222000000000000    
   0.8200000000000000      0.4280000000000000    
   0.8300000000000000      0.4339000000000000    
   0.8400000000000000      0.4396000000000000    
   0.8500000000000000      0.4454000000000000    
   0.8600000000000000      0.4510000000000000    
   0.8700000000000000      0.4566000000000000    
   0.8800000000000000      0.4622000000000000    
   0.8900000000000000      0.4677000000000000    
   0.9000000000000000      0.4731000000000000    
   0.9100000000000000      0.4785000000000000    
   0.9200000000000000      0.4839000000000000    
   0.9300000000000000      0.4892000000000000    
   0.9399999999999999      0.4944000000000000    
   0.9500000000000000      0.4996000000000000    
   0.9600000000000000      0.5047000000000000    
   0.9700000000000000      0.5097000000000000    
   0.9800000000000000      0.5147000000000000    
   0.9900000000000000      0.5197000000000001    
    1.000000000000000      0.5246000000000000    
    1.010000000000000      0.5294000000000000    
    1.020000000000000      0.5342000000000000    
    1.030000000000000      0.5389000000000000    
    1.040000000000000      0.5436000000000000    
    1.050000000000000      0.5482000000000000    
    1.060000000000000      0.5528000000000000    
    1.070000000000000      0.5573000000000000    
    1.080000000000000      0.5617000000000000    
    1.090000000000000      0.5661000000000000    
    1.100000000000000      0.5705000000000000    
    1.110000000000000      0.5748000000000000    
    1.120000000000000      0.5790000000000000    
    1.130000000000000      0.5832000000000001    
    1.140000000000000      0.5873000000000000    
    1.150000000000000      0.5914000000000000    
    1.160000000000000      0.5954000000000000    
    1.170000000000000      0.5994000000000000    
    1.180000000000000      0.6034000000000000    
    1.190000000000000      0.6073000000000000    
    1.200000000000000      0.6111000000000000    
    1.210000000000000      0.6149000000000000    
    1.220000000000000      0.6187000000000000    
    1.230000000000000      0.6224000000000000    
    1.240000000000000      0.6260000000000000    
    1.250000000000000      0.6296000000000000    
    1.260000000000000      0.6332000000000000    
    1.270000000000000      0.6367000000000000    
    1.280000000000000      0.6402000000000000    
    1.290000000000000      0.6435999999999999    
    1.300000000000000      0.6470000000000000    
    1.310000000000000      0.6504000000000000    
    1.320000000000000      0.6536999999999999    
    1.330000000000000      0.6570000000000000    
    1.340000000000000      0.6602000000000000    
    1.350000000000000      0.6634000000000000    
    1.360000000000000      0.6665000000000000    
    1.370000000000000      0.6697000000000000    
    1.380000000000000      0.6728000000000000    
    1.390000000000000      0.6758000000000000    
    1.400000000000000      0.6788000000000000    
    1.410000000000000      0.6818000000000000    
    1.420000000000000      0.6847000000000000    
    1.430000000000000      0.6877000000000000    
    1.440000000000000      0.6906000000000000    
    1.450000000000000      0.6934000000000000    
    1.460000000000000      0.6962000000000000    
    1.470000000000000      0.6990000000000000    
    1.480000000000000      0.7018000000000000    
    1.490000000000000      0.7045000000000000    
    1.500000000000000      0.7072000000000001    
    1.510000000000000      0.7099000000000000    
    1.520000000000000      0.7126000000000000    
    1.530000000000000      0.7151999999999999    
    1.540000000000000      0.7178000000000000    
    1.550000000000000      0.7204000000000000    
    1.560000000000000      0.7230000000000000    
    1.570000000000000      0.7255000000000000    
    1.580000000000000      0.7281000000000000    
    1.590000000000000      0.7306000000000000    
    1.600000000000000      0.7331000000000000    
    1.610000000000000      0.7355000000000000    
    1.620000000000000      0.7380000000000000    
    1.630000000000000      0.7403999999999999    
    1.640000000000000      0.7428000000000000    
    1.650000000000000      0.7452000000000000    
    1.660000000000000      0.7476000000000000    
    1.670000000000000      0.7500000000000000    
    1.680000000000000      0.7524000000000000    
    1.690000000000000      0.7547000000000000    
    1.700000000000000      0.7571000000000000    
    1.710000000000000      0.7594000000000000    
    1.720000000000000      0.7617000000000000    
    1.730000000000000      0.7640000000000000    
    1.740000000000000      0.7663000000000000    
    1.750000000000000      0.7685999999999999    
    1.760000000000000      0.7709000000000000    
    1.770000000000000      0.7732000000000000    
    1.780000000000000      0.7755000000000000    
    1.790000000000000      0.7778000000000000    
    1.800000000000000      0.7801000000000000    
    1.810000000000000      0.7823000000000000    
    1.820000000000000      0.7846000000000000    
    1.830000000000000      0.7869000000000000    
    1.840000000000000      0.7891000000000000    
    1.850000000000000      0.7914000000000000    
    1.860000000000000      0.7937000000000000    
    1.870000000000000      0.7960000000000000    
    1.880000000000000      0.7983000000000000    
    1.890000000000000      0.8005000000000000    
    1.900000000000000      0.8028000000000000    
    1.910000000000000      0.8051000000000000    
    1.920000000000000      0.8074000000000000    
    1.930000000000000      0.8097000000000000    
    1.940000000000000      0.8121000000000000    
    1.950000000000000      0.8144000000000000    
    1.960000000000000      0.8167000000000000    
    1.970000000000000      0.8191000000000001    
    1.980000000000000      0.8214000000000000    
    1.990000000000000      0.8238000000000000    
    2.000000000000000      0.8262000000000000    
