   1.0000000000000000E-02  8.9749999999999996E-02
   2.0000000000000000E-02  2.6350000000000002E-02
   2.9999999999999999E-02  7.9360000000000003E-03
   4.0000000000000001E-02  5.7560000000000000E-04
   5.0000000000000003E-02  5.7560000000000000E-04
   5.9999999999999998E-02  5.7560000000000000E-04
   6.9999999999999993E-02  5.7560000000000000E-04
   8.0000000000000002E-02  5.7560000000000000E-04
   8.9999999999999997E-02  1.9969999999999997E-04
   0.1000000000000000      2.2620000000000001E-03
   0.1100000000000000      4.5739999999999999E-03
   0.1200000000000000      7.0730000000000003E-03
   0.1300000000000000      9.7140000000000004E-03
   0.1400000000000000      1.2470000000000000E-02
   0.1500000000000000      1.5310000000000001E-02
   0.1600000000000000      1.8220000000000000E-02
   0.1700000000000000      2.1190000000000001E-02
   0.1800000000000000      2.4219999999999998E-02
   0.1900000000000000      2.7279999999999999E-02
   0.2000000000000000      3.0380000000000001E-02
   0.2100000000000000      3.3500000000000002E-02
   0.2200000000000000      3.6650000000000002E-02
   0.2300000000000000      3.9829999999999997E-02
   0.2400000000000000      4.3020000000000003E-02
   0.2500000000000000      4.6230000000000000E-02
   0.2600000000000000      4.9450000000000001E-02
   0.2700000000000000      5.2680000000000005E-02
   0.2800000000000000      5.5920000000000004E-02
   0.2900000000000000      5.9170000000000000E-02
   0.3000000000000000      6.2419999999999996E-02
   0.3100000000000000      6.5680000000000002E-02
   0.3200000000000000      6.8940000000000001E-02
   0.3300000000000000      7.2209999999999996E-02
   0.3400000000000000      7.5470000000000009E-02
   0.3500000000000000      7.8729999999999994E-02
   0.3600000000000000      8.1999999999999990E-02
   0.3700000000000000      8.5260000000000002E-02
   0.3800000000000000      8.8520000000000001E-02
   0.3900000000000000      9.1769999999999990E-02
   0.4000000000000000      9.5020000000000007E-02
   0.4100000000000000      9.8260000000000000E-02
   0.4200000000000000      0.1015000000000000    
   0.4300000000000000      0.1047000000000000    
   0.4400000000000000      0.1080000000000000    
   0.4500000000000000      0.1112000000000000    
   0.4600000000000000      0.1144000000000000    
   0.4700000000000000      0.1176000000000000    
   0.4800000000000000      0.1208000000000000    
   0.4900000000000000      0.1239000000000000    
   0.5000000000000000      0.1271000000000000    
   0.5100000000000000      0.1303000000000000    
   0.5200000000000000      0.1334000000000000    
   0.5300000000000000      0.1365000000000000    
   0.5400000000000000      0.1396000000000000    
   0.5500000000000000      0.1427000000000000    
   0.5600000000000001      0.1458000000000000    
   0.5700000000000000      0.1489000000000000    
   0.5800000000000000      0.1520000000000000    
   0.5900000000000000      0.1550000000000000    
   0.6000000000000000      0.1581000000000000    
   0.6100000000000000      0.1611000000000000    
   0.6200000000000000      0.1641000000000000    
   0.6300000000000000      0.1671000000000000    
   0.6400000000000000      0.1700000000000000    
   0.6500000000000000      0.1730000000000000    
   0.6600000000000000      0.1759000000000000    
   0.6700000000000000      0.1788000000000000    
   0.6800000000000000      0.1817000000000000    
   0.6899999999999999      0.1846000000000000    
   0.7000000000000000      0.1875000000000000    
   0.7100000000000000      0.1903000000000000    
   0.7200000000000000      0.1932000000000000    
   0.7300000000000000      0.1960000000000000    
   0.7400000000000000      0.1988000000000000    
   0.7500000000000000      0.2016000000000000    
   0.7600000000000000      0.2043000000000000    
   0.7700000000000000      0.2071000000000000    
   0.7800000000000000      0.2098000000000000    
   0.7900000000000000      0.2125000000000000    
   0.8000000000000000      0.2152000000000000    
   0.8100000000000001      0.2179000000000000    
   0.8200000000000000      0.2205000000000000    
   0.8300000000000000      0.2231000000000000    
   0.8400000000000000      0.2258000000000000    
   0.8500000000000000      0.2284000000000000    
   0.8600000000000000      0.2309000000000000    
   0.8700000000000000      0.2335000000000000    
   0.8800000000000000      0.2360000000000000    
   0.8900000000000000      0.2386000000000000    
   0.9000000000000000      0.2411000000000000    
   0.9100000000000000      0.2435000000000000    
   0.9200000000000000      0.2460000000000000    
   0.9300000000000000      0.2485000000000000    
   0.9399999999999999      0.2509000000000000    
   0.9500000000000000      0.2533000000000000    
   0.9600000000000000      0.2557000000000000    
   0.9700000000000000      0.2581000000000000    
   0.9800000000000000      0.2604000000000000    
   0.9900000000000000      0.2628000000000000    
    1.000000000000000      0.2651000000000000    
    1.010000000000000      0.2674000000000000    
    1.020000000000000      0.2697000000000000    
    1.030000000000000      0.2720000000000000    
    1.040000000000000      0.2742000000000000    
    1.050000000000000      0.2764000000000000    
    1.060000000000000      0.2787000000000000    
    1.070000000000000      0.2809000000000000    
    1.080000000000000      0.2830000000000000    
    1.090000000000000      0.2852000000000000    
    1.100000000000000      0.2874000000000000    
    1.110000000000000      0.2895000000000000    
    1.120000000000000      0.2916000000000000    
    1.130000000000000      0.2937000000000000    
    1.140000000000000      0.2958000000000000    
    1.150000000000000      0.2979000000000000    
    1.160000000000000      0.3000000000000000    
    1.170000000000000      0.3020000000000000    
    1.180000000000000      0.3040000000000000    
    1.190000000000000      0.3060000000000000    
    1.200000000000000      0.3080000000000000    
    1.210000000000000      0.3100000000000000    
    1.220000000000000      0.3120000000000000    
    1.230000000000000      0.3140000000000000    
    1.240000000000000      0.3159000000000000    
    1.250000000000000      0.3178000000000000    
    1.260000000000000      0.3198000000000000    
    1.270000000000000      0.3217000000000000    
    1.280000000000000      0.3236000000000000    
    1.290000000000000      0.3254000000000000    
    1.300000000000000      0.3273000000000000    
    1.310000000000000      0.3292000000000000    
    1.320000000000000      0.3310000000000000    
    1.330000000000000      0.3329000000000000    
    1.340000000000000      0.3347000000000000    
    1.350000000000000      0.3365000000000000    
    1.360000000000000      0.3383000000000000    
    1.370000000000000      0.3401000000000000    
    1.380000000000000      0.3419000000000000    
    1.390000000000000      0.3436000000000000    
    1.400000000000000      0.3454000000000000    
    1.410000000000000      0.3472000000000000    
    1.420000000000000      0.3489000000000000    
    1.430000000000000      0.3506000000000000    
    1.440000000000000      0.3524000000000000    
    1.450000000000000      0.3541000000000000    
    1.460000000000000      0.3558000000000000    
    1.470000000000000      0.3575000000000000    
    1.480000000000000      0.3592000000000000    
    1.490000000000000      0.3609000000000000    
    1.500000000000000      0.3626000000000000    
    1.510000000000000      0.3643000000000000    
    1.520000000000000      0.3660000000000000    
    1.530000000000000      0.3676000000000000    
    1.540000000000000      0.3693000000000000    
    1.550000000000000      0.3709000000000000    
    1.560000000000000      0.3726000000000000    
    1.570000000000000      0.3742000000000000    
    1.580000000000000      0.3759000000000000    
    1.590000000000000      0.3775000000000000    
    1.600000000000000      0.3792000000000000    
    1.610000000000000      0.3808000000000000    
    1.620000000000000      0.3824000000000000    
    1.630000000000000      0.3841000000000000    
    1.640000000000000      0.3857000000000000    
    1.650000000000000      0.3873000000000000    
    1.660000000000000      0.3890000000000000    
    1.670000000000000      0.3906000000000000    
    1.680000000000000      0.3922000000000000    
    1.690000000000000      0.3938000000000000    
    1.700000000000000      0.3954000000000000    
    1.710000000000000      0.3971000000000000    
    1.720000000000000      0.3987000000000000    
    1.730000000000000      0.4003000000000000    
    1.740000000000000      0.4019000000000000    
    1.750000000000000      0.4036000000000000    
    1.760000000000000      0.4052000000000000    
    1.770000000000000      0.4068000000000000    
    1.780000000000000      0.4085000000000000    
    1.790000000000000      0.4101000000000000    
    1.800000000000000      0.4117000000000000    
    1.810000000000000      0.4134000000000000    
    1.820000000000000      0.4150000000000000    
    1.830000000000000      0.4167000000000000    
    1.840000000000000      0.4183000000000000    
    1.850000000000000      0.4200000000000000    
    1.860000000000000      0.4217000000000000    
    1.870000000000000      0.4233000000000000    
    1.880000000000000      0.4250000000000000    
    1.890000000000000      0.4267000000000000    
    1.900000000000000      0.4284000000000000    
    1.910000000000000      0.4301000000000000    
    1.920000000000000      0.4318000000000000    
    1.930000000000000      0.4335000000000000    
    1.940000000000000      0.4352000000000000    
    1.950000000000000      0.4370000000000000    
    1.960000000000000      0.4387000000000000    
    1.970000000000000      0.4404000000000000    
    1.980000000000000      0.4422000000000000    
    1.990000000000000      0.4440000000000000    
    2.000000000000000      0.4457000000000000    
