0.1000E-01  0.9702E+01  0.9443E+01  -.1189E+01  0.1676E+04  -.1566E+01  0.1040E+00
0.2000E-01  0.1874E+02  0.1891E+02  -.8459E-01  0.5613E+03  -.1475E+02  0.3333E-01
0.3000E-01  0.2817E+02  0.2838E+02  0.3098E+00  0.2019E+03  0.2173E+01  0.1188E-01
0.4000E-01  0.3768E+02  0.3785E+02  0.4356E+00  0.4442E+02  0.4532E+00  0.2609E-02
0.5000E-01  0.4721E+02  0.4731E+02  0.4388E+00  -.2921E+02  -.3698E+00  0.2609E-02
0.6000E-01  0.5674E+02  0.5678E+02  0.3865E+00  -.5947E+02  -.1026E+01  0.2609E-02
0.7000E-01  0.6626E+02  0.6624E+02  0.3161E+00  -.6391E+02  -.1573E+01  0.2609E-02
0.8000E-01  0.7576E+02  0.7571E+02  0.2507E+00  -.5133E+02  -.1820E+01  0.2609E-02
0.9000E-01  0.8526E+02  0.8518E+02  0.2065E+00  -.2660E+02  -.1288E+01  0.2609E-02
0.1000E+00  0.9475E+02  0.9466E+02  0.1951E+00  0.7385E+01  0.4207E+00  0.4345E-03
0.1100E+00  0.1043E+03  0.1041E+03  0.2256E+00  0.4878E+02  0.2642E+01  0.2870E-02
0.1200E+00  0.1138E+03  0.1136E+03  0.3058E+00  0.9638E+02  0.4203E+01  0.5668E-02
0.1300E+00  0.1233E+03  0.1232E+03  0.4418E+00  0.1493E+03  0.4883E+01  0.8777E-02
0.1400E+00  0.1328E+03  0.1327E+03  0.6394E+00  0.2071E+03  0.5038E+01  0.1216E-01
0.1500E+00  0.1423E+03  0.1422E+03  0.9035E+00  0.2691E+03  0.4964E+01  0.1579E-01
0.1600E+00  0.1519E+03  0.1518E+03  0.1239E+01  0.3352E+03  0.4810E+01  0.1964E-01
0.1700E+00  0.1615E+03  0.1614E+03  0.1650E+01  0.4050E+03  0.4637E+01  0.2370E-01
0.1800E+00  0.1711E+03  0.1710E+03  0.2140E+01  0.4783E+03  0.4470E+01  0.2795E-01
0.1900E+00  0.1807E+03  0.1807E+03  0.2714E+01  0.5550E+03  0.4317E+01  0.3238E-01
0.2000E+00  0.1904E+03  0.1904E+03  0.3375E+01  0.6350E+03  0.4181E+01  0.3698E-01
0.2100E+00  0.2001E+03  0.2001E+03  0.4126E+01  0.7180E+03  0.4060E+01  0.4174E-01
0.2200E+00  0.2098E+03  0.2098E+03  0.4971E+01  0.8041E+03  0.3954E+01  0.4665E-01
0.2300E+00  0.2196E+03  0.2196E+03  0.5914E+01  0.8931E+03  0.3859E+01  0.5170E-01
0.2400E+00  0.2294E+03  0.2295E+03  0.6957E+01  0.9849E+03  0.3775E+01  0.5688E-01
0.2500E+00  0.2393E+03  0.2394E+03  0.8104E+01  0.1080E+04  0.3700E+01  0.6219E-01
0.2600E+00  0.2492E+03  0.2493E+03  0.9357E+01  0.1177E+04  0.3633E+01  0.6763E-01
0.2700E+00  0.2592E+03  0.2593E+03  0.1072E+02  0.1277E+04  0.3573E+01  0.7317E-01
0.2800E+00  0.2692E+03  0.2693E+03  0.1220E+02  0.1379E+04  0.3519E+01  0.7883E-01
0.2900E+00  0.2793E+03  0.2794E+03  0.1379E+02  0.1484E+04  0.3469E+01  0.8459E-01
0.3000E+00  0.2894E+03  0.2895E+03  0.1549E+02  0.1592E+04  0.3424E+01  0.9045E-01
0.3100E+00  0.2996E+03  0.2997E+03  0.1732E+02  0.1702E+04  0.3383E+01  0.9640E-01
0.3200E+00  0.3099E+03  0.3100E+03  0.1928E+02  0.1814E+04  0.3346E+01  0.1024E+00
0.3300E+00  0.3202E+03  0.3203E+03  0.2136E+02  0.1929E+04  0.3311E+01  0.1086E+00
0.3400E+00  0.3306E+03  0.3307E+03  0.2356E+02  0.2045E+04  0.3279E+01  0.1147E+00
0.3500E+00  0.3411E+03  0.3411E+03  0.2590E+02  0.2164E+04  0.3250E+01  0.1210E+00
0.3600E+00  0.3516E+03  0.3516E+03  0.2837E+02  0.2286E+04  0.3222E+01  0.1273E+00
0.3700E+00  0.3622E+03  0.3622E+03  0.3098E+02  0.2409E+04  0.3197E+01  0.1337E+00
0.3800E+00  0.3728E+03  0.3729E+03  0.3373E+02  0.2534E+04  0.3173E+01  0.1402E+00
0.3900E+00  0.3836E+03  0.3836E+03  0.3662E+02  0.2662E+04  0.3150E+01  0.1467E+00
0.4000E+00  0.3944E+03  0.3944E+03  0.3964E+02  0.2791E+04  0.3129E+01  0.1532E+00
0.4100E+00  0.4053E+03  0.4053E+03  0.4282E+02  0.2923E+04  0.3110E+01  0.1598E+00
0.4200E+00  0.4162E+03  0.4163E+03  0.4614E+02  0.3056E+04  0.3091E+01  0.1665E+00
0.4300E+00  0.4273E+03  0.4273E+03  0.4961E+02  0.3191E+04  0.3073E+01  0.1731E+00
0.4400E+00  0.4384E+03  0.4384E+03  0.5323E+02  0.3328E+04  0.3057E+01  0.1798E+00
0.4500E+00  0.4496E+03  0.4497E+03  0.5701E+02  0.3467E+04  0.3041E+01  0.1866E+00
0.4600E+00  0.4609E+03  0.4609E+03  0.6094E+02  0.3608E+04  0.3026E+01  0.1933E+00
0.4700E+00  0.4723E+03  0.4723E+03  0.6503E+02  0.3750E+04  0.3011E+01  0.2001E+00
0.4800E+00  0.4838E+03  0.4838E+03  0.6927E+02  0.3894E+04  0.2998E+01  0.2069E+00
0.4900E+00  0.4954E+03  0.4954E+03  0.7368E+02  0.4039E+04  0.2985E+01  0.2137E+00
0.5000E+00  0.5070E+03  0.5070E+03  0.7825E+02  0.4186E+04  0.2972E+01  0.2205E+00
0.5100E+00  0.5188E+03  0.5188E+03  0.8298E+02  0.4335E+04  0.2960E+01  0.2273E+00
0.5200E+00  0.5306E+03  0.5306E+03  0.8788E+02  0.4485E+04  0.2949E+01  0.2341E+00
0.5300E+00  0.5426E+03  0.5425E+03  0.9295E+02  0.4636E+04  0.2937E+01  0.2409E+00
0.5400E+00  0.5546E+03  0.5546E+03  0.9818E+02  0.4789E+04  0.2927E+01  0.2478E+00
0.5500E+00  0.5667E+03  0.5667E+03  0.1036E+03  0.4944E+04  0.2916E+01  0.2546E+00
0.5600E+00  0.5790E+03  0.5789E+03  0.1092E+03  0.5099E+04  0.2906E+01  0.2614E+00
0.5700E+00  0.5913E+03  0.5913E+03  0.1149E+03  0.5256E+04  0.2897E+01  0.2682E+00
0.5800E+00  0.6038E+03  0.6037E+03  0.1209E+03  0.5415E+04  0.2887E+01  0.2749E+00
0.5900E+00  0.6163E+03  0.6163E+03  0.1270E+03  0.5574E+04  0.2878E+01  0.2817E+00
0.6000E+00  0.6290E+03  0.6289E+03  0.1332E+03  0.5735E+04  0.2870E+01  0.2884E+00
0.6100E+00  0.6417E+03  0.6417E+03  0.1397E+03  0.5897E+04  0.2861E+01  0.2951E+00
0.6200E+00  0.6546E+03  0.6545E+03  0.1463E+03  0.6060E+04  0.2853E+01  0.3018E+00
0.6300E+00  0.6675E+03  0.6675E+03  0.1532E+03  0.6224E+04  0.2845E+01  0.3085E+00
0.6400E+00  0.6806E+03  0.6806E+03  0.1602E+03  0.6389E+04  0.2837E+01  0.3151E+00
0.6500E+00  0.6938E+03  0.6938E+03  0.1674E+03  0.6556E+04  0.2829E+01  0.3218E+00
0.6600E+00  0.7071E+03  0.7071E+03  0.1747E+03  0.6723E+04  0.2821E+01  0.3283E+00
0.6700E+00  0.7205E+03  0.7205E+03  0.1823E+03  0.6891E+04  0.2814E+01  0.3349E+00
0.6800E+00  0.7341E+03  0.7340E+03  0.1901E+03  0.7060E+04  0.2807E+01  0.3414E+00
0.6900E+00  0.7477E+03  0.7477E+03  0.1980E+03  0.7231E+04  0.2800E+01  0.3479E+00
0.7000E+00  0.7615E+03  0.7614E+03  0.2061E+03  0.7402E+04  0.2793E+01  0.3543E+00
0.7100E+00  0.7754E+03  0.7753E+03  0.2144E+03  0.7574E+04  0.2786E+01  0.3607E+00
0.7200E+00  0.7894E+03  0.7893E+03  0.2230E+03  0.7746E+04  0.2779E+01  0.3670E+00
0.7300E+00  0.8035E+03  0.8034E+03  0.2317E+03  0.7920E+04  0.2773E+01  0.3734E+00
0.7400E+00  0.8177E+03  0.8177E+03  0.2406E+03  0.8094E+04  0.2767E+01  0.3796E+00
0.7500E+00  0.8321E+03  0.8321E+03  0.2496E+03  0.8269E+04  0.2760E+01  0.3858E+00
0.7600E+00  0.8466E+03  0.8465E+03  0.2589E+03  0.8445E+04  0.2754E+01  0.3920E+00
0.7700E+00  0.8612E+03  0.8612E+03  0.2684E+03  0.8621E+04  0.2748E+01  0.3981E+00
0.7800E+00  0.8759E+03  0.8759E+03  0.2781E+03  0.8798E+04  0.2742E+01  0.4042E+00
0.7900E+00  0.8908E+03  0.8907E+03  0.2880E+03  0.8976E+04  0.2736E+01  0.4102E+00
0.8000E+00  0.9058E+03  0.9057E+03  0.2980E+03  0.9154E+04  0.2730E+01  0.4162E+00
0.8100E+00  0.9209E+03  0.9208E+03  0.3083E+03  0.9333E+04  0.2724E+01  0.4222E+00
0.8200E+00  0.9361E+03  0.9361E+03  0.3188E+03  0.9512E+04  0.2719E+01  0.4280E+00
0.8300E+00  0.9515E+03  0.9515E+03  0.3294E+03  0.9692E+04  0.2713E+01  0.4339E+00
0.8400E+00  0.9670E+03  0.9670E+03  0.3403E+03  0.9873E+04  0.2708E+01  0.4396E+00
0.8500E+00  0.9826E+03  0.9826E+03  0.3514E+03  0.1005E+05  0.2702E+01  0.4454E+00
0.8600E+00  0.9984E+03  0.9984E+03  0.3627E+03  0.1024E+05  0.2697E+01  0.4510E+00
0.8700E+00  0.1014E+04  0.1014E+04  0.3741E+03  0.1042E+05  0.2692E+01  0.4566E+00
0.8800E+00  0.1030E+04  0.1030E+04  0.3858E+03  0.1060E+05  0.2686E+01  0.4622E+00
0.8900E+00  0.1046E+04  0.1046E+04  0.3977E+03  0.1078E+05  0.2681E+01  0.4677E+00
0.9000E+00  0.1063E+04  0.1063E+04  0.4098E+03  0.1097E+05  0.2676E+01  0.4731E+00
0.9100E+00  0.1079E+04  0.1079E+04  0.4221E+03  0.1115E+05  0.2671E+01  0.4785E+00
0.9200E+00  0.1096E+04  0.1096E+04  0.4345E+03  0.1133E+05  0.2666E+01  0.4839E+00
0.9300E+00  0.1112E+04  0.1112E+04  0.4472E+03  0.1152E+05  0.2661E+01  0.4892E+00
0.9400E+00  0.1129E+04  0.1129E+04  0.4601E+03  0.1170E+05  0.2656E+01  0.4944E+00
0.9500E+00  0.1146E+04  0.1146E+04  0.4732E+03  0.1189E+05  0.2651E+01  0.4996E+00
0.9600E+00  0.1163E+04  0.1163E+04  0.4865E+03  0.1207E+05  0.2646E+01  0.5047E+00
0.9700E+00  0.1181E+04  0.1181E+04  0.5001E+03  0.1226E+05  0.2642E+01  0.5097E+00
0.9800E+00  0.1198E+04  0.1198E+04  0.5138E+03  0.1244E+05  0.2637E+01  0.5147E+00
0.9900E+00  0.1216E+04  0.1216E+04  0.5277E+03  0.1263E+05  0.2632E+01  0.5197E+00
0.1000E+01  0.1233E+04  0.1233E+04  0.5418E+03  0.1281E+05  0.2627E+01  0.5246E+00
0.1010E+01  0.1251E+04  0.1251E+04  0.5562E+03  0.1300E+05  0.2623E+01  0.5294E+00
0.1020E+01  0.1269E+04  0.1269E+04  0.5707E+03  0.1319E+05  0.2618E+01  0.5342E+00
0.1030E+01  0.1287E+04  0.1287E+04  0.5855E+03  0.1337E+05  0.2614E+01  0.5389E+00
0.1040E+01  0.1305E+04  0.1305E+04  0.6004E+03  0.1356E+05  0.2609E+01  0.5436E+00
0.1050E+01  0.1324E+04  0.1324E+04  0.6156E+03  0.1375E+05  0.2605E+01  0.5482E+00
0.1060E+01  0.1342E+04  0.1342E+04  0.6310E+03  0.1393E+05  0.2600E+01  0.5528E+00
0.1070E+01  0.1361E+04  0.1361E+04  0.6466E+03  0.1412E+05  0.2596E+01  0.5573E+00
0.1080E+01  0.1380E+04  0.1380E+04  0.6624E+03  0.1431E+05  0.2592E+01  0.5617E+00
0.1090E+01  0.1399E+04  0.1399E+04  0.6784E+03  0.1449E+05  0.2588E+01  0.5661E+00
0.1100E+01  0.1418E+04  0.1418E+04  0.6946E+03  0.1468E+05  0.2583E+01  0.5705E+00
0.1110E+01  0.1437E+04  0.1437E+04  0.7110E+03  0.1487E+05  0.2579E+01  0.5748E+00
0.1120E+01  0.1457E+04  0.1457E+04  0.7276E+03  0.1506E+05  0.2575E+01  0.5790E+00
0.1130E+01  0.1476E+04  0.1476E+04  0.7444E+03  0.1524E+05  0.2571E+01  0.5832E+00
0.1140E+01  0.1496E+04  0.1496E+04  0.7615E+03  0.1543E+05  0.2567E+01  0.5873E+00
0.1150E+01  0.1516E+04  0.1516E+04  0.7787E+03  0.1562E+05  0.2563E+01  0.5914E+00
0.1160E+01  0.1536E+04  0.1536E+04  0.7962E+03  0.1581E+05  0.2559E+01  0.5954E+00
0.1170E+01  0.1556E+04  0.1556E+04  0.8139E+03  0.1599E+05  0.2555E+01  0.5994E+00
0.1180E+01  0.1576E+04  0.1576E+04  0.8317E+03  0.1618E+05  0.2551E+01  0.6034E+00
0.1190E+01  0.1597E+04  0.1597E+04  0.8498E+03  0.1637E+05  0.2547E+01  0.6073E+00
0.1200E+01  0.1618E+04  0.1618E+04  0.8681E+03  0.1656E+05  0.2543E+01  0.6111E+00
0.1210E+01  0.1638E+04  0.1638E+04  0.8866E+03  0.1674E+05  0.2539E+01  0.6149E+00
0.1220E+01  0.1659E+04  0.1659E+04  0.9053E+03  0.1693E+05  0.2535E+01  0.6187E+00
0.1230E+01  0.1680E+04  0.1680E+04  0.9242E+03  0.1712E+05  0.2531E+01  0.6224E+00
0.1240E+01  0.1702E+04  0.1702E+04  0.9434E+03  0.1731E+05  0.2528E+01  0.6260E+00
0.1250E+01  0.1723E+04  0.1723E+04  0.9627E+03  0.1750E+05  0.2524E+01  0.6296E+00
0.1260E+01  0.1745E+04  0.1745E+04  0.9822E+03  0.1768E+05  0.2520E+01  0.6332E+00
0.1270E+01  0.1766E+04  0.1766E+04  0.1002E+04  0.1787E+05  0.2517E+01  0.6367E+00
0.1280E+01  0.1788E+04  0.1788E+04  0.1022E+04  0.1806E+05  0.2513E+01  0.6402E+00
0.1290E+01  0.1810E+04  0.1810E+04  0.1042E+04  0.1825E+05  0.2510E+01  0.6436E+00
0.1300E+01  0.1832E+04  0.1832E+04  0.1063E+04  0.1843E+05  0.2506E+01  0.6470E+00
0.1310E+01  0.1855E+04  0.1855E+04  0.1083E+04  0.1862E+05  0.2503E+01  0.6504E+00
0.1320E+01  0.1877E+04  0.1877E+04  0.1104E+04  0.1881E+05  0.2499E+01  0.6537E+00
0.1330E+01  0.1900E+04  0.1900E+04  0.1125E+04  0.1900E+05  0.2496E+01  0.6570E+00
0.1340E+01  0.1923E+04  0.1923E+04  0.1146E+04  0.1919E+05  0.2492E+01  0.6602E+00
0.1350E+01  0.1946E+04  0.1946E+04  0.1168E+04  0.1937E+05  0.2489E+01  0.6634E+00
0.1360E+01  0.1969E+04  0.1969E+04  0.1189E+04  0.1956E+05  0.2486E+01  0.6665E+00
0.1370E+01  0.1992E+04  0.1992E+04  0.1211E+04  0.1975E+05  0.2483E+01  0.6697E+00
0.1380E+01  0.2016E+04  0.2016E+04  0.1233E+04  0.1994E+05  0.2479E+01  0.6728E+00
0.1390E+01  0.2039E+04  0.2039E+04  0.1255E+04  0.2013E+05  0.2476E+01  0.6758E+00
0.1400E+01  0.2063E+04  0.2063E+04  0.1278E+04  0.2031E+05  0.2473E+01  0.6788E+00
0.1410E+01  0.2087E+04  0.2087E+04  0.1300E+04  0.2050E+05  0.2470E+01  0.6818E+00
0.1420E+01  0.2111E+04  0.2111E+04  0.1323E+04  0.2069E+05  0.2467E+01  0.6847E+00
0.1430E+01  0.2135E+04  0.2135E+04  0.1346E+04  0.2088E+05  0.2464E+01  0.6877E+00
0.1440E+01  0.2160E+04  0.2160E+04  0.1370E+04  0.2107E+05  0.2461E+01  0.6906E+00
0.1450E+01  0.2184E+04  0.2184E+04  0.1393E+04  0.2126E+05  0.2458E+01  0.6934E+00
0.1460E+01  0.2209E+04  0.2209E+04  0.1417E+04  0.2145E+05  0.2455E+01  0.6962E+00
0.1470E+01  0.2234E+04  0.2234E+04  0.1441E+04  0.2163E+05  0.2452E+01  0.6990E+00
0.1480E+01  0.2259E+04  0.2259E+04  0.1465E+04  0.2182E+05  0.2450E+01  0.7018E+00
0.1490E+01  0.2284E+04  0.2284E+04  0.1489E+04  0.2201E+05  0.2447E+01  0.7045E+00
0.1500E+01  0.2310E+04  0.2310E+04  0.1514E+04  0.2220E+05  0.2444E+01  0.7072E+00
0.1510E+01  0.2335E+04  0.2335E+04  0.1539E+04  0.2239E+05  0.2441E+01  0.7099E+00
0.1520E+01  0.2361E+04  0.2361E+04  0.1564E+04  0.2258E+05  0.2439E+01  0.7126E+00
0.1530E+01  0.2387E+04  0.2387E+04  0.1589E+04  0.2277E+05  0.2436E+01  0.7152E+00
0.1540E+01  0.2413E+04  0.2413E+04  0.1614E+04  0.2296E+05  0.2434E+01  0.7178E+00
0.1550E+01  0.2439E+04  0.2439E+04  0.1640E+04  0.2315E+05  0.2431E+01  0.7204E+00
0.1560E+01  0.2466E+04  0.2466E+04  0.1666E+04  0.2334E+05  0.2429E+01  0.7230E+00
0.1570E+01  0.2492E+04  0.2492E+04  0.1692E+04  0.2353E+05  0.2427E+01  0.7255E+00
0.1580E+01  0.2519E+04  0.2519E+04  0.1718E+04  0.2372E+05  0.2424E+01  0.7281E+00
0.1590E+01  0.2546E+04  0.2546E+04  0.1745E+04  0.2392E+05  0.2422E+01  0.7306E+00
0.1600E+01  0.2573E+04  0.2573E+04  0.1771E+04  0.2411E+05  0.2420E+01  0.7331E+00
0.1610E+01  0.2600E+04  0.2600E+04  0.1798E+04  0.2430E+05  0.2417E+01  0.7355E+00
0.1620E+01  0.2628E+04  0.2628E+04  0.1825E+04  0.2449E+05  0.2415E+01  0.7380E+00
0.1630E+01  0.2655E+04  0.2655E+04  0.1853E+04  0.2469E+05  0.2413E+01  0.7404E+00
0.1640E+01  0.2683E+04  0.2683E+04  0.1880E+04  0.2488E+05  0.2411E+01  0.7428E+00
0.1650E+01  0.2711E+04  0.2711E+04  0.1908E+04  0.2507E+05  0.2409E+01  0.7452E+00
0.1660E+01  0.2739E+04  0.2739E+04  0.1936E+04  0.2527E+05  0.2407E+01  0.7476E+00
0.1670E+01  0.2767E+04  0.2767E+04  0.1964E+04  0.2546E+05  0.2406E+01  0.7500E+00
0.1680E+01  0.2796E+04  0.2796E+04  0.1992E+04  0.2566E+05  0.2404E+01  0.7524E+00
0.1690E+01  0.2824E+04  0.2824E+04  0.2021E+04  0.2585E+05  0.2402E+01  0.7547E+00
0.1700E+01  0.2853E+04  0.2853E+04  0.2050E+04  0.2605E+05  0.2400E+01  0.7571E+00
0.1710E+01  0.2882E+04  0.2882E+04  0.2079E+04  0.2624E+05  0.2399E+01  0.7594E+00
0.1720E+01  0.2911E+04  0.2911E+04  0.2108E+04  0.2644E+05  0.2397E+01  0.7617E+00
0.1730E+01  0.2940E+04  0.2940E+04  0.2138E+04  0.2664E+05  0.2395E+01  0.7640E+00
0.1740E+01  0.2970E+04  0.2970E+04  0.2167E+04  0.2684E+05  0.2394E+01  0.7663E+00
0.1750E+01  0.2999E+04  0.2999E+04  0.2197E+04  0.2704E+05  0.2393E+01  0.7686E+00
0.1760E+01  0.3029E+04  0.3029E+04  0.2227E+04  0.2724E+05  0.2391E+01  0.7709E+00
0.1770E+01  0.3059E+04  0.3059E+04  0.2258E+04  0.2744E+05  0.2390E+01  0.7732E+00
0.1780E+01  0.3089E+04  0.3089E+04  0.2288E+04  0.2764E+05  0.2389E+01  0.7755E+00
0.1790E+01  0.3119E+04  0.3119E+04  0.2319E+04  0.2784E+05  0.2388E+01  0.7778E+00
0.1800E+01  0.3150E+04  0.3150E+04  0.2350E+04  0.2804E+05  0.2386E+01  0.7801E+00
0.1810E+01  0.3180E+04  0.3181E+04  0.2382E+04  0.2825E+05  0.2385E+01  0.7823E+00
0.1820E+01  0.3211E+04  0.3211E+04  0.2413E+04  0.2845E+05  0.2384E+01  0.7846E+00
0.1830E+01  0.3242E+04  0.3242E+04  0.2445E+04  0.2866E+05  0.2383E+01  0.7869E+00
0.1840E+01  0.3273E+04  0.3274E+04  0.2477E+04  0.2886E+05  0.2383E+01  0.7891E+00
0.1850E+01  0.3305E+04  0.3305E+04  0.2509E+04  0.2907E+05  0.2382E+01  0.7914E+00
0.1860E+01  0.3336E+04  0.3336E+04  0.2541E+04  0.2928E+05  0.2381E+01  0.7937E+00
0.1870E+01  0.3368E+04  0.3368E+04  0.2574E+04  0.2949E+05  0.2380E+01  0.7960E+00
0.1880E+01  0.3400E+04  0.3400E+04  0.2607E+04  0.2970E+05  0.2380E+01  0.7983E+00
0.1890E+01  0.3432E+04  0.3432E+04  0.2640E+04  0.2991E+05  0.2379E+01  0.8005E+00
0.1900E+01  0.3464E+04  0.3464E+04  0.2673E+04  0.3012E+05  0.2379E+01  0.8028E+00
0.1910E+01  0.3497E+04  0.3497E+04  0.2707E+04  0.3034E+05  0.2378E+01  0.8051E+00
0.1920E+01  0.3529E+04  0.3529E+04  0.2741E+04  0.3055E+05  0.2378E+01  0.8074E+00
0.1930E+01  0.3562E+04  0.3562E+04  0.2775E+04  0.3077E+05  0.2378E+01  0.8097E+00
0.1940E+01  0.3595E+04  0.3595E+04  0.2809E+04  0.3099E+05  0.2378E+01  0.8121E+00
0.1950E+01  0.3628E+04  0.3628E+04  0.2844E+04  0.3121E+05  0.2378E+01  0.8144E+00
0.1960E+01  0.3661E+04  0.3661E+04  0.2878E+04  0.3143E+05  0.2378E+01  0.8167E+00
0.1970E+01  0.3695E+04  0.3695E+04  0.2914E+04  0.3165E+05  0.2378E+01  0.8191E+00
0.1980E+01  0.3728E+04  0.3728E+04  0.2949E+04  0.3187E+05  0.2378E+01  0.8214E+00
0.1990E+01  0.3762E+04  0.3762E+04  0.2984E+04  0.3210E+05  0.2378E+01  0.8238E+00
0.2000E+01  0.3796E+04  0.3796E+04  0.3020E+04  0.3232E+05  0.2378E+01  0.8262E+00
