0.1000E-01  0.9680E+01  0.9443E+01  -.1147E+01  0.1686E+04  -.1634E+01  0.1045E+00
0.2000E-01  0.1874E+02  0.1891E+02  -.5286E-01  0.5425E+03  -.2281E+02  0.3218E-01
0.3000E-01  0.2817E+02  0.2837E+02  0.3187E+00  0.1816E+03  0.1899E+01  0.1068E-01
0.4000E-01  0.3769E+02  0.3784E+02  0.4244E+00  0.2878E+02  0.3014E+00  0.1690E-02
0.5000E-01  0.4722E+02  0.4730E+02  0.4135E+00  -.3870E+02  -.5199E+00  0.1690E-02
0.6000E-01  0.5674E+02  0.5676E+02  0.3541E+00  -.6288E+02  -.1184E+01  0.1690E-02
0.7000E-01  0.6625E+02  0.6623E+02  0.2830E+00  -.6202E+02  -.1705E+01  0.1690E-02
0.8000E-01  0.7575E+02  0.7570E+02  0.2222E+00  -.4525E+02  -.1810E+01  0.1690E-02
0.9000E-01  0.8525E+02  0.8517E+02  0.1864E+00  -.1763E+02  -.9457E+00  0.1690E-02
0.1000E+00  0.9474E+02  0.9465E+02  0.1859E+00  0.1781E+02  0.1065E+01  0.1048E-02
0.1100E+00  0.1042E+03  0.1041E+03  0.2282E+00  0.5916E+02  0.3169E+01  0.3480E-02
0.1200E+00  0.1137E+03  0.1136E+03  0.3191E+00  0.1052E+03  0.4394E+01  0.6184E-02
0.1300E+00  0.1232E+03  0.1232E+03  0.4632E+00  0.1549E+03  0.4831E+01  0.9106E-02
0.1400E+00  0.1328E+03  0.1327E+03  0.6645E+00  0.2079E+03  0.4866E+01  0.1221E-01
0.1500E+00  0.1423E+03  0.1422E+03  0.9262E+00  0.2635E+03  0.4742E+01  0.1546E-01
0.1600E+00  0.1519E+03  0.1518E+03  0.1251E+01  0.3215E+03  0.4569E+01  0.1884E-01
0.1700E+00  0.1614E+03  0.1614E+03  0.1641E+01  0.3817E+03  0.4392E+01  0.2234E-01
0.1800E+00  0.1711E+03  0.1710E+03  0.2100E+01  0.4437E+03  0.4226E+01  0.2594E-01
0.1900E+00  0.1807E+03  0.1807E+03  0.2628E+01  0.5075E+03  0.4077E+01  0.2962E-01
0.2000E+00  0.1904E+03  0.1903E+03  0.3228E+01  0.5729E+03  0.3944E+01  0.3339E-01
0.2100E+00  0.2000E+03  0.2001E+03  0.3902E+01  0.6399E+03  0.3826E+01  0.3722E-01
0.2200E+00  0.2098E+03  0.2098E+03  0.4651E+01  0.7082E+03  0.3722E+01  0.4112E-01
0.2300E+00  0.2195E+03  0.2196E+03  0.5476E+01  0.7779E+03  0.3630E+01  0.4508E-01
0.2400E+00  0.2293E+03  0.2294E+03  0.6380E+01  0.8488E+03  0.3548E+01  0.4909E-01
0.2500E+00  0.2392E+03  0.2392E+03  0.7363E+01  0.9209E+03  0.3474E+01  0.5315E-01
0.2600E+00  0.2491E+03  0.2491E+03  0.8427E+01  0.9942E+03  0.3408E+01  0.5726E-01
0.2700E+00  0.2590E+03  0.2590E+03  0.9573E+01  0.1069E+04  0.3349E+01  0.6140E-01
0.2800E+00  0.2690E+03  0.2690E+03  0.1080E+02  0.1144E+04  0.3295E+01  0.6559E-01
0.2900E+00  0.2790E+03  0.2790E+03  0.1212E+02  0.1220E+04  0.3246E+01  0.6980E-01
0.3000E+00  0.2890E+03  0.2891E+03  0.1351E+02  0.1298E+04  0.3201E+01  0.7405E-01
0.3100E+00  0.2991E+03  0.2992E+03  0.1500E+02  0.1376E+04  0.3160E+01  0.7833E-01
0.3200E+00  0.3093E+03  0.3094E+03  0.1657E+02  0.1456E+04  0.3123E+01  0.8263E-01
0.3300E+00  0.3195E+03  0.3196E+03  0.1823E+02  0.1536E+04  0.3088E+01  0.8695E-01
0.3400E+00  0.3298E+03  0.3298E+03  0.1999E+02  0.1617E+04  0.3056E+01  0.9129E-01
0.3500E+00  0.3401E+03  0.3401E+03  0.2183E+02  0.1698E+04  0.3026E+01  0.9565E-01
0.3600E+00  0.3505E+03  0.3505E+03  0.2376E+02  0.1781E+04  0.2998E+01  0.1000E+00
0.3700E+00  0.3609E+03  0.3609E+03  0.2579E+02  0.1864E+04  0.2972E+01  0.1044E+00
0.3800E+00  0.3714E+03  0.3714E+03  0.2790E+02  0.1948E+04  0.2948E+01  0.1088E+00
0.3900E+00  0.3819E+03  0.3819E+03  0.3012E+02  0.2033E+04  0.2925E+01  0.1132E+00
0.4000E+00  0.3925E+03  0.3925E+03  0.3242E+02  0.2119E+04  0.2904E+01  0.1176E+00
0.4100E+00  0.4031E+03  0.4032E+03  0.3482E+02  0.2205E+04  0.2884E+01  0.1220E+00
0.4200E+00  0.4139E+03  0.4139E+03  0.3732E+02  0.2291E+04  0.2865E+01  0.1265E+00
0.4300E+00  0.4246E+03  0.4246E+03  0.3992E+02  0.2379E+04  0.2847E+01  0.1309E+00
0.4400E+00  0.4355E+03  0.4355E+03  0.4261E+02  0.2467E+04  0.2830E+01  0.1353E+00
0.4500E+00  0.4464E+03  0.4464E+03  0.4540E+02  0.2555E+04  0.2814E+01  0.1397E+00
0.4600E+00  0.4573E+03  0.4573E+03  0.4829E+02  0.2644E+04  0.2799E+01  0.1442E+00
0.4700E+00  0.4683E+03  0.4683E+03  0.5127E+02  0.2734E+04  0.2784E+01  0.1486E+00
0.4800E+00  0.4794E+03  0.4794E+03  0.5436E+02  0.2824E+04  0.2770E+01  0.1530E+00
0.4900E+00  0.4906E+03  0.4906E+03  0.5755E+02  0.2914E+04  0.2757E+01  0.1574E+00
0.5000E+00  0.5018E+03  0.5018E+03  0.6084E+02  0.3005E+04  0.2744E+01  0.1618E+00
0.5100E+00  0.5131E+03  0.5131E+03  0.6423E+02  0.3097E+04  0.2732E+01  0.1662E+00
0.5200E+00  0.5244E+03  0.5244E+03  0.6772E+02  0.3189E+04  0.2720E+01  0.1705E+00
0.5300E+00  0.5359E+03  0.5358E+03  0.7131E+02  0.3281E+04  0.2709E+01  0.1749E+00
0.5400E+00  0.5474E+03  0.5473E+03  0.7501E+02  0.3374E+04  0.2698E+01  0.1792E+00
0.5500E+00  0.5589E+03  0.5589E+03  0.7881E+02  0.3467E+04  0.2688E+01  0.1836E+00
0.5600E+00  0.5705E+03  0.5705E+03  0.8271E+02  0.3560E+04  0.2678E+01  0.1879E+00
0.5700E+00  0.5822E+03  0.5822E+03  0.8672E+02  0.3654E+04  0.2668E+01  0.1922E+00
0.5800E+00  0.5940E+03  0.5940E+03  0.9083E+02  0.3748E+04  0.2659E+01  0.1964E+00
0.5900E+00  0.6059E+03  0.6058E+03  0.9505E+02  0.3842E+04  0.2650E+01  0.2007E+00
0.6000E+00  0.6178E+03  0.6177E+03  0.9937E+02  0.3937E+04  0.2641E+01  0.2050E+00
0.6100E+00  0.6298E+03  0.6297E+03  0.1038E+03  0.4032E+04  0.2632E+01  0.2092E+00
0.6200E+00  0.6418E+03  0.6418E+03  0.1083E+03  0.4127E+04  0.2624E+01  0.2134E+00
0.6300E+00  0.6540E+03  0.6539E+03  0.1130E+03  0.4222E+04  0.2616E+01  0.2176E+00
0.6400E+00  0.6662E+03  0.6661E+03  0.1177E+03  0.4318E+04  0.2608E+01  0.2217E+00
0.6500E+00  0.6785E+03  0.6784E+03  0.1226E+03  0.4413E+04  0.2601E+01  0.2259E+00
0.6600E+00  0.6908E+03  0.6908E+03  0.1275E+03  0.4509E+04  0.2593E+01  0.2300E+00
0.6700E+00  0.7033E+03  0.7032E+03  0.1326E+03  0.4606E+04  0.2586E+01  0.2341E+00
0.6800E+00  0.7158E+03  0.7157E+03  0.1378E+03  0.4702E+04  0.2579E+01  0.2381E+00
0.6900E+00  0.7284E+03  0.7283E+03  0.1430E+03  0.4799E+04  0.2572E+01  0.2422E+00
0.7000E+00  0.7410E+03  0.7410E+03  0.1484E+03  0.4895E+04  0.2565E+01  0.2462E+00
0.7100E+00  0.7538E+03  0.7537E+03  0.1539E+03  0.4992E+04  0.2559E+01  0.2502E+00
0.7200E+00  0.7666E+03  0.7666E+03  0.1595E+03  0.5089E+04  0.2552E+01  0.2541E+00
0.7300E+00  0.7795E+03  0.7795E+03  0.1652E+03  0.5186E+04  0.2546E+01  0.2580E+00
0.7400E+00  0.7925E+03  0.7924E+03  0.1710E+03  0.5283E+04  0.2540E+01  0.2619E+00
0.7500E+00  0.8055E+03  0.8055E+03  0.1770E+03  0.5380E+04  0.2534E+01  0.2658E+00
0.7600E+00  0.8187E+03  0.8187E+03  0.1830E+03  0.5478E+04  0.2528E+01  0.2697E+00
0.7700E+00  0.8319E+03  0.8319E+03  0.1891E+03  0.5575E+04  0.2522E+01  0.2735E+00
0.7800E+00  0.8452E+03  0.8452E+03  0.1954E+03  0.5672E+04  0.2516E+01  0.2773E+00
0.7900E+00  0.8586E+03  0.8586E+03  0.2017E+03  0.5770E+04  0.2510E+01  0.2810E+00
0.8000E+00  0.8720E+03  0.8720E+03  0.2082E+03  0.5867E+04  0.2505E+01  0.2848E+00
0.8100E+00  0.8856E+03  0.8856E+03  0.2148E+03  0.5965E+04  0.2499E+01  0.2885E+00
0.8200E+00  0.8992E+03  0.8992E+03  0.2215E+03  0.6062E+04  0.2494E+01  0.2922E+00
0.8300E+00  0.9129E+03  0.9129E+03  0.2282E+03  0.6160E+04  0.2489E+01  0.2958E+00
0.8400E+00  0.9267E+03  0.9267E+03  0.2351E+03  0.6257E+04  0.2484E+01  0.2994E+00
0.8500E+00  0.9406E+03  0.9406E+03  0.2422E+03  0.6355E+04  0.2478E+01  0.3030E+00
0.8600E+00  0.9545E+03  0.9545E+03  0.2493E+03  0.6452E+04  0.2473E+01  0.3065E+00
0.8700E+00  0.9686E+03  0.9686E+03  0.2565E+03  0.6550E+04  0.2468E+01  0.3101E+00
0.8800E+00  0.9827E+03  0.9827E+03  0.2638E+03  0.6647E+04  0.2464E+01  0.3136E+00
0.8900E+00  0.9969E+03  0.9969E+03  0.2713E+03  0.6744E+04  0.2459E+01  0.3170E+00
0.9000E+00  0.1011E+04  0.1011E+04  0.2788E+03  0.6842E+04  0.2454E+01  0.3205E+00
0.9100E+00  0.1026E+04  0.1026E+04  0.2865E+03  0.6939E+04  0.2449E+01  0.3239E+00
0.9200E+00  0.1040E+04  0.1040E+04  0.2942E+03  0.7036E+04  0.2445E+01  0.3272E+00
0.9300E+00  0.1055E+04  0.1055E+04  0.3021E+03  0.7133E+04  0.2440E+01  0.3306E+00
0.9400E+00  0.1069E+04  0.1069E+04  0.3101E+03  0.7231E+04  0.2435E+01  0.3339E+00
0.9500E+00  0.1084E+04  0.1084E+04  0.3182E+03  0.7327E+04  0.2431E+01  0.3372E+00
0.9600E+00  0.1099E+04  0.1099E+04  0.3264E+03  0.7424E+04  0.2427E+01  0.3404E+00
0.9700E+00  0.1114E+04  0.1114E+04  0.3347E+03  0.7521E+04  0.2422E+01  0.3436E+00
0.9800E+00  0.1129E+04  0.1129E+04  0.3431E+03  0.7618E+04  0.2418E+01  0.3468E+00
0.9900E+00  0.1144E+04  0.1144E+04  0.3516E+03  0.7715E+04  0.2414E+01  0.3500E+00
0.1000E+01  0.1159E+04  0.1159E+04  0.3602E+03  0.7811E+04  0.2409E+01  0.3531E+00
0.1010E+01  0.1174E+04  0.1174E+04  0.3690E+03  0.7908E+04  0.2405E+01  0.3562E+00
0.1020E+01  0.1189E+04  0.1189E+04  0.3778E+03  0.8004E+04  0.2401E+01  0.3593E+00
0.1030E+01  0.1205E+04  0.1205E+04  0.3867E+03  0.8100E+04  0.2397E+01  0.3623E+00
0.1040E+01  0.1220E+04  0.1220E+04  0.3958E+03  0.8196E+04  0.2393E+01  0.3653E+00
0.1050E+01  0.1236E+04  0.1236E+04  0.4050E+03  0.8292E+04  0.2389E+01  0.3683E+00
0.1060E+01  0.1252E+04  0.1252E+04  0.4142E+03  0.8388E+04  0.2385E+01  0.3713E+00
0.1070E+01  0.1267E+04  0.1267E+04  0.4236E+03  0.8484E+04  0.2381E+01  0.3742E+00
0.1080E+01  0.1283E+04  0.1283E+04  0.4331E+03  0.8579E+04  0.2377E+01  0.3771E+00
0.1090E+01  0.1299E+04  0.1299E+04  0.4427E+03  0.8675E+04  0.2373E+01  0.3800E+00
0.1100E+01  0.1315E+04  0.1315E+04  0.4524E+03  0.8770E+04  0.2370E+01  0.3828E+00
0.1110E+01  0.1331E+04  0.1331E+04  0.4622E+03  0.8866E+04  0.2366E+01  0.3856E+00
0.1120E+01  0.1347E+04  0.1347E+04  0.4721E+03  0.8961E+04  0.2362E+01  0.3884E+00
0.1130E+01  0.1364E+04  0.1364E+04  0.4821E+03  0.9056E+04  0.2359E+01  0.3912E+00
0.1140E+01  0.1380E+04  0.1380E+04  0.4922E+03  0.9151E+04  0.2355E+01  0.3939E+00
0.1150E+01  0.1397E+04  0.1397E+04  0.5024E+03  0.9245E+04  0.2351E+01  0.3966E+00
0.1160E+01  0.1413E+04  0.1413E+04  0.5127E+03  0.9340E+04  0.2348E+01  0.3993E+00
0.1170E+01  0.1430E+04  0.1430E+04  0.5232E+03  0.9435E+04  0.2344E+01  0.4019E+00
0.1180E+01  0.1446E+04  0.1446E+04  0.5337E+03  0.9529E+04  0.2341E+01  0.4046E+00
0.1190E+01  0.1463E+04  0.1463E+04  0.5443E+03  0.9623E+04  0.2338E+01  0.4072E+00
0.1200E+01  0.1480E+04  0.1480E+04  0.5551E+03  0.9717E+04  0.2334E+01  0.4098E+00
0.1210E+01  0.1497E+04  0.1497E+04  0.5659E+03  0.9812E+04  0.2331E+01  0.4123E+00
0.1220E+01  0.1514E+04  0.1514E+04  0.5769E+03  0.9905E+04  0.2328E+01  0.4149E+00
0.1230E+01  0.1531E+04  0.1532E+04  0.5879E+03  0.9999E+04  0.2324E+01  0.4174E+00
0.1240E+01  0.1549E+04  0.1549E+04  0.5991E+03  0.1009E+05  0.2321E+01  0.4198E+00
0.1250E+01  0.1566E+04  0.1566E+04  0.6104E+03  0.1019E+05  0.2318E+01  0.4223E+00
0.1260E+01  0.1584E+04  0.1584E+04  0.6217E+03  0.1028E+05  0.2315E+01  0.4248E+00
0.1270E+01  0.1601E+04  0.1601E+04  0.6332E+03  0.1037E+05  0.2312E+01  0.4272E+00
0.1280E+01  0.1619E+04  0.1619E+04  0.6448E+03  0.1047E+05  0.2309E+01  0.4296E+00
0.1290E+01  0.1637E+04  0.1637E+04  0.6565E+03  0.1056E+05  0.2306E+01  0.4319E+00
0.1300E+01  0.1654E+04  0.1654E+04  0.6683E+03  0.1065E+05  0.2303E+01  0.4343E+00
0.1310E+01  0.1672E+04  0.1672E+04  0.6801E+03  0.1075E+05  0.2300E+01  0.4366E+00
0.1320E+01  0.1690E+04  0.1690E+04  0.6921E+03  0.1084E+05  0.2297E+01  0.4390E+00
0.1330E+01  0.1708E+04  0.1708E+04  0.7042E+03  0.1093E+05  0.2294E+01  0.4413E+00
0.1340E+01  0.1727E+04  0.1727E+04  0.7164E+03  0.1103E+05  0.2291E+01  0.4435E+00
0.1350E+01  0.1745E+04  0.1745E+04  0.7287E+03  0.1112E+05  0.2289E+01  0.4458E+00
0.1360E+01  0.1763E+04  0.1763E+04  0.7411E+03  0.1121E+05  0.2286E+01  0.4480E+00
0.1370E+01  0.1782E+04  0.1782E+04  0.7536E+03  0.1130E+05  0.2283E+01  0.4503E+00
0.1380E+01  0.1800E+04  0.1800E+04  0.7663E+03  0.1140E+05  0.2281E+01  0.4525E+00
0.1390E+01  0.1819E+04  0.1819E+04  0.7790E+03  0.1149E+05  0.2278E+01  0.4546E+00
0.1400E+01  0.1838E+04  0.1838E+04  0.7918E+03  0.1158E+05  0.2275E+01  0.4568E+00
0.1410E+01  0.1856E+04  0.1856E+04  0.8047E+03  0.1167E+05  0.2273E+01  0.4590E+00
0.1420E+01  0.1875E+04  0.1875E+04  0.8177E+03  0.1177E+05  0.2270E+01  0.4611E+00
0.1430E+01  0.1894E+04  0.1894E+04  0.8309E+03  0.1186E+05  0.2268E+01  0.4632E+00
0.1440E+01  0.1913E+04  0.1913E+04  0.8441E+03  0.1195E+05  0.2266E+01  0.4654E+00
0.1450E+01  0.1933E+04  0.1933E+04  0.8574E+03  0.1205E+05  0.2263E+01  0.4675E+00
0.1460E+01  0.1952E+04  0.1952E+04  0.8709E+03  0.1214E+05  0.2261E+01  0.4695E+00
0.1470E+01  0.1971E+04  0.1971E+04  0.8844E+03  0.1223E+05  0.2259E+01  0.4716E+00
0.1480E+01  0.1991E+04  0.1991E+04  0.8980E+03  0.1232E+05  0.2257E+01  0.4737E+00
0.1490E+01  0.2010E+04  0.2010E+04  0.9118E+03  0.1242E+05  0.2254E+01  0.4757E+00
0.1500E+01  0.2030E+04  0.2030E+04  0.9256E+03  0.1251E+05  0.2252E+01  0.4777E+00
0.1510E+01  0.2050E+04  0.2050E+04  0.9396E+03  0.1260E+05  0.2250E+01  0.4798E+00
0.1520E+01  0.2070E+04  0.2070E+04  0.9536E+03  0.1270E+05  0.2248E+01  0.4818E+00
0.1530E+01  0.2090E+04  0.2089E+04  0.9678E+03  0.1279E+05  0.2246E+01  0.4838E+00
0.1540E+01  0.2110E+04  0.2110E+04  0.9821E+03  0.1288E+05  0.2245E+01  0.4858E+00
0.1550E+01  0.2130E+04  0.2130E+04  0.9964E+03  0.1298E+05  0.2243E+01  0.4878E+00
0.1560E+01  0.2150E+04  0.2150E+04  0.1011E+04  0.1307E+05  0.2241E+01  0.4897E+00
0.1570E+01  0.2170E+04  0.2170E+04  0.1025E+04  0.1316E+05  0.2239E+01  0.4917E+00
0.1580E+01  0.2191E+04  0.2191E+04  0.1040E+04  0.1326E+05  0.2237E+01  0.4937E+00
0.1590E+01  0.2211E+04  0.2211E+04  0.1055E+04  0.1335E+05  0.2236E+01  0.4956E+00
0.1600E+01  0.2232E+04  0.2232E+04  0.1070E+04  0.1344E+05  0.2234E+01  0.4976E+00
0.1610E+01  0.2252E+04  0.2252E+04  0.1085E+04  0.1354E+05  0.2233E+01  0.4995E+00
0.1620E+01  0.2273E+04  0.2273E+04  0.1100E+04  0.1363E+05  0.2231E+01  0.5014E+00
0.1630E+01  0.2294E+04  0.2294E+04  0.1115E+04  0.1373E+05  0.2230E+01  0.5034E+00
0.1640E+01  0.2315E+04  0.2315E+04  0.1130E+04  0.1382E+05  0.2228E+01  0.5053E+00
0.1650E+01  0.2336E+04  0.2336E+04  0.1146E+04  0.1392E+05  0.2227E+01  0.5072E+00
0.1660E+01  0.2357E+04  0.2357E+04  0.1161E+04  0.1402E+05  0.2226E+01  0.5091E+00
0.1670E+01  0.2378E+04  0.2378E+04  0.1177E+04  0.1411E+05  0.2225E+01  0.5111E+00
0.1680E+01  0.2400E+04  0.2400E+04  0.1193E+04  0.1421E+05  0.2224E+01  0.5130E+00
0.1690E+01  0.2421E+04  0.2421E+04  0.1209E+04  0.1430E+05  0.2222E+01  0.5149E+00
0.1700E+01  0.2443E+04  0.2443E+04  0.1224E+04  0.1440E+05  0.2221E+01  0.5168E+00
0.1710E+01  0.2464E+04  0.2464E+04  0.1241E+04  0.1450E+05  0.2220E+01  0.5187E+00
0.1720E+01  0.2486E+04  0.2486E+04  0.1257E+04  0.1460E+05  0.2220E+01  0.5206E+00
0.1730E+01  0.2508E+04  0.2508E+04  0.1273E+04  0.1469E+05  0.2219E+01  0.5225E+00
0.1740E+01  0.2530E+04  0.2530E+04  0.1289E+04  0.1479E+05  0.2218E+01  0.5245E+00
0.1750E+01  0.2552E+04  0.2552E+04  0.1306E+04  0.1489E+05  0.2217E+01  0.5264E+00
0.1760E+01  0.2574E+04  0.2574E+04  0.1322E+04  0.1499E+05  0.2217E+01  0.5283E+00
0.1770E+01  0.2596E+04  0.2596E+04  0.1339E+04  0.1509E+05  0.2216E+01  0.5302E+00
0.1780E+01  0.2618E+04  0.2618E+04  0.1356E+04  0.1519E+05  0.2215E+01  0.5321E+00
0.1790E+01  0.2641E+04  0.2641E+04  0.1373E+04  0.1529E+05  0.2215E+01  0.5340E+00
0.1800E+01  0.2663E+04  0.2663E+04  0.1390E+04  0.1539E+05  0.2215E+01  0.5360E+00
0.1810E+01  0.2686E+04  0.2686E+04  0.1407E+04  0.1549E+05  0.2214E+01  0.5379E+00
0.1820E+01  0.2708E+04  0.2708E+04  0.1424E+04  0.1559E+05  0.2214E+01  0.5399E+00
0.1830E+01  0.2731E+04  0.2731E+04  0.1442E+04  0.1570E+05  0.2214E+01  0.5418E+00
0.1840E+01  0.2754E+04  0.2754E+04  0.1459E+04  0.1580E+05  0.2214E+01  0.5438E+00
0.1850E+01  0.2777E+04  0.2777E+04  0.1477E+04  0.1590E+05  0.2214E+01  0.5457E+00
0.1860E+01  0.2800E+04  0.2800E+04  0.1495E+04  0.1601E+05  0.2214E+01  0.5477E+00
0.1870E+01  0.2823E+04  0.2823E+04  0.1512E+04  0.1611E+05  0.2214E+01  0.5497E+00
0.1880E+01  0.2846E+04  0.2846E+04  0.1530E+04  0.1622E+05  0.2214E+01  0.5516E+00
0.1890E+01  0.2870E+04  0.2870E+04  0.1548E+04  0.1633E+05  0.2214E+01  0.5536E+00
0.1900E+01  0.2893E+04  0.2893E+04  0.1567E+04  0.1643E+05  0.2214E+01  0.5556E+00
0.1910E+01  0.2917E+04  0.2917E+04  0.1585E+04  0.1654E+05  0.2215E+01  0.5576E+00
0.1920E+01  0.2940E+04  0.2940E+04  0.1603E+04  0.1665E+05  0.2215E+01  0.5597E+00
0.1930E+01  0.2964E+04  0.2964E+04  0.1622E+04  0.1676E+05  0.2216E+01  0.5617E+00
0.1940E+01  0.2988E+04  0.2988E+04  0.1641E+04  0.1687E+05  0.2216E+01  0.5638E+00
0.1950E+01  0.3012E+04  0.3012E+04  0.1659E+04  0.1698E+05  0.2217E+01  0.5658E+00
0.1960E+01  0.3036E+04  0.3036E+04  0.1678E+04  0.1709E+05  0.2218E+01  0.5679E+00
0.1970E+01  0.3060E+04  0.3060E+04  0.1697E+04  0.1720E+05  0.2218E+01  0.5700E+00
0.1980E+01  0.3084E+04  0.3084E+04  0.1717E+04  0.1732E+05  0.2219E+01  0.5721E+00
0.1990E+01  0.3108E+04  0.3108E+04  0.1736E+04  0.1743E+05  0.2220E+01  0.5742E+00
0.2000E+01  0.3133E+04  0.3133E+04  0.1755E+04  0.1755E+05  0.2221E+01  0.5763E+00
