  0.  1.386
  0.0107  1.386
  0.0321  0.6931
  0.0428  0.6931
  0.0642  0.6931
  0.0748  0.6931
  0.1069  0.6931
  0.1176  0.6931
  0.1604  0.6931
  0.2138  0.6931
  2.01  0.6931
  2.021  1.386
  2.031  2.079
  2.042  3.178
  2.053  2.996
  2.074  3.526
  2.085  3.829
  2.096  2.303
  2.106  3.466
  2.117  3.912
  2.128  3.871
  2.138  2.996
  2.149  3.738
  2.16  4.407
  2.17  3.401
  2.181  4.248
  2.192  3.951
  2.202  3.912
  2.213  4.304
  2.224  3.912
  2.235  4.06
  2.245  4.431
  2.256  3.584
  2.267  4.127
  2.277  4.06
  2.288  4.304
  2.299  4.22
  2.309  4.357
  2.32  3.401
  2.331  4.357
  2.341  3.784
  2.352  3.738
  2.363  3.829
  2.374  3.784
  2.384  3.912
  2.395  3.989
  2.406  3.526
  2.416  3.178
  2.427  2.89
  2.438  3.526
  2.448  3.332
  2.459  2.773
  2.47  2.996
  2.48  2.303
  2.491  3.466
  2.502  2.303
  2.513  3.258
  2.523  2.639
  2.534  2.079
  2.545  2.485
  2.555  0.6931
  2.566  2.303
  2.577  2.303
  2.587  2.303
  2.609  0.6931
  2.619  0.6931
  2.63  2.079
  2.662  0.6931
  2.684  2.079
  2.716  1.386
  2.769  0.6931
  3.464  0.6931
  3.486  1.386
  3.496  2.079
  3.518  0.6931
  3.528  2.303
  3.539  2.303
  3.55  2.303
  3.56  2.89
  3.571  3.401
  3.582  3.912
  3.592  2.079
  3.614  2.773
  3.624  3.332
  3.635  4.304
  3.646  3.689
  3.657  2.485
  3.667  3.258
  3.678  4.357
  3.689  4.22
  3.699  4.836
  3.71  5.366
  3.721  4.942
  3.731  4.625
  3.742  5.075
  3.753  5.318
  3.763  5.628
  3.774  5.787
  3.785  5.529
  3.796  5.749
  3.806  5.489
  3.817  5.677
  3.828  5.697
  3.838  6.25
  3.849  5.892
  3.86  5.945
  3.87  6.031
  3.881  6.127
  3.892  6.41
  3.902  6.234
  3.913  6.607
  3.924  6.211
  3.934  6.328
  3.945  6.317
  3.956  6.791
  3.967  6.522
  3.977  6.568
  3.988  6.631
  3.999  6.829
  4.009  6.677
  4.02  6.886
  4.031  6.489
  4.042  6.636
  4.052  7.028
  4.063  6.51
  4.074  6.724
  4.084  6.757
  4.095  6.695
  4.106  6.607
  4.116  6.888
  4.127  6.733
  4.138  6.585
  4.148  6.662
  4.159  6.657
  4.17  6.865
  4.181  6.366
  4.191  6.439
  4.202  6.791
  4.212  6.617
  4.223  6.335
  4.234  6.516
  4.245  6.363
  4.255  6.455
  4.266  6.314
  4.277  6.423
  4.287  6.238
  4.298  6.292
  4.309  6.05
  4.319  6.006
  4.33  5.986
  4.341  6.059
  4.351  5.817
  4.362  5.811
  4.373  5.924
  4.384  5.697
  4.394  5.576
  4.405  5.576
  4.416  5.455
  4.426  5.403
  4.437  5.497
  4.448  5.278
  4.458  5.124
  4.469  5.308
  4.48  4.913
  4.49  5.011
  4.501  4.82
  4.512  4.754
  4.523  5.124
  4.533  3.178
  4.544  4.836
  4.555  4.382
  4.565  4.407
  4.576  4.382
  4.587  4.522
  4.597  4.159
  4.608  4.407
  4.619  3.332
  4.63  3.951
  4.64  3.989
  4.651  3.871
  4.662  3.871
  4.672  2.89
  4.683  2.303
  4.694  3.178
  4.704  3.912
  4.715  0.6931
  4.726  3.871
  4.736  3.584
  4.747  5.226
  4.758  6.078
  4.768  6.433
  4.779  5.357
  4.79  2.639
  4.801  1.792
  4.811  3.466
  4.822  4.82
  4.833  5.357
  4.843  6.299
  4.854  6.373
  4.865  5.576
  4.875  2.079
  4.886  3.178
  4.897  4.852
  4.907  5.394
  4.918  6.136
  4.929  6.802
  4.94  6.96
  4.95  6.669
  4.961  2.773
  4.972  4.454
  4.982  4.736
  4.993  5.971
  5.004  6.242
  5.014  6.916
  5.025  7.442
  5.036  6.707
  5.046  5.775
  5.057  5.226
  5.068  5.875
  5.079  6.449
  5.089  6.894
  5.1  7.476
  5.111  7.389
  5.121  7.267
  5.132  6.489
  5.143  6.19
  5.153  6.519
  5.164  7.371
  5.175  7.643
  5.186  7.654
  5.196  7.712
  5.207  7.623
  5.218  7.215
  5.228  7.479
  5.239  7.54
  5.25  7.9
  5.26  8.212
  5.271  8.188
  5.282  7.983
  5.292  7.818
  5.303  7.942
  5.314  7.948
  5.324  7.981
  5.335  8.23
  5.346  8.439
  5.356  8.205
  5.367  8.14
  5.378  8.182
  5.389  7.93
  5.399  8.243
  5.41  8.362
  5.421  8.441
  5.431  8.418
  5.442  8.356
  5.453  8.242
  5.463  8.06
  5.474  8.466
  5.485  8.257
  5.495  8.412
  5.506  8.314
  5.517  8.392
  5.528  8.338
  5.538  8.35
  5.549  8.304
  5.56  8.34
  5.57  8.442
  5.581  8.352
  5.592  8.513
  5.602  8.394
  5.613  8.304
  5.624  8.338
  5.635  8.277
  5.645  8.442
  5.656  8.296
  5.667  8.397
  5.677  8.308
  5.688  8.331
  5.699  8.359
  5.709  8.304
  5.72  8.044
  5.731  8.476
  5.741  8.149
  5.752  8.216
  5.763  8.192
  5.773  8.141
  5.784  8.008
  5.795  8.254
  5.806  7.811
  5.816  8.049
  5.827  8.043
  5.838  7.944
  5.848  7.842
  5.859  7.684
  5.87  7.902
  5.88  7.72
  5.891  7.764
  5.902  7.912
  5.912  8.058
  5.923  7.936
  5.934  7.771
  5.945  8.024
  5.955  7.65
  5.966  7.709
  5.977  7.681
  5.987  7.541
  5.998  8.053
  6.009  8.411
  6.019  7.58
  6.03  8.13
  6.041  8.202
  6.051  7.301
  6.062  7.787
  6.073  7.694
  6.084  7.605
  6.094  8.215
  6.105  8.751
  6.116  8.148
  6.126  8.426
  6.137  8.334
  6.148  7.663
  6.158  7.988
  6.169  7.821
  6.18  7.917
  6.191  8.485
  6.201  8.966
  6.212  8.631
  6.223  8.667
  6.233  8.174
  6.244  8.288
  6.255  7.907
  6.265  8.089
  6.276  8.366
  6.287  9.078
  6.297  8.896
  6.308  8.934
  6.319  8.771
  6.329  8.351
  6.34  8.292
  6.351  8.069
  6.362  8.367
  6.372  8.56
  6.383  9.135
  6.394  9.144
  6.404  8.904
  6.415  8.577
  6.426  8.102
  6.436  8.151
  6.447  8.305
  6.458  8.593
  6.468  8.931
  6.479  9.153
  6.49  9.189
  6.5  8.597
  6.511  8.301
  6.522  8.727
  6.533  8.161
  6.543  8.884
  6.554  8.868
  6.565  9.015
  6.575  9.21
  6.586  8.907
  6.597  8.99
  6.607  8.781
  6.618  9.038
  6.629  9.128
  6.639  8.97
  6.65  9.317
  6.661  9.268
  6.672  9.351
  6.682  9.462
  6.693  9.466
  6.704  9.41
  6.714  9.264
  6.725  9.352
  6.736  9.345
  6.746  9.358
  6.757  9.497
  6.768  9.577
  6.778  9.319
  6.789  9.457
  6.8  9.472
  6.811  9.255
  6.821  9.342
  6.832  9.264
  6.843  9.419
  6.853  9.277
  6.864  9.521
  6.875  9.305
  6.885  9.208
  6.896  9.351
  6.907  9.192
  6.917  9.078
  6.928  9.277
  6.939  9.177
  6.95  9.258
  6.96  9.265
  6.971  9.172
  6.982  9.146
  6.992  8.948
  7.003  9.006
  7.014  8.923
  7.024  8.901
  7.035  9.165
  7.046  9.189
  7.056  8.793
  7.067  8.959
  7.078  8.893
  7.089  8.576
  7.099  8.86
  7.11  8.834
  7.121  8.974
  7.131  8.82
  7.142  8.619
  7.153  9.011
  7.163  9.008
  7.174  9.051
  7.185  9.115
  7.196  8.641
  7.206  9.002
  7.217  9.038
  7.228  9.081
  7.238  9.024
  7.249  9.163
  7.26  9.034
  7.27  9.037
  7.281  9.077
  7.292  9.315
  7.302  9.103
  7.313  9.003
  7.324  9.157
  7.334  9.134
  7.345  9.333
  7.356  8.822
  7.367  9.247
  7.377  9.263
  7.388  9.397
  7.399  9.162
  7.409  9.135
  7.42  9.382
  7.431  9.209
  7.441  8.793
  7.452  9.269
  7.463  9.489
  7.473  9.261
  7.484  9.303
  7.495  9.35
  7.506  9.189
  7.516  9.314
  7.527  9.144
  7.538  8.948
  7.548  9.419
  7.559  9.384
  7.57  9.429
  7.58  9.295
  7.591  9.373
  7.602  9.208
  7.612  9.096
  7.623  9.283
  7.634  9.035
  7.645  9.442
  7.655  9.137
  7.666  9.48
  7.677  9.349
  7.687  9.201
  7.698  9.123
  7.709  9.246
  7.719  9.032
  7.73  9.115
  7.741  9.185
  7.752  9.458
  7.762  9.257
  7.773  9.317
  7.784  9.025
  7.794  9.197
  7.805  9.305
  7.816  9.009
  7.826  9.173
  7.837  9.168
  7.848  9.475
  7.858  9.053
  7.869  9.18
  7.88  9.363
  7.89  9.128
  7.901  9.331
  7.912  9.096
  7.922  9.033
  7.933  9.071
  7.944  9.461
  7.955  9.017
  7.965  9.076
  7.976  9.357
  7.987  9.267
  7.997  8.6
  8.008  8.866
  8.019  8.979
  8.03  8.859
  8.04  9.143
  8.051  9.197
  8.062  8.853
  8.072  9.151
  8.083  8.953
  8.094  8.157
  8.104  8.9
  8.115  8.9
  8.126  8.881
  8.136  8.909
  8.147  9.108
  8.158  8.692
  8.168  8.791
  8.179  9.08
  8.19  8.263
  8.2  8.758
  8.211  8.704
  8.222  8.903
  8.233  8.806
  8.243  9.216
  8.254  8.75
  8.265  8.774
  8.275  9.115
  8.286  8.223
  8.297  8.774
  8.307  8.944
  8.318  8.956
  8.329  8.868
  8.339  9.151
  8.35  8.982
  8.361  8.909
  8.372  8.741
  8.382  8.185
  8.393  8.608
  8.404  8.947
  8.414  8.817
  8.425  8.964
  8.436  9.035
  8.446  8.936
  8.457  8.635
  8.468  8.223
  8.479  8.264
  8.489  8.206
  8.5  8.998
  8.511  8.929
  8.521  8.777
  8.532  8.913
  8.543  8.803
  8.553  8.247
  8.564  8.094
  8.575  8.343
  8.585  7.977
  8.596  9.011
  8.607  8.604
  8.617  8.557
  8.628  8.725
  8.639  8.717
  8.65  8.2
  8.66  7.991
  8.671  8.14
  8.682  7.662
  8.692  8.846
  8.703  8.452
  8.714  8.574
  8.724  8.368
  8.735  8.697
  8.746  7.982
  8.757  7.786
  8.767  7.728
  8.778  7.698
  8.789  8.539
  8.799  8.465
  8.81  8.428
  8.821  7.883
  8.831  8.631
  8.842  7.865
  8.853  7.419
  8.863  7.653
  8.874  7.378
  8.885  8.581
  8.896  8.003
  8.906  8.276
  8.917  7.792
  8.928  8.345
  8.938  7.751
  8.949  7.042
  8.96  7.482
  8.97  7.209
  8.981  8.364
  8.992  8.088
  9.002  7.744
  9.013  7.511
  9.024  8.183
  9.034  7.681
  9.045  6.677
  9.056  7.164
  9.067  6.82
  9.077  8.188
  9.088  7.791
  9.099  7.669
  9.109  7.223
  9.12  8.005
  9.131  7.618
  9.141  5.93
  9.152  6.736
  9.163  7.056
  9.174  7.913
  9.184  7.544
  9.195  7.36
  9.206  7.264
  9.216  7.647
  9.227  7.38
  9.238  5.768
  9.248  5.649
  9.259  7.142
  9.27  7.753
  9.28  6.773
  9.291  6.926
  9.302  7.233
  9.312  7.527
  9.323  6.366
  9.334  5.656
  9.345  5.642
  9.355  6.979
  9.366  7.416
  9.377  5.886
  9.387  6.958
  9.398  7.065
  9.409  7.238
  9.419  5.357
  9.43  5.447
  9.441  5.69
  9.451  6.48
  9.462  6.888
  9.473  5.991
  9.483  6.898
  9.494  6.636
  9.505  6.743
  9.516  5.147
  9.526  5.545
  9.537  5.628
  9.548  6.492
  9.558  5.288
  9.569  6.186
  9.58  6.867
  9.59  5.935
  9.601  6.207
  9.612  4.852
  9.623  5.497
  9.633  5.063
  9.644  5.823
  9.655  4.477
  9.665  6.342
  9.676  6.423
  9.687  5.338
  9.697  5.193
  9.708  5.024
  9.719  5.561
  9.729  4.331
  9.74  5.136
  9.751  4.754
  9.761  6.194
  9.772  5.561
  9.783  4.852
  9.794  4.97
  9.804  5.063
  9.815  5.182
  9.826  4.159
  9.836  2.89
  9.847  4.927
  9.858  5.875
  9.868  4.913
  9.879  3.178
  9.89  4.159
  9.9  5.215
  9.911  4.787
  9.933  2.079
  9.943  5.147
  9.954  5.1
  9.975  3.466
  9.986  4.477
  9.997  4.913
  10.01  3.466
  10.02  1.386
  10.04  4.927
  10.05  3.638
  10.06  2.773
  10.07  3.178
  10.08  4.159
  10.09  4.564
  10.11  1.386
  10.12  0.6931
  10.14  4.331
  10.17  3.466
  10.18  3.689
  10.19  3.871
  10.21  1.386
  10.22  1.386
  10.23  3.584
  10.26  3.689
  10.27  3.466
  10.29  2.079
  10.32  1.386
  10.33  1.792
  10.36  3.689
  10.4  1.386
  10.41  1.386
  10.45  2.773
  10.51  1.386
  10.54  2.079
  10.6  1.386
  10.68  0.6931
