  0.  0.8355
  0.0107  0.8351
  0.0321  0.8344
  0.0428  0.834
  0.0642  0.8333
  0.0748  0.833
  0.1069  0.832
  0.1176  0.8318
  0.1604  0.8308
  0.2138  0.8301
  0.214   0.
  2.009   0.
  2.01  3.225
  2.021  3.222
  2.031  3.22
  2.042  3.217
  2.053  3.215
  2.074  3.209
  2.085  3.206
  2.096  3.204
  2.106  3.201
  2.117  3.198
  2.128  3.195
  2.138  3.192
  2.149  3.189
  2.16  3.186
  2.17  3.183
  2.181  3.18
  2.192  3.177
  2.202  3.173
  2.213  3.17
  2.224  3.167
  2.235  3.163
  2.245  3.16
  2.256  3.157
  2.267  3.153
  2.277  3.15
  2.288  3.147
  2.299  3.143
  2.309  3.14
  2.32  3.136
  2.331  3.133
  2.341  3.13
  2.352  3.126
  2.363  3.123
  2.374  3.119
  2.384  3.116
  2.395  3.113
  2.406  3.109
  2.416  3.106
  2.427  3.103
  2.438  3.1
  2.448  3.097
  2.459  3.094
  2.47  3.091
  2.48  3.088
  2.491  3.086
  2.502  3.083
  2.513  3.081
  2.523  3.078
  2.534  3.076
  2.545  3.074
  2.555  3.073
  2.566  3.071
  2.577  3.07
  2.587  3.068
  2.609  3.067
  2.619  3.066
  2.63  3.066
  2.662  3.068
  2.684  3.071
  2.716  3.079
  2.769  3.102
  2.77   0.
  3.463  0.
  3.464  4.656
  3.486  4.706
  3.496  4.73
  3.518  4.776
  3.528  4.799
  3.539  4.82
  3.55  4.842
  3.56  4.863
  3.571  4.884
  3.582  4.904
  3.592  4.924
  3.614  4.963
  3.624  4.981
  3.635  4.999
  3.646  5.017
  3.657  5.035
  3.667  5.051
  3.678  5.068
  3.689  5.084
  3.699  5.1
  3.71  5.115
  3.721  5.13
  3.731  5.145
  3.742  5.159
  3.753  5.173
  3.763  5.186
  3.774  5.199
  3.785  5.212
  3.796  5.224
  3.806  5.236
  3.817  5.248
  3.828  5.26
  3.838  5.271
  3.849  5.281
  3.86  5.292
  3.87  5.302
  3.881  5.312
  3.892  5.321
  3.902  5.33
  3.913  5.339
  3.924  5.348
  3.934  5.356
  3.945  5.364
  3.956  5.372
  3.967  5.379
  3.977  5.387
  3.988  5.394
  3.999  5.4
  4.009  5.407
  4.02  5.413
  4.031  5.419
  4.042  5.425
  4.052  5.431
  4.063  5.436
  4.074  5.441
  4.084  5.446
  4.095  5.451
  4.106  5.455
  4.116  5.46
  4.127  5.464
  4.138  5.468
  4.148  5.472
  4.159  5.476
  4.17  5.48
  4.181  5.484
  4.191  5.487
  4.202  5.491
  4.212  5.494
  4.223  5.498
  4.234  5.501
  4.245  5.504
  4.255  5.508
  4.266  5.511
  4.277  5.514
  4.287  5.517
  4.298  5.521
  4.309  5.524
  4.319  5.527
  4.33  5.531
  4.341  5.534
  4.351  5.538
  4.362  5.542
  4.373  5.546
  4.384  5.55
  4.394  5.554
  4.405  5.558
  4.416  5.563
  4.426  5.567
  4.437  5.572
  4.448  5.577
  4.458  5.582
  4.469  5.588
  4.48  5.594
  4.49  5.6
  4.501  5.606
  4.512  5.613
  4.523  5.62
  4.533  5.627
  4.544  5.635
  4.555  5.642
  4.565  5.651
  4.576  5.659
  4.587  5.668
  4.597  5.677
  4.608  5.687
  4.619  5.697
  4.63  5.708
  4.64  5.719
  4.651  5.73
  4.662  5.741
  4.672  5.754
  4.683  5.766
  4.694  5.779
  4.704  5.792
  4.715  5.806
  4.726  5.82
  4.736  5.835
  4.747  5.85
  4.758  5.866
  4.768  5.881
  4.779  5.898
  4.79  5.915
  4.801  5.932
  4.811  5.95
  4.822  5.968
  4.833  5.986
  4.843  6.005
  4.854  6.024
  4.865  6.044
  4.875  6.064
  4.886  6.084
  4.897  6.105
  4.907  6.126
  4.918  6.148
  4.929  6.17
  4.94  6.192
  4.95  6.214
  4.961  6.237
  4.972  6.26
  4.982  6.283
  4.993  6.307
  5.004  6.331
  5.014  6.355
  5.025  6.38
  5.036  6.404
  5.046  6.429
  5.057  6.454
  5.068  6.48
  5.079  6.505
  5.089  6.53
  5.1  6.556
  5.111  6.582
  5.121  6.608
  5.132  6.634
  5.143  6.66
  5.153  6.686
  5.164  6.712
  5.175  6.738
  5.186  6.765
  5.196  6.791
  5.207  6.817
  5.218  6.843
  5.228  6.869
  5.239  6.895
  5.25  6.921
  5.26  6.947
  5.271  6.973
  5.282  6.999
  5.292  7.025
  5.303  7.05
  5.314  7.076
  5.324  7.101
  5.335  7.126
  5.346  7.151
  5.356  7.175
  5.367  7.2
  5.378  7.224
  5.389  7.249
  5.399  7.273
  5.41  7.296
  5.421  7.32
  5.431  7.343
  5.442  7.366
  5.453  7.389
  5.463  7.411
  5.474  7.433
  5.485  7.455
  5.495  7.477
  5.506  7.499
  5.517  7.52
  5.528  7.541
  5.538  7.561
  5.549  7.582
  5.56  7.602
  5.57  7.622
  5.581  7.641
  5.592  7.661
  5.602  7.679
  5.613  7.698
  5.624  7.716
  5.635  7.735
  5.645  7.753
  5.656  7.77
  5.667  7.788
  5.677  7.805
  5.688  7.822
  5.699  7.838
  5.709  7.854
  5.72  7.871
  5.731  7.886
  5.741  7.902
  5.752  7.917
  5.763  7.933
  5.773  7.947
  5.784  7.962
  5.795  7.977
  5.806  7.991
  5.816  8.005
  5.827  8.019
  5.838  8.033
  5.848  8.046
  5.859  8.06
  5.87  8.073
  5.88  8.086
  5.891  8.099
  5.902  8.112
  5.912  8.124
  5.923  8.137
  5.934  8.149
  5.945  8.161
  5.955  8.173
  5.966  8.185
  5.977  8.197
  5.987  8.208
  5.998  8.22
  6.009  8.232
  6.019  8.243
  6.03  8.254
  6.041  8.266
  6.051  8.277
  6.062  8.288
  6.073  8.299
  6.084  8.31
  6.094  8.321
  6.105  8.332
  6.116  8.342
  6.126  8.353
  6.137  8.364
  6.148  8.374
  6.158  8.385
  6.169  8.395
  6.18  8.406
  6.191  8.416
  6.201  8.427
  6.212  8.437
  6.223  8.447
  6.233  8.458
  6.244  8.468
  6.255  8.478
  6.265  8.488
  6.276  8.498
  6.287  8.508
  6.297  8.518
  6.308  8.528
  6.319  8.538
  6.329  8.548
  6.34  8.558
  6.351  8.568
  6.362  8.578
  6.372  8.587
  6.383  8.597
  6.394  8.607
  6.404  8.616
  6.415  8.626
  6.426  8.635
  6.436  8.645
  6.447  8.654
  6.458  8.663
  6.468  8.673
  6.479  8.682
  6.49  8.691
  6.5  8.7
  6.511  8.709
  6.522  8.718
  6.533  8.727
  6.543  8.736
  6.554  8.744
  6.565  8.753
  6.575  8.762
  6.586  8.77
  6.597  8.778
  6.607  8.787
  6.618  8.795
  6.629  8.803
  6.639  8.811
  6.65  8.819
  6.661  8.827
  6.672  8.834
  6.682  8.842
  6.693  8.85
  6.704  8.857
  6.714  8.864
  6.725  8.872
  6.736  8.879
  6.746  8.886
  6.757  8.892
  6.768  8.899
  6.778  8.906
  6.789  8.912
  6.8  8.919
  6.811  8.925
  6.821  8.931
  6.832  8.937
  6.843  8.943
  6.853  8.949
  6.864  8.955
  6.875  8.96
  6.885  8.966
  6.896  8.971
  6.907  8.976
  6.917  8.981
  6.928  8.986
  6.939  8.991
  6.95  8.996
  6.96  9.
  6.971  9.005
  6.982  9.009
  6.992  9.013
  7.003  9.018
  7.014  9.021
  7.024  9.025
  7.035  9.029
  7.046  9.033
  7.056  9.036
  7.067  9.04
  7.078  9.043
  7.089  9.046
  7.099  9.049
  7.11  9.052
  7.121  9.055
  7.131  9.058
  7.142  9.06
  7.153  9.063
  7.163  9.065
  7.174  9.067
  7.185  9.07
  7.196  9.072
  7.206  9.074
  7.217  9.075
  7.228  9.077
  7.238  9.079
  7.249  9.08
  7.26  9.082
  7.27  9.083
  7.281  9.084
  7.292  9.085
  7.302  9.086
  7.313  9.087
  7.324  9.088
  7.334  9.088
  7.345  9.089
  7.356  9.089
  7.367  9.089
  7.377  9.09
  7.388  9.09
  7.399  9.09
  7.409  9.09
  7.42  9.089
  7.431  9.089
  7.441  9.088
  7.452  9.088
  7.463  9.087
  7.473  9.086
  7.484  9.086
  7.495  9.085
  7.506  9.083
  7.516  9.082
  7.527  9.081
  7.538  9.079
  7.548  9.078
  7.559  9.076
  7.57  9.074
  7.58  9.072
  7.591  9.07
  7.602  9.068
  7.612  9.066
  7.623  9.063
  7.634  9.061
  7.645  9.058
  7.655  9.056
  7.666  9.053
  7.677  9.05
  7.687  9.047
  7.698  9.043
  7.709  9.04
  7.719  9.036
  7.73  9.033
  7.741  9.029
  7.752  9.025
  7.762  9.021
  7.773  9.017
  7.784  9.012
  7.794  9.008
  7.805  9.003
  7.816  8.999
  7.826  8.994
  7.837  8.989
  7.848  8.984
  7.858  8.978
  7.869  8.973
  7.88  8.967
  7.89  8.962
  7.901  8.956
  7.912  8.95
  7.922  8.944
  7.933  8.937
  7.944  8.931
  7.955  8.924
  7.965  8.918
  7.976  8.911
  7.987  8.904
  7.997  8.896
  8.008  8.889
  8.019  8.881
  8.03  8.874
  8.04  8.866
  8.051  8.858
  8.062  8.85
  8.072  8.841
  8.083  8.833
  8.094  8.824
  8.104  8.816
  8.115  8.807
  8.126  8.797
  8.136  8.788
  8.147  8.779
  8.158  8.769
  8.168  8.759
  8.179  8.749
  8.19  8.739
  8.2  8.729
  8.211  8.718
  8.222  8.708
  8.233  8.697
  8.243  8.686
  8.254  8.674
  8.265  8.663
  8.275  8.651
  8.286  8.64
  8.297  8.628
  8.307  8.616
  8.318  8.603
  8.329  8.591
  8.339  8.578
  8.35  8.565
  8.361  8.552
  8.372  8.539
  8.382  8.526
  8.393  8.512
  8.404  8.498
  8.414  8.484
  8.425  8.47
  8.436  8.456
  8.446  8.441
  8.457  8.426
  8.468  8.411
  8.479  8.396
  8.489  8.381
  8.5  8.365
  8.511  8.349
  8.521  8.333
  8.532  8.317
  8.543  8.301
  8.553  8.284
  8.564  8.268
  8.575  8.251
  8.585  8.233
  8.596  8.216
  8.607  8.198
  8.617  8.181
  8.628  8.163
  8.639  8.144
  8.65  8.126
  8.66  8.107
  8.671  8.089
  8.682  8.07
  8.692  8.05
  8.703  8.031
  8.714  8.011
  8.724  7.992
  8.735  7.971
  8.746  7.951
  8.757  7.931
  8.767  7.91
  8.778  7.889
  8.789  7.868
  8.799  7.847
  8.81  7.825
  8.821  7.804
  8.831  7.782
  8.842  7.76
  8.853  7.738
  8.863  7.715
  8.874  7.693
  8.885  7.67
  8.896  7.647
  8.906  7.624
  8.917  7.6
  8.928  7.577
  8.938  7.553
  8.949  7.529
  8.96  7.505
  8.97  7.481
  8.981  7.456
  8.992  7.432
  9.002  7.407
  9.013  7.382
  9.024  7.357
  9.034  7.332
  9.045  7.306
  9.056  7.281
  9.067  7.255
  9.077  7.229
  9.088  7.203
  9.099  7.177
  9.109  7.15
  9.12  7.124
  9.131  7.097
  9.141  7.07
  9.152  7.043
  9.163  7.016
  9.174  6.989
  9.184  6.962
  9.195  6.934
  9.206  6.907
  9.216  6.879
  9.227  6.852
  9.238  6.824
  9.248  6.796
  9.259  6.768
  9.27  6.739
  9.28  6.711
  9.291  6.683
  9.302  6.654
  9.312  6.626
  9.323  6.597
  9.334  6.569
  9.345  6.54
  9.355  6.511
  9.366  6.482
  9.377  6.453
  9.387  6.424
  9.398  6.395
  9.409  6.366
  9.419  6.337
  9.43  6.307
  9.441  6.278
  9.451  6.249
  9.462  6.22
  9.473  6.19
  9.483  6.161
  9.494  6.131
  9.505  6.102
  9.516  6.072
  9.526  6.043
  9.537  6.013
  9.548  5.984
  9.558  5.954
  9.569  5.925
  9.58  5.895
  9.59  5.866
  9.601  5.836
  9.612  5.807
  9.623  5.777
  9.633  5.748
  9.644  5.718
  9.655  5.689
  9.665  5.66
  9.676  5.63
  9.687  5.601
  9.697  5.572
  9.708  5.542
  9.719  5.514
  9.729  5.484
  9.74  5.455
  9.751  5.426
  9.761  5.397
  9.772  5.368
  9.783  5.339
  9.794  5.311
  9.804  5.282
  9.815  5.253
  9.826  5.225
  9.836  5.196
  9.847  5.168
  9.858  5.139
  9.868  5.111
  9.879  5.083
  9.89  5.055
  9.9  5.027
  9.911  4.999
  9.933  4.943
  9.943  4.915
  9.954  4.888
  9.975  4.833
  9.986  4.806
  9.997  4.779
  10.01  4.752
  10.02  4.725
  10.04  4.671
  10.05  4.644
  10.06  4.618
  10.07  4.591
  10.08  4.565
  10.09  4.539
  10.11  4.487
  10.12  4.461
  10.14  4.436
  10.17  4.359
  10.18  4.334
  10.19  4.309
  10.21  4.259
  10.22  4.235
  10.23  4.21
  10.26  4.137
  10.27  4.113
  10.29  4.09
  10.32  4.019
  10.33  3.995
  10.36  3.926
  10.4  3.836
  10.41  3.814
  10.45  3.748
  10.51  3.62
  10.54  3.558
  10.6  3.458
  10.68  3.304
