  0.  0.
  2.262  0.
  2.263  1.609
  2.274  2.89
  2.286  1.386
  2.298  2.079
  2.31  2.773
  2.322  2.303
  2.334  2.485
  2.346  2.773
  2.358  2.079
  2.37  2.079
  2.382  2.079
  2.394  3.178
  2.406  2.639
  2.418  2.079
  2.442  3.689
  2.466  2.773
  2.478  2.079
  2.49  1.386
  2.502  2.89
  2.538  2.773
  2.586  2.485
  2.61  0.6931
  2.611  0.
  4.01  0.
  4.022  1.386
  4.046  2.197
  4.058  3.332
  4.082  2.079
  4.094  2.773
  4.106  3.466
  4.118  2.303
  4.13  4.382
  4.142  4.97
  4.154  4.277
  4.166  4.025
  4.178  4.29
  4.19  4.913
  4.202  4.277
  4.214  5.024
  4.226  4.625
  4.238  5.136
  4.25  5.124
  4.262  5.642
  4.274  5.412
  4.286  5.075
  4.298  5.481
  4.309  5.724
  4.322  5.717
  4.333  5.394
  4.345  5.733
  4.357  5.717
  4.369  5.996
  4.381  5.613
  4.393  5.298
  4.405  5.93
  4.417  5.864
  4.429  5.951
  4.441  5.642
  4.453  5.598
  4.465  5.886
  4.477  5.375
  4.489  5.749
  4.501  5.793
  4.513  5.829
  4.525  5.583
  4.537  5.338
  4.549  5.22
  4.561  5.215
  4.573  5.606
  4.585  4.883
  4.597  5.481
  4.609  0.6931
  4.621  4.564
  4.633  5.481
  4.645  4.564
  4.657  5.215
  4.669  2.773
  4.681  3.951
  4.693  4.913
  4.705  2.773
  4.717  3.871
  4.729  2.773
  4.74  4.382
  4.764  4.159
  4.788  1.099
  4.812  3.178
  4.872  2.079
  4.896  0.6931
  5.279  0.
  5.291  1.386
  5.303  2.197
  5.315  3.332
  5.327  2.079
  5.339  2.773
  5.351  3.829
  5.363  3.689
  5.375  4.22
  5.387  4.111
  5.399  4.522
  5.411  4.718
  5.435  3.871
  5.447  3.871
  5.459  4.382
  5.471  4.718
  5.483  5.338
  5.495  3.829
  5.507  4.277
  5.519  4.564
  5.531  4.913
  5.543  5.472
  5.554  5.951
  5.566  5.215
  5.579  4.718
  5.59  4.025
  5.602  5.951
  5.614  6.14
  5.626  6.284
  5.638  5.17
  5.65  5.903
  5.662  5.749
  5.674  6.547
  5.686  7.093
  5.698  6.695
  5.71  6.888
  5.722  6.501
  5.734  6.908
  5.746  6.906
  5.758  7.095
  5.77  7.134
  5.782  7.278
  5.794  6.612
  5.806  6.805
  5.818  7.574
  5.83  7.037
  5.842  7.817
  5.854  7.43
  5.866  7.402
  5.878  7.699
  5.89  7.583
  5.902  7.194
  5.914  7.636
  5.926  7.796
  5.938  7.718
  5.95  7.61
  5.962  7.851
  5.973  6.944
  5.986  7.793
  5.998  8.263
  6.009  7.924
  6.021  7.845
  6.033  7.925
  6.045  7.583
  6.057  7.79
  6.069  8.169
  6.081  7.748
  6.093  8.023
  6.105  7.689
  6.117  7.8
  6.129  7.862
  6.141  8.239
  6.153  7.256
  6.165  7.988
  6.177  7.489
  6.189  8.111
  6.201  7.301
  6.213  7.621
  6.225  7.674
  6.237  7.197
  6.249  7.445
  6.261  7.771
  6.273  7.317
  6.285  7.568
  6.297  7.294
  6.309  7.203
  6.321  7.472
  6.333  6.601
  6.345  7.049
  6.357  7.124
  6.369  6.498
  6.38  7.294
  6.393  6.545
  6.404  6.979
  6.416  6.773
  6.428  5.412
  6.44  7.03
  6.452  6.144
  6.464  6.498
  6.476  4.025
  6.488  6.816
  6.5  5.257
  6.512  5.817
  6.524  4.025
  6.536  7.122
  6.548  6.998
  6.56  6.375
  6.572  5.94
  6.584  6.089
  6.596  5.412
  6.608  5.94
  6.62  5.93
  6.632  7.629
  6.644  7.211
  6.656  6.579
  6.668  6.545
  6.68  6.142
  6.692  6.439
  6.704  6.105
  6.716  7.297
  6.728  8.43
  6.74  7.731
  6.752  7.341
  6.764  6.798
  6.776  6.62
  6.787  6.36
  6.8  6.011
  6.812  8.574
  6.823  8.454
  6.835  7.652
  6.847  6.207
  6.859  6.174
  6.871  5.897
  6.883  6.284
  6.895  8.454
  6.907  9.128
  6.919  8.104
  6.931  6.28
  6.943  6.82
  6.955  6.712
  6.967  6.833
  6.979  8.36
  6.991  9.094
  7.003  8.492
  7.015  6.773
  7.027  7.09
  7.039  7.659
  7.051  7.383
  7.063  8.645
  7.075  9.051
  7.087  8.958
  7.099  7.84
  7.111  8.306
  7.123  8.508
  7.135  8.429
  7.147  8.9
  7.159  9.291
  7.171  9.217
  7.183  8.668
  7.195  8.52
  7.207  9.066
  7.219  8.791
  7.23  9.268
  7.242  9.254
  7.254  9.501
  7.266  9.024
  7.278  8.982
  7.29  9.111
  7.302  9.039
  7.314  9.149
  7.326  9.413
  7.338  9.391
  7.35  9.192
  7.362  9.041
  7.374  9.103
  7.386  8.649
  7.398  9.403
  7.41  9.375
  7.422  9.244
  7.434  9.179
  7.446  8.794
  7.458  9.212
  7.47  8.688
  7.482  9.244
  7.494  9.258
  7.506  9.24
  7.518  8.748
  7.53  8.854
  7.542  8.716
  7.554  8.586
  7.566  9.357
  7.578  8.927
  7.59  8.992
  7.602  8.376
  7.614  8.89
  7.626  7.984
  7.637  9.351
  7.649  8.468
  7.661  9.024
  7.673  8.629
  7.685  8.251
  7.697  9.156
  7.709  7.859
  7.721  9.339
  7.733  8.708
  7.745  8.254
  7.757  9.021
  7.769  8.071
  7.781  9.464
  7.793  8.027
  7.805  8.618
  7.817  8.705
  7.829  9.273
  7.841  8.677
  7.853  8.838
  7.865  8.866
  7.877  8.652
  7.889  8.053
  7.901  8.975
  7.913  8.792
  7.925  9.456
  7.937  8.758
  7.949  8.775
  7.961  9.184
  7.973  8.929
  7.985  8.623
  7.997  8.885
  8.009  9.017
  8.021  9.48
  8.033  8.833
  8.044  9.152
  8.056  9.566
  8.068  8.388
  8.08  8.885
  8.092  8.753
  8.104  9.509
  8.116  9.533
  8.128  8.871
  8.14  9.671
  8.152  9.274
  8.164  8.783
  8.176  9.186
  8.188  8.898
  8.2  9.66
  8.212  9.586
  8.224  9.421
  8.236  9.703
  8.248  9.101
  8.26  9.499
  8.272  8.985
  8.284  8.788
  8.296  10.04
  8.308  9.166
  8.32  9.693
  8.332  9.699
  8.344  9.067
  8.356  8.705
  8.368  8.833
  8.38  8.927
  8.392  10.17
  8.404  8.506
  8.416  10.
  8.428  8.7
  8.44  8.704
  8.451  8.167
  8.463  8.951
  8.475  10.22
  8.487  7.934
  8.499  9.97
  8.511  8.991
  8.523  8.898
  8.535  8.162
  8.547  8.805
  8.559  10.38
  8.571  8.092
  8.583  10.24
  8.595  8.994
  8.607  9.967
  8.619  7.464
  8.631  10.93
  8.643  7.872
  8.655  10.21
  8.667  9.219
  8.679  9.453
  8.691  9.901
  8.703  8.898
  8.715  10.55
  8.727  9.409
  8.739  9.153
  8.751  9.281
  8.763  9.813
  8.775  9.494
  8.787  9.851
  8.799  9.291
  8.811  9.082
  8.823  9.288
  8.835  9.743
  8.847  9.452
  8.858  9.039
  8.87  9.181
  8.883  8.997
  8.894  9.122
  8.906  9.356
  8.918  9.026
  8.93  8.936
  8.942  8.995
  8.954  8.934
  8.966  8.969
  8.978  8.571
  8.99  9.092
  9.002  8.633
  9.014  8.463
  9.026  8.885
  9.038  8.917
  9.05  8.811
  9.062  9.709
  9.074  8.151
  9.086  9.76
  9.098  8.696
  9.11  8.953
  9.122  9.701
  9.134  9.011
  9.146  9.815
  9.158  9.317
  9.17  8.728
  9.182  8.564
  9.194  9.671
  9.206  9.135
  9.218  9.959
  9.23  8.888
  9.242  9.036
  9.254  9.172
  9.265  8.87
  9.277  9.35
  9.29  9.712
  9.301  9.608
  9.313  8.587
  9.325  9.29
  9.337  9.329
  9.349  9.034
  9.361  9.194
  9.373  9.468
  9.385  8.771
  9.397  9.407
  9.409  9.5
  9.421  8.868
  9.433  9.235
  9.445  9.119
  9.457  8.566
  9.469  9.383
  9.481  9.213
  9.493  9.084
  9.505  9.403
  9.517  8.878
  9.529  9.064
  9.541  8.658
  9.553  8.737
  9.565  9.236
  9.577  9.296
  9.589  8.907
  9.601  9.363
  9.613  9.076
  9.625  8.746
  9.637  8.694
  9.649  8.324
  9.661  9.177
  9.672  9.27
  9.684  8.688
  9.697  9.288
  9.708  8.86
  9.72  8.448
  9.732  8.382
  9.744  8.364
  9.756  9.091
  9.768  9.266
  9.78  8.387
  9.792  9.169
  9.804  8.763
  9.816  8.154
  9.828  8.184
  9.84  8.341
  9.852  9.078
  9.864  8.978
  9.876  8.099
  9.888  9.172
  9.9  8.53
  9.912  7.09
  9.924  8.262
  9.936  8.628
  9.948  8.838
  9.96  8.838
  9.972  8.141
  9.984  9.105
  9.996  8.499
  10.01  6.762
  10.02  8.152
  10.03  8.835
  10.04  8.575
  10.06  8.402
  10.07  8.352
  10.08  8.731
  10.09  8.243
  10.1  6.825
  10.12  7.585
  10.13  8.972
  10.14  8.134
  10.15  8.154
  10.16  8.499
  10.18  8.538
  10.19  7.321
  10.2  7.296
  10.21  7.382
  10.22  8.705
  10.24  7.652
  10.25  8.36
  10.26  8.237
  10.27  8.116
  10.28  6.714
  10.29  7.211
  10.31  7.326
  10.32  8.364
  10.33  7.491
  10.34  8.166
  10.35  8.077
  10.37  7.78
  10.38  6.856
  10.39  7.129
  10.4  7.077
  10.41  7.752
  10.43  7.704
  10.44  8.053
  10.45  7.594
  10.46  7.305
  10.47  7.11
  10.49  6.654
  10.5  6.59
  10.51  7.267
  10.52  7.845
  10.53  7.659
  10.55  7.247
  10.56  7.139
  10.57  7.132
  10.58  5.991
  10.59  6.373
  10.61  6.974
  10.62  7.593
  10.63  7.243
  10.64  6.557
  10.65  6.667
  10.67  7.209
  10.68  5.075
  10.69  5.829
  10.7  6.999
  10.71  7.215
  10.73  6.601
  10.74  6.498
  10.75  6.601
  10.76  6.972
  10.77  4.718
  10.79  5.513
  10.8  6.599
  10.81  6.829
  10.82  6.238
  10.83  6.105
  10.85  6.356
  10.86  6.535
  10.87  4.277
  10.88  3.466
  10.89  6.704
  10.91  6.157
  10.92  5.124
  10.93  6.105
  10.94  6.238
  10.95  5.768
  10.97  4.22
  10.98  3.738
  10.99  6.39
  11.  4.913
  11.01  4.868
  11.03  6.038
  11.04  6.031
  11.05  4.382
  11.06  3.466
  11.07  4.025
  11.09  5.93
  11.1  3.871
  11.11  4.718
  11.12  5.768
  11.13  5.635
  11.14  3.178
  11.16  2.773
  11.17  4.331
  11.18  5.106
  11.19  0.6931
  11.2  4.852
  11.22  5.268
  11.23  4.913
  11.25  3.178
  11.26  3.689
  11.28  4.477
  11.3  4.97
  11.31  4.564
  11.32  4.382
  11.34  2.079
  11.35  3.466
  11.36  3.466
  11.37  2.996
  11.4  4.585
  11.41  4.174
  11.43  2.079
  11.44  3.466
  11.46  3.178
  11.49  4.382
  11.53  2.485
  11.54  3.332
  11.55  2.079
  11.59  3.526
  11.62  2.079
  11.64  2.773
  11.67  2.773
  11.72  2.079
  11.73  2.485
  11.78  0.
  11.82  2.079
  11.9  1.386
  11.96  0.
