  0.  0.0006817
  2.262  0.
  2.263  2.337
  2.274  2.337
  2.286  2.337
  2.298  2.337
  2.31  2.336
  2.322  2.336
  2.334  2.337
  2.346  2.337
  2.358  2.337
  2.37  2.337
  2.382  2.337
  2.394  2.337
  2.406  2.337
  2.418  2.337
  2.442  2.337
  2.466  2.337
  2.478  2.338
  2.49  2.338
  2.502  2.338
  2.538  2.34
  2.586  2.342
  2.61  2.344
  2.611  0.
  4.01  0.
  4.022  4.464
  4.046  4.473
  4.058  4.477
  4.082  4.484
  4.094  4.488
  4.106  4.491
  4.118  4.495
  4.13  4.498
  4.142  4.501
  4.154  4.503
  4.166  4.506
  4.178  4.509
  4.19  4.511
  4.202  4.513
  4.214  4.515
  4.226  4.517
  4.238  4.519
  4.25  4.52
  4.262  4.522
  4.274  4.523
  4.286  4.524
  4.298  4.525
  4.309  4.526
  4.322  4.527
  4.333  4.528
  4.345  4.528
  4.357  4.529
  4.369  4.529
  4.381  4.529
  4.393  4.529
  4.405  4.529
  4.417  4.529
  4.429  4.529
  4.441  4.529
  4.453  4.529
  4.465  4.529
  4.477  4.528
  4.489  4.528
  4.501  4.527
  4.513  4.527
  4.525  4.527
  4.537  4.526
  4.549  4.526
  4.561  4.525
  4.573  4.525
  4.585  4.525
  4.597  4.525
  4.609  4.525
  4.621  4.525
  4.633  4.525
  4.645  4.525
  4.657  4.526
  4.669  4.526
  4.681  4.527
  4.693  4.529
  4.705  4.53
  4.717  4.532
  4.729  4.534
  4.74  4.536
  4.764  4.542
  4.788  4.549
  4.812  4.558
  4.872  4.589
  4.896  4.605
  5.279  5.216
  5.291  5.244
  5.303  5.272
  5.315  5.3
  5.327  5.329
  5.339  5.357
  5.351  5.386
  5.363  5.415
  5.375  5.444
  5.387  5.473
  5.399  5.502
  5.411  5.531
  5.435  5.589
  5.447  5.618
  5.459  5.648
  5.471  5.676
  5.483  5.705
  5.495  5.734
  5.507  5.762
  5.519  5.791
  5.531  5.819
  5.543  5.847
  5.554  5.875
  5.566  5.903
  5.579  5.93
  5.59  5.957
  5.602  5.985
  5.614  6.011
  5.626  6.038
  5.638  6.064
  5.65  6.09
  5.662  6.115
  5.674  6.14
  5.686  6.165
  5.698  6.19
  5.71  6.214
  5.722  6.238
  5.734  6.262
  5.746  6.285
  5.758  6.308
  5.77  6.331
  5.782  6.353
  5.794  6.375
  5.806  6.396
  5.818  6.417
  5.83  6.438
  5.842  6.459
  5.854  6.479
  5.866  6.499
  5.878  6.518
  5.89  6.537
  5.902  6.556
  5.914  6.574
  5.926  6.592
  5.938  6.61
  5.95  6.627
  5.962  6.644
  5.973  6.661
  5.986  6.677
  5.998  6.693
  6.009  6.708
  6.021  6.724
  6.033  6.739
  6.045  6.754
  6.057  6.768
  6.069  6.782
  6.081  6.796
  6.093  6.81
  6.105  6.824
  6.117  6.837
  6.129  6.85
  6.141  6.862
  6.153  6.875
  6.165  6.887
  6.177  6.899
  6.189  6.911
  6.201  6.923
  6.213  6.935
  6.225  6.946
  6.237  6.958
  6.249  6.969
  6.261  6.98
  6.273  6.991
  6.285  7.002
  6.297  7.013
  6.309  7.024
  6.321  7.035
  6.333  7.046
  6.345  7.057
  6.357  7.068
  6.369  7.078
  6.38  7.089
  6.393  7.1
  6.404  7.111
  6.416  7.122
  6.428  7.133
  6.44  7.145
  6.452  7.156
  6.464  7.167
  6.476  7.179
  6.488  7.191
  6.5  7.203
  6.512  7.215
  6.524  7.227
  6.536  7.239
  6.548  7.252
  6.56  7.264
  6.572  7.277
  6.584  7.29
  6.596  7.304
  6.608  7.317
  6.62  7.331
  6.632  7.345
  6.644  7.359
  6.656  7.374
  6.668  7.388
  6.68  7.403
  6.692  7.418
  6.704  7.434
  6.716  7.449
  6.728  7.465
  6.74  7.481
  6.752  7.497
  6.764  7.514
  6.776  7.53
  6.787  7.547
  6.8  7.564
  6.812  7.582
  6.823  7.599
  6.835  7.617
  6.847  7.635
  6.859  7.653
  6.871  7.671
  6.883  7.689
  6.895  7.708
  6.907  7.726
  6.919  7.745
  6.931  7.764
  6.943  7.783
  6.955  7.802
  6.967  7.821
  6.979  7.84
  6.991  7.86
  7.003  7.879
  7.015  7.898
  7.027  7.918
  7.039  7.937
  7.051  7.957
  7.063  7.976
  7.075  7.996
  7.087  8.015
  7.099  8.035
  7.111  8.054
  7.123  8.073
  7.135  8.092
  7.147  8.111
  7.159  8.13
  7.171  8.149
  7.183  8.168
  7.195  8.187
  7.207  8.205
  7.219  8.224
  7.23  8.242
  7.242  8.26
  7.254  8.278
  7.266  8.296
  7.278  8.313
  7.29  8.331
  7.302  8.348
  7.314  8.365
  7.326  8.382
  7.338  8.398
  7.35  8.415
  7.362  8.431
  7.374  8.447
  7.386  8.462
  7.398  8.478
  7.41  8.493
  7.422  8.508
  7.434  8.523
  7.446  8.537
  7.458  8.552
  7.47  8.566
  7.482  8.579
  7.494  8.593
  7.506  8.606
  7.518  8.619
  7.53  8.632
  7.542  8.645
  7.554  8.657
  7.566  8.669
  7.578  8.681
  7.59  8.693
  7.602  8.704
  7.614  8.715
  7.626  8.726
  7.637  8.737
  7.649  8.747
  7.661  8.758
  7.673  8.768
  7.685  8.778
  7.697  8.787
  7.709  8.797
  7.721  8.806
  7.733  8.815
  7.745  8.824
  7.757  8.833
  7.769  8.841
  7.781  8.849
  7.793  8.858
  7.805  8.866
  7.817  8.873
  7.829  8.881
  7.841  8.889
  7.853  8.896
  7.865  8.903
  7.877  8.91
  7.889  8.917
  7.901  8.924
  7.913  8.931
  7.925  8.937
  7.937  8.944
  7.949  8.95
  7.961  8.956
  7.973  8.962
  7.985  8.968
  7.997  8.974
  8.009  8.98
  8.021  8.985
  8.033  8.991
  8.044  8.996
  8.056  9.001
  8.068  9.007
  8.08  9.012
  8.092  9.017
  8.104  9.022
  8.116  9.026
  8.128  9.031
  8.14  9.036
  8.152  9.04
  8.164  9.045
  8.176  9.049
  8.188  9.053
  8.2  9.057
  8.212  9.061
  8.224  9.065
  8.236  9.069
  8.248  9.073
  8.26  9.076
  8.272  9.08
  8.284  9.083
  8.296  9.087
  8.308  9.09
  8.32  9.093
  8.332  9.096
  8.344  9.1
  8.356  9.102
  8.368  9.105
  8.38  9.108
  8.392  9.111
  8.404  9.113
  8.416  9.116
  8.428  9.118
  8.44  9.12
  8.451  9.122
  8.463  9.124
  8.475  9.126
  8.487  9.128
  8.499  9.13
  8.511  9.132
  8.523  9.133
  8.535  9.134
  8.547  9.136
  8.559  9.137
  8.571  9.138
  8.583  9.139
  8.595  9.14
  8.607  9.141
  8.619  9.141
  8.631  9.142
  8.643  9.142
  8.655  9.143
  8.667  9.143
  8.679  9.143
  8.691  9.143
  8.703  9.143
  8.715  9.143
  8.727  9.142
  8.739  9.142
  8.751  9.141
  8.763  9.14
  8.775  9.14
  8.787  9.139
  8.799  9.137
  8.811  9.136
  8.823  9.135
  8.835  9.133
  8.847  9.132
  8.858  9.13
  8.87  9.128
  8.883  9.126
  8.894  9.124
  8.906  9.122
  8.918  9.119
  8.93  9.117
  8.942  9.114
  8.954  9.111
  8.966  9.108
  8.978  9.105
  8.99  9.102
  9.002  9.099
  9.014  9.095
  9.026  9.092
  9.038  9.088
  9.05  9.084
  9.062  9.08
  9.074  9.075
  9.086  9.071
  9.098  9.066
  9.11  9.062
  9.122  9.057
  9.134  9.051
  9.146  9.046
  9.158  9.041
  9.17  9.035
  9.182  9.029
  9.194  9.023
  9.206  9.017
  9.218  9.011
  9.23  9.005
  9.242  8.998
  9.254  8.991
  9.265  8.984
  9.277  8.977
  9.29  8.969
  9.301  8.962
  9.313  8.954
  9.325  8.946
  9.337  8.937
  9.349  8.929
  9.361  8.92
  9.373  8.911
  9.385  8.902
  9.397  8.893
  9.409  8.884
  9.421  8.874
  9.433  8.864
  9.445  8.854
  9.457  8.843
  9.469  8.833
  9.481  8.822
  9.493  8.811
  9.505  8.799
  9.517  8.788
  9.529  8.776
  9.541  8.764
  9.553  8.751
  9.565  8.739
  9.577  8.726
  9.589  8.713
  9.601  8.7
  9.613  8.686
  9.625  8.672
  9.637  8.658
  9.649  8.644
  9.661  8.629
  9.672  8.615
  9.684  8.599
  9.697  8.584
  9.708  8.568
  9.72  8.553
  9.732  8.536
  9.744  8.52
  9.756  8.503
  9.768  8.486
  9.78  8.469
  9.792  8.451
  9.804  8.434
  9.816  8.416
  9.828  8.397
  9.84  8.379
  9.852  8.36
  9.864  8.341
  9.876  8.321
  9.888  8.301
  9.9  8.281
  9.912  8.261
  9.924  8.241
  9.936  8.22
  9.948  8.199
  9.96  8.177
  9.972  8.156
  9.984  8.134
  9.996  8.111
  10.01  8.089
  10.02  8.066
  10.03  8.043
  10.04  8.02
  10.06  7.997
  10.07  7.973
  10.08  7.948
  10.09  7.924
  10.1  7.9
  10.12  7.875
  10.13  7.85
  10.14  7.824
  10.15  7.798
  10.16  7.772
  10.18  7.746
  10.19  7.72
  10.2  7.693
  10.21  7.666
  10.22  7.639
  10.24  7.612
  10.25  7.584
  10.26  7.556
  10.27  7.528
  10.28  7.5
  10.29  7.471
  10.31  7.443
  10.32  7.413
  10.33  7.384
  10.34  7.355
  10.35  7.325
  10.37  7.295
  10.38  7.266
  10.39  7.235
  10.4  7.205
  10.41  7.174
  10.43  7.144
  10.44  7.113
  10.45  7.082
  10.46  7.05
  10.47  7.019
  10.49  6.987
  10.5  6.956
  10.51  6.924
  10.52  6.892
  10.53  6.86
  10.55  6.828
  10.56  6.795
  10.57  6.763
  10.58  6.731
  10.59  6.698
  10.61  6.665
  10.62  6.632
  10.63  6.599
  10.64  6.566
  10.65  6.533
  10.67  6.5
  10.68  6.467
  10.69  6.434
  10.7  6.401
  10.71  6.367
  10.73  6.334
  10.74  6.301
  10.75  6.267
  10.76  6.234
  10.77  6.201
  10.79  6.167
  10.8  6.134
  10.81  6.1
  10.82  6.067
  10.83  6.034
  10.85  6.
  10.86  5.967
  10.87  5.934
  10.88  5.901
  10.89  5.867
  10.91  5.834
  10.92  5.801
  10.93  5.768
  10.94  5.735
  10.95  5.702
  10.97  5.669
  10.98  5.636
  10.99  5.604
  11.  5.571
  11.01  5.539
  11.03  5.506
  11.04  5.474
  11.05  5.442
  11.06  5.409
  11.07  5.377
  11.09  5.345
  11.1  5.314
  11.11  5.282
  11.12  5.25
  11.13  5.219
  11.14  5.187
  11.16  5.156
  11.17  5.125
  11.18  5.094
  11.19  5.063
  11.2  5.032
  11.22  5.001
  11.23  4.971
  11.25  4.91
  11.26  4.88
  11.28  4.85
  11.3  4.791
  11.31  4.761
  11.32  4.732
  11.34  4.702
  11.35  4.673
  11.36  4.644
  11.37  4.615
  11.4  4.558
  11.41  4.529
  11.43  4.473
  11.44  4.445
  11.46  4.417
  11.49  4.334
  11.53  4.253
  11.54  4.226
  11.55  4.199
  11.59  4.119
  11.62  4.041
  11.64  4.015
  11.67  3.939
  11.72  3.839
  11.73  3.814
  11.78  3.717
  11.82  3.645
  11.9  3.482
  11.96  3.369
