  0.0000E+00  0.0000E+00  0.2788E+01  0.0000E+00  0.0000E+00
  0.1154E+00  0.1386E+01  0.3025E+01  0.2391E+01  0.2096E+01
  0.2020E+00  0.0000E+00  0.3212E+01  0.2399E+01  0.2161E+01
  0.2092E+00  0.2079E+01  0.3228E+01  0.2399E+01  0.2253E+01
  0.3102E+00  0.2996E+01  0.3456E+01  0.2404E+01  0.2294E+01
  0.3968E+00  0.6931E+00  0.3658E+01  0.2406E+01  0.2343E+01
  0.4112E+00  0.3178E+01  0.3692E+01  0.2406E+01  0.2382E+01
  0.4256E+00  0.2773E+01  0.3727E+01  0.2406E+01  0.2417E+01
  0.5122E+00  0.3871E+01  0.3936E+01  0.2403E+01  0.2424E+01
  0.5194E+00  0.3466E+01  0.3954E+01  0.2403E+01  0.2472E+01
  0.5988E+00  0.1099E+01  0.4150E+01  0.2396E+01  0.2477E+01
  0.6132E+00  0.4159E+01  0.4186E+01  0.2394E+01  0.2497E+01
  0.6204E+00  0.4382E+01  0.4204E+01  0.2393E+01  0.2516E+01
  0.7142E+00  0.4522E+01  0.4440E+01  0.2379E+01  0.2518E+01
  0.7214E+00  0.5075E+01  0.4459E+01  0.2377E+01  0.2537E+01
  0.8008E+00  0.1609E+01  0.4660E+01  0.2360E+01  0.2538E+01
  0.8080E+00  0.4025E+01  0.4678E+01  0.2358E+01  0.2542E+01
  0.8152E+00  0.3689E+01  0.4697E+01  0.2356E+01  0.2542E+01
  0.8224E+00  0.5768E+01  0.4715E+01  0.2354E+01  0.2540E+01
  0.9090E+00  0.5024E+01  0.4935E+01  0.2328E+01  0.2539E+01
  0.9162E+00  0.2079E+01  0.4953E+01  0.2325E+01  0.2533E+01
  0.9234E+00  0.6105E+01  0.4971E+01  0.2323E+01  0.2531E+01
  0.9306E+00  0.4159E+01  0.4990E+01  0.2320E+01  0.2521E+01
  0.1003E+01  0.1946E+01  0.5172E+01  0.2292E+01  0.2519E+01
  0.1010E+01  0.5075E+01  0.5190E+01  0.2289E+01  0.2504E+01
  0.1024E+01  0.6623E+01  0.5226E+01  0.2283E+01  0.2501E+01
  0.1032E+01  0.4852E+01  0.5244E+01  0.2280E+01  0.2479E+01
  0.1111E+01  0.5447E+01  0.5440E+01  0.2242E+01  0.2473E+01
  0.1125E+01  0.6931E+01  0.5476E+01  0.2235E+01  0.2450E+01
  0.1133E+01  0.5768E+01  0.5493E+01  0.2231E+01  0.2424E+01
  0.1198E+01  0.2398E+01  0.5651E+01  0.2196E+01  0.2417E+01
  0.1212E+01  0.5513E+01  0.5685E+01  0.2187E+01  0.2392E+01
  0.1219E+01  0.6977E+01  0.5702E+01  0.2183E+01  0.2384E+01
  0.1226E+01  0.5864E+01  0.5719E+01  0.2179E+01  0.2378E+01
  0.1234E+01  0.6461E+01  0.5737E+01  0.2175E+01  0.2344E+01
  0.1313E+01  0.5841E+01  0.5922E+01  0.2125E+01  0.2338E+01
  0.1320E+01  0.7509E+01  0.5939E+01  0.2120E+01  0.2298E+01
  0.1335E+01  0.7049E+01  0.5972E+01  0.2111E+01  0.2266E+01
  0.1400E+01  0.2565E+01  0.6119E+01  0.2066E+01  0.2254E+01
  0.1414E+01  0.5886E+01  0.6151E+01  0.2056E+01  0.2221E+01
  0.1421E+01  0.7770E+01  0.6167E+01  0.2051E+01  0.2207E+01
  0.1436E+01  0.7560E+01  0.6199E+01  0.2041E+01  0.2170E+01
  0.1508E+01  0.4787E+01  0.6355E+01  0.1987E+01  0.2160E+01
  0.1515E+01  0.6011E+01  0.6370E+01  0.1981E+01  0.2123E+01
  0.1522E+01  0.7908E+01  0.6385E+01  0.1976E+01  0.2116E+01
  0.1529E+01  0.8051E+01  0.6401E+01  0.1970E+01  0.2078E+01
  0.1602E+01  0.2890E+01  0.6550E+01  0.1913E+01  0.2072E+01
  0.1609E+01  0.5908E+01  0.6565E+01  0.1908E+01  0.2034E+01
  0.1616E+01  0.4852E+01  0.6580E+01  0.1902E+01  0.2027E+01
  0.1623E+01  0.8189E+01  0.6594E+01  0.1896E+01  0.2021E+01
  0.1630E+01  0.8349E+01  0.6609E+01  0.1890E+01  0.2011E+01
  0.1645E+01  0.5545E+01  0.6638E+01  0.1878E+01  0.1977E+01
  0.1710E+01  0.6528E+01  0.6766E+01  0.1824E+01  0.1967E+01
  0.1717E+01  0.2079E+01  0.6780E+01  0.1818E+01  0.1934E+01
  0.1724E+01  0.8318E+01  0.6794E+01  0.1811E+01  0.1927E+01
  0.1731E+01  0.8702E+01  0.6808E+01  0.1805E+01  0.1917E+01
  0.1746E+01  0.6238E+01  0.6835E+01  0.1793E+01  0.1887E+01
  0.1804E+01  0.3091E+01  0.6944E+01  0.1742E+01  0.1877E+01
  0.1811E+01  0.6534E+01  0.6957E+01  0.1736E+01  0.1848E+01
  0.1818E+01  0.5606E+01  0.6970E+01  0.1729E+01  0.1841E+01
  0.1825E+01  0.8490E+01  0.6984E+01  0.1723E+01  0.1835E+01
  0.1832E+01  0.8930E+01  0.6997E+01  0.1717E+01  0.1825E+01
  0.1847E+01  0.7155E+01  0.7023E+01  0.1704E+01  0.1792E+01
  0.1912E+01  0.6798E+01  0.7139E+01  0.1644E+01  0.1782E+01
  0.1919E+01  0.7810E+01  0.7152E+01  0.1638E+01  0.1750E+01
  0.1926E+01  0.8110E+01  0.7164E+01  0.1631E+01  0.1743E+01
  0.1933E+01  0.9202E+01  0.7177E+01  0.1624E+01  0.1736E+01
  0.1941E+01  0.7625E+01  0.7189E+01  0.1617E+01  0.1703E+01
  0.2006E+01  0.3332E+01  0.7300E+01  0.1556E+01  0.1696E+01
  0.2013E+01  0.6733E+01  0.7312E+01  0.1549E+01  0.1663E+01
  0.2020E+01  0.8759E+01  0.7324E+01  0.1542E+01  0.1656E+01
  0.2027E+01  0.6664E+01  0.7336E+01  0.1535E+01  0.1649E+01
  0.2034E+01  0.9374E+01  0.7347E+01  0.1528E+01  0.1642E+01
  0.2042E+01  0.8184E+01  0.7359E+01  0.1521E+01  0.1604E+01
  0.2114E+01  0.7053E+01  0.7475E+01  0.1450E+01  0.1597E+01
  0.2121E+01  0.8951E+01  0.7486E+01  0.1443E+01  0.1554E+01
  0.2135E+01  0.9601E+01  0.7508E+01  0.1429E+01  0.1547E+01
  0.2143E+01  0.8541E+01  0.7519E+01  0.1422E+01  0.1510E+01
  0.2200E+01  0.3466E+01  0.7606E+01  0.1364E+01  0.1502E+01
  0.2208E+01  0.3178E+01  0.7617E+01  0.1356E+01  0.1468E+01
  0.2215E+01  0.6931E+01  0.7628E+01  0.1349E+01  0.1461E+01
  0.2222E+01  0.9148E+01  0.7638E+01  0.1341E+01  0.1453E+01
  0.2229E+01  0.8110E+01  0.7649E+01  0.1334E+01  0.1445E+01
  0.2236E+01  0.9506E+01  0.7659E+01  0.1327E+01  0.1437E+01
  0.2244E+01  0.8946E+01  0.7669E+01  0.1319E+01  0.1398E+01
  0.2309E+01  0.6238E+01  0.7760E+01  0.1252E+01  0.1390E+01
  0.2316E+01  0.6743E+01  0.7770E+01  0.1244E+01  0.1349E+01
  0.2323E+01  0.9221E+01  0.7779E+01  0.1237E+01  0.1341E+01
  0.2330E+01  0.9562E+01  0.7789E+01  0.1229E+01  0.1333E+01
  0.2337E+01  0.8659E+01  0.7798E+01  0.1222E+01  0.1324E+01
  0.2345E+01  0.9234E+01  0.7808E+01  0.1214E+01  0.1286E+01
  0.2402E+01  0.3664E+01  0.7882E+01  0.1153E+01  0.1278E+01
  0.2410E+01  0.6992E+01  0.7891E+01  0.1145E+01  0.1239E+01
  0.2417E+01  0.5075E+01  0.7900E+01  0.1137E+01  0.1230E+01
  0.2424E+01  0.9391E+01  0.7909E+01  0.1130E+01  0.1222E+01
  0.2431E+01  0.9988E+01  0.7918E+01  0.1122E+01  0.1209E+01
  0.2446E+01  0.9553E+01  0.7935E+01  0.1107E+01  0.1164E+01
  0.2511E+01  0.7393E+01  0.8010E+01  0.1037E+01  0.1146E+01
  0.2525E+01  0.9414E+01  0.8026E+01  0.1021E+01  0.1101E+01
  0.2532E+01  0.1019E+02  0.8034E+01  0.1013E+01  0.1087E+01
  0.2539E+01  0.9072E+01  0.8042E+01  0.1005E+01  0.1078E+01
  0.2547E+01  0.8803E+01  0.8049E+01  0.9975E+00  0.1069E+01
  0.2554E+01  0.6931E+01  0.8057E+01  0.9897E+00  0.1031E+01
  0.2604E+01  0.3738E+01  0.8109E+01  0.9348E+00  0.1022E+01
  0.2612E+01  0.7289E+01  0.8116E+01  0.9270E+00  0.9848E+00
  0.2619E+01  0.7482E+01  0.8123E+01  0.9190E+00  0.9754E+00
  0.2626E+01  0.9416E+01  0.8130E+01  0.9112E+00  0.9660E+00
  0.2633E+01  0.1029E+02  0.8137E+01  0.9034E+00  0.9566E+00
  0.2640E+01  0.9808E+01  0.8144E+01  0.8955E+00  0.9425E+00
  0.2655E+01  0.7625E+01  0.8157E+01  0.8799E+00  0.9002E+00
  0.2713E+01  0.7548E+01  0.8209E+01  0.8171E+00  0.8860E+00
  0.2720E+01  0.9218E+01  0.8215E+01  0.8091E+00  0.8436E+00
  0.2727E+01  0.8349E+01  0.8221E+01  0.8013E+00  0.8341E+00
  0.2734E+01  0.1043E+02  0.8227E+01  0.7935E+00  0.8247E+00
  0.2741E+01  0.9927E+01  0.8233E+01  0.7857E+00  0.8106E+00
  0.2756E+01  0.8030E+01  0.8244E+01  0.7700E+00  0.7732E+00
  0.2806E+01  0.3871E+01  0.8283E+01  0.7154E+00  0.7592E+00
  0.2814E+01  0.7398E+01  0.8288E+01  0.7076E+00  0.7219E+00
  0.2821E+01  0.9680E+01  0.8293E+01  0.6998E+00  0.7126E+00
  0.2828E+01  0.5908E+01  0.8299E+01  0.6920E+00  0.7034E+00
  0.2835E+01  0.1049E+02  0.8304E+01  0.6843E+00  0.6941E+00
  0.2842E+01  0.1009E+02  0.8309E+01  0.6765E+00  0.6804E+00
  0.2857E+01  0.8318E+01  0.8318E+01  0.6611E+00  0.6394E+00
  0.2915E+01  0.7627E+01  0.8355E+01  0.5995E+00  0.6258E+00
  0.2922E+01  0.9714E+01  0.8359E+01  0.5918E+00  0.5810E+00
  0.2936E+01  0.1059E+02  0.8367E+01  0.5765E+00  0.5721E+00
  0.2943E+01  0.1019E+02  0.8371E+01  0.5689E+00  0.5589E+00
  0.2951E+01  0.8541E+01  0.8375E+01  0.5613E+00  0.5241E+00
  0.3001E+01  0.3932E+01  0.8402E+01  0.5084E+00  0.5112E+00
  0.3016E+01  0.7518E+01  0.8408E+01  0.4934E+00  0.4769E+00
  0.3023E+01  0.9815E+01  0.8412E+01  0.4858E+00  0.4643E+00
  0.3030E+01  0.9506E+01  0.8415E+01  0.4783E+00  0.4559E+00
  0.3037E+01  0.1024E+02  0.8418E+01  0.4709E+00  0.4475E+00
  0.3044E+01  0.1032E+02  0.8422E+01  0.4635E+00  0.4393E+00
  0.3052E+01  0.8723E+01  0.8425E+01  0.4560E+00  0.4026E+00
  0.3109E+01  0.3332E+01  0.8448E+01  0.3971E+00  0.3946E+00
  0.3117E+01  0.7693E+01  0.8450E+01  0.3898E+00  0.3586E+00
  0.3124E+01  0.9815E+01  0.8453E+01  0.3824E+00  0.3508E+00
  0.3131E+01  0.1064E+02  0.8455E+01  0.3751E+00  0.3429E+00
  0.3138E+01  0.8030E+01  0.8458E+01  0.3679E+00  0.3352E+00
  0.3145E+01  0.1038E+02  0.8460E+01  0.3606E+00  0.3275E+00
  0.3153E+01  0.8877E+01  0.8463E+01  0.3534E+00  0.2972E+00
  0.3203E+01  0.4007E+01  0.8477E+01  0.3032E+00  0.2897E+00
  0.3210E+01  0.6254E+01  0.8479E+01  0.2961E+00  0.2600E+00
  0.3218E+01  0.7233E+01  0.8481E+01  0.2890E+00  0.2526E+00
  0.3225E+01  0.9904E+01  0.8483E+01  0.2819E+00  0.2454E+00
  0.3232E+01  0.1073E+02  0.8485E+01  0.2748E+00  0.2345E+00
  0.3246E+01  0.1047E+02  0.8488E+01  0.2608E+00  0.2274E+00
  0.3254E+01  0.9011E+01  0.8490E+01  0.2538E+00  0.1922E+00
  0.3311E+01  0.7652E+01  0.8501E+01  0.1982E+00  0.1853E+00
  0.3319E+01  0.6342E+01  0.8502E+01  0.1914E+00  0.1542E+00
  0.3326E+01  0.9856E+01  0.8503E+01  0.1844E+00  0.1475E+00
  0.3333E+01  0.1080E+02  0.8504E+01  0.1776E+00  0.1407E+00
  0.3340E+01  0.9571E+01  0.8505E+01  0.1708E+00  0.1340E+00
  0.3347E+01  0.9976E+01  0.8506E+01  0.1640E+00  0.1274E+00
  0.3355E+01  0.9129E+01  0.8507E+01  0.1572E+00  0.1010E+00
  0.3405E+01  0.4007E+01  0.8512E+01  0.1101E+00  0.9446E-01
  0.3412E+01  0.7601E+01  0.8512E+01  0.1035E+00  0.6849E-01
  0.3420E+01  0.8859E+01  0.8513E+01  0.9683E-01  0.6204E-01
  0.3427E+01  0.9533E+01  0.8513E+01  0.9012E-01  0.5566E-01
  0.3434E+01  0.1081E+02  0.8513E+01  0.8351E-01  0.4925E-01
  0.3441E+01  0.1052E+02  0.8514E+01  0.7692E-01  0.3975E-01
  0.3456E+01  0.9234E+01  0.8514E+01  0.6379E-01  0.1150E-01
  0.3513E+01  0.7798E+01  0.8515E+01  0.1178E-01  0.2138E-02
  0.3521E+01  0.9718E+01  0.8514E+01  0.5358E-02 -0.2583E-01
  0.3528E+01  0.8040E+01  0.8514E+01 -0.1138E-02 -0.3198E-01
  0.3535E+01  0.1087E+02  0.8514E+01 -0.7529E-02 -0.3816E-01
  0.3542E+01  0.1049E+02  0.8514E+01 -0.1391E-01 -0.4734E-01
  0.3557E+01  0.9329E+01  0.8513E+01 -0.2662E-01 -0.6869E-01
  0.3600E+01  0.1386E+01  0.8510E+01 -0.6448E-01 -0.7781E-01
  0.3607E+01  0.3989E+01  0.8509E+01 -0.7073E-01 -0.9904E-01
  0.3614E+01  0.7601E+01  0.8508E+01 -0.7696E-01 -0.1051E+00
  0.3622E+01  0.9995E+01  0.8507E+01 -0.8317E-01 -0.1111E+00
  0.3629E+01  0.3466E+01  0.8507E+01 -0.8938E-01 -0.1172E+00
  0.3636E+01  0.1073E+02  0.8506E+01 -0.9565E-01 -0.1232E+00
  0.3643E+01  0.1079E+02  0.8505E+01 -0.1018E+00 -0.1352E+00
  0.3665E+01  0.8318E+01  0.8502E+01 -0.1203E+00 -0.1592E+00
  0.3715E+01  0.7798E+01  0.8493E+01 -0.1629E+00 -0.1711E+00
  0.3723E+01  0.9889E+01  0.8492E+01 -0.1689E+00 -0.1950E+00
  0.3730E+01  0.9156E+01  0.8491E+01 -0.1750E+00 -0.2010E+00
  0.3737E+01  0.1067E+02  0.8489E+01 -0.1810E+00 -0.2069E+00
  0.3744E+01  0.1049E+02  0.8488E+01 -0.1870E+00 -0.2129E+00
  0.3751E+01  0.9329E+01  0.8486E+01 -0.1930E+00 -0.2366E+00
  0.3802E+01  0.4007E+01  0.8474E+01 -0.2346E+00 -0.2454E+00
  0.3816E+01  0.7601E+01  0.8470E+01 -0.2463E+00 -0.2690E+00
  0.3824E+01  0.9945E+01  0.8468E+01 -0.2521E+00 -0.2778E+00
  0.3831E+01  0.1063E+02  0.8466E+01 -0.2580E+00 -0.2837E+00
  0.3838E+01  0.8963E+01  0.8464E+01 -0.2639E+00 -0.2895E+00
  0.3845E+01  0.1052E+02  0.8462E+01 -0.2697E+00 -0.2954E+00
  0.3852E+01  0.9234E+01  0.8460E+01 -0.2755E+00 -0.3215E+00
  0.3910E+01  0.5447E+01  0.8441E+01 -0.3217E+00 -0.3273E+00
  0.3917E+01  0.7674E+01  0.8438E+01 -0.3274E+00 -0.3532E+00
  0.3925E+01  0.9871E+01  0.8436E+01 -0.3331E+00 -0.3589E+00
  0.3932E+01  0.1080E+02  0.8433E+01 -0.3388E+00 -0.3674E+00
  0.3946E+01  0.1049E+02  0.8428E+01 -0.3502E+00 -0.3731E+00
  0.3953E+01  0.9129E+01  0.8425E+01 -0.3559E+00 -0.3984E+00
  0.4004E+01  0.4007E+01  0.8405E+01 -0.3953E+00 -0.4040E+00
  0.4011E+01  0.7136E+01  0.8402E+01 -0.4009E+00 -0.4262E+00
  0.4018E+01  0.6474E+01  0.8399E+01 -0.4065E+00 -0.4317E+00
  0.4026E+01  0.9904E+01  0.8396E+01 -0.4121E+00 -0.4372E+00
  0.4033E+01  0.1073E+02  0.8393E+01 -0.4176E+00 -0.4427E+00
  0.4040E+01  0.8436E+01  0.8389E+01 -0.4233E+00 -0.4481E+00
  0.4047E+01  0.1032E+02  0.8386E+01 -0.4288E+00 -0.4535E+00
  0.4054E+01  0.9011E+01  0.8383E+01 -0.4344E+00 -0.4776E+00
  0.4112E+01  0.7685E+01  0.8355E+01 -0.4786E+00 -0.4829E+00
  0.4119E+01  0.3784E+01  0.8351E+01 -0.4841E+00 -0.5066E+00
  0.4127E+01  0.9815E+01  0.8348E+01 -0.4896E+00 -0.5118E+00
  0.4134E+01  0.1071E+02  0.8344E+01 -0.4951E+00 -0.5170E+00
  0.4141E+01  0.1004E+02  0.8340E+01 -0.5007E+00 -0.5221E+00
  0.4148E+01  0.9129E+01  0.8336E+01 -0.5062E+00 -0.5273E+00
  0.4155E+01  0.8877E+01  0.8333E+01 -0.5116E+00 -0.5476E+00
  0.4206E+01  0.3932E+01  0.8305E+01 -0.5500E+00 -0.5526E+00
  0.4213E+01  0.7518E+01  0.8301E+01 -0.5554E+00 -0.5726E+00
  0.4220E+01  0.7191E+01  0.8297E+01 -0.5609E+00 -0.5776E+00
  0.4228E+01  0.9740E+01  0.8292E+01 -0.5663E+00 -0.5825E+00
  0.4235E+01  0.1063E+02  0.8288E+01 -0.5718E+00 -0.5875E+00
  0.4242E+01  0.1032E+02  0.8284E+01 -0.5773E+00 -0.5948E+00
  0.4256E+01  0.8723E+01  0.8275E+01 -0.5882E+00 -0.6168E+00
  0.4314E+01  0.7627E+01  0.8239E+01 -0.6320E+00 -0.6240E+00
  0.4321E+01  0.9064E+01  0.8235E+01 -0.6374E+00 -0.6458E+00
  0.4329E+01  0.8975E+01  0.8230E+01 -0.6429E+00 -0.6506E+00
  0.4336E+01  0.1059E+02  0.8225E+01 -0.6484E+00 -0.6555E+00
  0.4343E+01  0.1019E+02  0.8221E+01 -0.6539E+00 -0.6627E+00
  0.4357E+01  0.8541E+01  0.8211E+01 -0.6649E+00 -0.6796E+00
  0.4401E+01  0.1099E+01  0.8181E+01 -0.6980E+00 -0.6869E+00
  0.4408E+01  0.3807E+01  0.8176E+01 -0.7035E+00 -0.7039E+00
  0.4415E+01  0.7398E+01  0.8171E+01 -0.7091E+00 -0.7088E+00
  0.4422E+01  0.9665E+01  0.8166E+01 -0.7146E+00 -0.7137E+00
  0.4429E+01  0.6410E+01  0.8161E+01 -0.7201E+00 -0.7186E+00
  0.4437E+01  0.1049E+02  0.8156E+01 -0.7257E+00 -0.7235E+00
  0.4444E+01  0.1009E+02  0.8151E+01 -0.7313E+00 -0.7285E+00
  0.4451E+01  0.8318E+01  0.8145E+01 -0.7369E+00 -0.7537E+00
  0.4516E+01  0.7548E+01  0.8096E+01 -0.7875E+00 -0.7588E+00
  0.4523E+01  0.9568E+01  0.8091E+01 -0.7931E+00 -0.7845E+00
  0.4530E+01  0.9374E+01  0.8085E+01 -0.7988E+00 -0.7898E+00
  0.4538E+01  0.1000E+02  0.8079E+01 -0.8045E+00 -0.7951E+00
  0.4545E+01  0.9927E+01  0.8073E+01 -0.8103E+00 -0.8005E+00
  0.4552E+01  0.8030E+01  0.8068E+01 -0.8160E+00 -0.8224E+00
  0.4603E+01  0.3738E+01  0.8026E+01 -0.8564E+00 -0.8280E+00
  0.4610E+01  0.2773E+01  0.8020E+01 -0.8622E+00 -0.8505E+00
  0.4617E+01  0.7278E+01  0.8014E+01 -0.8680E+00 -0.8563E+00
  0.4624E+01  0.9551E+01  0.8007E+01 -0.8738E+00 -0.8621E+00
  0.4631E+01  0.1024E+02  0.8001E+01 -0.8797E+00 -0.8680E+00
  0.4639E+01  0.7337E+01  0.7995E+01 -0.8856E+00 -0.8739E+00
  0.4646E+01  0.9808E+01  0.7989E+01 -0.8915E+00 -0.8799E+00
  0.4653E+01  0.7625E+01  0.7982E+01 -0.8974E+00 -0.9077E+00
  0.4711E+01  0.5298E+01  0.7930E+01 -0.9452E+00 -0.9139E+00
  0.4718E+01  0.7261E+01  0.7923E+01 -0.9512E+00 -0.9427E+00
  0.4725E+01  0.9414E+01  0.7916E+01 -0.9573E+00 -0.9492E+00
  0.4732E+01  0.1019E+02  0.7909E+01 -0.9633E+00 -0.9592E+00
  0.4747E+01  0.9640E+01  0.7895E+01 -0.9756E+00 -0.9659E+00
  0.4754E+01  0.6931E+01  0.7888E+01 -0.9817E+00 -0.9970E+00
  0.4805E+01  0.3664E+01  0.7838E+01 -0.1025E+01 -0.1004E+01
  0.4812E+01  0.6743E+01  0.7830E+01 -0.1031E+01 -0.1033E+01
  0.4819E+01  0.5991E+01  0.7823E+01 -0.1037E+01 -0.1040E+01
  0.4826E+01  0.9391E+01  0.7815E+01 -0.1044E+01 -0.1047E+01
  0.4833E+01  0.9988E+01  0.7808E+01 -0.1050E+01 -0.1055E+01
  0.4841E+01  0.9283E+01  0.7800E+01 -0.1056E+01 -0.1062E+01
  0.4848E+01  0.8110E+01  0.7792E+01 -0.1063E+01 -0.1100E+01
  0.4913E+01  0.7215E+01  0.7721E+01 -0.1120E+01 -0.1112E+01
  0.4927E+01  0.9221E+01  0.7704E+01 -0.1133E+01 -0.1151E+01
  0.4934E+01  0.9902E+01  0.7696E+01 -0.1140E+01 -0.1163E+01
  0.4942E+01  0.9234E+01  0.7687E+01 -0.1146E+01 -0.1204E+01
  0.5007E+01  0.3466E+01  0.7609E+01 -0.1206E+01 -0.1212E+01
  0.5014E+01  0.6955E+01  0.7600E+01 -0.1212E+01 -0.1253E+01
  0.5021E+01  0.7560E+01  0.7591E+01 -0.1219E+01 -0.1261E+01
  0.5028E+01  0.8919E+01  0.7582E+01 -0.1226E+01 -0.1270E+01
  0.5035E+01  0.9727E+01  0.7573E+01 -0.1232E+01 -0.1278E+01
  0.5043E+01  0.8946E+01  0.7563E+01 -0.1239E+01 -0.1324E+01
  0.5115E+01  0.7053E+01  0.7468E+01 -0.1306E+01 -0.1332E+01
  0.5122E+01  0.8653E+01  0.7458E+01 -0.1313E+01 -0.1379E+01
  0.5129E+01  0.7593E+01  0.7448E+01 -0.1320E+01 -0.1387E+01
  0.5136E+01  0.9601E+01  0.7438E+01 -0.1327E+01 -0.1395E+01
  0.5144E+01  0.8541E+01  0.7428E+01 -0.1334E+01 -0.1433E+01
  0.5201E+01  0.1792E+01  0.7345E+01 -0.1388E+01 -0.1441E+01
  0.5209E+01  0.3091E+01  0.7334E+01 -0.1395E+01 -0.1478E+01
  0.5216E+01  0.6733E+01  0.7323E+01 -0.1402E+01 -0.1486E+01
  0.5223E+01  0.8875E+01  0.7313E+01 -0.1409E+01 -0.1498E+01
  0.5238E+01  0.9374E+01  0.7291E+01 -0.1423E+01 -0.1506E+01
  0.5245E+01  0.8184E+01  0.7280E+01 -0.1429E+01 -0.1554E+01
  0.5317E+01  0.6798E+01  0.7167E+01 -0.1498E+01 -0.1562E+01
  0.5324E+01  0.8664E+01  0.7156E+01 -0.1505E+01 -0.1605E+01
  0.5331E+01  0.7103E+01  0.7144E+01 -0.1512E+01 -0.1613E+01
  0.5338E+01  0.9072E+01  0.7133E+01 -0.1518E+01 -0.1621E+01
  0.5346E+01  0.7625E+01  0.7121E+01 -0.1525E+01 -0.1655E+01
  0.5403E+01  0.3091E+01  0.7025E+01 -0.1580E+01 -0.1666E+01
  0.5418E+01  0.6534E+01  0.7001E+01 -0.1593E+01 -0.1700E+01
  0.5425E+01  0.8544E+01  0.6988E+01 -0.1600E+01 -0.1711E+01
  0.5432E+01  0.8930E+01  0.6976E+01 -0.1607E+01 -0.1722E+01
  0.5447E+01  0.7155E+01  0.6951E+01 -0.1620E+01 -0.1758E+01
  0.5512E+01  0.5236E+01  0.6836E+01 -0.1681E+01 -0.1769E+01
  0.5519E+01  0.6223E+01  0.6824E+01 -0.1687E+01 -0.1804E+01
  0.5526E+01  0.8318E+01  0.6810E+01 -0.1694E+01 -0.1811E+01
  0.5533E+01  0.8702E+01  0.6797E+01 -0.1700E+01 -0.1819E+01
  0.5540E+01  0.6238E+01  0.6784E+01 -0.1707E+01 -0.1854E+01
  0.5605E+01  0.2890E+01  0.6664E+01 -0.1766E+01 -0.1861E+01
  0.5613E+01  0.6122E+01  0.6650E+01 -0.1772E+01 -0.1896E+01
  0.5620E+01  0.3689E+01  0.6636E+01 -0.1779E+01 -0.1903E+01
  0.5627E+01  0.8189E+01  0.6623E+01 -0.1785E+01 -0.1910E+01
  0.5634E+01  0.8349E+01  0.6609E+01 -0.1792E+01 -0.1917E+01
  0.5642E+01  0.5545E+01  0.6595E+01 -0.1798E+01 -0.1956E+01
  0.5714E+01  0.6269E+01  0.6453E+01 -0.1861E+01 -0.1963E+01
  0.5721E+01  0.3466E+01  0.6439E+01 -0.1867E+01 -0.2002E+01
  0.5728E+01  0.7897E+01  0.6425E+01 -0.1873E+01 -0.2009E+01
  0.5735E+01  0.8051E+01  0.6410E+01 -0.1879E+01 -0.2048E+01
  0.5807E+01  0.2565E+01  0.6262E+01 -0.1940E+01 -0.2055E+01
  0.5815E+01  0.5886E+01  0.6247E+01 -0.1946E+01 -0.2095E+01
  0.5822E+01  0.6780E+01  0.6232E+01 -0.1952E+01 -0.2102E+01
  0.5829E+01  0.7305E+01  0.6217E+01 -0.1958E+01 -0.2110E+01
  0.5836E+01  0.7560E+01  0.6201E+01 -0.1964E+01 -0.2153E+01
  0.5916E+01  0.5841E+01  0.6030E+01 -0.2026E+01 -0.2161E+01
  0.5923E+01  0.7509E+01  0.6014E+01 -0.2032E+01 -0.2208E+01
  0.5937E+01  0.7049E+01  0.5983E+01 -0.2043E+01 -0.2248E+01
  0.6009E+01  0.2398E+01  0.5820E+01 -0.2096E+01 -0.2259E+01
  0.6017E+01  0.5513E+01  0.5803E+01 -0.2101E+01 -0.2298E+01
  0.6024E+01  0.7261E+01  0.5787E+01 -0.2107E+01 -0.2309E+01
  0.6038E+01  0.6461E+01  0.5753E+01 -0.2117E+01 -0.2350E+01
  0.6118E+01  0.5447E+01  0.5566E+01 -0.2170E+01 -0.2360E+01
  0.6125E+01  0.6931E+01  0.5549E+01 -0.2175E+01 -0.2400E+01
  0.6132E+01  0.5768E+01  0.5532E+01 -0.2179E+01 -0.2433E+01
  0.6204E+01  0.1946E+01  0.5356E+01 -0.2224E+01 -0.2442E+01
  0.6219E+01  0.5075E+01  0.5320E+01 -0.2232E+01 -0.2474E+01
  0.6226E+01  0.6623E+01  0.5302E+01 -0.2236E+01 -0.2482E+01
  0.6233E+01  0.4852E+01  0.5284E+01 -0.2240E+01 -0.2511E+01
  0.6312E+01  0.4564E+01  0.5085E+01 -0.2282E+01 -0.2516E+01
  0.6320E+01  0.4159E+01  0.5067E+01 -0.2286E+01 -0.2542E+01
  0.6327E+01  0.6105E+01  0.5048E+01 -0.2289E+01 -0.2546E+01
  0.6334E+01  0.4159E+01  0.5030E+01 -0.2293E+01 -0.2564E+01
  0.6406E+01  0.1609E+01  0.4845E+01 -0.2326E+01 -0.2567E+01
  0.6413E+01  0.4564E+01  0.4826E+01 -0.2329E+01 -0.2583E+01
  0.6428E+01  0.5768E+01  0.4789E+01 -0.2334E+01 -0.2592E+01
  0.6514E+01  0.4522E+01  0.4565E+01 -0.2366E+01 -0.2594E+01
  0.6522E+01  0.5075E+01  0.4546E+01 -0.2369E+01 -0.2596E+01
  0.6608E+01  0.1099E+01  0.4321E+01 -0.2394E+01 -0.2595E+01
  0.6615E+01  0.4159E+01  0.4302E+01 -0.2396E+01 -0.2587E+01
  0.6623E+01  0.4382E+01  0.4284E+01 -0.2398E+01 -0.2570E+01
  0.6716E+01  0.3871E+01  0.4043E+01 -0.2418E+01 -0.2567E+01
  0.6724E+01  0.3466E+01  0.4025E+01 -0.2419E+01 -0.2519E+01
  0.6810E+01  0.6931E+00  0.3807E+01 -0.2432E+01 -0.2515E+01
  0.6817E+01  0.3178E+01  0.3789E+01 -0.2433E+01 -0.2482E+01
  0.6825E+01  0.2773E+01  0.3771E+01 -0.2434E+01 -0.2440E+01
  0.6918E+01  0.2996E+01  0.3542E+01 -0.2442E+01 -0.2395E+01
  0.7005E+01  0.0000E+00  0.3339E+01 -0.2445E+01 -0.2342E+01
  0.7019E+01  0.2079E+01  0.3306E+01 -0.2446E+01 -0.2240E+01
  0.7113E+01  0.1386E+01  0.3097E+01 -0.2445E+01 -0.2174E+01
  0.7207E+01  0.0000E+00  0.2898E+01  0.0000E+00  0.0000E+00
