  0.0000E+00  0.2485E+01  0.1595E+01  0.0000E+00  0.0000E+00
  0.3700E-01  0.1792E+01  0.1591E+01  0.2323E-01 -0.1078E+00
  0.7500E-01  0.1386E+01  0.1587E+01  0.2397E-01 -0.1078E+00
  0.1120E+00  0.6931E+00  0.1583E+01  0.2470E-01  0.2878E+00
  0.1093E+02  0.5464E+01  0.4712E+01 -0.4141E+00  0.2862E+00
  0.1097E+02  0.5892E+01  0.4690E+01 -0.4145E+00 -0.5662E+00
  0.1101E+02  0.6011E+01  0.4669E+01 -0.4148E+00 -0.5716E+00
  0.1105E+02  0.5971E+01  0.4648E+01 -0.4150E+00 -0.5767E+00
  0.1108E+02  0.5620E+01  0.4626E+01 -0.4152E+00 -0.5818E+00
  0.1112E+02  0.5136E+01  0.4604E+01 -0.4153E+00 -0.5866E+00
  0.1116E+02  0.4585E+01  0.4582E+01 -0.4154E+00 -0.5912E+00
  0.1119E+02  0.3526E+01  0.4560E+01 -0.4154E+00 -0.5957E+00
  0.1123E+02  0.3091E+01  0.4538E+01 -0.4153E+00 -0.6000E+00
  0.1127E+02  0.6931E+00  0.4515E+01 -0.4151E+00  0.2890E+00
  0.1984E+02  0.5961E+01  0.7026E+01 -0.1067E+01  0.2871E+00
  0.1988E+02  0.7973E+01  0.6987E+01 -0.1071E+01 -0.1046E+01
  0.1992E+02  0.8346E+01  0.6947E+01 -0.1075E+01 -0.1077E+01
  0.1996E+02  0.8606E+01  0.6906E+01 -0.1078E+01 -0.1108E+01
  0.1999E+02  0.8656E+01  0.6864E+01 -0.1082E+01 -0.1138E+01
  0.2003E+02  0.8578E+01  0.6821E+01 -0.1085E+01 -0.1167E+01
  0.2007E+02  0.8488E+01  0.6777E+01 -0.1088E+01 -0.1195E+01
  0.2011E+02  0.8258E+01  0.6732E+01 -0.1091E+01 -0.1222E+01
  0.2014E+02  0.7871E+01  0.6686E+01 -0.1093E+01 -0.1248E+01
  0.2018E+02  0.7629E+01  0.6638E+01 -0.1095E+01 -0.1273E+01
  0.2022E+02  0.7211E+01  0.6590E+01 -0.1097E+01 -0.1297E+01
  0.2025E+02  0.6633E+01  0.6541E+01 -0.1099E+01 -0.1319E+01
  0.2029E+02  0.6178E+01  0.6491E+01 -0.1101E+01 -0.1341E+01
  0.2033E+02  0.5537E+01  0.6441E+01 -0.1102E+01 -0.1360E+01
  0.2037E+02  0.4956E+01  0.6389E+01 -0.1103E+01 -0.1379E+01
  0.2040E+02  0.4025E+01  0.6338E+01 -0.1104E+01 -0.1396E+01
  0.2044E+02  0.2773E+01  0.6285E+01 -0.1105E+01 -0.1411E+01
  0.2048E+02  0.6931E+00  0.6232E+01 -0.1105E+01  0.3906E+00
  0.2669E+02  0.4500E+01  0.8727E+01 -0.1266E+01  0.3960E+00
  0.2673E+02  0.6992E+01  0.8708E+01 -0.1291E+01 -0.5525E+00
  0.2677E+02  0.8345E+01  0.8686E+01 -0.1316E+01 -0.6453E+00
  0.2681E+02  0.9634E+01  0.8660E+01 -0.1341E+01 -0.7402E+00
  0.2684E+02  0.9834E+01  0.8630E+01 -0.1366E+01 -0.8367E+00
  0.2688E+02  0.1013E+02  0.8597E+01 -0.1392E+01 -0.9347E+00
  0.2692E+02  0.1027E+02  0.8560E+01 -0.1417E+01 -0.1033E+01
  0.2696E+02  0.1028E+02  0.8520E+01 -0.1442E+01 -0.1132E+01
  0.2699E+02  0.1021E+02  0.8475E+01 -0.1467E+01 -0.1231E+01
  0.2703E+02  0.1018E+02  0.8427E+01 -0.1492E+01 -0.1328E+01
  0.2707E+02  0.1004E+02  0.8376E+01 -0.1517E+01 -0.1425E+01
  0.2711E+02  0.9948E+01  0.8321E+01 -0.1541E+01 -0.1519E+01
  0.2714E+02  0.9878E+01  0.8262E+01 -0.1565E+01 -0.1611E+01
  0.2718E+02  0.9582E+01  0.8200E+01 -0.1589E+01 -0.1700E+01
  0.2722E+02  0.9513E+01  0.8135E+01 -0.1612E+01 -0.1785E+01
  0.2726E+02  0.9150E+01  0.8067E+01 -0.1634E+01 -0.1866E+01
  0.2729E+02  0.8913E+01  0.7995E+01 -0.1656E+01 -0.1942E+01
  0.2733E+02  0.8637E+01  0.7921E+01 -0.1678E+01 -0.2013E+01
  0.2737E+02  0.8260E+01  0.7845E+01 -0.1698E+01 -0.2079E+01
  0.2741E+02  0.8151E+01  0.7765E+01 -0.1718E+01 -0.2140E+01
  0.2744E+02  0.7749E+01  0.7684E+01 -0.1737E+01 -0.2194E+01
  0.2748E+02  0.7434E+01  0.7601E+01 -0.1755E+01 -0.2243E+01
  0.2752E+02  0.6920E+01  0.7516E+01 -0.1772E+01 -0.2285E+01
  0.2756E+02  0.6314E+01  0.7430E+01 -0.1788E+01 -0.2321E+01
  0.2759E+02  0.5829E+01  0.7342E+01 -0.1804E+01 -0.2351E+01
  0.2763E+02  0.5147E+01  0.7254E+01 -0.1818E+01 -0.2375E+01
  0.2767E+02  0.4787E+01  0.7165E+01 -0.1831E+01 -0.2393E+01
  0.2771E+02  0.3178E+01  0.7075E+01 -0.1844E+01 -0.2405E+01
  0.2774E+02  0.2485E+01  0.6985E+01 -0.1856E+01 -0.2411E+01
  0.2778E+02  0.1792E+01  0.6894E+01 -0.1866E+01  0.1885E+00
  0.3122E+02  0.6931E+00  0.7641E+01  0.1913E+01  0.2467E+00
  0.3126E+02  0.2639E+01  0.7753E+01  0.1864E+01  0.2993E+01
  0.3130E+02  0.3738E+01  0.7865E+01  0.1811E+01  0.2983E+01
  0.3134E+02  0.4927E+01  0.7977E+01  0.1754E+01  0.2964E+01
  0.3137E+02  0.5505E+01  0.8087E+01  0.1693E+01  0.2935E+01
  0.3141E+02  0.6400E+01  0.8196E+01  0.1628E+01  0.2896E+01
  0.3145E+02  0.6947E+01  0.8304E+01  0.1558E+01  0.2844E+01
  0.3149E+02  0.7617E+01  0.8409E+01  0.1484E+01  0.2781E+01
  0.3152E+02  0.8059E+01  0.8512E+01  0.1404E+01  0.2705E+01
  0.3156E+02  0.8588E+01  0.8612E+01  0.1320E+01  0.2615E+01
  0.3160E+02  0.9034E+01  0.8708E+01  0.1231E+01  0.2510E+01
  0.3164E+02  0.9473E+01  0.8800E+01  0.1137E+01  0.2391E+01
  0.3167E+02  0.9627E+01  0.8887E+01  0.1038E+01  0.2258E+01
  0.3171E+02  0.1050E+02  0.8969E+01  0.9349E+00  0.2109E+01
  0.3175E+02  0.1085E+02  0.9045E+01  0.8266E+00  0.1945E+01
  0.3179E+02  0.1072E+02  0.9115E+01  0.7133E+00  0.1766E+01
  0.3182E+02  0.1092E+02  0.9177E+01  0.5960E+00  0.1573E+01
  0.3186E+02  0.1079E+02  0.9232E+01  0.4743E+00  0.1366E+01
  0.3190E+02  0.1083E+02  0.9279E+01  0.3490E+00  0.1147E+01
  0.3194E+02  0.1087E+02  0.9318E+01  0.2203E+00  0.9154E+00
  0.3197E+02  0.1080E+02  0.9348E+01  0.8815E-01  0.6740E+00
  0.3201E+02  0.1094E+02  0.9369E+01 -0.4618E-01  0.4232E+00
  0.3205E+02  0.1098E+02  0.9380E+01 -0.1829E+00  0.1659E+00
  0.3209E+02  0.1082E+02  0.9381E+01 -0.3208E+00 -0.9679E-01
  0.3212E+02  0.1075E+02  0.9372E+01 -0.4596E+00 -0.3626E+00
  0.3216E+02  0.1056E+02  0.9354E+01 -0.5990E+00 -0.6290E+00
  0.3220E+02  0.1035E+02  0.9325E+01 -0.7376E+00 -0.8948E+00
  0.3224E+02  0.1032E+02  0.9287E+01 -0.8756E+00 -0.1156E+01
  0.3227E+02  0.1015E+02  0.9239E+01 -0.1012E+01 -0.1413E+01
  0.3231E+02  0.9987E+01  0.9181E+01 -0.1145E+01 -0.1662E+01
  0.3235E+02  0.1004E+02  0.9114E+01 -0.1276E+01 -0.1900E+01
  0.3239E+02  0.9839E+01  0.9039E+01 -0.1403E+01 -0.2128E+01
  0.3242E+02  0.9855E+01  0.8955E+01 -0.1527E+01 -0.2343E+01
  0.3246E+02  0.9751E+01  0.8863E+01 -0.1646E+01 -0.2543E+01
  0.3250E+02  0.9548E+01  0.8765E+01 -0.1759E+01 -0.2728E+01
  0.3253E+02  0.9557E+01  0.8659E+01 -0.1868E+01 -0.2896E+01
  0.3257E+02  0.9407E+01  0.8548E+01 -0.1970E+01 -0.3047E+01
  0.3261E+02  0.9273E+01  0.8431E+01 -0.2067E+01 -0.3181E+01
  0.3265E+02  0.9049E+01  0.8309E+01 -0.2158E+01 -0.3298E+01
  0.3268E+02  0.8877E+01  0.8184E+01 -0.2242E+01 -0.3397E+01
  0.3272E+02  0.8577E+01  0.8055E+01 -0.2320E+01 -0.3479E+01
  0.3276E+02  0.8365E+01  0.7924E+01 -0.2392E+01 -0.3544E+01
  0.3280E+02  0.7927E+01  0.7790E+01 -0.2457E+01 -0.3594E+01
  0.3283E+02  0.7578E+01  0.7654E+01 -0.2516E+01 -0.3627E+01
  0.3287E+02  0.7199E+01  0.7518E+01 -0.2569E+01 -0.3645E+01
  0.3291E+02  0.7136E+01  0.7381E+01 -0.2616E+01 -0.3649E+01
  0.3295E+02  0.6796E+01  0.7245E+01 -0.2656E+01 -0.3639E+01
  0.3298E+02  0.6277E+01  0.7109E+01 -0.2692E+01 -0.3616E+01
  0.3302E+02  0.5762E+01  0.6974E+01 -0.2721E+01 -0.3579E+01
  0.3306E+02  0.5278E+01  0.6841E+01 -0.2745E+01 -0.3529E+01
  0.3310E+02  0.4804E+01  0.6710E+01 -0.2764E+01 -0.3466E+01
  0.3313E+02  0.4736E+01  0.6581E+01 -0.2778E+01 -0.3387E+01
  0.3317E+02  0.3871E+01  0.6456E+01 -0.2787E+01 -0.3293E+01
  0.3321E+02  0.3178E+01  0.6335E+01 -0.2790E+01 -0.3181E+01
  0.3325E+02  0.1386E+01  0.6218E+01 -0.2789E+01 -0.3047E+01
  0.3328E+02  0.2485E+01  0.6107E+01 -0.2782E+01 -0.2888E+01
  0.3332E+02  0.6931E+00  0.6002E+01 -0.2770E+01  0.3161E+01
  0.3456E+02  0.9269E+01  0.1013E+02 -0.1593E+00  0.3250E+01
  0.3459E+02  0.1095E+02  0.1014E+02 -0.1773E+00  0.1615E+00
  0.3463E+02  0.1108E+02  0.1014E+02 -0.1976E+00  0.3690E-01
  0.3467E+02  0.1077E+02  0.1014E+02 -0.2198E+00 -0.6220E-01
  0.3471E+02  0.1129E+02  0.1014E+02 -0.2439E+00 -0.1403E+00
  0.3474E+02  0.1059E+02  0.1013E+02 -0.2694E+00 -0.2019E+00
  0.3478E+02  0.1052E+02  0.1012E+02 -0.2964E+00 -0.2503E+00
  0.3482E+02  0.1093E+02  0.1011E+02 -0.3248E+00 -0.2881E+00
  0.3486E+02  0.9867E+01  0.1010E+02 -0.3546E+00 -0.3179E+00
  0.3489E+02  0.1045E+02  0.1009E+02 -0.3859E+00 -0.3412E+00
  0.3493E+02  0.1011E+02  0.1008E+02 -0.4185E+00 -0.3597E+00
  0.3497E+02  0.9688E+01  0.1006E+02 -0.4527E+00 -0.3746E+00
  0.3501E+02  0.1028E+02  0.1005E+02 -0.4885E+00 -0.3872E+00
  0.3504E+02  0.9483E+01  0.1003E+02 -0.5260E+00 -0.3984E+00
  0.3508E+02  0.9598E+01  0.1002E+02 -0.5653E+00 -0.4091E+00
  0.3512E+02  0.1017E+02  0.1000E+02 -0.6064E+00 -0.4202E+00
  0.3516E+02  0.9452E+01  0.9986E+01 -0.6495E+00 -0.4326E+00
  0.3519E+02  0.9802E+01  0.9970E+01 -0.6949E+00 -0.4470E+00
  0.3523E+02  0.9797E+01  0.9953E+01 -0.7423E+00 -0.4642E+00
  0.3527E+02  0.9460E+01  0.9935E+01 -0.7921E+00 -0.4850E+00
  0.3531E+02  0.9927E+01  0.9917E+01 -0.8442E+00 -0.5101E+00
  0.3534E+02  0.9673E+01  0.9897E+01 -0.8987E+00 -0.5403E+00
  0.3538E+02  0.9432E+01  0.9876E+01 -0.9559E+00 -0.5761E+00
  0.3542E+02  0.9985E+01  0.9854E+01 -0.1015E+01 -0.6183E+00
  0.3546E+02  0.9755E+01  0.9830E+01 -0.1078E+01 -0.6675E+00
  0.3549E+02  0.9690E+01  0.9804E+01 -0.1142E+01 -0.7239E+00
  0.3553E+02  0.9975E+01  0.9776E+01 -0.1209E+01 -0.7883E+00
  0.3557E+02  0.9834E+01  0.9745E+01 -0.1279E+01 -0.8606E+00
  0.3560E+02  0.9970E+01  0.9711E+01 -0.1351E+01 -0.9412E+00
  0.3564E+02  0.1016E+02  0.9674E+01 -0.1425E+01 -0.1030E+01
  0.3568E+02  0.9960E+01  0.9634E+01 -0.1502E+01 -0.1127E+01
  0.3572E+02  0.1033E+02  0.9590E+01 -0.1580E+01 -0.1232E+01
  0.3575E+02  0.1045E+02  0.9542E+01 -0.1660E+01 -0.1345E+01
  0.3579E+02  0.1036E+02  0.9489E+01 -0.1741E+01 -0.1465E+01
  0.3583E+02  0.1025E+02  0.9432E+01 -0.1823E+01 -0.1591E+01
  0.3587E+02  0.1014E+02  0.9370E+01 -0.1906E+01 -0.1723E+01
  0.3590E+02  0.1007E+02  0.9303E+01 -0.1990E+01 -0.1859E+01
  0.3594E+02  0.9919E+01  0.9231E+01 -0.2074E+01 -0.2000E+01
  0.3598E+02  0.9838E+01  0.9153E+01 -0.2158E+01 -0.2143E+01
  0.3602E+02  0.9684E+01  0.9070E+01 -0.2241E+01 -0.2287E+01
  0.3605E+02  0.9584E+01  0.8982E+01 -0.2323E+01 -0.2432E+01
  0.3609E+02  0.9437E+01  0.8888E+01 -0.2405E+01 -0.2577E+01
  0.3613E+02  0.9416E+01  0.8789E+01 -0.2484E+01 -0.2718E+01
  0.3617E+02  0.9209E+01  0.8685E+01 -0.2562E+01 -0.2857E+01
  0.3620E+02  0.9201E+01  0.8575E+01 -0.2638E+01 -0.2991E+01
  0.3624E+02  0.9031E+01  0.8461E+01 -0.2711E+01 -0.3119E+01
  0.3628E+02  0.8959E+01  0.8342E+01 -0.2781E+01 -0.3240E+01
  0.3632E+02  0.8822E+01  0.8218E+01 -0.2848E+01 -0.3353E+01
  0.3635E+02  0.8684E+01  0.8091E+01 -0.2913E+01 -0.3458E+01
  0.3639E+02  0.8392E+01  0.7959E+01 -0.2973E+01 -0.3552E+01
  0.3643E+02  0.8417E+01  0.7824E+01 -0.3030E+01 -0.3637E+01
  0.3647E+02  0.7955E+01  0.7687E+01 -0.3084E+01 -0.3711E+01
  0.3650E+02  0.8073E+01  0.7547E+01 -0.3134E+01 -0.3773E+01
  0.3654E+02  0.7522E+01  0.7404E+01 -0.3180E+01 -0.3824E+01
  0.3658E+02  0.7748E+01  0.7261E+01 -0.3222E+01 -0.3863E+01
  0.3662E+02  0.7070E+01  0.7115E+01 -0.3261E+01 -0.3891E+01
  0.3665E+02  0.7345E+01  0.6969E+01 -0.3296E+01 -0.3907E+01
  0.3669E+02  0.6726E+01  0.6822E+01 -0.3327E+01 -0.3913E+01
  0.3673E+02  0.6910E+01  0.6676E+01 -0.3355E+01 -0.3907E+01
  0.3677E+02  0.6449E+01  0.6530E+01 -0.3379E+01 -0.3892E+01
  0.3680E+02  0.6394E+01  0.6385E+01 -0.3401E+01 -0.3867E+01
  0.3684E+02  0.5823E+01  0.6240E+01 -0.3419E+01 -0.3833E+01
  0.3688E+02  0.5961E+01  0.6098E+01 -0.3435E+01 -0.3790E+01
  0.3692E+02  0.5412E+01  0.5957E+01 -0.3448E+01 -0.3741E+01
  0.3695E+02  0.5112E+01  0.5818E+01 -0.3458E+01 -0.3684E+01
  0.3699E+02  0.4431E+01  0.5681E+01 -0.3466E+01 -0.3622E+01
  0.3703E+02  0.4771E+01  0.5546E+01 -0.3472E+01 -0.3555E+01
  0.3706E+02  0.3829E+01  0.5415E+01 -0.3476E+01 -0.3483E+01
  0.3710E+02  0.4304E+01  0.5286E+01 -0.3478E+01 -0.3407E+01
  0.3714E+02  0.2773E+01  0.5160E+01 -0.3479E+01 -0.3328E+01
  0.3718E+02  0.3638E+01  0.5036E+01 -0.3478E+01 -0.3247E+01
  0.3721E+02  0.2890E+01  0.4916E+01 -0.3476E+01 -0.3165E+01
  0.3725E+02  0.6931E+00  0.4800E+01 -0.3473E+01 -0.3081E+01
  0.3729E+02  0.2303E+01  0.4686E+01 -0.3469E+01 -0.2996E+01
  0.3733E+02  0.1386E+01  0.4575E+01 -0.3464E+01 -0.2869E+01
  0.3740E+02  0.6931E+00  0.4363E+01  0.0000E+00  0.0000E+00
