  0.0000E+00  0.1386E+01  0.8355E+00  0.0000E+00  0.0000E+00
  0.1070E-01  0.1386E+01  0.8351E+00  0.1087E+00 -0.3554E-01
  0.3210E-01  0.6931E+00  0.8344E+00  0.1102E+00 -0.3485E-01
  0.4280E-01  0.6931E+00  0.8340E+00  0.1109E+00 -0.3327E-01
  0.6420E-01  0.6931E+00  0.8333E+00  0.1124E+00 -0.3237E-01
  0.7480E-01  0.6931E+00  0.8330E+00  0.1131E+00 -0.2973E-01
  0.1069E+00  0.6931E+00  0.8320E+00  0.1154E+00 -0.2853E-01
  0.1176E+00  0.6931E+00  0.8318E+00  0.1161E+00 -0.2330E-01
  0.1604E+00  0.6931E+00  0.8308E+00  0.1191E+00 -0.1696E-01
  0.2138E+00  0.6931E+00  0.8301E+00  0.1229E+00  0.1294E+01
  0.2010E+01  0.6931E+00  0.3225E+01 -0.1965E+00  0.1324E+01
  0.2021E+01  0.1386E+01  0.3222E+01 -0.1958E+00 -0.2300E+00
  0.2031E+01  0.2079E+01  0.3220E+01 -0.1950E+00 -0.2351E+00
  0.2042E+01  0.3178E+01  0.3217E+01 -0.1941E+00 -0.2400E+00
  0.2053E+01  0.2996E+01  0.3215E+01 -0.1932E+00 -0.2473E+00
  0.2074E+01  0.3526E+01  0.3209E+01 -0.1913E+00 -0.2521E+00
  0.2085E+01  0.3829E+01  0.3206E+01 -0.1903E+00 -0.2591E+00
  0.2096E+01  0.2303E+01  0.3204E+01 -0.1893E+00 -0.2636E+00
  0.2106E+01  0.3466E+01  0.3201E+01 -0.1881E+00 -0.2680E+00
  0.2117E+01  0.3912E+01  0.3198E+01 -0.1870E+00 -0.2724E+00
  0.2128E+01  0.3871E+01  0.3195E+01 -0.1857E+00 -0.2766E+00
  0.2138E+01  0.2996E+01  0.3192E+01 -0.1845E+00 -0.2807E+00
  0.2149E+01  0.3738E+01  0.3189E+01 -0.1831E+00 -0.2846E+00
  0.2160E+01  0.4407E+01  0.3186E+01 -0.1817E+00 -0.2884E+00
  0.2170E+01  0.3401E+01  0.3183E+01 -0.1802E+00 -0.2921E+00
  0.2181E+01  0.4248E+01  0.3180E+01 -0.1787E+00 -0.2956E+00
  0.2192E+01  0.3951E+01  0.3177E+01 -0.1771E+00 -0.2989E+00
  0.2202E+01  0.3912E+01  0.3173E+01 -0.1754E+00 -0.3020E+00
  0.2213E+01  0.4304E+01  0.3170E+01 -0.1737E+00 -0.3050E+00
  0.2224E+01  0.3912E+01  0.3167E+01 -0.1719E+00 -0.3077E+00
  0.2235E+01  0.4060E+01  0.3163E+01 -0.1700E+00 -0.3102E+00
  0.2245E+01  0.4431E+01  0.3160E+01 -0.1680E+00 -0.3125E+00
  0.2256E+01  0.3584E+01  0.3157E+01 -0.1659E+00 -0.3145E+00
  0.2267E+01  0.4127E+01  0.3153E+01 -0.1637E+00 -0.3162E+00
  0.2277E+01  0.4060E+01  0.3150E+01 -0.1615E+00 -0.3177E+00
  0.2288E+01  0.4304E+01  0.3147E+01 -0.1591E+00 -0.3188E+00
  0.2299E+01  0.4220E+01  0.3143E+01 -0.1566E+00 -0.3196E+00
  0.2309E+01  0.4357E+01  0.3140E+01 -0.1541E+00 -0.3201E+00
  0.2320E+01  0.3401E+01  0.3136E+01 -0.1514E+00 -0.3201E+00
  0.2331E+01  0.4357E+01  0.3133E+01 -0.1486E+00 -0.3198E+00
  0.2341E+01  0.3784E+01  0.3130E+01 -0.1456E+00 -0.3190E+00
  0.2352E+01  0.3738E+01  0.3126E+01 -0.1426E+00 -0.3178E+00
  0.2363E+01  0.3829E+01  0.3123E+01 -0.1394E+00 -0.3160E+00
  0.2374E+01  0.3784E+01  0.3119E+01 -0.1361E+00 -0.3138E+00
  0.2384E+01  0.3912E+01  0.3116E+01 -0.1326E+00 -0.3110E+00
  0.2395E+01  0.3989E+01  0.3113E+01 -0.1290E+00 -0.3076E+00
  0.2406E+01  0.3526E+01  0.3109E+01 -0.1252E+00 -0.3036E+00
  0.2416E+01  0.3178E+01  0.3106E+01 -0.1213E+00 -0.2990E+00
  0.2427E+01  0.2890E+01  0.3103E+01 -0.1172E+00 -0.2936E+00
  0.2438E+01  0.3526E+01  0.3100E+01 -0.1129E+00 -0.2875E+00
  0.2448E+01  0.3332E+01  0.3097E+01 -0.1085E+00 -0.2806E+00
  0.2459E+01  0.2773E+01  0.3094E+01 -0.1038E+00 -0.2729E+00
  0.2470E+01  0.2996E+01  0.3091E+01 -0.9899E-01 -0.2643E+00
  0.2480E+01  0.2303E+01  0.3088E+01 -0.9394E-01 -0.2548E+00
  0.2491E+01  0.3466E+01  0.3086E+01 -0.8868E-01 -0.2443E+00
  0.2502E+01  0.2303E+01  0.3083E+01 -0.8320E-01 -0.2327E+00
  0.2513E+01  0.3258E+01  0.3081E+01 -0.7750E-01 -0.2201E+00
  0.2523E+01  0.2639E+01  0.3078E+01 -0.7156E-01 -0.2064E+00
  0.2534E+01  0.2079E+01  0.3076E+01 -0.6537E-01 -0.1914E+00
  0.2545E+01  0.2485E+01  0.3074E+01 -0.5894E-01 -0.1752E+00
  0.2555E+01  0.6931E+00  0.3073E+01 -0.5224E-01 -0.1577E+00
  0.2566E+01  0.2303E+01  0.3071E+01 -0.4526E-01 -0.1388E+00
  0.2577E+01  0.2303E+01  0.3070E+01 -0.3801E-01 -0.1185E+00
  0.2587E+01  0.2303E+01  0.3068E+01 -0.3047E-01 -0.8478E-01
  0.2609E+01  0.6931E+00  0.3067E+01 -0.1450E-01 -0.6054E-01
  0.2619E+01  0.6931E+00  0.3066E+01 -0.6045E-02 -0.2141E-01
  0.2630E+01  0.2079E+01  0.3066E+01  0.2740E-02  0.3829E-01
  0.2662E+01  0.6931E+00  0.3068E+01  0.3107E-01  0.8811E-01
  0.2684E+01  0.2079E+01  0.3071E+01  0.5175E-01  0.1996E+00
  0.2716E+01  0.1386E+01  0.3079E+01  0.8556E-01  0.3571E+00
  0.2769E+01  0.6931E+00  0.3102E+01  0.1495E+00  0.2108E+01
  0.3464E+01  0.6931E+00  0.4656E+01  0.1038E+01  0.2239E+01
  0.3486E+01  0.1386E+01  0.4706E+01  0.1040E+01  0.2277E+01
  0.3496E+01  0.2079E+01  0.4730E+01  0.1041E+01  0.2192E+01
  0.3518E+01  0.6931E+00  0.4776E+01  0.1041E+01  0.2150E+01
  0.3528E+01  0.2303E+01  0.4799E+01  0.1041E+01  0.2086E+01
  0.3539E+01  0.2303E+01  0.4820E+01  0.1040E+01  0.2044E+01
  0.3550E+01  0.2303E+01  0.4842E+01  0.1039E+01  0.2002E+01
  0.3560E+01  0.2890E+01  0.4863E+01  0.1038E+01  0.1961E+01
  0.3571E+01  0.3401E+01  0.4884E+01  0.1037E+01  0.1919E+01
  0.3582E+01  0.3912E+01  0.4904E+01  0.1035E+01  0.1878E+01
  0.3592E+01  0.2079E+01  0.4924E+01  0.1034E+01  0.1817E+01
  0.3614E+01  0.2773E+01  0.4963E+01  0.1030E+01  0.1777E+01
  0.3624E+01  0.3332E+01  0.4981E+01  0.1028E+01  0.1717E+01
  0.3635E+01  0.4304E+01  0.4999E+01  0.1025E+01  0.1678E+01
  0.3646E+01  0.3689E+01  0.5017E+01  0.1023E+01  0.1639E+01
  0.3657E+01  0.2485E+01  0.5035E+01  0.1020E+01  0.1601E+01
  0.3667E+01  0.3258E+01  0.5051E+01  0.1018E+01  0.1563E+01
  0.3678E+01  0.4357E+01  0.5068E+01  0.1015E+01  0.1526E+01
  0.3689E+01  0.4220E+01  0.5084E+01  0.1012E+01  0.1489E+01
  0.3699E+01  0.4836E+01  0.5100E+01  0.1009E+01  0.1453E+01
  0.3710E+01  0.5366E+01  0.5115E+01  0.1006E+01  0.1417E+01
  0.3721E+01  0.4942E+01  0.5130E+01  0.1004E+01  0.1381E+01
  0.3731E+01  0.4625E+01  0.5145E+01  0.1001E+01  0.1346E+01
  0.3742E+01  0.5075E+01  0.5159E+01  0.9975E+00  0.1311E+01
  0.3753E+01  0.5318E+01  0.5173E+01  0.9945E+00  0.1277E+01
  0.3763E+01  0.5628E+01  0.5186E+01  0.9915E+00  0.1243E+01
  0.3774E+01  0.5787E+01  0.5199E+01  0.9885E+00  0.1210E+01
  0.3785E+01  0.5529E+01  0.5212E+01  0.9856E+00  0.1177E+01
  0.3796E+01  0.5749E+01  0.5224E+01  0.9826E+00  0.1145E+01
  0.3806E+01  0.5489E+01  0.5236E+01  0.9797E+00  0.1113E+01
  0.3817E+01  0.5677E+01  0.5248E+01  0.9769E+00  0.1081E+01
  0.3828E+01  0.5697E+01  0.5260E+01  0.9741E+00  0.1050E+01
  0.3838E+01  0.6250E+01  0.5271E+01  0.9714E+00  0.1019E+01
  0.3849E+01  0.5892E+01  0.5281E+01  0.9687E+00  0.9891E+00
  0.3860E+01  0.5945E+01  0.5292E+01  0.9661E+00  0.9593E+00
  0.3870E+01  0.6031E+01  0.5302E+01  0.9636E+00  0.9300E+00
  0.3881E+01  0.6127E+01  0.5312E+01  0.9612E+00  0.9011E+00
  0.3892E+01  0.6410E+01  0.5321E+01  0.9589E+00  0.8727E+00
  0.3902E+01  0.6234E+01  0.5330E+01  0.9567E+00  0.8448E+00
  0.3913E+01  0.6607E+01  0.5339E+01  0.9546E+00  0.8174E+00
  0.3924E+01  0.6211E+01  0.5348E+01  0.9527E+00  0.7906E+00
  0.3934E+01  0.6328E+01  0.5356E+01  0.9509E+00  0.7642E+00
  0.3945E+01  0.6317E+01  0.5364E+01  0.9492E+00  0.7384E+00
  0.3956E+01  0.6791E+01  0.5372E+01  0.9477E+00  0.7131E+00
  0.3967E+01  0.6522E+01  0.5379E+01  0.9463E+00  0.6883E+00
  0.3977E+01  0.6568E+01  0.5387E+01  0.9450E+00  0.6641E+00
  0.3988E+01  0.6631E+01  0.5394E+01  0.9440E+00  0.6404E+00
  0.3999E+01  0.6829E+01  0.5400E+01  0.9430E+00  0.6174E+00
  0.4009E+01  0.6677E+01  0.5407E+01  0.9423E+00  0.5950E+00
  0.4020E+01  0.6886E+01  0.5413E+01  0.9417E+00  0.5733E+00
  0.4031E+01  0.6489E+01  0.5419E+01  0.9413E+00  0.5522E+00
  0.4042E+01  0.6636E+01  0.5425E+01  0.9411E+00  0.5318E+00
  0.4052E+01  0.7028E+01  0.5431E+01  0.9411E+00  0.5122E+00
  0.4063E+01  0.6510E+01  0.5436E+01  0.9413E+00  0.4932E+00
  0.4074E+01  0.6724E+01  0.5441E+01  0.9417E+00  0.4751E+00
  0.4084E+01  0.6757E+01  0.5446E+01  0.9423E+00  0.4577E+00
  0.4095E+01  0.6695E+01  0.5451E+01  0.9431E+00  0.4411E+00
  0.4106E+01  0.6607E+01  0.5455E+01  0.9441E+00  0.4253E+00
  0.4116E+01  0.6888E+01  0.5460E+01  0.9453E+00  0.4104E+00
  0.4127E+01  0.6733E+01  0.5464E+01  0.9468E+00  0.3963E+00
  0.4138E+01  0.6585E+01  0.5468E+01  0.9484E+00  0.3831E+00
  0.4148E+01  0.6662E+01  0.5472E+01  0.9503E+00  0.3709E+00
  0.4159E+01  0.6657E+01  0.5476E+01  0.9525E+00  0.3597E+00
  0.4170E+01  0.6865E+01  0.5480E+01  0.9548E+00  0.3494E+00
  0.4181E+01  0.6366E+01  0.5484E+01  0.9574E+00  0.3401E+00
  0.4191E+01  0.6439E+01  0.5487E+01  0.9602E+00  0.3319E+00
  0.4202E+01  0.6791E+01  0.5491E+01  0.9632E+00  0.3247E+00
  0.4212E+01  0.6617E+01  0.5494E+01  0.9665E+00  0.3185E+00
  0.4223E+01  0.6335E+01  0.5498E+01  0.9701E+00  0.3135E+00
  0.4234E+01  0.6516E+01  0.5501E+01  0.9738E+00  0.3095E+00
  0.4245E+01  0.6363E+01  0.5504E+01  0.9778E+00  0.3067E+00
  0.4255E+01  0.6455E+01  0.5508E+01  0.9821E+00  0.3051E+00
  0.4266E+01  0.6314E+01  0.5511E+01  0.9866E+00  0.3046E+00
  0.4277E+01  0.6423E+01  0.5514E+01  0.9913E+00  0.3053E+00
  0.4287E+01  0.6238E+01  0.5517E+01  0.9963E+00  0.3072E+00
  0.4298E+01  0.6292E+01  0.5521E+01  0.1002E+01  0.3104E+00
  0.4309E+01  0.6050E+01  0.5524E+01  0.1007E+01  0.3147E+00
  0.4319E+01  0.6006E+01  0.5527E+01  0.1013E+01  0.3203E+00
  0.4330E+01  0.5986E+01  0.5531E+01  0.1019E+01  0.3271E+00
  0.4341E+01  0.6059E+01  0.5534E+01  0.1025E+01  0.3352E+00
  0.4351E+01  0.5817E+01  0.5538E+01  0.1031E+01  0.3446E+00
  0.4362E+01  0.5811E+01  0.5542E+01  0.1038E+01  0.3552E+00
  0.4373E+01  0.5924E+01  0.5546E+01  0.1045E+01  0.3671E+00
  0.4384E+01  0.5697E+01  0.5550E+01  0.1052E+01  0.3802E+00
  0.4394E+01  0.5576E+01  0.5554E+01  0.1059E+01  0.3947E+00
  0.4405E+01  0.5576E+01  0.5558E+01  0.1067E+01  0.4103E+00
  0.4416E+01  0.5455E+01  0.5563E+01  0.1075E+01  0.4273E+00
  0.4426E+01  0.5403E+01  0.5567E+01  0.1083E+01  0.4455E+00
  0.4437E+01  0.5497E+01  0.5572E+01  0.1091E+01  0.4648E+00
  0.4448E+01  0.5278E+01  0.5577E+01  0.1099E+01  0.4854E+00
  0.4458E+01  0.5124E+01  0.5582E+01  0.1108E+01  0.5071E+00
  0.4469E+01  0.5308E+01  0.5588E+01  0.1117E+01  0.5301E+00
  0.4480E+01  0.4913E+01  0.5594E+01  0.1126E+01  0.5543E+00
  0.4490E+01  0.5011E+01  0.5600E+01  0.1135E+01  0.5796E+00
  0.4501E+01  0.4820E+01  0.5606E+01  0.1144E+01  0.6060E+00
  0.4512E+01  0.4754E+01  0.5613E+01  0.1154E+01  0.6335E+00
  0.4523E+01  0.5124E+01  0.5620E+01  0.1163E+01  0.6620E+00
  0.4533E+01  0.3178E+01  0.5627E+01  0.1173E+01  0.6916E+00
  0.4544E+01  0.4836E+01  0.5635E+01  0.1183E+01  0.7221E+00
  0.4555E+01  0.4382E+01  0.5642E+01  0.1193E+01  0.7537E+00
  0.4565E+01  0.4407E+01  0.5651E+01  0.1204E+01  0.7859E+00
  0.4576E+01  0.4382E+01  0.5659E+01  0.1214E+01  0.8192E+00
  0.4587E+01  0.4522E+01  0.5668E+01  0.1225E+01  0.8532E+00
  0.4597E+01  0.4159E+01  0.5677E+01  0.1235E+01  0.8881E+00
  0.4608E+01  0.4407E+01  0.5687E+01  0.1246E+01  0.9237E+00
  0.4619E+01  0.3332E+01  0.5697E+01  0.1257E+01  0.9600E+00
  0.4630E+01  0.3951E+01  0.5708E+01  0.1268E+01  0.9970E+00
  0.4640E+01  0.3989E+01  0.5719E+01  0.1279E+01  0.1035E+01
  0.4651E+01  0.3871E+01  0.5730E+01  0.1290E+01  0.1073E+01
  0.4662E+01  0.3871E+01  0.5741E+01  0.1301E+01  0.1111E+01
  0.4672E+01  0.2890E+01  0.5754E+01  0.1312E+01  0.1150E+01
  0.4683E+01  0.2303E+01  0.5766E+01  0.1324E+01  0.1190E+01
  0.4694E+01  0.3178E+01  0.5779E+01  0.1335E+01  0.1229E+01
  0.4704E+01  0.3912E+01  0.5792E+01  0.1346E+01  0.1269E+01
  0.4715E+01  0.6931E+00  0.5806E+01  0.1357E+01  0.1309E+01
  0.4726E+01  0.3871E+01  0.5820E+01  0.1369E+01  0.1349E+01
  0.4736E+01  0.3584E+01  0.5835E+01  0.1380E+01  0.1389E+01
  0.4747E+01  0.5226E+01  0.5850E+01  0.1391E+01  0.1430E+01
  0.4758E+01  0.6078E+01  0.5866E+01  0.1403E+01  0.1470E+01
  0.4768E+01  0.6433E+01  0.5881E+01  0.1414E+01  0.1510E+01
  0.4779E+01  0.5357E+01  0.5898E+01  0.1425E+01  0.1550E+01
  0.4790E+01  0.2639E+01  0.5915E+01  0.1436E+01  0.1590E+01
  0.4801E+01  0.1792E+01  0.5932E+01  0.1447E+01  0.1629E+01
  0.4811E+01  0.3466E+01  0.5950E+01  0.1458E+01  0.1669E+01
  0.4822E+01  0.4820E+01  0.5968E+01  0.1469E+01  0.1707E+01
  0.4833E+01  0.5357E+01  0.5986E+01  0.1480E+01  0.1745E+01
  0.4843E+01  0.6299E+01  0.6005E+01  0.1491E+01  0.1783E+01
  0.4854E+01  0.6373E+01  0.6024E+01  0.1501E+01  0.1820E+01
  0.4865E+01  0.5576E+01  0.6044E+01  0.1512E+01  0.1856E+01
  0.4875E+01  0.2079E+01  0.6064E+01  0.1522E+01  0.1892E+01
  0.4886E+01  0.3178E+01  0.6084E+01  0.1532E+01  0.1927E+01
  0.4897E+01  0.4852E+01  0.6105E+01  0.1543E+01  0.1962E+01
  0.4907E+01  0.5394E+01  0.6126E+01  0.1552E+01  0.1995E+01
  0.4918E+01  0.6136E+01  0.6148E+01  0.1562E+01  0.2027E+01
  0.4929E+01  0.6802E+01  0.6170E+01  0.1572E+01  0.2059E+01
  0.4940E+01  0.6960E+01  0.6192E+01  0.1581E+01  0.2090E+01
  0.4950E+01  0.6669E+01  0.6214E+01  0.1590E+01  0.2119E+01
  0.4961E+01  0.2773E+01  0.6237E+01  0.1599E+01  0.2148E+01
  0.4972E+01  0.4454E+01  0.6260E+01  0.1608E+01  0.2175E+01
  0.4982E+01  0.4736E+01  0.6283E+01  0.1616E+01  0.2201E+01
  0.4993E+01  0.5971E+01  0.6307E+01  0.1625E+01  0.2226E+01
  0.5004E+01  0.6242E+01  0.6331E+01  0.1633E+01  0.2250E+01
  0.5014E+01  0.6916E+01  0.6355E+01  0.1641E+01  0.2273E+01
  0.5025E+01  0.7442E+01  0.6380E+01  0.1648E+01  0.2294E+01
  0.5036E+01  0.6707E+01  0.6404E+01  0.1656E+01  0.2314E+01
  0.5046E+01  0.5775E+01  0.6429E+01  0.1663E+01  0.2333E+01
  0.5057E+01  0.5226E+01  0.6454E+01  0.1670E+01  0.2350E+01
  0.5068E+01  0.5875E+01  0.6480E+01  0.1676E+01  0.2366E+01
  0.5079E+01  0.6449E+01  0.6505E+01  0.1682E+01  0.2381E+01
  0.5089E+01  0.6894E+01  0.6530E+01  0.1688E+01  0.2394E+01
  0.5100E+01  0.7476E+01  0.6556E+01  0.1694E+01  0.2406E+01
  0.5111E+01  0.7389E+01  0.6582E+01  0.1699E+01  0.2417E+01
  0.5121E+01  0.7267E+01  0.6608E+01  0.1705E+01  0.2426E+01
  0.5132E+01  0.6489E+01  0.6634E+01  0.1709E+01  0.2434E+01
  0.5143E+01  0.6190E+01  0.6660E+01  0.1714E+01  0.2441E+01
  0.5153E+01  0.6519E+01  0.6686E+01  0.1718E+01  0.2446E+01
  0.5164E+01  0.7371E+01  0.6712E+01  0.1722E+01  0.2450E+01
  0.5175E+01  0.7643E+01  0.6738E+01  0.1726E+01  0.2452E+01
  0.5186E+01  0.7654E+01  0.6765E+01  0.1729E+01  0.2453E+01
  0.5196E+01  0.7712E+01  0.6791E+01  0.1732E+01  0.2453E+01
  0.5207E+01  0.7623E+01  0.6817E+01  0.1735E+01  0.2451E+01
  0.5218E+01  0.7215E+01  0.6843E+01  0.1737E+01  0.2448E+01
  0.5228E+01  0.7479E+01  0.6869E+01  0.1739E+01  0.2444E+01
  0.5239E+01  0.7540E+01  0.6895E+01  0.1741E+01  0.2439E+01
  0.5250E+01  0.7900E+01  0.6921E+01  0.1742E+01  0.2432E+01
  0.5260E+01  0.8212E+01  0.6947E+01  0.1743E+01  0.2424E+01
  0.5271E+01  0.8188E+01  0.6973E+01  0.1744E+01  0.2415E+01
  0.5282E+01  0.7983E+01  0.6999E+01  0.1744E+01  0.2405E+01
  0.5292E+01  0.7818E+01  0.7025E+01  0.1744E+01  0.2394E+01
  0.5303E+01  0.7942E+01  0.7050E+01  0.1744E+01  0.2381E+01
  0.5314E+01  0.7948E+01  0.7076E+01  0.1744E+01  0.2368E+01
  0.5324E+01  0.7981E+01  0.7101E+01  0.1743E+01  0.2353E+01
  0.5335E+01  0.8230E+01  0.7126E+01  0.1742E+01  0.2338E+01
  0.5346E+01  0.8439E+01  0.7151E+01  0.1740E+01  0.2322E+01
  0.5356E+01  0.8205E+01  0.7175E+01  0.1739E+01  0.2305E+01
  0.5367E+01  0.8140E+01  0.7200E+01  0.1737E+01  0.2287E+01
  0.5378E+01  0.8182E+01  0.7224E+01  0.1734E+01  0.2268E+01
  0.5389E+01  0.7930E+01  0.7249E+01  0.1732E+01  0.2248E+01
  0.5399E+01  0.8243E+01  0.7273E+01  0.1729E+01  0.2228E+01
  0.5410E+01  0.8362E+01  0.7296E+01  0.1726E+01  0.2207E+01
  0.5421E+01  0.8441E+01  0.7320E+01  0.1722E+01  0.2185E+01
  0.5431E+01  0.8418E+01  0.7343E+01  0.1718E+01  0.2163E+01
  0.5442E+01  0.8356E+01  0.7366E+01  0.1714E+01  0.2140E+01
  0.5453E+01  0.8242E+01  0.7389E+01  0.1710E+01  0.2116E+01
  0.5463E+01  0.8060E+01  0.7411E+01  0.1706E+01  0.2093E+01
  0.5474E+01  0.8466E+01  0.7433E+01  0.1701E+01  0.2069E+01
  0.5485E+01  0.8257E+01  0.7455E+01  0.1696E+01  0.2044E+01
  0.5495E+01  0.8412E+01  0.7477E+01  0.1690E+01  0.2019E+01
  0.5506E+01  0.8314E+01  0.7499E+01  0.1685E+01  0.1994E+01
  0.5517E+01  0.8392E+01  0.7520E+01  0.1679E+01  0.1969E+01
  0.5528E+01  0.8338E+01  0.7541E+01  0.1673E+01  0.1943E+01
  0.5538E+01  0.8350E+01  0.7561E+01  0.1667E+01  0.1917E+01
  0.5549E+01  0.8304E+01  0.7582E+01  0.1660E+01  0.1892E+01
  0.5560E+01  0.8340E+01  0.7602E+01  0.1654E+01  0.1866E+01
  0.5570E+01  0.8442E+01  0.7622E+01  0.1647E+01  0.1840E+01
  0.5581E+01  0.8352E+01  0.7641E+01  0.1639E+01  0.1814E+01
  0.5592E+01  0.8513E+01  0.7661E+01  0.1632E+01  0.1788E+01
  0.5602E+01  0.8394E+01  0.7679E+01  0.1625E+01  0.1762E+01
  0.5613E+01  0.8304E+01  0.7698E+01  0.1617E+01  0.1737E+01
  0.5624E+01  0.8338E+01  0.7716E+01  0.1609E+01  0.1711E+01
  0.5635E+01  0.8277E+01  0.7735E+01  0.1601E+01  0.1686E+01
  0.5645E+01  0.8442E+01  0.7753E+01  0.1593E+01  0.1661E+01
  0.5656E+01  0.8296E+01  0.7770E+01  0.1584E+01  0.1636E+01
  0.5667E+01  0.8397E+01  0.7788E+01  0.1576E+01  0.1611E+01
  0.5677E+01  0.8308E+01  0.7805E+01  0.1567E+01  0.1587E+01
  0.5688E+01  0.8331E+01  0.7822E+01  0.1558E+01  0.1563E+01
  0.5699E+01  0.8359E+01  0.7838E+01  0.1549E+01  0.1540E+01
  0.5709E+01  0.8304E+01  0.7854E+01  0.1540E+01  0.1517E+01
  0.5720E+01  0.8044E+01  0.7871E+01  0.1531E+01  0.1494E+01
  0.5731E+01  0.8476E+01  0.7886E+01  0.1522E+01  0.1472E+01
  0.5741E+01  0.8149E+01  0.7902E+01  0.1513E+01  0.1450E+01
  0.5752E+01  0.8216E+01  0.7917E+01  0.1503E+01  0.1428E+01
  0.5763E+01  0.8192E+01  0.7933E+01  0.1493E+01  0.1407E+01
  0.5773E+01  0.8141E+01  0.7947E+01  0.1484E+01  0.1387E+01
  0.5784E+01  0.8008E+01  0.7962E+01  0.1474E+01  0.1367E+01
  0.5795E+01  0.8254E+01  0.7977E+01  0.1464E+01  0.1348E+01
  0.5806E+01  0.7811E+01  0.7991E+01  0.1454E+01  0.1329E+01
  0.5816E+01  0.8049E+01  0.8005E+01  0.1444E+01  0.1310E+01
  0.5827E+01  0.8043E+01  0.8019E+01  0.1434E+01  0.1293E+01
  0.5838E+01  0.7944E+01  0.8033E+01  0.1424E+01  0.1275E+01
  0.5848E+01  0.7842E+01  0.8046E+01  0.1413E+01  0.1259E+01
  0.5859E+01  0.7684E+01  0.8060E+01  0.1403E+01  0.1242E+01
  0.5870E+01  0.7902E+01  0.8073E+01  0.1393E+01  0.1227E+01
  0.5880E+01  0.7720E+01  0.8086E+01  0.1383E+01  0.1212E+01
  0.5891E+01  0.7764E+01  0.8099E+01  0.1372E+01  0.1197E+01
  0.5902E+01  0.7912E+01  0.8112E+01  0.1362E+01  0.1183E+01
  0.5912E+01  0.8058E+01  0.8124E+01  0.1351E+01  0.1170E+01
  0.5923E+01  0.7936E+01  0.8137E+01  0.1341E+01  0.1157E+01
  0.5934E+01  0.7771E+01  0.8149E+01  0.1330E+01  0.1145E+01
  0.5945E+01  0.8024E+01  0.8161E+01  0.1320E+01  0.1133E+01
  0.5955E+01  0.7650E+01  0.8173E+01  0.1309E+01  0.1122E+01
  0.5966E+01  0.7709E+01  0.8185E+01  0.1299E+01  0.1111E+01
  0.5977E+01  0.7681E+01  0.8197E+01  0.1288E+01  0.1100E+01
  0.5987E+01  0.7541E+01  0.8208E+01  0.1278E+01  0.1091E+01
  0.5998E+01  0.8053E+01  0.8220E+01  0.1267E+01  0.1081E+01
  0.6009E+01  0.8411E+01  0.8232E+01  0.1257E+01  0.1072E+01
  0.6019E+01  0.7580E+01  0.8243E+01  0.1246E+01  0.1064E+01
  0.6030E+01  0.8130E+01  0.8254E+01  0.1236E+01  0.1056E+01
  0.6041E+01  0.8202E+01  0.8266E+01  0.1225E+01  0.1048E+01
  0.6051E+01  0.7301E+01  0.8277E+01  0.1215E+01  0.1041E+01
  0.6062E+01  0.7787E+01  0.8288E+01  0.1204E+01  0.1034E+01
  0.6073E+01  0.7694E+01  0.8299E+01  0.1194E+01  0.1027E+01
  0.6084E+01  0.7605E+01  0.8310E+01  0.1183E+01  0.1021E+01
  0.6094E+01  0.8215E+01  0.8321E+01  0.1173E+01  0.1015E+01
  0.6105E+01  0.8751E+01  0.8332E+01  0.1163E+01  0.1009E+01
  0.6116E+01  0.8148E+01  0.8342E+01  0.1152E+01  0.1004E+01
  0.6126E+01  0.8426E+01  0.8353E+01  0.1142E+01  0.9988E+00
  0.6137E+01  0.8334E+01  0.8364E+01  0.1132E+01  0.9939E+00
  0.6148E+01  0.7663E+01  0.8374E+01  0.1122E+01  0.9892E+00
  0.6158E+01  0.7988E+01  0.8385E+01  0.1111E+01  0.9848E+00
  0.6169E+01  0.7821E+01  0.8395E+01  0.1101E+01  0.9805E+00
  0.6180E+01  0.7917E+01  0.8406E+01  0.1091E+01  0.9763E+00
  0.6191E+01  0.8485E+01  0.8416E+01  0.1081E+01  0.9724E+00
  0.6201E+01  0.8966E+01  0.8427E+01  0.1071E+01  0.9685E+00
  0.6212E+01  0.8631E+01  0.8437E+01  0.1061E+01  0.9647E+00
  0.6223E+01  0.8667E+01  0.8447E+01  0.1051E+01  0.9611E+00
  0.6233E+01  0.8174E+01  0.8458E+01  0.1041E+01  0.9575E+00
  0.6244E+01  0.8288E+01  0.8468E+01  0.1031E+01  0.9539E+00
  0.6255E+01  0.7907E+01  0.8478E+01  0.1021E+01  0.9504E+00
  0.6265E+01  0.8089E+01  0.8488E+01  0.1011E+01  0.9469E+00
  0.6276E+01  0.8366E+01  0.8498E+01  0.1001E+01  0.9433E+00
  0.6287E+01  0.9078E+01  0.8508E+01  0.9912E+00  0.9398E+00
  0.6297E+01  0.8896E+01  0.8518E+01  0.9814E+00  0.9362E+00
  0.6308E+01  0.8934E+01  0.8528E+01  0.9716E+00  0.9326E+00
  0.6319E+01  0.8771E+01  0.8538E+01  0.9619E+00  0.9289E+00
  0.6329E+01  0.8351E+01  0.8548E+01  0.9522E+00  0.9251E+00
  0.6340E+01  0.8292E+01  0.8558E+01  0.9425E+00  0.9213E+00
  0.6351E+01  0.8069E+01  0.8568E+01  0.9328E+00  0.9173E+00
  0.6362E+01  0.8367E+01  0.8578E+01  0.9232E+00  0.9133E+00
  0.6372E+01  0.8560E+01  0.8587E+01  0.9137E+00  0.9091E+00
  0.6383E+01  0.9135E+01  0.8597E+01  0.9041E+00  0.9047E+00
  0.6394E+01  0.9144E+01  0.8607E+01  0.8946E+00  0.9002E+00
  0.6404E+01  0.8904E+01  0.8616E+01  0.8851E+00  0.8956E+00
  0.6415E+01  0.8577E+01  0.8626E+01  0.8756E+00  0.8908E+00
  0.6426E+01  0.8102E+01  0.8635E+01  0.8661E+00  0.8858E+00
  0.6436E+01  0.8151E+01  0.8645E+01  0.8566E+00  0.8806E+00
  0.6447E+01  0.8305E+01  0.8654E+01  0.8472E+00  0.8753E+00
  0.6458E+01  0.8593E+01  0.8663E+01  0.8378E+00  0.8698E+00
  0.6468E+01  0.8931E+01  0.8673E+01  0.8284E+00  0.8640E+00
  0.6479E+01  0.9153E+01  0.8682E+01  0.8190E+00  0.8581E+00
  0.6490E+01  0.9189E+01  0.8691E+01  0.8096E+00  0.8520E+00
  0.6500E+01  0.8597E+01  0.8700E+01  0.8004E+00  0.8457E+00
  0.6511E+01  0.8301E+01  0.8709E+01  0.7910E+00  0.8391E+00
  0.6522E+01  0.8727E+01  0.8718E+01  0.7817E+00  0.8324E+00
  0.6533E+01  0.8161E+01  0.8727E+01  0.7723E+00  0.8254E+00
  0.6543E+01  0.8884E+01  0.8736E+01  0.7630E+00  0.8183E+00
  0.6554E+01  0.8868E+01  0.8744E+01  0.7537E+00  0.8109E+00
  0.6565E+01  0.9015E+01  0.8753E+01  0.7444E+00  0.8033E+00
  0.6575E+01  0.9210E+01  0.8762E+01  0.7351E+00  0.7955E+00
  0.6586E+01  0.8907E+01  0.8770E+01  0.7258E+00  0.7875E+00
  0.6597E+01  0.8990E+01  0.8778E+01  0.7165E+00  0.7793E+00
  0.6607E+01  0.8781E+01  0.8787E+01  0.7072E+00  0.7710E+00
  0.6618E+01  0.9038E+01  0.8795E+01  0.6978E+00  0.7624E+00
  0.6629E+01  0.9128E+01  0.8803E+01  0.6886E+00  0.7536E+00
  0.6639E+01  0.8970E+01  0.8811E+01  0.6793E+00  0.7447E+00
  0.6650E+01  0.9317E+01  0.8819E+01  0.6700E+00  0.7356E+00
  0.6661E+01  0.9268E+01  0.8827E+01  0.6607E+00  0.7263E+00
  0.6672E+01  0.9351E+01  0.8834E+01  0.6513E+00  0.7168E+00
  0.6682E+01  0.9462E+01  0.8842E+01  0.6420E+00  0.7072E+00
  0.6693E+01  0.9466E+01  0.8850E+01  0.6326E+00  0.6974E+00
  0.6704E+01  0.9410E+01  0.8857E+01  0.6232E+00  0.6875E+00
  0.6714E+01  0.9264E+01  0.8864E+01  0.6139E+00  0.6774E+00
  0.6725E+01  0.9352E+01  0.8872E+01  0.6045E+00  0.6672E+00
  0.6736E+01  0.9345E+01  0.8879E+01  0.5951E+00  0.6569E+00
  0.6746E+01  0.9358E+01  0.8886E+01  0.5856E+00  0.6465E+00
  0.6757E+01  0.9497E+01  0.8892E+01  0.5763E+00  0.6359E+00
  0.6768E+01  0.9577E+01  0.8899E+01  0.5668E+00  0.6253E+00
  0.6778E+01  0.9319E+01  0.8906E+01  0.5573E+00  0.6146E+00
  0.6789E+01  0.9457E+01  0.8912E+01  0.5478E+00  0.6037E+00
  0.6800E+01  0.9472E+01  0.8919E+01  0.5383E+00  0.5928E+00
  0.6811E+01  0.9255E+01  0.8925E+01  0.5288E+00  0.5818E+00
  0.6821E+01  0.9342E+01  0.8931E+01  0.5192E+00  0.5707E+00
  0.6832E+01  0.9264E+01  0.8937E+01  0.5096E+00  0.5596E+00
  0.6843E+01  0.9419E+01  0.8943E+01  0.5000E+00  0.5484E+00
  0.6853E+01  0.9277E+01  0.8949E+01  0.4904E+00  0.5372E+00
  0.6864E+01  0.9521E+01  0.8955E+01  0.4807E+00  0.5260E+00
  0.6875E+01  0.9305E+01  0.8960E+01  0.4711E+00  0.5147E+00
  0.6885E+01  0.9208E+01  0.8966E+01  0.4614E+00  0.5034E+00
  0.6896E+01  0.9351E+01  0.8971E+01  0.4517E+00  0.4921E+00
  0.6907E+01  0.9192E+01  0.8976E+01  0.4419E+00  0.4808E+00
  0.6917E+01  0.9078E+01  0.8981E+01  0.4322E+00  0.4695E+00
  0.6928E+01  0.9277E+01  0.8986E+01  0.4223E+00  0.4581E+00
  0.6939E+01  0.9177E+01  0.8991E+01  0.4125E+00  0.4468E+00
  0.6950E+01  0.9258E+01  0.8996E+01  0.4026E+00  0.4355E+00
  0.6960E+01  0.9265E+01  0.9000E+01  0.3927E+00  0.4242E+00
  0.6971E+01  0.9172E+01  0.9005E+01  0.3828E+00  0.4129E+00
  0.6982E+01  0.9146E+01  0.9009E+01  0.3728E+00  0.4016E+00
  0.6992E+01  0.8948E+01  0.9013E+01  0.3628E+00  0.3904E+00
  0.7003E+01  0.9006E+01  0.9018E+01  0.3528E+00  0.3792E+00
  0.7014E+01  0.8923E+01  0.9021E+01  0.3428E+00  0.3681E+00
  0.7024E+01  0.8901E+01  0.9025E+01  0.3327E+00  0.3570E+00
  0.7035E+01  0.9165E+01  0.9029E+01  0.3226E+00  0.3459E+00
  0.7046E+01  0.9189E+01  0.9033E+01  0.3124E+00  0.3349E+00
  0.7056E+01  0.8793E+01  0.9036E+01  0.3022E+00  0.3239E+00
  0.7067E+01  0.8959E+01  0.9040E+01  0.2920E+00  0.3129E+00
  0.7078E+01  0.8893E+01  0.9043E+01  0.2817E+00  0.3020E+00
  0.7089E+01  0.8576E+01  0.9046E+01  0.2714E+00  0.2912E+00
  0.7099E+01  0.8860E+01  0.9049E+01  0.2610E+00  0.2804E+00
  0.7110E+01  0.8834E+01  0.9052E+01  0.2507E+00  0.2697E+00
  0.7121E+01  0.8974E+01  0.9055E+01  0.2403E+00  0.2590E+00
  0.7131E+01  0.8820E+01  0.9058E+01  0.2298E+00  0.2483E+00
  0.7142E+01  0.8619E+01  0.9060E+01  0.2193E+00  0.2378E+00
  0.7153E+01  0.9011E+01  0.9063E+01  0.2089E+00  0.2272E+00
  0.7163E+01  0.9008E+01  0.9065E+01  0.1984E+00  0.2168E+00
  0.7174E+01  0.9051E+01  0.9067E+01  0.1878E+00  0.2063E+00
  0.7185E+01  0.9115E+01  0.9070E+01  0.1771E+00  0.1959E+00
  0.7196E+01  0.8641E+01  0.9072E+01  0.1665E+00  0.1856E+00
  0.7206E+01  0.9002E+01  0.9074E+01  0.1558E+00  0.1752E+00
  0.7217E+01  0.9038E+01  0.9075E+01  0.1450E+00  0.1649E+00
  0.7228E+01  0.9081E+01  0.9077E+01  0.1343E+00  0.1547E+00
  0.7238E+01  0.9024E+01  0.9079E+01  0.1234E+00  0.1445E+00
  0.7249E+01  0.9163E+01  0.9080E+01  0.1126E+00  0.1343E+00
  0.7260E+01  0.9034E+01  0.9082E+01  0.1017E+00  0.1241E+00
  0.7270E+01  0.9037E+01  0.9083E+01  0.9074E-01  0.1140E+00
  0.7281E+01  0.9077E+01  0.9084E+01  0.7986E-01  0.1039E+00
  0.7292E+01  0.9315E+01  0.9085E+01  0.6884E-01  0.9385E-01
  0.7302E+01  0.9103E+01  0.9086E+01  0.5778E-01  0.8376E-01
  0.7313E+01  0.9003E+01  0.9087E+01  0.4668E-01  0.7368E-01
  0.7324E+01  0.9157E+01  0.9088E+01  0.3554E-01  0.6361E-01
  0.7334E+01  0.9134E+01  0.9088E+01  0.2435E-01  0.5354E-01
  0.7345E+01  0.9333E+01  0.9089E+01  0.1313E-01  0.4347E-01
  0.7356E+01  0.8822E+01  0.9089E+01  0.1860E-02  0.3339E-01
  0.7367E+01  0.9247E+01  0.9089E+01 -0.9451E-02  0.2331E-01
  0.7377E+01  0.9263E+01  0.9090E+01 -0.2080E-01  0.1321E-01
  0.7388E+01  0.9397E+01  0.9090E+01 -0.3220E-01  0.3094E-02
  0.7399E+01  0.9162E+01  0.9090E+01 -0.4364E-01 -0.6994E-02
  0.7409E+01  0.9135E+01  0.9090E+01 -0.5502E-01 -0.1715E-01
  0.7420E+01  0.9382E+01  0.9089E+01 -0.6655E-01 -0.2729E-01
  0.7431E+01  0.9209E+01  0.9089E+01 -0.7812E-01 -0.3751E-01
  0.7441E+01  0.8793E+01  0.9088E+01 -0.8974E-01 -0.4776E-01
  0.7452E+01  0.9269E+01  0.9088E+01 -0.1014E+00 -0.5806E-01
  0.7463E+01  0.9489E+01  0.9087E+01 -0.1131E+00 -0.6839E-01
  0.7473E+01  0.9261E+01  0.9086E+01 -0.1249E+00 -0.7877E-01
  0.7484E+01  0.9303E+01  0.9086E+01 -0.1367E+00 -0.8920E-01
  0.7495E+01  0.9350E+01  0.9085E+01 -0.1485E+00 -0.9968E-01
  0.7506E+01  0.9189E+01  0.9083E+01 -0.1604E+00 -0.1102E+00
  0.7516E+01  0.9314E+01  0.9082E+01 -0.1724E+00 -0.1208E+00
  0.7527E+01  0.9144E+01  0.9081E+01 -0.1844E+00 -0.1314E+00
  0.7538E+01  0.8948E+01  0.9079E+01 -0.1963E+00 -0.1421E+00
  0.7548E+01  0.9419E+01  0.9078E+01 -0.2084E+00 -0.1529E+00
  0.7559E+01  0.9384E+01  0.9076E+01 -0.2205E+00 -0.1637E+00
  0.7570E+01  0.9429E+01  0.9074E+01 -0.2327E+00 -0.1746E+00
  0.7580E+01  0.9295E+01  0.9072E+01 -0.2449E+00 -0.1856E+00
  0.7591E+01  0.9373E+01  0.9070E+01 -0.2572E+00 -0.1967E+00
  0.7602E+01  0.9208E+01  0.9068E+01 -0.2696E+00 -0.2078E+00
  0.7612E+01  0.9096E+01  0.9066E+01 -0.2820E+00 -0.2190E+00
  0.7623E+01  0.9283E+01  0.9063E+01 -0.2944E+00 -0.2303E+00
  0.7634E+01  0.9035E+01  0.9061E+01 -0.3069E+00 -0.2417E+00
  0.7645E+01  0.9442E+01  0.9058E+01 -0.3194E+00 -0.2532E+00
  0.7655E+01  0.9137E+01  0.9056E+01 -0.3320E+00 -0.2647E+00
  0.7666E+01  0.9480E+01  0.9053E+01 -0.3446E+00 -0.2763E+00
  0.7677E+01  0.9349E+01  0.9050E+01 -0.3573E+00 -0.2880E+00
  0.7687E+01  0.9201E+01  0.9047E+01 -0.3700E+00 -0.2998E+00
  0.7698E+01  0.9123E+01  0.9043E+01 -0.3828E+00 -0.3117E+00
  0.7709E+01  0.9246E+01  0.9040E+01 -0.3957E+00 -0.3237E+00
  0.7719E+01  0.9032E+01  0.9036E+01 -0.4086E+00 -0.3358E+00
  0.7730E+01  0.9115E+01  0.9033E+01 -0.4216E+00 -0.3479E+00
  0.7741E+01  0.9185E+01  0.9029E+01 -0.4346E+00 -0.3602E+00
  0.7752E+01  0.9458E+01  0.9025E+01 -0.4477E+00 -0.3725E+00
  0.7762E+01  0.9257E+01  0.9021E+01 -0.4608E+00 -0.3850E+00
  0.7773E+01  0.9317E+01  0.9017E+01 -0.4740E+00 -0.3975E+00
  0.7784E+01  0.9025E+01  0.9012E+01 -0.4872E+00 -0.4101E+00
  0.7794E+01  0.9197E+01  0.9008E+01 -0.5004E+00 -0.4228E+00
  0.7805E+01  0.9305E+01  0.9003E+01 -0.5138E+00 -0.4355E+00
  0.7816E+01  0.9009E+01  0.8999E+01 -0.5272E+00 -0.4485E+00
  0.7826E+01  0.9173E+01  0.8994E+01 -0.5406E+00 -0.4614E+00
  0.7837E+01  0.9168E+01  0.8989E+01 -0.5541E+00 -0.4745E+00
  0.7848E+01  0.9475E+01  0.8984E+01 -0.5677E+00 -0.4877E+00
  0.7858E+01  0.9053E+01  0.8978E+01 -0.5813E+00 -0.5010E+00
  0.7869E+01  0.9180E+01  0.8973E+01 -0.5950E+00 -0.5144E+00
  0.7880E+01  0.9363E+01  0.8967E+01 -0.6088E+00 -0.5278E+00
  0.7890E+01  0.9128E+01  0.8962E+01 -0.6226E+00 -0.5414E+00
  0.7901E+01  0.9331E+01  0.8956E+01 -0.6364E+00 -0.5550E+00
  0.7912E+01  0.9096E+01  0.8950E+01 -0.6503E+00 -0.5687E+00
  0.7922E+01  0.9033E+01  0.8944E+01 -0.6641E+00 -0.5825E+00
  0.7933E+01  0.9071E+01  0.8937E+01 -0.6781E+00 -0.5964E+00
  0.7944E+01  0.9461E+01  0.8931E+01 -0.6922E+00 -0.6104E+00
  0.7955E+01  0.9017E+01  0.8924E+01 -0.7063E+00 -0.6245E+00
  0.7965E+01  0.9076E+01  0.8918E+01 -0.7205E+00 -0.6387E+00
  0.7976E+01  0.9357E+01  0.8911E+01 -0.7347E+00 -0.6530E+00
  0.7987E+01  0.9267E+01  0.8904E+01 -0.7490E+00 -0.6673E+00
  0.7997E+01  0.8600E+01  0.8896E+01 -0.7633E+00 -0.6818E+00
  0.8008E+01  0.8866E+01  0.8889E+01 -0.7777E+00 -0.6964E+00
  0.8019E+01  0.8979E+01  0.8881E+01 -0.7921E+00 -0.7110E+00
  0.8030E+01  0.8859E+01  0.8874E+01 -0.8066E+00 -0.7258E+00
  0.8040E+01  0.9143E+01  0.8866E+01 -0.8211E+00 -0.7406E+00
  0.8051E+01  0.9197E+01  0.8858E+01 -0.8355E+00 -0.7555E+00
  0.8062E+01  0.8853E+01  0.8850E+01 -0.8502E+00 -0.7705E+00
  0.8072E+01  0.9151E+01  0.8841E+01 -0.8648E+00 -0.7856E+00
  0.8083E+01  0.8953E+01  0.8833E+01 -0.8795E+00 -0.8008E+00
  0.8094E+01  0.8157E+01  0.8824E+01 -0.8943E+00 -0.8161E+00
  0.8104E+01  0.8900E+01  0.8816E+01 -0.9091E+00 -0.8315E+00
  0.8115E+01  0.8900E+01  0.8807E+01 -0.9240E+00 -0.8470E+00
  0.8126E+01  0.8881E+01  0.8797E+01 -0.9388E+00 -0.8626E+00
  0.8136E+01  0.8909E+01  0.8788E+01 -0.9538E+00 -0.8783E+00
  0.8147E+01  0.9108E+01  0.8779E+01 -0.9688E+00 -0.8940E+00
  0.8158E+01  0.8692E+01  0.8769E+01 -0.9838E+00 -0.9099E+00
  0.8168E+01  0.8791E+01  0.8759E+01 -0.9988E+00 -0.9258E+00
  0.8179E+01  0.9080E+01  0.8749E+01 -0.1014E+01 -0.9419E+00
  0.8190E+01  0.8263E+01  0.8739E+01 -0.1029E+01 -0.9579E+00
  0.8200E+01  0.8758E+01  0.8729E+01 -0.1044E+01 -0.9742E+00
  0.8211E+01  0.8704E+01  0.8718E+01 -0.1059E+01 -0.9905E+00
  0.8222E+01  0.8903E+01  0.8708E+01 -0.1074E+01 -0.1007E+01
  0.8233E+01  0.8806E+01  0.8697E+01 -0.1090E+01 -0.1024E+01
  0.8243E+01  0.9216E+01  0.8686E+01 -0.1105E+01 -0.1040E+01
  0.8254E+01  0.8750E+01  0.8674E+01 -0.1120E+01 -0.1057E+01
  0.8265E+01  0.8774E+01  0.8663E+01 -0.1136E+01 -0.1074E+01
  0.8275E+01  0.9115E+01  0.8651E+01 -0.1151E+01 -0.1091E+01
  0.8286E+01  0.8223E+01  0.8640E+01 -0.1166E+01 -0.1108E+01
  0.8297E+01  0.8774E+01  0.8628E+01 -0.1182E+01 -0.1125E+01
  0.8307E+01  0.8944E+01  0.8616E+01 -0.1197E+01 -0.1142E+01
  0.8318E+01  0.8956E+01  0.8603E+01 -0.1213E+01 -0.1159E+01
  0.8329E+01  0.8868E+01  0.8591E+01 -0.1228E+01 -0.1176E+01
  0.8339E+01  0.9151E+01  0.8578E+01 -0.1244E+01 -0.1194E+01
  0.8350E+01  0.8982E+01  0.8565E+01 -0.1259E+01 -0.1211E+01
  0.8361E+01  0.8909E+01  0.8552E+01 -0.1275E+01 -0.1229E+01
  0.8372E+01  0.8741E+01  0.8539E+01 -0.1290E+01 -0.1247E+01
  0.8382E+01  0.8185E+01  0.8526E+01 -0.1306E+01 -0.1265E+01
  0.8393E+01  0.8608E+01  0.8512E+01 -0.1321E+01 -0.1282E+01
  0.8404E+01  0.8947E+01  0.8498E+01 -0.1337E+01 -0.1300E+01
  0.8414E+01  0.8817E+01  0.8484E+01 -0.1352E+01 -0.1319E+01
  0.8425E+01  0.8964E+01  0.8470E+01 -0.1368E+01 -0.1337E+01
  0.8436E+01  0.9035E+01  0.8456E+01 -0.1383E+01 -0.1355E+01
  0.8446E+01  0.8936E+01  0.8441E+01 -0.1399E+01 -0.1373E+01
  0.8457E+01  0.8635E+01  0.8426E+01 -0.1414E+01 -0.1391E+01
  0.8468E+01  0.8223E+01  0.8411E+01 -0.1430E+01 -0.1410E+01
  0.8479E+01  0.8264E+01  0.8396E+01 -0.1445E+01 -0.1428E+01
  0.8489E+01  0.8206E+01  0.8381E+01 -0.1460E+01 -0.1447E+01
  0.8500E+01  0.8998E+01  0.8365E+01 -0.1476E+01 -0.1466E+01
  0.8511E+01  0.8929E+01  0.8349E+01 -0.1491E+01 -0.1484E+01
  0.8521E+01  0.8777E+01  0.8333E+01 -0.1507E+01 -0.1503E+01
  0.8532E+01  0.8913E+01  0.8317E+01 -0.1522E+01 -0.1522E+01
  0.8543E+01  0.8803E+01  0.8301E+01 -0.1537E+01 -0.1541E+01
  0.8553E+01  0.8247E+01  0.8284E+01 -0.1553E+01 -0.1560E+01
  0.8564E+01  0.8094E+01  0.8268E+01 -0.1568E+01 -0.1579E+01
  0.8575E+01  0.8343E+01  0.8251E+01 -0.1583E+01 -0.1597E+01
  0.8585E+01  0.7977E+01  0.8233E+01 -0.1598E+01 -0.1616E+01
  0.8596E+01  0.9011E+01  0.8216E+01 -0.1614E+01 -0.1636E+01
  0.8607E+01  0.8604E+01  0.8198E+01 -0.1629E+01 -0.1655E+01
  0.8617E+01  0.8557E+01  0.8181E+01 -0.1644E+01 -0.1674E+01
  0.8628E+01  0.8725E+01  0.8163E+01 -0.1659E+01 -0.1693E+01
  0.8639E+01  0.8717E+01  0.8144E+01 -0.1674E+01 -0.1712E+01
  0.8650E+01  0.8200E+01  0.8126E+01 -0.1689E+01 -0.1731E+01
  0.8660E+01  0.7991E+01  0.8107E+01 -0.1703E+01 -0.1750E+01
  0.8671E+01  0.8140E+01  0.8089E+01 -0.1718E+01 -0.1769E+01
  0.8682E+01  0.7662E+01  0.8070E+01 -0.1733E+01 -0.1788E+01
  0.8692E+01  0.8846E+01  0.8050E+01 -0.1748E+01 -0.1807E+01
  0.8703E+01  0.8452E+01  0.8031E+01 -0.1762E+01 -0.1826E+01
  0.8714E+01  0.8574E+01  0.8011E+01 -0.1777E+01 -0.1846E+01
  0.8724E+01  0.8368E+01  0.7992E+01 -0.1791E+01 -0.1865E+01
  0.8735E+01  0.8697E+01  0.7971E+01 -0.1805E+01 -0.1884E+01
  0.8746E+01  0.7982E+01  0.7951E+01 -0.1820E+01 -0.1902E+01
  0.8757E+01  0.7786E+01  0.7931E+01 -0.1834E+01 -0.1921E+01
  0.8767E+01  0.7728E+01  0.7910E+01 -0.1848E+01 -0.1940E+01
  0.8778E+01  0.7698E+01  0.7889E+01 -0.1862E+01 -0.1959E+01
  0.8789E+01  0.8539E+01  0.7868E+01 -0.1876E+01 -0.1978E+01
  0.8799E+01  0.8465E+01  0.7847E+01 -0.1890E+01 -0.1996E+01
  0.8810E+01  0.8428E+01  0.7825E+01 -0.1904E+01 -0.2015E+01
  0.8821E+01  0.7883E+01  0.7804E+01 -0.1917E+01 -0.2033E+01
  0.8831E+01  0.8631E+01  0.7782E+01 -0.1931E+01 -0.2051E+01
  0.8842E+01  0.7865E+01  0.7760E+01 -0.1944E+01 -0.2070E+01
  0.8853E+01  0.7419E+01  0.7738E+01 -0.1958E+01 -0.2088E+01
  0.8863E+01  0.7653E+01  0.7715E+01 -0.1971E+01 -0.2106E+01
  0.8874E+01  0.7378E+01  0.7693E+01 -0.1984E+01 -0.2124E+01
  0.8885E+01  0.8581E+01  0.7670E+01 -0.1997E+01 -0.2142E+01
  0.8896E+01  0.8003E+01  0.7647E+01 -0.2010E+01 -0.2159E+01
  0.8906E+01  0.8276E+01  0.7624E+01 -0.2023E+01 -0.2177E+01
  0.8917E+01  0.7792E+01  0.7600E+01 -0.2035E+01 -0.2194E+01
  0.8928E+01  0.8345E+01  0.7577E+01 -0.2048E+01 -0.2211E+01
  0.8938E+01  0.7751E+01  0.7553E+01 -0.2060E+01 -0.2228E+01
  0.8949E+01  0.7042E+01  0.7529E+01 -0.2072E+01 -0.2245E+01
  0.8960E+01  0.7482E+01  0.7505E+01 -0.2084E+01 -0.2261E+01
  0.8970E+01  0.7209E+01  0.7481E+01 -0.2096E+01 -0.2278E+01
  0.8981E+01  0.8364E+01  0.7456E+01 -0.2108E+01 -0.2294E+01
  0.8992E+01  0.8088E+01  0.7432E+01 -0.2120E+01 -0.2310E+01
  0.9002E+01  0.7744E+01  0.7407E+01 -0.2132E+01 -0.2326E+01
  0.9013E+01  0.7511E+01  0.7382E+01 -0.2143E+01 -0.2342E+01
  0.9024E+01  0.8183E+01  0.7357E+01 -0.2154E+01 -0.2357E+01
  0.9034E+01  0.7681E+01  0.7332E+01 -0.2165E+01 -0.2372E+01
  0.9045E+01  0.6677E+01  0.7306E+01 -0.2176E+01 -0.2387E+01
  0.9056E+01  0.7164E+01  0.7281E+01 -0.2187E+01 -0.2402E+01
  0.9067E+01  0.6820E+01  0.7255E+01 -0.2198E+01 -0.2417E+01
  0.9077E+01  0.8188E+01  0.7229E+01 -0.2208E+01 -0.2431E+01
  0.9088E+01  0.7791E+01  0.7203E+01 -0.2219E+01 -0.2445E+01
  0.9099E+01  0.7669E+01  0.7177E+01 -0.2229E+01 -0.2459E+01
  0.9109E+01  0.7223E+01  0.7150E+01 -0.2239E+01 -0.2472E+01
  0.9120E+01  0.8005E+01  0.7124E+01 -0.2249E+01 -0.2485E+01
  0.9131E+01  0.7618E+01  0.7097E+01 -0.2259E+01 -0.2498E+01
  0.9141E+01  0.5930E+01  0.7070E+01 -0.2269E+01 -0.2511E+01
  0.9152E+01  0.6736E+01  0.7043E+01 -0.2278E+01 -0.2523E+01
  0.9163E+01  0.7056E+01  0.7016E+01 -0.2287E+01 -0.2536E+01
  0.9174E+01  0.7913E+01  0.6989E+01 -0.2296E+01 -0.2547E+01
  0.9184E+01  0.7544E+01  0.6962E+01 -0.2305E+01 -0.2559E+01
  0.9195E+01  0.7360E+01  0.6934E+01 -0.2314E+01 -0.2570E+01
  0.9206E+01  0.7264E+01  0.6907E+01 -0.2323E+01 -0.2581E+01
  0.9216E+01  0.7647E+01  0.6879E+01 -0.2331E+01 -0.2592E+01
  0.9227E+01  0.7380E+01  0.6852E+01 -0.2339E+01 -0.2602E+01
  0.9238E+01  0.5768E+01  0.6824E+01 -0.2348E+01 -0.2612E+01
  0.9248E+01  0.5649E+01  0.6796E+01 -0.2356E+01 -0.2622E+01
  0.9259E+01  0.7142E+01  0.6768E+01 -0.2363E+01 -0.2631E+01
  0.9270E+01  0.7753E+01  0.6739E+01 -0.2371E+01 -0.2640E+01
  0.9280E+01  0.6773E+01  0.6711E+01 -0.2378E+01 -0.2649E+01
  0.9291E+01  0.6926E+01  0.6683E+01 -0.2386E+01 -0.2657E+01
  0.9302E+01  0.7233E+01  0.6654E+01 -0.2393E+01 -0.2665E+01
  0.9312E+01  0.7527E+01  0.6626E+01 -0.2400E+01 -0.2673E+01
  0.9323E+01  0.6366E+01  0.6597E+01 -0.2407E+01 -0.2680E+01
  0.9334E+01  0.5656E+01  0.6569E+01 -0.2413E+01 -0.2688E+01
  0.9345E+01  0.5642E+01  0.6540E+01 -0.2420E+01 -0.2694E+01
  0.9355E+01  0.6979E+01  0.6511E+01 -0.2426E+01 -0.2701E+01
  0.9366E+01  0.7416E+01  0.6482E+01 -0.2432E+01 -0.2707E+01
  0.9377E+01  0.5886E+01  0.6453E+01 -0.2438E+01 -0.2713E+01
  0.9387E+01  0.6958E+01  0.6424E+01 -0.2444E+01 -0.2718E+01
  0.9398E+01  0.7065E+01  0.6395E+01 -0.2449E+01 -0.2723E+01
  0.9409E+01  0.7238E+01  0.6366E+01 -0.2455E+01 -0.2728E+01
  0.9419E+01  0.5357E+01  0.6337E+01 -0.2460E+01 -0.2732E+01
  0.9430E+01  0.5447E+01  0.6307E+01 -0.2465E+01 -0.2736E+01
  0.9441E+01  0.5690E+01  0.6278E+01 -0.2470E+01 -0.2740E+01
  0.9451E+01  0.6480E+01  0.6249E+01 -0.2475E+01 -0.2744E+01
  0.9462E+01  0.6888E+01  0.6220E+01 -0.2480E+01 -0.2747E+01
  0.9473E+01  0.5991E+01  0.6190E+01 -0.2484E+01 -0.2749E+01
  0.9483E+01  0.6898E+01  0.6161E+01 -0.2488E+01 -0.2752E+01
  0.9494E+01  0.6636E+01  0.6131E+01 -0.2493E+01 -0.2754E+01
  0.9505E+01  0.6743E+01  0.6102E+01 -0.2497E+01 -0.2756E+01
  0.9516E+01  0.5147E+01  0.6072E+01 -0.2500E+01 -0.2757E+01
  0.9526E+01  0.5545E+01  0.6043E+01 -0.2504E+01 -0.2758E+01
  0.9537E+01  0.5628E+01  0.6013E+01 -0.2508E+01 -0.2759E+01
  0.9548E+01  0.6492E+01  0.5984E+01 -0.2511E+01 -0.2760E+01
  0.9558E+01  0.5288E+01  0.5954E+01 -0.2514E+01 -0.2760E+01
  0.9569E+01  0.6186E+01  0.5925E+01 -0.2518E+01 -0.2760E+01
  0.9580E+01  0.6867E+01  0.5895E+01 -0.2520E+01 -0.2759E+01
  0.9590E+01  0.5935E+01  0.5866E+01 -0.2523E+01 -0.2759E+01
  0.9601E+01  0.6207E+01  0.5836E+01 -0.2526E+01 -0.2758E+01
  0.9612E+01  0.4852E+01  0.5807E+01 -0.2528E+01 -0.2756E+01
  0.9623E+01  0.5497E+01  0.5777E+01 -0.2531E+01 -0.2755E+01
  0.9633E+01  0.5063E+01  0.5748E+01 -0.2533E+01 -0.2753E+01
  0.9644E+01  0.5823E+01  0.5718E+01 -0.2535E+01 -0.2750E+01
  0.9655E+01  0.4477E+01  0.5689E+01 -0.2537E+01 -0.2748E+01
  0.9665E+01  0.6342E+01  0.5660E+01 -0.2539E+01 -0.2745E+01
  0.9676E+01  0.6423E+01  0.5630E+01 -0.2541E+01 -0.2742E+01
  0.9687E+01  0.5338E+01  0.5601E+01 -0.2542E+01 -0.2738E+01
  0.9697E+01  0.5193E+01  0.5572E+01 -0.2544E+01 -0.2735E+01
  0.9708E+01  0.5024E+01  0.5542E+01 -0.2545E+01 -0.2731E+01
  0.9719E+01  0.5561E+01  0.5514E+01 -0.2546E+01 -0.2727E+01
  0.9729E+01  0.4331E+01  0.5484E+01 -0.2548E+01 -0.2722E+01
  0.9740E+01  0.5136E+01  0.5455E+01 -0.2548E+01 -0.2718E+01
  0.9751E+01  0.4754E+01  0.5426E+01 -0.2549E+01 -0.2713E+01
  0.9761E+01  0.6194E+01  0.5397E+01 -0.2550E+01 -0.2707E+01
  0.9772E+01  0.5561E+01  0.5368E+01 -0.2551E+01 -0.2702E+01
  0.9783E+01  0.4852E+01  0.5339E+01 -0.2551E+01 -0.2696E+01
  0.9794E+01  0.4970E+01  0.5311E+01 -0.2552E+01 -0.2690E+01
  0.9804E+01  0.5063E+01  0.5282E+01 -0.2552E+01 -0.2684E+01
  0.9815E+01  0.5182E+01  0.5253E+01 -0.2552E+01 -0.2677E+01
  0.9826E+01  0.4159E+01  0.5225E+01 -0.2552E+01 -0.2671E+01
  0.9836E+01  0.2890E+01  0.5196E+01 -0.2552E+01 -0.2664E+01
  0.9847E+01  0.4927E+01  0.5168E+01 -0.2552E+01 -0.2657E+01
  0.9858E+01  0.5875E+01  0.5139E+01 -0.2552E+01 -0.2649E+01
  0.9868E+01  0.4913E+01  0.5111E+01 -0.2552E+01 -0.2642E+01
  0.9879E+01  0.3178E+01  0.5083E+01 -0.2551E+01 -0.2634E+01
  0.9890E+01  0.4159E+01  0.5055E+01 -0.2551E+01 -0.2626E+01
  0.9900E+01  0.5215E+01  0.5027E+01 -0.2550E+01 -0.2618E+01
  0.9911E+01  0.4787E+01  0.4999E+01 -0.2549E+01 -0.2605E+01
  0.9933E+01  0.2079E+01  0.4943E+01 -0.2548E+01 -0.2596E+01
  0.9943E+01  0.5147E+01  0.4915E+01 -0.2547E+01 -0.2583E+01
  0.9954E+01  0.5100E+01  0.4888E+01 -0.2546E+01 -0.2569E+01
  0.9975E+01  0.3466E+01  0.4833E+01 -0.2544E+01 -0.2560E+01
  0.9986E+01  0.4477E+01  0.4806E+01 -0.2542E+01 -0.2546E+01
  0.9997E+01  0.4913E+01  0.4779E+01 -0.2541E+01 -0.2536E+01
  0.1001E+02  0.3466E+01  0.4752E+01 -0.2540E+01 -0.2526E+01
  0.1002E+02  0.1386E+01  0.4725E+01 -0.2538E+01 -0.2511E+01
  0.1004E+02  0.4927E+01  0.4671E+01 -0.2535E+01 -0.2500E+01
  0.1005E+02  0.3638E+01  0.4644E+01 -0.2533E+01 -0.2485E+01
  0.1006E+02  0.2773E+01  0.4618E+01 -0.2532E+01 -0.2474E+01
  0.1007E+02  0.3178E+01  0.4591E+01 -0.2530E+01 -0.2463E+01
  0.1008E+02  0.4159E+01  0.4565E+01 -0.2528E+01 -0.2452E+01
  0.1009E+02  0.4564E+01  0.4539E+01 -0.2526E+01 -0.2436E+01
  0.1011E+02  0.1386E+01  0.4487E+01 -0.2522E+01 -0.2425E+01
  0.1012E+02  0.6931E+00  0.4461E+01 -0.2520E+01 -0.2408E+01
  0.1014E+02  0.4331E+01  0.4436E+01 -0.2518E+01 -0.2384E+01
  0.1017E+02  0.3466E+01  0.4359E+01 -0.2512E+01 -0.2373E+01
  0.1018E+02  0.3689E+01  0.4334E+01 -0.2509E+01 -0.2349E+01
  0.1019E+02  0.3871E+01  0.4309E+01 -0.2507E+01 -0.2331E+01
  0.1021E+02  0.1386E+01  0.4259E+01 -0.2502E+01 -0.2319E+01
  0.1022E+02  0.1386E+01  0.4235E+01 -0.2500E+01 -0.2301E+01
  0.1023E+02  0.3584E+01  0.4210E+01 -0.2497E+01 -0.2276E+01
  0.1026E+02  0.3689E+01  0.4137E+01 -0.2489E+01 -0.2263E+01
  0.1027E+02  0.3466E+01  0.4113E+01 -0.2487E+01 -0.2238E+01
  0.1029E+02  0.2079E+01  0.4090E+01 -0.2484E+01 -0.2213E+01
  0.1032E+02  0.1386E+01  0.4019E+01 -0.2476E+01 -0.2200E+01
  0.1033E+02  0.1792E+01  0.3995E+01 -0.2473E+01 -0.2162E+01
  0.1036E+02  0.3689E+01  0.3926E+01 -0.2465E+01 -0.2129E+01
  0.1040E+02  0.1386E+01  0.3836E+01 -0.2453E+01 -0.2104E+01
  0.1041E+02  0.1386E+01  0.3814E+01 -0.2450E+01 -0.2058E+01
  0.1045E+02  0.2773E+01  0.3748E+01 -0.2441E+01 -0.2012E+01
  0.1051E+02  0.1386E+01  0.3620E+01 -0.2423E+01 -0.1973E+01
  0.1054E+02  0.2079E+01  0.3558E+01 -0.2414E+01 -0.1901E+01
  0.1060E+02  0.1386E+01  0.3458E+01 -0.2398E+01 -0.1830E+01
  0.1068E+02  0.6931E+00  0.3304E+01  0.0000E+00  0.0000E+00
