  0.0000E+00  0.6931E+00  0.2992E+01  0.0000E+00  0.0000E+00
  0.9960E-01  0.1386E+01  0.3164E+01  0.2195E+01  0.1787E+01
  0.1991E+00  0.1386E+01  0.3348E+01  0.2215E+01  0.1850E+01
  0.2134E+00  0.2079E+01  0.3375E+01  0.2218E+01  0.1952E+01
  0.2987E+00  0.2079E+01  0.3542E+01  0.2232E+01  0.1967E+01
  0.3129E+00  0.2773E+01  0.3571E+01  0.2234E+01  0.2060E+01
  0.3983E+00  0.2303E+01  0.3747E+01  0.2246E+01  0.2075E+01
  0.4125E+00  0.3689E+01  0.3777E+01  0.2248E+01  0.2164E+01
  0.4978E+00  0.2485E+01  0.3963E+01  0.2255E+01  0.2179E+01
  0.5121E+00  0.4382E+01  0.3994E+01  0.2256E+01  0.2260E+01
  0.5974E+00  0.2890E+01  0.4188E+01  0.2258E+01  0.2273E+01
  0.6116E+00  0.4787E+01  0.4221E+01  0.2258E+01  0.2313E+01
  0.6188E+00  0.3466E+01  0.4237E+01  0.2258E+01  0.2349E+01
  0.6970E+00  0.2773E+01  0.4421E+01  0.2254E+01  0.2354E+01
  0.7041E+00  0.1386E+01  0.4438E+01  0.2253E+01  0.2384E+01
  0.7112E+00  0.5298E+01  0.4455E+01  0.2253E+01  0.2390E+01
  0.7254E+00  0.4159E+01  0.4489E+01  0.2251E+01  0.2412E+01
  0.7966E+00  0.2890E+01  0.4661E+01  0.2242E+01  0.2417E+01
  0.8037E+00  0.1792E+01  0.4678E+01  0.2240E+01  0.2435E+01
  0.8108E+00  0.5663E+01  0.4696E+01  0.2239E+01  0.2439E+01
  0.8250E+00  0.5075E+01  0.4730E+01  0.2236E+01  0.2451E+01
  0.9032E+00  0.3466E+01  0.4922E+01  0.2218E+01  0.2453E+01
  0.9104E+00  0.5971E+01  0.4940E+01  0.2216E+01  0.2460E+01
  0.9246E+00  0.5768E+01  0.4975E+01  0.2212E+01  0.2460E+01
  0.9957E+00  0.1386E+01  0.5150E+01  0.2189E+01  0.2459E+01
  0.1003E+01  0.3584E+01  0.5167E+01  0.2186E+01  0.2454E+01
  0.1010E+01  0.6223E+01  0.5184E+01  0.2184E+01  0.2452E+01
  0.1024E+01  0.6410E+01  0.5219E+01  0.2178E+01  0.2437E+01
  0.1102E+01  0.3871E+01  0.5410E+01  0.2144E+01  0.2433E+01
  0.1110E+01  0.6461E+01  0.5427E+01  0.2141E+01  0.2412E+01
  0.1124E+01  0.6931E+01  0.5461E+01  0.2134E+01  0.2386E+01
  0.1202E+01  0.4060E+01  0.5647E+01  0.2093E+01  0.2379E+01
  0.1209E+01  0.6704E+01  0.5664E+01  0.2089E+01  0.2345E+01
  0.1223E+01  0.7316E+01  0.5698E+01  0.2081E+01  0.2339E+01
  0.1230E+01  0.4852E+01  0.5714E+01  0.2077E+01  0.2302E+01
  0.1301E+01  0.4248E+01  0.5878E+01  0.2033E+01  0.2295E+01
  0.1309E+01  0.6883E+01  0.5894E+01  0.2028E+01  0.2258E+01
  0.1316E+01  0.2079E+01  0.5910E+01  0.2023E+01  0.2251E+01
  0.1323E+01  0.7714E+01  0.5926E+01  0.2019E+01  0.2244E+01
  0.1330E+01  0.5545E+01  0.5942E+01  0.2014E+01  0.2203E+01
  0.1401E+01  0.4357E+01  0.6098E+01  0.1964E+01  0.2195E+01
  0.1408E+01  0.6842E+01  0.6113E+01  0.1959E+01  0.2152E+01
  0.1415E+01  0.5663E+01  0.6129E+01  0.1954E+01  0.2144E+01
  0.1422E+01  0.8009E+01  0.6144E+01  0.1949E+01  0.2136E+01
  0.1429E+01  0.6461E+01  0.6159E+01  0.1943E+01  0.2091E+01
  0.1501E+01  0.4564E+01  0.6308E+01  0.1889E+01  0.2083E+01
  0.1508E+01  0.6900E+01  0.6322E+01  0.1883E+01  0.2037E+01
  0.1515E+01  0.6122E+01  0.6337E+01  0.1878E+01  0.2029E+01
  0.1522E+01  0.8302E+01  0.6351E+01  0.1872E+01  0.2016E+01
  0.1536E+01  0.7049E+01  0.6380E+01  0.1860E+01  0.1975E+01
  0.1600E+01  0.4663E+01  0.6505E+01  0.1808E+01  0.1962E+01
  0.1607E+01  0.5338E+01  0.6519E+01  0.1802E+01  0.1920E+01
  0.1614E+01  0.7342E+01  0.6533E+01  0.1796E+01  0.1912E+01
  0.1622E+01  0.8535E+01  0.6546E+01  0.1790E+01  0.1900E+01
  0.1636E+01  0.7625E+01  0.6573E+01  0.1778E+01  0.1859E+01
  0.1700E+01  0.4804E+01  0.6692E+01  0.1723E+01  0.1846E+01
  0.1707E+01  0.5075E+01  0.6705E+01  0.1716E+01  0.1806E+01
  0.1714E+01  0.7539E+01  0.6717E+01  0.1710E+01  0.1799E+01
  0.1721E+01  0.8764E+01  0.6730E+01  0.1704E+01  0.1787E+01
  0.1735E+01  0.8071E+01  0.6756E+01  0.1691E+01  0.1748E+01
  0.1799E+01  0.4898E+01  0.6867E+01  0.1634E+01  0.1737E+01
  0.1806E+01  0.4159E+01  0.6879E+01  0.1628E+01  0.1699E+01
  0.1814E+01  0.7773E+01  0.6891E+01  0.1621E+01  0.1692E+01
  0.1821E+01  0.8934E+01  0.6903E+01  0.1615E+01  0.1681E+01
  0.1835E+01  0.8516E+01  0.6927E+01  0.1602E+01  0.1646E+01
  0.1899E+01  0.5011E+01  0.7032E+01  0.1543E+01  0.1632E+01
  0.1913E+01  0.7946E+01  0.7055E+01  0.1530E+01  0.1597E+01
  0.1920E+01  0.9104E+01  0.7066E+01  0.1524E+01  0.1584E+01
  0.1934E+01  0.8877E+01  0.7088E+01  0.1511E+01  0.1551E+01
  0.1998E+01  0.5112E+01  0.7187E+01  0.1451E+01  0.1541E+01
  0.2006E+01  0.6931E+00  0.7198E+01  0.1445E+01  0.1509E+01
  0.2013E+01  0.8061E+01  0.7209E+01  0.1438E+01  0.1503E+01
  0.2020E+01  0.9295E+01  0.7219E+01  0.1431E+01  0.1494E+01
  0.2034E+01  0.9115E+01  0.7241E+01  0.1418E+01  0.1487E+01
  0.2041E+01  0.6238E+01  0.7251E+01  0.1411E+01  0.1456E+01
  0.2098E+01  0.4700E+01  0.7334E+01  0.1358E+01  0.1450E+01
  0.2105E+01  0.4357E+01  0.7344E+01  0.1351E+01  0.1422E+01
  0.2112E+01  0.8180E+01  0.7354E+01  0.1345E+01  0.1416E+01
  0.2119E+01  0.9256E+01  0.7364E+01  0.1338E+01  0.1410E+01
  0.2127E+01  0.7714E+01  0.7374E+01  0.1331E+01  0.1404E+01
  0.2134E+01  0.9363E+01  0.7384E+01  0.1325E+01  0.1398E+01
  0.2141E+01  0.6931E+01  0.7394E+01  0.1318E+01  0.1370E+01
  0.2198E+01  0.4382E+01  0.7472E+01  0.1264E+01  0.1364E+01
  0.2205E+01  0.4820E+01  0.7481E+01  0.1257E+01  0.1336E+01
  0.2212E+01  0.8282E+01  0.7491E+01  0.1251E+01  0.1329E+01
  0.2219E+01  0.9343E+01  0.7500E+01  0.1244E+01  0.1323E+01
  0.2226E+01  0.8139E+01  0.7510E+01  0.1237E+01  0.1317E+01
  0.2233E+01  0.9553E+01  0.7519E+01  0.1231E+01  0.1310E+01
  0.2240E+01  0.7625E+01  0.7528E+01  0.1224E+01  0.1278E+01
  0.2304E+01  0.5394E+01  0.7610E+01  0.1163E+01  0.1271E+01
  0.2311E+01  0.8386E+01  0.7619E+01  0.1156E+01  0.1238E+01
  0.2319E+01  0.9368E+01  0.7627E+01  0.1150E+01  0.1231E+01
  0.2326E+01  0.8547E+01  0.7636E+01  0.1143E+01  0.1224E+01
  0.2333E+01  0.9750E+01  0.7645E+01  0.1136E+01  0.1217E+01
  0.2340E+01  0.8030E+01  0.7654E+01  0.1129E+01  0.1186E+01
  0.2397E+01  0.6931E+00  0.7721E+01  0.1075E+01  0.1179E+01
  0.2404E+01  0.5472E+01  0.7729E+01  0.1068E+01  0.1146E+01
  0.2411E+01  0.8475E+01  0.7737E+01  0.1062E+01  0.1139E+01
  0.2418E+01  0.8030E+01  0.7745E+01  0.1055E+01  0.1132E+01
  0.2425E+01  0.9680E+01  0.7753E+01  0.1048E+01  0.1124E+01
  0.2432E+01  0.9908E+01  0.7761E+01  0.1041E+01  0.1117E+01
  0.2439E+01  0.8436E+01  0.7769E+01  0.1034E+01  0.1078E+01
  0.2503E+01  0.5537E+01  0.7838E+01  0.9738E+00  0.1070E+01
  0.2511E+01  0.8566E+01  0.7845E+01  0.9671E+00  0.1031E+01
  0.2518E+01  0.7860E+01  0.7852E+01  0.9604E+00  0.1023E+01
  0.2525E+01  0.9825E+01  0.7860E+01  0.9537E+00  0.1015E+01
  0.2532E+01  0.1007E+02  0.7867E+01  0.9470E+00  0.1003E+01
  0.2546E+01  0.8723E+01  0.7881E+01  0.9336E+00  0.9658E+00
  0.2603E+01  0.5598E+01  0.7936E+01  0.8802E+00  0.9533E+00
  0.2610E+01  0.8626E+01  0.7942E+01  0.8735E+00  0.9156E+00
  0.2617E+01  0.4159E+01  0.7949E+01  0.8668E+00  0.9072E+00
  0.2624E+01  0.1006E+02  0.7955E+01  0.8602E+00  0.8987E+00
  0.2631E+01  0.1019E+02  0.7961E+01  0.8536E+00  0.8860E+00
  0.2646E+01  0.9011E+01  0.7974E+01  0.8404E+00  0.8477E+00
  0.2703E+01  0.5656E+01  0.8022E+01  0.7879E+00  0.8350E+00
  0.2710E+01  0.8681E+01  0.8027E+01  0.7814E+00  0.7968E+00
  0.2717E+01  0.5075E+01  0.8033E+01  0.7749E+00  0.7883E+00
  0.2724E+01  0.1014E+02  0.8039E+01  0.7684E+00  0.7798E+00
  0.2731E+01  0.1031E+02  0.8044E+01  0.7619E+00  0.7672E+00
  0.2745E+01  0.9234E+01  0.8055E+01  0.7490E+00  0.7296E+00
  0.2802E+01  0.5704E+01  0.8096E+01  0.6978E+00  0.7172E+00
  0.2809E+01  0.8367E+01  0.8101E+01  0.6915E+00  0.6803E+00
  0.2816E+01  0.7636E+01  0.8106E+01  0.6851E+00  0.6722E+00
  0.2824E+01  0.1023E+02  0.8110E+01  0.6788E+00  0.6642E+00
  0.2831E+01  0.1039E+02  0.8115E+01  0.6725E+00  0.6523E+00
  0.2845E+01  0.9457E+01  0.8124E+01  0.6600E+00  0.6175E+00
  0.2902E+01  0.5762E+01  0.8159E+01  0.6103E+00  0.6061E+00
  0.2909E+01  0.8093E+01  0.8163E+01  0.6041E+00  0.5725E+00
  0.2916E+01  0.8120E+01  0.8167E+01  0.5980E+00  0.5652E+00
  0.2923E+01  0.1030E+02  0.8171E+01  0.5919E+00  0.5581E+00
  0.2930E+01  0.1041E+02  0.8175E+01  0.5858E+00  0.5510E+00
  0.2937E+01  0.7417E+01  0.8179E+01  0.5797E+00  0.5440E+00
  0.2944E+01  0.9640E+01  0.8183E+01  0.5737E+00  0.5136E+00
  0.3001E+01  0.5768E+01  0.8212E+01  0.5256E+00  0.5071E+00
  0.3008E+01  0.5717E+01  0.8215E+01  0.5196E+00  0.4782E+00
  0.3016E+01  0.8834E+01  0.8219E+01  0.5137E+00  0.4720E+00
  0.3023E+01  0.1031E+02  0.8222E+01  0.5078E+00  0.4659E+00
  0.3030E+01  0.1060E+02  0.8225E+01  0.5018E+00  0.4599E+00
  0.3037E+01  0.7250E+01  0.8229E+01  0.4959E+00  0.4540E+00
  0.3044E+01  0.9457E+01  0.8232E+01  0.4900E+00  0.4482E+00
  0.3051E+01  0.7625E+01  0.8235E+01  0.4842E+00  0.4259E+00
  0.3101E+01  0.5823E+01  0.8256E+01  0.4433E+00  0.4205E+00
  0.3108E+01  0.5338E+01  0.8259E+01  0.4376E+00  0.3994E+00
  0.3115E+01  0.8865E+01  0.8262E+01  0.4318E+00  0.3944E+00
  0.3122E+01  0.1038E+02  0.8265E+01  0.4260E+00  0.3895E+00
  0.3129E+01  0.9329E+01  0.8267E+01  0.4203E+00  0.3846E+00
  0.3136E+01  0.1036E+02  0.8270E+01  0.4145E+00  0.3798E+00
  0.3144E+01  0.9640E+01  0.8273E+01  0.4087E+00  0.3750E+00
  0.3151E+01  0.7625E+01  0.8275E+01  0.4030E+00  0.3569E+00
  0.3200E+01  0.5835E+01  0.8293E+01  0.3630E+00  0.3525E+00
  0.3208E+01  0.4277E+01  0.8295E+01  0.3573E+00  0.3353E+00
  0.3215E+01  0.8915E+01  0.8298E+01  0.3516E+00  0.3312E+00
  0.3222E+01  0.1042E+02  0.8300E+01  0.3460E+00  0.3271E+00
  0.3229E+01  0.9571E+01  0.8302E+01  0.3403E+00  0.3231E+00
  0.3236E+01  0.1031E+02  0.8305E+01  0.3347E+00  0.3192E+00
  0.3243E+01  0.9765E+01  0.8307E+01  0.3290E+00  0.3153E+00
  0.3250E+01  0.7625E+01  0.8309E+01  0.3233E+00  0.3001E+00
  0.3300E+01  0.5841E+01  0.8324E+01  0.2837E+00  0.2964E+00
  0.3307E+01  0.2079E+01  0.8326E+01  0.2781E+00  0.2817E+00
  0.3314E+01  0.8942E+01  0.8328E+01  0.2724E+00  0.2781E+00
  0.3321E+01  0.1045E+02  0.8330E+01  0.2667E+00  0.2745E+00
  0.3329E+01  0.9606E+01  0.8332E+01  0.2610E+00  0.2710E+00
  0.3336E+01  0.1033E+02  0.8334E+01  0.2554E+00  0.2674E+00
  0.3343E+01  0.9849E+01  0.8336E+01  0.2497E+00  0.2639E+00
  0.3350E+01  0.7625E+01  0.8338E+01  0.2440E+00  0.2498E+00
  0.3400E+01  0.5704E+01  0.8350E+01  0.2042E+00  0.2463E+00
  0.3407E+01  0.3951E+01  0.8352E+01  0.1985E+00  0.2322E+00
  0.3414E+01  0.8961E+01  0.8353E+01  0.1928E+00  0.2286E+00
  0.3421E+01  0.1047E+02  0.8355E+01  0.1871E+00  0.2232E+00
  0.3435E+01  0.1075E+02  0.8358E+01  0.1755E+00  0.2196E+00
  0.3442E+01  0.9902E+01  0.8360E+01  0.1698E+00  0.2122E+00
  0.3457E+01  0.7625E+01  0.8363E+01  0.1583E+00  0.1990E+00
  0.3499E+01  0.3951E+01  0.8371E+01  0.1234E+00  0.1933E+00
  0.3506E+01  0.5717E+01  0.8372E+01  0.1176E+00  0.1794E+00
  0.3513E+01  0.8968E+01  0.8373E+01  0.1117E+00  0.1754E+00
  0.3521E+01  0.1048E+02  0.8375E+01  0.1059E+00  0.1691E+00
  0.3535E+01  0.1076E+02  0.8377E+01  0.9411E-01  0.1649E+00
  0.3542E+01  0.9927E+01  0.8378E+01  0.8820E-01  0.1563E+00
  0.3556E+01  0.7625E+01  0.8380E+01  0.7628E-01  0.1404E+00
  0.3599E+01  0.3332E+01  0.8386E+01  0.4038E-01  0.1334E+00
  0.3606E+01  0.5793E+01  0.8387E+01  0.3434E-01  0.1165E+00
  0.3613E+01  0.8968E+01  0.8388E+01  0.2820E-01  0.1115E+00
  0.3620E+01  0.1024E+02  0.8389E+01  0.2213E-01  0.1063E+00
  0.3627E+01  0.8908E+01  0.8389E+01  0.1604E-01  0.1011E+00
  0.3634E+01  0.1076E+02  0.8390E+01  0.9935E-02  0.9584E-01
  0.3641E+01  0.9927E+01  0.8391E+01  0.3812E-02  0.8774E-01
  0.3656E+01  0.7625E+01  0.8392E+01 -0.8487E-02  0.6486E-01
  0.3705E+01  0.5864E+01  0.8395E+01 -0.5220E-01  0.5609E-01
  0.3713E+01  0.8961E+01  0.8395E+01 -0.5850E-01  0.3169E-01
  0.3720E+01  0.1009E+02  0.8395E+01 -0.6483E-01  0.2531E-01
  0.3727E+01  0.9303E+01  0.8395E+01 -0.7118E-01  0.1878E-01
  0.3734E+01  0.1075E+02  0.8396E+01 -0.7763E-01  0.1220E-01
  0.3741E+01  0.9902E+01  0.8396E+01 -0.8402E-01  0.2084E-02
  0.3755E+01  0.7625E+01  0.8396E+01 -0.9684E-01 -0.2611E-01
  0.3805E+01  0.5864E+01  0.8394E+01 -0.1425E+00 -0.3689E-01
  0.3812E+01  0.8942E+01  0.8394E+01 -0.1490E+00 -0.6667E-01
  0.3819E+01  0.8723E+01  0.8393E+01 -0.1556E+00 -0.7440E-01
  0.3826E+01  0.1025E+02  0.8392E+01 -0.1623E+00 -0.8222E-01
  0.3833E+01  0.1073E+02  0.8392E+01 -0.1689E+00 -0.9013E-01
  0.3840E+01  0.9849E+01  0.8391E+01 -0.1756E+00 -0.1022E+00
  0.3855E+01  0.7625E+01  0.8390E+01 -0.1890E+00 -0.1356E+00
  0.3904E+01  0.5835E+01  0.8382E+01 -0.2365E+00 -0.1484E+00
  0.3912E+01  0.8924E+01  0.8381E+01 -0.2434E+00 -0.1830E+00
  0.3919E+01  0.8278E+01  0.8380E+01 -0.2503E+00 -0.1920E+00
  0.3926E+01  0.1029E+02  0.8378E+01 -0.2572E+00 -0.2010E+00
  0.3933E+01  0.1070E+02  0.8377E+01 -0.2641E+00 -0.2101E+00
  0.3940E+01  0.9534E+01  0.8375E+01 -0.2710E+00 -0.2192E+00
  0.3947E+01  0.8184E+01  0.8374E+01 -0.2780E+00 -0.2284E+00
  0.3954E+01  0.7625E+01  0.8372E+01 -0.2849E+00 -0.2660E+00
  0.4004E+01  0.5823E+01  0.8359E+01 -0.3342E+00 -0.2755E+00
  0.4011E+01  0.8868E+01  0.8357E+01 -0.3413E+00 -0.3140E+00
  0.4018E+01  0.5215E+01  0.8354E+01 -0.3484E+00 -0.3238E+00
  0.4026E+01  0.1038E+02  0.8352E+01 -0.3556E+00 -0.3336E+00
  0.4033E+01  0.1066E+02  0.8350E+01 -0.3627E+00 -0.3435E+00
  0.4040E+01  0.9329E+01  0.8347E+01 -0.3699E+00 -0.3534E+00
  0.4047E+01  0.8318E+01  0.8345E+01 -0.3770E+00 -0.3633E+00
  0.4054E+01  0.7625E+01  0.8342E+01 -0.3842E+00 -0.4033E+00
  0.4104E+01  0.5768E+01  0.8322E+01 -0.4349E+00 -0.4133E+00
  0.4111E+01  0.8835E+01  0.8318E+01 -0.4422E+00 -0.4537E+00
  0.4118E+01  0.5690E+01  0.8315E+01 -0.4494E+00 -0.4638E+00
  0.4125E+01  0.1031E+02  0.8312E+01 -0.4567E+00 -0.4739E+00
  0.4132E+01  0.1063E+02  0.8308E+01 -0.4640E+00 -0.4891E+00
  0.4146E+01  0.9457E+01  0.8301E+01 -0.4788E+00 -0.4992E+00
  0.4154E+01  0.7625E+01  0.8298E+01 -0.4861E+00 -0.5448E+00
  0.4203E+01  0.5762E+01  0.8270E+01 -0.5377E+00 -0.5548E+00
  0.4210E+01  0.8088E+01  0.8266E+01 -0.5451E+00 -0.5949E+00
  0.4218E+01  0.8124E+01  0.8262E+01 -0.5524E+00 -0.6048E+00
  0.4225E+01  0.1030E+02  0.8258E+01 -0.5598E+00 -0.6147E+00
  0.4232E+01  0.1046E+02  0.8253E+01 -0.5672E+00 -0.6295E+00
  0.4246E+01  0.9640E+01  0.8244E+01 -0.5820E+00 -0.6732E+00
  0.4303E+01  0.5704E+01  0.8205E+01 -0.6413E+00 -0.6877E+00
  0.4310E+01  0.7629E+01  0.8200E+01 -0.6487E+00 -0.7305E+00
  0.4317E+01  0.8371E+01  0.8195E+01 -0.6562E+00 -0.7398E+00
  0.4324E+01  0.1023E+02  0.8190E+01 -0.6636E+00 -0.7491E+00
  0.4331E+01  0.1039E+02  0.8184E+01 -0.6710E+00 -0.7629E+00
  0.4346E+01  0.9457E+01  0.8173E+01 -0.6858E+00 -0.8030E+00
  0.4402E+01  0.5656E+01  0.8127E+01 -0.7449E+00 -0.8163E+00
  0.4409E+01  0.7469E+01  0.8121E+01 -0.7523E+00 -0.8551E+00
  0.4417E+01  0.8365E+01  0.8115E+01 -0.7596E+00 -0.8634E+00
  0.4424E+01  0.1014E+02  0.8109E+01 -0.7670E+00 -0.8717E+00
  0.4431E+01  0.1031E+02  0.8103E+01 -0.7743E+00 -0.8841E+00
  0.4445E+01  0.9234E+01  0.8090E+01 -0.7891E+00 -0.9198E+00
  0.4502E+01  0.5598E+01  0.8037E+01 -0.8474E+00 -0.9315E+00
  0.4509E+01  0.4718E+01  0.8030E+01 -0.8546E+00 -0.9658E+00
  0.4516E+01  0.8618E+01  0.8023E+01 -0.8618E+00 -0.9731E+00
  0.4523E+01  0.1006E+02  0.8016E+01 -0.8691E+00 -0.9804E+00
  0.4530E+01  0.9329E+01  0.8009E+01 -0.8763E+00 -0.9876E+00
  0.4537E+01  0.9640E+01  0.8002E+01 -0.8835E+00 -0.9947E+00
  0.4545E+01  0.9011E+01  0.7995E+01 -0.8906E+00 -0.1026E+01
  0.4601E+01  0.5537E+01  0.7937E+01 -0.9478E+00 -0.1033E+01
  0.4609E+01  0.3466E+01  0.7929E+01 -0.9549E+00 -0.1063E+01
  0.4616E+01  0.8559E+01  0.7922E+01 -0.9620E+00 -0.1069E+01
  0.4623E+01  0.9956E+01  0.7914E+01 -0.9691E+00 -0.1076E+01
  0.4630E+01  0.9221E+01  0.7906E+01 -0.9761E+00 -0.1082E+01
  0.4637E+01  0.9506E+01  0.7899E+01 -0.9831E+00 -0.1088E+01
  0.4644E+01  0.8723E+01  0.7891E+01 -0.9901E+00 -0.1116E+01
  0.4701E+01  0.5247E+01  0.7827E+01 -0.1046E+01 -0.1122E+01
  0.4708E+01  0.3912E+01  0.7819E+01 -0.1053E+01 -0.1149E+01
  0.4715E+01  0.8475E+01  0.7811E+01 -0.1060E+01 -0.1155E+01
  0.4722E+01  0.9856E+01  0.7803E+01 -0.1066E+01 -0.1161E+01
  0.4730E+01  0.8912E+01  0.7794E+01 -0.1073E+01 -0.1167E+01
  0.4737E+01  0.9447E+01  0.7786E+01 -0.1080E+01 -0.1173E+01
  0.4744E+01  0.8436E+01  0.7778E+01 -0.1087E+01 -0.1199E+01
  0.4801E+01  0.4820E+01  0.7709E+01 -0.1141E+01 -0.1204E+01
  0.4808E+01  0.4564E+01  0.7701E+01 -0.1148E+01 -0.1230E+01
  0.4815E+01  0.8386E+01  0.7692E+01 -0.1155E+01 -0.1236E+01
  0.4822E+01  0.9733E+01  0.7683E+01 -0.1161E+01 -0.1241E+01
  0.4829E+01  0.4852E+01  0.7674E+01 -0.1168E+01 -0.1247E+01
  0.4836E+01  0.9742E+01  0.7665E+01 -0.1175E+01 -0.1253E+01
  0.4843E+01  0.8030E+01  0.7656E+01 -0.1181E+01 -0.1279E+01
  0.4900E+01  0.1792E+01  0.7583E+01 -0.1234E+01 -0.1284E+01
  0.4907E+01  0.5288E+01  0.7574E+01 -0.1241E+01 -0.1310E+01
  0.4915E+01  0.8282E+01  0.7565E+01 -0.1247E+01 -0.1316E+01
  0.4922E+01  0.9606E+01  0.7555E+01 -0.1254E+01 -0.1325E+01
  0.4936E+01  0.9553E+01  0.7536E+01 -0.1267E+01 -0.1331E+01
  0.4943E+01  0.7625E+01  0.7527E+01 -0.1273E+01 -0.1364E+01
  0.5007E+01  0.5236E+01  0.7440E+01 -0.1331E+01 -0.1370E+01
  0.5014E+01  0.8180E+01  0.7430E+01 -0.1338E+01 -0.1401E+01
  0.5021E+01  0.9274E+01  0.7419E+01 -0.1344E+01 -0.1407E+01
  0.5028E+01  0.7625E+01  0.7409E+01 -0.1350E+01 -0.1414E+01
  0.5035E+01  0.9363E+01  0.7399E+01 -0.1357E+01 -0.1420E+01
  0.5042E+01  0.6931E+01  0.7389E+01 -0.1363E+01 -0.1452E+01
  0.5106E+01  0.5124E+01  0.7296E+01 -0.1420E+01 -0.1459E+01
  0.5114E+01  0.8061E+01  0.7286E+01 -0.1426E+01 -0.1492E+01
  0.5121E+01  0.9049E+01  0.7275E+01 -0.1432E+01 -0.1499E+01
  0.5128E+01  0.7770E+01  0.7264E+01 -0.1438E+01 -0.1506E+01
  0.5135E+01  0.9115E+01  0.7254E+01 -0.1445E+01 -0.1512E+01
  0.5142E+01  0.6238E+01  0.7243E+01 -0.1451E+01 -0.1547E+01
  0.5206E+01  0.5011E+01  0.7143E+01 -0.1506E+01 -0.1554E+01
  0.5213E+01  0.7946E+01  0.7132E+01 -0.1512E+01 -0.1589E+01
  0.5220E+01  0.7203E+01  0.7121E+01 -0.1518E+01 -0.1596E+01
  0.5227E+01  0.8942E+01  0.7110E+01 -0.1524E+01 -0.1603E+01
  0.5234E+01  0.8877E+01  0.7098E+01 -0.1530E+01 -0.1643E+01
  0.5306E+01  0.4898E+01  0.6981E+01 -0.1590E+01 -0.1650E+01
  0.5313E+01  0.7800E+01  0.6969E+01 -0.1596E+01 -0.1690E+01
  0.5320E+01  0.6601E+01  0.6957E+01 -0.1602E+01 -0.1697E+01
  0.5327E+01  0.8832E+01  0.6945E+01 -0.1608E+01 -0.1705E+01
  0.5334E+01  0.8516E+01  0.6933E+01 -0.1614E+01 -0.1745E+01
  0.5405E+01  0.4804E+01  0.6808E+01 -0.1672E+01 -0.1752E+01
  0.5412E+01  0.7617E+01  0.6796E+01 -0.1678E+01 -0.1791E+01
  0.5419E+01  0.2079E+01  0.6783E+01 -0.1683E+01 -0.1799E+01
  0.5426E+01  0.8764E+01  0.6770E+01 -0.1689E+01 -0.1806E+01
  0.5434E+01  0.8071E+01  0.6757E+01 -0.1695E+01 -0.1845E+01
  0.5505E+01  0.4663E+01  0.6626E+01 -0.1750E+01 -0.1852E+01
  0.5512E+01  0.7459E+01  0.6612E+01 -0.1756E+01 -0.1890E+01
  0.5519E+01  0.2773E+01  0.6599E+01 -0.1761E+01 -0.1897E+01
  0.5526E+01  0.8535E+01  0.6585E+01 -0.1767E+01 -0.1903E+01
  0.5533E+01  0.7625E+01  0.6572E+01 -0.1772E+01 -0.1940E+01
  0.5604E+01  0.4564E+01  0.6434E+01 -0.1825E+01 -0.1947E+01
  0.5612E+01  0.7256E+01  0.6419E+01 -0.1830E+01 -0.1982E+01
  0.5619E+01  0.3466E+01  0.6405E+01 -0.1835E+01 -0.1989E+01
  0.5626E+01  0.8302E+01  0.6391E+01 -0.1840E+01 -0.1995E+01
  0.5633E+01  0.7049E+01  0.6377E+01 -0.1845E+01 -0.2028E+01
  0.5704E+01  0.4357E+01  0.6233E+01 -0.1894E+01 -0.2034E+01
  0.5711E+01  0.5717E+01  0.6218E+01 -0.1899E+01 -0.2067E+01
  0.5718E+01  0.6824E+01  0.6203E+01 -0.1904E+01 -0.2073E+01
  0.5725E+01  0.8009E+01  0.6188E+01 -0.1909E+01 -0.2078E+01
  0.5732E+01  0.6461E+01  0.6173E+01 -0.1913E+01 -0.2108E+01
  0.5804E+01  0.4248E+01  0.6023E+01 -0.1959E+01 -0.2114E+01
  0.5811E+01  0.5215E+01  0.6008E+01 -0.1963E+01 -0.2143E+01
  0.5818E+01  0.6685E+01  0.5993E+01 -0.1967E+01 -0.2148E+01
  0.5825E+01  0.7714E+01  0.5978E+01 -0.1972E+01 -0.2153E+01
  0.5832E+01  0.5545E+01  0.5962E+01 -0.1976E+01 -0.2179E+01
  0.5903E+01  0.4060E+01  0.5807E+01 -0.2016E+01 -0.2186E+01
  0.5917E+01  0.6704E+01  0.5776E+01 -0.2024E+01 -0.2212E+01
  0.5924E+01  0.7316E+01  0.5760E+01 -0.2028E+01 -0.2218E+01
  0.5932E+01  0.4852E+01  0.5744E+01 -0.2032E+01 -0.2241E+01
  0.6003E+01  0.3871E+01  0.5585E+01 -0.2067E+01 -0.2247E+01
  0.6017E+01  0.6461E+01  0.5553E+01 -0.2074E+01 -0.2268E+01
  0.6024E+01  0.6931E+01  0.5536E+01 -0.2077E+01 -0.2289E+01
  0.6102E+01  0.2996E+01  0.5357E+01 -0.2111E+01 -0.2292E+01
  0.6109E+01  0.2996E+01  0.5341E+01 -0.2114E+01 -0.2310E+01
  0.6116E+01  0.6223E+01  0.5324E+01 -0.2117E+01 -0.2313E+01
  0.6123E+01  0.6410E+01  0.5308E+01 -0.2120E+01 -0.2327E+01
  0.6202E+01  0.2079E+01  0.5126E+01 -0.2148E+01 -0.2329E+01
  0.6209E+01  0.3178E+01  0.5109E+01 -0.2150E+01 -0.2341E+01
  0.6216E+01  0.5971E+01  0.5092E+01 -0.2152E+01 -0.2343E+01
  0.6223E+01  0.5768E+01  0.5076E+01 -0.2155E+01 -0.2350E+01
  0.6308E+01  0.3178E+01  0.4875E+01 -0.2179E+01 -0.2351E+01
  0.6316E+01  0.5663E+01  0.4858E+01 -0.2181E+01 -0.2356E+01
  0.6323E+01  0.5075E+01  0.4841E+01 -0.2182E+01 -0.2355E+01
  0.6408E+01  0.2996E+01  0.4640E+01 -0.2201E+01 -0.2355E+01
  0.6415E+01  0.5298E+01  0.4624E+01 -0.2202E+01 -0.2351E+01
  0.6422E+01  0.4159E+01  0.4607E+01 -0.2203E+01 -0.2341E+01
  0.6508E+01  0.2890E+01  0.4407E+01 -0.2216E+01 -0.2340E+01
  0.6515E+01  0.4787E+01  0.4391E+01 -0.2216E+01 -0.2326E+01
  0.6522E+01  0.3466E+01  0.4374E+01 -0.2217E+01 -0.2307E+01
  0.6607E+01  0.2485E+01  0.4177E+01 -0.2225E+01 -0.2304E+01
  0.6614E+01  0.4382E+01  0.4161E+01 -0.2225E+01 -0.2256E+01
  0.6707E+01  0.2303E+01  0.3953E+01 -0.2229E+01 -0.2252E+01
  0.6714E+01  0.3689E+01  0.3937E+01 -0.2229E+01 -0.2185E+01
  0.6806E+01  0.2079E+01  0.3735E+01 -0.2228E+01 -0.2180E+01
  0.6813E+01  0.2773E+01  0.3720E+01 -0.2228E+01 -0.2098E+01
  0.6906E+01  0.1386E+01  0.3526E+01 -0.2224E+01 -0.2092E+01
  0.6913E+01  0.2079E+01  0.3512E+01 -0.2224E+01 -0.1999E+01
  0.7005E+01  0.1386E+01  0.3327E+01 -0.2217E+01 -0.1941E+01
  0.7105E+01  0.6931E+00  0.3139E+01  0.0000E+00  0.0000E+00
