0.400000E+00  0.174680E+01  0.174680E+01  0.839750E+00  0.839750E+00  0.000000E+00  0.000000E+00  -.222720E+02  -.424160E+01  -.224480E+02  0.172510E+01  0.308720E+01  -.152620E+02  -.197270E+02  -.548080E+01  -.828470E+01  -.852860E+01  -.916530E+01  -.179700E+01  -.115920E+02  -.888510E+00  -.124800E+02
0.400000E+00  0.174680E+01  0.174680E+01  0.961270E+00  0.666510E+00  0.000000E+00  0.000000E+00  -.221750E+02  -.590960E+01  -.225360E+02  0.296240E+01  0.636220E+01  -.178030E+02  -.269350E+02  -.744980E+01  -.877560E+01  -.737730E+01  -.105160E+02  0.300780E+01  -.113150E+02  -.731620E+00  -.120460E+02
0.400000E+00  0.174680E+01  0.174680E+01  0.105800E+01  0.000000E+00  0.000000E+00  0.000000E+00  -.221340E+02  -.757690E+01  -.226760E+02  0.415130E+01  0.933170E+01  -.205740E+02  -.389930E+02  -.953090E+01  -.946630E+01  -.598410E+01  -.120730E+02  0.820900E+01  -.110530E+02  -.342310E+00  -.113950E+02
0.400000E+00  0.199950E+01  0.138640E+01  0.839750E+00  0.839750E+00  0.000000E+00  0.000000E+00  0.179810E+02  -.364580E+01  -.636670E+02  0.212290E+01  -.191610E+02  -.135950E+02  -.164920E+02  -.482550E+01  -.120390E+02  -.875740E+01  -.108180E+00  -.333290E+01  -.276870E+01  -.130000E+01  -.406870E+01
0.400000E+00  0.199950E+01  0.138640E+01  0.961270E+00  0.666510E+00  0.000000E+00  0.000000E+00  0.181150E+02  -.540880E+01  -.639200E+02  0.475160E+01  -.158110E+02  -.163560E+02  -.237560E+02  -.644850E+01  -.124480E+02  -.753380E+01  -.295670E+01  0.167370E+01  -.279160E+01  -.145650E+01  -.424810E+01
0.400000E+00  0.199950E+01  0.138640E+01  0.105800E+01  0.000000E+00  0.000000E+00  0.000000E+00  0.182230E+02  -.714660E+01  -.642250E+02  0.755200E+01  -.122790E+02  -.197310E+02  -.339380E+02  -.836380E+01  -.126940E+02  -.595870E+01  -.622920E+01  0.718440E+01  -.278590E+01  -.140140E+01  -.418730E+01
0.400000E+00  0.220080E+01  0.000000E+00  0.839750E+00  0.839750E+00  0.000000E+00  0.000000E+00  0.575880E+02  -.327070E+01  -.120500E+03  0.898080E+00  -.513320E+02  -.117510E+02  -.958080E+01  -.451500E+01  -.196930E+02  -.986670E+01  -.188220E+02  -.641520E+01  0.252200E+02  -.185600E+01  0.233640E+02
0.400000E+00  0.220080E+01  0.000000E+00  0.961270E+00  0.666510E+00  0.000000E+00  0.000000E+00  0.578320E+02  -.493050E+01  -.121210E+03  0.603650E+01  -.469770E+02  -.144710E+02  -.154420E+02  -.581230E+01  -.197650E+02  -.828640E+01  -.218230E+02  -.127140E+01  0.248460E+02  -.247050E+01  0.223750E+02
0.400000E+00  0.220080E+01  0.000000E+00  0.105800E+01  0.000000E+00  0.000000E+00  0.000000E+00  0.581280E+02  -.659050E+01  -.121900E+03  0.110900E+02  -.429390E+02  -.178960E+02  -.261320E+02  -.739130E+01  -.202060E+02  -.569610E+01  -.250610E+02  0.517690E+01  0.245160E+02  -.287100E+01  0.216450E+02
0.400000E+00  0.167950E+01  0.167950E+01  0.105800E+01  0.105800E+01  0.000000E+00  0.000000E+00  -.232810E+02  -.886610E+01  -.237910E+02  0.316920E+01  0.107690E+02  -.282110E+02  -.814130E+01  -.933370E+01  -.903150E+01  -.155460E+02  -.103660E+02  -.319630E+01  -.114950E+02  -.163690E+01  -.131320E+02
0.400000E+00  0.167950E+01  0.167950E+01  0.121110E+01  0.839750E+00  0.000000E+00  0.000000E+00  -.232320E+02  -.117480E+02  -.240760E+02  0.626420E+01  0.176580E+02  -.343090E+02  -.193290E+02  -.118000E+02  -.104650E+02  -.127240E+02  -.138410E+02  0.762070E+01  -.109730E+02  -.174830E+01  -.127210E+02
0.400000E+00  0.167950E+01  0.167950E+01  0.133300E+01  0.000000E+00  0.000000E+00  0.000000E+00  -.232250E+02  -.144620E+02  -.244350E+02  0.944590E+01  0.229440E+02  -.408970E+02  -.393460E+02  -.153530E+02  -.123000E+02  -.971860E+01  -.176840E+02  0.196030E+02  -.103690E+02  -.120590E+01  -.115750E+02
0.400000E+00  0.192250E+01  0.133300E+01  0.105800E+01  0.105800E+01  0.000000E+00  0.000000E+00  0.130490E+02  -.753000E+01  -.620620E+02  0.456040E+01  -.833000E+01  -.264840E+02  -.360660E+01  -.838960E+01  -.945810E+01  -.159110E+02  -.130750E+00  -.601390E+01  -.470890E+01  -.221240E+01  -.692140E+01
0.400000E+00  0.192250E+01  0.133300E+01  0.121110E+01  0.839750E+00  0.000000E+00  0.000000E+00  0.133150E+02  -.106220E+02  -.625010E+02  0.923880E+01  -.315350E+01  -.321450E+02  -.150660E+02  -.106400E+02  -.104780E+02  -.132100E+02  -.593560E+01  0.597350E+01  -.462760E+01  -.290020E+01  -.752790E+01
0.400000E+00  0.192250E+01  0.133300E+01  0.133300E+01  0.000000E+00  0.000000E+00  0.000000E+00  0.134270E+02  -.136770E+02  -.631460E+02  0.150430E+02  0.271170E+01  -.386880E+02  -.324790E+02  -.138670E+02  -.113990E+02  -.955080E+01  -.129490E+02  0.179950E+02  -.459380E+01  -.296580E+01  -.755960E+01
0.400000E+00  0.211600E+01  0.000000E+00  0.105800E+01  0.105800E+01  0.000000E+00  0.000000E+00  0.482840E+02  -.651900E+01  -.116970E+03  0.128790E+01  -.375330E+02  -.240700E+02  -.105500E+01  -.801240E+01  -.150820E+02  -.182660E+02  -.107110E+02  -.111330E+02  0.173720E+02  -.336880E+01  0.140030E+02
0.400000E+00  0.211600E+01  0.000000E+00  0.121110E+01  0.839750E+00  0.000000E+00  0.000000E+00  0.489640E+02  -.965570E+01  -.118330E+03  0.111760E+02  -.304720E+02  -.311480E+02  -.100830E+02  -.998600E+01  -.148040E+02  -.133000E+02  -.166130E+02  -.173380E-01  0.167750E+02  -.490860E+01  0.118660E+02
0.400000E+00  0.211600E+01  0.000000E+00  0.133300E+01  0.000000E+00  0.000000E+00  0.000000E+00  0.496270E+02  -.126530E+02  -.119660E+03  0.208570E+02  -.238840E+02  -.404210E+02  -.247220E+02  -.126250E+02  -.156700E+02  -.911690E+01  -.241900E+02  0.123510E+02  0.162450E+02  -.605100E+01  0.101940E+02
0.400000E+00  0.160640E+01  0.160640E+01  0.121110E+01  0.121110E+01  0.000000E+00  0.000000E+00  -.235000E+02  -.136860E+02  -.241500E+02  0.345990E+01  0.172170E+02  -.412380E+02  0.141570E+01  -.129630E+02  -.870210E+01  -.209110E+02  -.112140E+02  -.259830E+01  -.108110E+02  -.234470E+01  -.131560E+02
0.400000E+00  0.160640E+01  0.160640E+01  0.138640E+01  0.961270E+00  0.000000E+00  0.000000E+00  -.235150E+02  -.174830E+02  -.248020E+02  0.989780E+01  0.267830E+02  -.501990E+02  -.127430E+02  -.164660E+02  -.997060E+01  -.179900E+02  -.149770E+02  0.119510E+02  -.998340E+01  -.309760E+01  -.130810E+02
0.400000E+00  0.160640E+01  0.160640E+01  0.152590E+01  0.000000E+00  0.000000E+00  0.000000E+00  -.237430E+02  -.209570E+02  -.254390E+02  0.149550E+02  0.335610E+02  -.596990E+02  -.385140E+02  -.199630E+02  -.122450E+02  -.133430E+02  -.196450E+02  0.306440E+02  -.912510E+01  -.281720E+01  -.119420E+02
0.400000E+00  0.183890E+01  0.127500E+01  0.121110E+01  0.121110E+01  0.000000E+00  0.000000E+00  0.890400E+01  -.116930E+02  -.596740E+02  0.486050E+01  -.380280E+00  -.377560E+02  0.328960E+01  -.112090E+02  -.971150E+01  -.219760E+02  -.352970E+00  -.641370E+01  -.609810E+01  -.314620E+01  -.924430E+01
0.400000E+00  0.183890E+01  0.127500E+01  0.138640E+01  0.961270E+00  0.000000E+00  0.000000E+00  0.900050E+01  -.158650E+02  -.605800E+02  0.135020E+02  0.775270E+01  -.479790E+02  -.775260E+01  -.144480E+02  -.895290E+01  -.176980E+02  -.663600E+01  0.896760E+01  -.581080E+01  -.457460E+01  -.103850E+02
0.400000E+00  0.183890E+01  0.127500E+01  0.152590E+01  0.000000E+00  0.000000E+00  0.000000E+00  0.893780E+01  -.197640E+02  -.617750E+02  0.235820E+02  0.164300E+02  -.640950E+02  -.344880E+02  -.173450E+02  -.104460E+02  -.122050E+02  -.164260E+02  0.279470E+02  -.553860E+01  -.606170E+01  -.116000E+02
0.400000E+00  0.202390E+01  0.000000E+00  0.121110E+01  0.121110E+01  0.000000E+00  0.000000E+00  0.408590E+02  -.104690E+02  -.110140E+03  0.226210E+01  -.247890E+02  -.366750E+02  0.778530E+01  -.106620E+02  -.135790E+02  -.229450E+02  -.351160E+01  -.144440E+02  0.109560E+02  -.454780E+01  0.640810E+01
0.400000E+00  0.202390E+01  0.000000E+00  0.138640E+01  0.961270E+00  0.000000E+00  0.000000E+00  0.414030E+02  -.145430E+02  -.111960E+03  0.169350E+02  -.153190E+02  -.515580E+02  -.308660E+01  -.132720E+02  -.117590E+02  -.199260E+02  -.117100E+02  0.157120E+01  0.102840E+02  -.752970E+01  0.275480E+01
0.400000E+00  0.202390E+01  0.000000E+00  0.152590E+01  0.000000E+00  0.000000E+00  0.000000E+00  0.418540E+02  -.182290E+02  -.116660E+03  0.470100E+02  -.636380E+01  -.691950E+02  -.234110E+02  -.156020E+02  -.123500E+02  -.124430E+02  -.229400E+02  0.249380E+02  0.968850E+01  -.103520E+02  -.663100E+00
0.400000E+00  0.152590E+01  0.152590E+01  0.133300E+01  0.133300E+01  0.000000E+00  0.000000E+00  -.235910E+02  -.189070E+02  -.244350E+02  0.431810E+01  0.242350E+02  -.530850E+02  0.971320E+01  -.156980E+02  -.788350E+01  -.271640E+02  -.110030E+02  -.323920E+01  -.998370E+01  -.294860E+01  -.129320E+02
0.400000E+00  0.152590E+01  0.152590E+01  0.152590E+01  0.105800E+01  0.000000E+00  0.000000E+00  -.237440E+02  -.232680E+02  -.251410E+02  0.117010E+02  0.332920E+02  -.650130E+02  -.717870E+01  -.195950E+02  -.979930E+01  -.218210E+02  -.156350E+02  0.168160E+02  -.897960E+01  -.514370E+01  -.141230E+02
0.400000E+00  0.152590E+01  0.152590E+01  0.167950E+01  0.000000E+00  0.000000E+00  0.000000E+00  -.243620E+02  -.268290E+02  -.265870E+02  0.249510E+02  0.439430E+02  -.861270E+02  -.381260E+02  -.223300E+02  -.138850E+02  -.132060E+02  -.223740E+02  0.449400E+02  -.731410E+01  -.748830E+01  -.148020E+02
0.400000E+00  0.174680E+01  0.121110E+01  0.133300E+01  0.133300E+01  0.000000E+00  0.000000E+00  0.537720E+01  -.164610E+02  -.564790E+02  0.561930E+01  0.807080E+01  -.501480E+02  0.117240E+02  -.141940E+02  -.685660E+01  -.290440E+02  -.362670E+00  -.818560E+01  -.673770E+01  -.397070E+01  -.107080E+02
0.400000E+00  0.174680E+01  0.121110E+01  0.152590E+01  0.105800E+01  0.000000E+00  0.000000E+00  0.504920E+01  -.205730E+02  -.581100E+02  0.205420E+02  0.184380E+02  -.705860E+02  -.449320E+01  -.171390E+02  -.875430E+01  -.210240E+02  -.774780E+01  0.129800E+02  -.606250E+01  -.771490E+01  -.137770E+02
0.400000E+00  0.174680E+01  0.121110E+01  0.167950E+01  0.000000E+00  0.000000E+00  0.000000E+00  0.502210E+01  -.254650E+02  -.594420E+02  0.332500E+02  0.289170E+02  -.959500E+02  -.333250E+02  -.196400E+02  -.106850E+02  -.131250E+02  -.219290E+02  0.435450E+02  -.566820E+01  -.109760E+02  -.166450E+02
0.400000E+00  0.192250E+01  0.000000E+00  0.133300E+01  0.133300E+01  0.000000E+00  0.000000E+00  0.338730E+02  -.148050E+02  -.101370E+03  0.278850E+01  -.126740E+02  -.511960E+02  0.156020E+02  -.134590E+02  -.994860E+01  -.306540E+02  -.256450E+00  -.172690E+02  0.591870E+01  -.569730E+01  0.221320E+00
0.400000E+00  0.192250E+01  0.000000E+00  0.152590E+01  0.105800E+01  0.000000E+00  0.000000E+00  0.344700E+02  -.195580E+02  -.104090E+03  0.234860E+02  -.102510E+01  -.734940E+02  0.181740E+01  -.157440E+02  -.792690E+01  -.237300E+02  -.130950E+02  0.800250E+01  0.530780E+01  -.107600E+02  -.545260E+01
0.400000E+00  0.192250E+01  0.000000E+00  0.167950E+01  0.000000E+00  0.000000E+00  0.000000E+00  0.348560E+02  -.239570E+02  -.108780E+03  0.547750E+02  0.907130E+01  -.904870E+02  -.225900E+02  -.183180E+02  -.103230E+02  -.141670E+02  -.232920E+02  0.359920E+02  0.462570E+01  -.141080E+02  -.948200E+01
0.500000E+00  0.188160E+01  0.188160E+01  0.904590E+00  0.904590E+00  0.000000E+00  0.000000E+00  -.149460E+02  -.453570E+01  -.153040E+02  0.316840E+01  0.996180E+01  -.189380E+02  -.947330E+01  -.673790E+01  -.264260E+01  -.102800E+02  -.384270E+01  -.157930E+01  -.925140E+01  -.592370E+00  -.984380E+01
0.500000E+00  0.188160E+01  0.188160E+01  0.103550E+01  0.717980E+00  0.000000E+00  0.000000E+00  -.147790E+02  -.681860E+01  -.154260E+02  0.472040E+01  0.144410E+02  -.221360E+02  -.179560E+02  -.891630E+01  -.349940E+01  -.902900E+01  -.559090E+01  0.437610E+01  -.902220E+01  -.502580E+00  -.952480E+01
0.500000E+00  0.188160E+01  0.188160E+01  0.113970E+01  0.000000E+00  0.000000E+00  0.000000E+00  -.146550E+02  -.907260E+01  -.156260E+02  0.637970E+01  0.187380E+02  -.263460E+02  -.349590E+02  -.108850E+02  -.422900E+01  -.748220E+01  -.770380E+01  0.112370E+02  -.873140E+01  -.158090E+00  -.888950E+01
0.500000E+00  0.215390E+01  0.149350E+01  0.904590E+00  0.904590E+00  0.000000E+00  0.000000E+00  0.322260E+02  -.350710E+01  -.647700E+02  0.430160E+01  -.179260E+02  -.162050E+02  -.855720E+01  -.571200E+01  -.562930E+01  -.106520E+02  0.540680E+01  -.366520E+01  0.112710E+01  -.115860E+01  -.314370E-01
0.500000E+00  0.215390E+01  0.149350E+01  0.103550E+01  0.717980E+00  0.000000E+00  0.000000E+00  0.323510E+02  -.594130E+01  -.651680E+02  0.773420E+01  -.135690E+02  -.205080E+02  -.166410E+02  -.752540E+01  -.579420E+01  -.921740E+01  0.249410E+01  0.232460E+01  0.104650E+01  -.144000E+01  -.393440E+00
0.500000E+00  0.215390E+01  0.149350E+01  0.113970E+01  0.000000E+00  0.000000E+00  0.000000E+00  0.324610E+02  -.836670E+01  -.656030E+02  0.113050E+02  -.888750E+01  -.246990E+02  -.306040E+02  -.942870E+01  -.621820E+01  -.785860E+01  -.146300E+01  0.917010E+01  0.997970E+00  -.144530E+01  -.447330E+00
0.500000E+00  0.237070E+01  0.000000E+00  0.904590E+00  0.904590E+00  0.000000E+00  0.000000E+00  0.820180E+02  -.311930E+01  -.132050E+03  0.323100E+01  -.596830E+02  -.165850E+02  -.258300E+01  -.532980E+01  -.188020E+02  -.116620E+02  -.825850E+01  -.779920E+01  0.343840E+02  -.208330E+01  0.323000E+02
0.500000E+00  0.237070E+01  0.000000E+00  0.103550E+01  0.717980E+00  0.000000E+00  0.000000E+00  0.826730E+02  -.525950E+01  -.133190E+03  0.102440E+02  -.543120E+02  -.195670E+02  -.921820E+01  -.667610E+01  -.187180E+02  -.891310E+01  -.112620E+02  -.111920E+01  0.338990E+02  -.290710E+01  0.309920E+02
0.500000E+00  0.237070E+01  0.000000E+00  0.113970E+01  0.000000E+00  0.000000E+00  0.000000E+00  0.832360E+02  -.706160E+01  -.134490E+03  0.182600E+02  -.474150E+02  -.498360E+02  -.210220E+02  -.754270E+01  -.182380E+02  -.577330E+01  -.150530E+02  0.656070E+01  0.335410E+02  -.472510E+01  0.288160E+02
0.500000E+00  0.180920E+01  0.180920E+01  0.113970E+01  0.113970E+01  0.000000E+00  0.000000E+00  -.188720E+02  -.914920E+01  -.197510E+02  0.635800E+01  0.199060E+02  -.354860E+02  0.282100E+01  -.115110E+02  -.227770E+01  -.197840E+02  -.501400E+01  -.371360E+01  -.983870E+01  -.101890E+01  -.108580E+02
0.500000E+00  0.180920E+01  0.180920E+01  0.130470E+01  0.904590E+00  0.000000E+00  0.000000E+00  -.186190E+02  -.131680E+02  -.200890E+02  0.103260E+02  0.275700E+02  -.429190E+02  -.899520E+01  -.144330E+02  -.388800E+01  -.156690E+02  -.917820E+01  0.112750E+02  -.937250E+01  -.133950E+01  -.107120E+02
0.500000E+00  0.180920E+01  0.180920E+01  0.143600E+01  0.000000E+00  0.000000E+00  0.000000E+00  -.186170E+02  -.171000E+02  -.206960E+02  0.146270E+02  0.343140E+02  -.511460E+02  -.359460E+02  -.172030E+02  -.569180E+01  -.121940E+02  -.127280E+02  0.255660E+02  -.872570E+01  -.970550E+00  -.969630E+01
0.500000E+00  0.207100E+01  0.143600E+01  0.113970E+01  0.113970E+01  0.000000E+00  0.000000E+00  0.246280E+02  -.712820E+01  -.645790E+02  0.786300E+01  -.628370E+01  -.319360E+02  0.350580E+01  -.978260E+01  -.532770E+01  -.206200E+02  0.669170E+01  -.640000E+01  -.221440E+01  -.204970E+01  -.426410E+01
0.500000E+00  0.207100E+01  0.143600E+01  0.130470E+01  0.904590E+00  0.000000E+00  0.000000E+00  0.249450E+02  -.115380E+02  -.653750E+02  0.148350E+02  0.123010E+01  -.393330E+02  -.884900E+01  -.122720E+02  -.616070E+01  -.168010E+02  -.205540E-02  0.816750E+01  -.233900E+01  -.299890E+01  -.533790E+01
0.500000E+00  0.207100E+01  0.143600E+01  0.143600E+01  0.000000E+00  0.000000E+00  0.000000E+00  0.250800E+02  -.156910E+02  -.664240E+02  0.228760E+02  0.885080E+01  -.500170E+02  -.309900E+02  -.153670E+02  -.714370E+01  -.123520E+02  -.794840E+01  0.228550E+02  -.231110E+01  -.349450E+01  -.580560E+01
0.500000E+00  0.227940E+01  0.000000E+00  0.113970E+01  0.113970E+01  0.000000E+00  0.000000E+00  0.708650E+02  -.604890E+01  -.126380E+03  0.946520E+01  -.416900E+02  -.543290E+02  0.910600E+01  -.854270E+01  -.136120E+02  -.201300E+02  -.565330E+01  -.128510E+02  0.244280E+02  -.465590E+01  0.197730E+02
0.500000E+00  0.227940E+01  0.000000E+00  0.130470E+01  0.904590E+00  0.000000E+00  0.000000E+00  0.713670E+02  -.100580E+02  -.128340E+03  0.221550E+02  -.335610E+02  -.481880E+02  -.127580E+01  -.107230E+02  -.135690E+02  -.172170E+02  -.123180E+02  -.411680E+00  0.234880E+02  -.634920E+01  0.171380E+02
0.500000E+00  0.227940E+01  0.000000E+00  0.143600E+01  0.000000E+00  0.000000E+00  0.000000E+00  0.716120E+02  -.138280E+02  -.130560E+03  0.358010E+02  -.253210E+02  -.575940E+02  -.195480E+02  -.126250E+02  -.126440E+02  -.107530E+02  -.205790E+02  0.175650E+02  0.226720E+02  -.786300E+01  0.148090E+02
0.500000E+00  0.173040E+01  0.173040E+01  0.130470E+01  0.130470E+01  0.000000E+00  0.000000E+00  -.214580E+02  -.137080E+02  -.227950E+02  0.960410E+01  0.282880E+02  -.505670E+02  0.141600E+02  -.152770E+02  -.443930E+01  -.252060E+02  -.847640E+01  -.201240E+01  -.992140E+01  -.154350E+01  -.114650E+02
0.500000E+00  0.173040E+01  0.173040E+01  0.149350E+01  0.103550E+01  0.000000E+00  0.000000E+00  -.214010E+02  -.191430E+02  -.235600E+02  0.168190E+02  0.383110E+02  -.617100E+02  -.443360E+01  -.186130E+02  -.608520E+01  -.215540E+02  -.135320E+02  0.164830E+02  -.909410E+01  -.284320E+01  -.119370E+02
0.500000E+00  0.173040E+01  0.173040E+01  0.164380E+01  0.000000E+00  0.000000E+00  0.000000E+00  -.217010E+02  -.242670E+02  -.247220E+02  0.251040E+02  0.475280E+02  -.766350E+02  -.380320E+02  -.218220E+02  -.916000E+01  -.147740E+02  -.195740E+02  0.394860E+02  -.794970E+01  -.338430E+01  -.113340E+02
0.500000E+00  0.198080E+01  0.137340E+01  0.130470E+01  0.130470E+01  0.000000E+00  0.000000E+00  0.175420E+02  -.111200E+02  -.634170E+02  0.111140E+02  0.386870E+01  -.460410E+02  0.136650E+02  -.131640E+02  -.433330E+01  -.268340E+02  0.604250E+01  -.693380E+01  -.426920E+01  -.273170E+01  -.700090E+01
0.500000E+00  0.198080E+01  0.137340E+01  0.149350E+01  0.103550E+01  0.000000E+00  0.000000E+00  0.177590E+02  -.169230E+02  -.647910E+02  0.228310E+02  0.151060E+02  -.642960E+02  -.209970E+01  -.158300E+02  -.521400E+01  -.213780E+02  -.239490E+01  0.131280E+02  -.426340E+01  -.541710E+01  -.968050E+01
0.500000E+00  0.198080E+01  0.137340E+01  0.164380E+01  0.000000E+00  0.000000E+00  0.000000E+00  0.177250E+02  -.220960E+02  -.666640E+02  0.368860E+02  0.264690E+02  -.884160E+02  -.310720E+02  -.183420E+02  -.748460E+01  -.149050E+02  -.143290E+02  0.352580E+02  -.393900E+01  -.786700E+01  -.118060E+02
0.500000E+00  0.218020E+01  0.000000E+00  0.130470E+01  0.130470E+01  0.000000E+00  0.000000E+00  0.560900E+02  -.873010E+01  -.120060E+03  0.169850E+02  -.279940E+02  -.504680E+02  0.191540E+02  -.121160E+02  -.868480E+01  -.292390E+02  0.396340E+00  -.175000E+02  0.157400E+02  -.531030E+01  0.104300E+02
0.500000E+00  0.218020E+01  0.000000E+00  0.149350E+01  0.103550E+01  0.000000E+00  0.000000E+00  0.571500E+02  -.146700E+02  -.121990E+03  0.304540E+02  -.160770E+02  -.675110E+02  0.505700E+01  -.137930E+02  -.766260E+01  -.234600E+02  -.189710E+02  0.463060E+01  0.146250E+02  -.915130E+01  0.547330E+01
0.500000E+00  0.218020E+01  0.000000E+00  0.164380E+01  0.000000E+00  0.000000E+00  0.000000E+00  0.579500E+02  -.201480E+02  -.125370E+03  0.516670E+02  -.565970E+01  -.808350E+02  -.197320E+02  -.160660E+02  -.784700E+01  -.157240E+02  -.343400E+02  0.300880E+02  0.136810E+02  -.118380E+02  0.184390E+01
0.500000E+00  0.164380E+01  0.164380E+01  0.143600E+01  0.143600E+01  0.000000E+00  0.000000E+00  -.230500E+02  -.185470E+02  -.245410E+02  0.118450E+02  0.350570E+02  -.648370E+02  0.212980E+02  -.184560E+02  -.358730E+01  -.311390E+02  -.850110E+01  -.194850E+01  -.926690E+01  -.219720E+01  -.114640E+02
0.500000E+00  0.164380E+01  0.164380E+01  0.164380E+01  0.113970E+01  0.000000E+00  0.000000E+00  -.233380E+02  -.248650E+02  -.259590E+02  0.242840E+02  0.479060E+02  -.855690E+02  -.505550E-01  -.207720E+02  -.668120E+01  -.251530E+02  -.154320E+02  0.229690E+02  -.792620E+01  -.621100E+01  -.141370E+02
0.500000E+00  0.164380E+01  0.164380E+01  0.180920E+01  0.000000E+00  0.000000E+00  0.000000E+00  -.240590E+02  -.306220E+02  -.277320E+02  0.382670E+02  0.607090E+02  -.117910E+03  -.367720E+02  -.227820E+02  -.129370E+02  -.107090E+02  -.261010E+02  0.622350E+02  -.617290E+01  -.900760E+01  -.151810E+02
0.500000E+00  0.188160E+01  0.130470E+01  0.143600E+01  0.143600E+01  0.000000E+00  0.000000E+00  0.114610E+02  -.158750E+02  -.613660E+02  0.143990E+02  0.138730E+02  -.640560E+02  0.224280E+02  -.158570E+02  -.390410E+01  -.309340E+02  0.616000E+01  -.872820E+01  -.542870E+01  -.371900E+01  -.914770E+01
0.500000E+00  0.188160E+01  0.130470E+01  0.164380E+01  0.113970E+01  0.000000E+00  0.000000E+00  0.114790E+02  -.224240E+02  -.633280E+02  0.313630E+02  0.283570E+02  -.956070E+02  0.308300E+01  -.178730E+02  -.538200E+01  -.252070E+02  -.481760E+01  0.181740E+02  -.524880E+01  -.911220E+01  -.143610E+02
0.500000E+00  0.188160E+01  0.130470E+01  0.180920E+01  0.000000E+00  0.000000E+00  0.000000E+00  0.112270E+02  -.286080E+02  -.656410E+02  0.490690E+02  0.391080E+02  -.114050E+03  -.325380E+02  -.198810E+02  -.804600E+01  -.152610E+02  -.262720E+02  0.616190E+02  -.483540E+01  -.118600E+02  -.166960E+02
0.500000E+00  0.207100E+01  0.000000E+00  0.143600E+01  0.143600E+01  0.000000E+00  0.000000E+00  0.458180E+02  -.133820E+02  -.114030E+03  0.121200E+02  -.141380E+02  -.674250E+02  0.262570E+02  -.145960E+02  -.631460E+01  -.351400E+02  0.426320E+01  -.182750E+02  0.894200E+01  -.647250E+01  0.246950E+01
0.500000E+00  0.207100E+01  0.000000E+00  0.164380E+01  0.113970E+01  0.000000E+00  0.000000E+00  0.466910E+02  -.201740E+02  -.119010E+03  0.450410E+02  -.408360E-01  -.859880E+02  0.961100E+01  -.165700E+02  -.624310E+01  -.288670E+02  -.123830E+02  0.886390E+01  0.778990E+01  -.120990E+02  -.430890E+01
0.500000E+00  0.207100E+01  0.000000E+00  0.180920E+01  0.000000E+00  0.000000E+00  0.000000E+00  0.472680E+02  -.263650E+02  -.122080E+03  0.660430E+02  0.120680E+02  -.102080E+03  -.183420E+02  -.184250E+02  -.621850E+01  -.163820E+02  -.316370E+02  0.521250E+02  0.683380E+01  -.162540E+02  -.942050E+01
0.600000E+00  0.199950E+01  0.199950E+01  0.961270E+00  0.961270E+00  0.000000E+00  0.000000E+00  -.529850E+01  -.454660E+01  -.589480E+01  0.485390E+01  0.174010E+02  -.228610E+02  -.136440E+01  -.832070E+01  0.224260E+01  -.122620E+02  0.204120E+00  -.155840E+01  -.604510E+01  -.338150E+00  -.638320E+01
0.600000E+00  0.199950E+01  0.199950E+01  0.110040E+01  0.762960E+00  0.000000E+00  0.000000E+00  -.505340E+01  -.755400E+01  -.604680E+01  0.634300E+01  0.228630E+02  -.267680E+02  -.114430E+02  -.103850E+02  0.155470E+01  -.108960E+02  -.227430E+01  0.601860E+01  -.575270E+01  -.272510E+00  -.602520E+01
0.600000E+00  0.199950E+01  0.199950E+01  0.121110E+01  0.000000E+00  0.000000E+00  0.000000E+00  -.483590E+01  -.104990E+02  -.624330E+01  0.802240E+01  0.283540E+02  -.318800E+02  -.263650E+02  -.122060E+02  0.282730E+00  -.763450E+01  -.532500E+01  0.154330E+02  -.548330E+01  0.707840E-01  -.541250E+01
0.600000E+00  0.228890E+01  0.158700E+01  0.961270E+00  0.961270E+00  0.000000E+00  0.000000E+00  0.482700E+02  -.315220E+01  -.629490E+02  0.646490E+01  -.156060E+02  -.197500E+02  0.832940E+00  -.676160E+01  -.234100E+01  -.130030E+02  0.104350E+02  -.436160E+01  0.598420E+01  -.984670E+00  0.499950E+01
0.600000E+00  0.228890E+01  0.158700E+01  0.110040E+01  0.762960E+00  0.000000E+00  0.000000E+00  0.486780E+02  -.628520E+01  -.634590E+02  0.105920E+02  -.102200E+02  -.234640E+02  -.864770E+01  -.836980E+01  -.262360E+01  -.113190E+02  0.654440E+01  0.298240E+01  0.584690E+01  -.134100E+01  0.450600E+01
0.600000E+00  0.228890E+01  0.158700E+01  0.121110E+01  0.000000E+00  0.000000E+00  0.000000E+00  0.491450E+02  -.937900E+01  -.640160E+02  0.148990E+02  -.491280E+01  -.290500E+02  -.252160E+02  -.103940E+02  -.342110E+01  -.866790E+01  0.358860E+00  0.136960E+02  0.578560E+01  -.144600E+01  0.433960E+01
0.600000E+00  0.251930E+01  0.000000E+00  0.961270E+00  0.961270E+00  0.000000E+00  0.000000E+00  0.105990E+03  -.285130E+01  -.138780E+03  0.369040E+01  -.666980E+02  -.228540E+02  0.563200E+01  -.615970E+01  -.193570E+02  -.134050E+02  -.510510E+01  -.931390E+01  0.448770E+02  -.220260E+01  0.426740E+02
0.600000E+00  0.251930E+01  0.000000E+00  0.110040E+01  0.762960E+00  0.000000E+00  0.000000E+00  0.106150E+03  -.544800E+01  -.139870E+03  0.106020E+02  -.606070E+02  -.217970E+02  -.121630E+01  -.756950E+01  -.185240E+02  -.104860E+02  -.918750E+01  -.931770E+00  0.441550E+02  -.295790E+01  0.411970E+02
0.600000E+00  0.251930E+01  0.000000E+00  0.121110E+01  0.000000E+00  0.000000E+00  0.000000E+00  0.106290E+03  -.767190E+01  -.141650E+03  0.206270E+02  -.528760E+02  -.423410E+02  -.147020E+02  -.868520E+01  -.184630E+02  -.694450E+01  -.142380E+02  0.766620E+01  0.435840E+02  -.461230E+01  0.389720E+02
0.600000E+00  0.192250E+01  0.192250E+01  0.121110E+01  0.121110E+01  0.000000E+00  0.000000E+00  -.117030E+02  -.891250E+01  -.130780E+02  0.102400E+02  0.299500E+02  -.425210E+02  0.121960E+02  -.138340E+02  0.285060E+01  -.207090E+02  -.620050E+00  -.151590E+01  -.745930E+01  -.499720E+00  -.795910E+01
0.600000E+00  0.192250E+01  0.192250E+01  0.138640E+01  0.961270E+00  0.000000E+00  0.000000E+00  -.114410E+02  -.142770E+02  -.136280E+02  0.145780E+02  0.387690E+02  -.513700E+02  -.235590E+01  -.162120E+02  0.134240E+01  -.179860E+02  -.550520E+01  0.155300E+02  -.687810E+01  -.950360E+00  -.782840E+01
0.600000E+00  0.192250E+01  0.192250E+01  0.152590E+01  0.000000E+00  0.000000E+00  0.000000E+00  -.113110E+02  -.194370E+02  -.143270E+02  0.193080E+02  0.467990E+02  -.614340E+02  -.285700E+02  -.193590E+02  -.784570E+00  -.140210E+02  -.113150E+02  0.344530E+02  -.626360E+01  -.653710E+00  -.691730E+01
0.600000E+00  0.220080E+01  0.152590E+01  0.121110E+01  0.121110E+01  0.000000E+00  0.000000E+00  0.380890E+02  -.644170E+01  -.650580E+02  0.125530E+02  -.193090E+01  -.371310E+02  0.146470E+02  -.113430E+02  0.978080E+00  -.221020E+02  0.130090E+02  -.739010E+01  0.151860E+01  -.161850E+01  -.998590E-01
0.600000E+00  0.220080E+01  0.152590E+01  0.138640E+01  0.961270E+00  0.000000E+00  0.000000E+00  0.384520E+02  -.120410E+02  -.661300E+02  0.211770E+02  0.716530E+01  -.472950E+02  0.258250E+00  -.136550E+02  0.919160E+00  -.204680E+02  0.392830E+01  0.111470E+02  0.128720E+01  -.290050E+01  -.161330E+01
0.600000E+00  0.220080E+01  0.152590E+01  0.152590E+01  0.000000E+00  0.000000E+00  0.000000E+00  0.386940E+02  -.172280E+02  -.676180E+02  0.314920E+02  0.169520E+02  -.632340E+02  -.266520E+02  -.163710E+02  -.547590E+00  -.149030E+02  -.568170E+01  0.287080E+02  0.135310E+01  -.395480E+01  -.260170E+01
0.600000E+00  0.242230E+01  0.000000E+00  0.121110E+01  0.121110E+01  0.000000E+00  0.000000E+00  0.906540E+02  -.536110E+01  -.134850E+03  0.994520E+01  -.464880E+02  -.480060E+02  0.197150E+02  -.102790E+02  -.116520E+02  -.240760E+02  0.796490E+00  -.155230E+02  0.318850E+02  -.412000E+01  0.277650E+02
0.600000E+00  0.242230E+01  0.000000E+00  0.138640E+01  0.961270E+00  0.000000E+00  0.000000E+00  0.924850E+02  -.100810E+02  -.138290E+03  0.300240E+02  -.361490E+02  -.556210E+02  0.793580E+01  -.116590E+02  -.898010E+01  -.196090E+02  -.741740E+01  -.454070E+00  0.308820E+02  -.669580E+01  0.241860E+02
0.600000E+00  0.242230E+01  0.000000E+00  0.152590E+01  0.000000E+00  0.000000E+00  0.000000E+00  0.942310E+02  -.147110E+02  -.141560E+03  0.484870E+02  -.263840E+02  -.664040E+02  -.131370E+02  -.136740E+02  -.997240E+01  -.121340E+02  -.175810E+02  0.226530E+02  0.299890E+02  -.875660E+01  0.212320E+02
0.600000E+00  0.183890E+01  0.183890E+01  0.138640E+01  0.138640E+01  0.000000E+00  0.000000E+00  -.170810E+02  -.135220E+02  -.190530E+02  0.153060E+02  0.388160E+02  -.599710E+02  0.215640E+02  -.172270E+02  0.267060E+01  -.285730E+02  -.283820E+01  -.785070E+00  -.798960E+01  -.749060E+00  -.873860E+01
0.600000E+00  0.183890E+01  0.183890E+01  0.158700E+01  0.110040E+01  0.000000E+00  0.000000E+00  -.169530E+02  -.207240E+02  -.201490E+02  0.234930E+02  0.503210E+02  -.743740E+02  0.299310E+01  -.201460E+02  0.494840E+00  -.240520E+02  -.896320E+01  0.223220E+02  -.716040E+01  -.251800E+01  -.967850E+01
0.600000E+00  0.183890E+01  0.183890E+01  0.174680E+01  0.000000E+00  0.000000E+00  0.000000E+00  -.174710E+02  -.269400E+02  -.220590E+02  0.357250E+02  0.629210E+02  -.982290E+02  -.317510E+02  -.221060E+02  -.319970E+01  -.163200E+02  -.197000E+02  0.588770E+02  -.565970E+01  -.419660E+01  -.985630E+01
0.600000E+00  0.210500E+01  0.145950E+01  0.138640E+01  0.138640E+01  0.000000E+00  0.000000E+00  0.282070E+02  -.989990E+01  -.656660E+02  0.176840E+02  0.917010E+01  -.556580E+02  0.241770E+02  -.145350E+02  0.890740E+00  -.314850E+02  0.116830E+02  -.942700E+01  -.189450E+01  -.243450E+01  -.432900E+01
0.600000E+00  0.210500E+01  0.145950E+01  0.158700E+01  0.110040E+01  0.000000E+00  0.000000E+00  0.285310E+02  -.171790E+02  -.676620E+02  0.329340E+02  0.237170E+02  -.822710E+02  0.571400E+01  -.169090E+02  -.421050E+00  -.244380E+02  0.940940E+00  0.167450E+02  -.190380E+01  -.615610E+01  -.805990E+01
0.600000E+00  0.210500E+01  0.145950E+01  0.174680E+01  0.000000E+00  0.000000E+00  0.000000E+00  0.285340E+02  -.240650E+02  -.702680E+02  0.503480E+02  0.355750E+02  -.104690E+03  -.246140E+02  -.192230E+02  -.310770E+01  -.146860E+02  -.161050E+02  0.500310E+02  -.152170E+01  -.822850E+01  -.975030E+01
0.600000E+00  0.231680E+01  0.000000E+00  0.138640E+01  0.138640E+01  0.000000E+00  0.000000E+00  0.786470E+02  -.861430E+01  -.128610E+03  0.195830E+02  -.300130E+02  -.609790E+02  0.301920E+02  -.127130E+02  -.553090E+01  -.334640E+02  0.736730E+01  -.205490E+02  0.214770E+02  -.524240E+01  0.162350E+02
0.600000E+00  0.231680E+01  0.000000E+00  0.158700E+01  0.110040E+01  0.000000E+00  0.000000E+00  0.791510E+02  -.150160E+02  -.132260E+03  0.419230E+02  -.161990E+02  -.758840E+02  0.144890E+02  -.148730E+02  -.560680E+01  -.257090E+02  -.127790E+02  0.598080E+01  0.200460E+02  -.976970E+01  0.102760E+02
0.600000E+00  0.231680E+01  0.000000E+00  0.174680E+01  0.000000E+00  0.000000E+00  0.000000E+00  0.784370E+02  -.211980E+02  -.140040E+03  0.832550E+02  -.376740E+01  -.913150E+02  -.129080E+02  -.160450E+02  -.497970E+01  -.159260E+02  -.243830E+02  0.400020E+02  0.187060E+02  -.132810E+02  0.542500E+01
0.600000E+00  0.174680E+01  0.174680E+01  0.152590E+01  0.152590E+01  0.000000E+00  0.000000E+00  -.214260E+02  -.186900E+02  -.237570E+02  0.195420E+02  0.453870E+02  -.765780E+02  0.300220E+02  -.194750E+02  0.236070E+01  -.354990E+02  -.457020E+01  -.184710E+01  -.793720E+01  -.144640E+01  -.938360E+01
0.600000E+00  0.174680E+01  0.174680E+01  0.174680E+01  0.121110E+01  0.000000E+00  0.000000E+00  -.217970E+02  -.265090E+02  -.258360E+02  0.352130E+02  0.622900E+02  -.111070E+03  0.643850E+01  -.212520E+02  -.197580E+01  -.242540E+02  -.134990E+02  0.305540E+02  -.635860E+01  -.681010E+01  -.131690E+02
0.600000E+00  0.174680E+01  0.174680E+01  0.192250E+01  0.000000E+00  0.000000E+00  0.000000E+00  -.223950E+02  -.340450E+02  -.279910E+02  0.504130E+02  0.753600E+02  -.132030E+03  -.369490E+02  -.233510E+02  -.105530E+02  -.558560E+01  -.304650E+02  0.871110E+02  -.485690E+01  -.868220E+01  -.135390E+02
0.600000E+00  0.199950E+01  0.138640E+01  0.152590E+01  0.152590E+01  0.000000E+00  0.000000E+00  0.189690E+02  -.140700E+02  -.650600E+02  0.234530E+02  0.213420E+02  -.811070E+02  0.326450E+02  -.167720E+02  0.945700E+00  -.354840E+02  0.122360E+02  -.100420E+02  -.384350E+01  -.366570E+01  -.750920E+01
0.600000E+00  0.199950E+01  0.138640E+01  0.174680E+01  0.121110E+01  0.000000E+00  0.000000E+00  0.188510E+02  -.229260E+02  -.679200E+02  0.449140E+02  0.359860E+02  -.110030E+03  0.105710E+02  -.184350E+02  -.274860E+00  -.291740E+02  -.754920E+00  0.228690E+02  -.379850E+01  -.939790E+01  -.131960E+02
0.600000E+00  0.199950E+01  0.138640E+01  0.192250E+01  0.000000E+00  0.000000E+00  0.000000E+00  0.190400E+02  -.309350E+02  -.706740E+02  0.653740E+02  0.489570E+02  -.125590E+03  -.300930E+02  -.204470E+02  -.745930E+01  -.544550E+01  -.275660E+02  0.764720E+02  -.343910E+01  -.125680E+02  -.160070E+02
0.600000E+00  0.220080E+01  0.000000E+00  0.152590E+01  0.152590E+01  0.000000E+00  0.000000E+00  0.595220E+02  -.118420E+02  -.122130E+03  0.254840E+02  -.145860E+02  -.765500E+02  0.383830E+02  -.152230E+02  -.244950E+00  -.518010E+02  0.109700E+02  -.212260E+02  0.125540E+02  -.620240E+01  0.635110E+01
0.600000E+00  0.220080E+01  0.000000E+00  0.174680E+01  0.121110E+01  0.000000E+00  0.000000E+00  0.606770E+02  -.201870E+02  -.129720E+03  0.706860E+02  0.166380E+01  -.958440E+02  0.194610E+02  -.166560E+02  -.102100E+01  -.287010E+02  -.122680E+02  0.151460E+02  0.110940E+02  -.129320E+02  -.183830E+01
0.600000E+00  0.220080E+01  0.000000E+00  0.192250E+01  0.000000E+00  0.000000E+00  0.000000E+00  0.614680E+02  -.274130E+02  -.134730E+03  0.100460E+03  0.165050E+02  -.118340E+03  -.142280E+02  -.172340E+02  -.776700E+01  0.340090E+01  -.381050E+02  0.740030E+02  0.991950E+01  -.186850E+02  -.876570E+01
0.700000E+00  0.210500E+01  0.210500E+01  0.101200E+01  0.101200E+01  0.000000E+00  0.000000E+00  0.687560E+01  -.446200E+01  0.599590E+01  0.647390E+01  0.269050E+02  -.272580E+02  0.849060E+01  -.103510E+02  0.822760E+01  -.144450E+02  0.523670E+01  -.167220E+01  -.161130E+01  -.198530E-01  -.163110E+01
0.700000E+00  0.210500E+01  0.210500E+01  0.115840E+01  0.803190E+00  0.000000E+00  0.000000E+00  0.723540E+01  -.821460E+01  0.577040E+01  0.815230E+01  0.332020E+02  -.322640E+02  -.254750E+01  -.138340E+02  0.696390E+01  -.113500E+02  0.190800E+01  0.864580E+01  -.135710E+01  0.402210E-02  -.135310E+01
0.700000E+00  0.210500E+01  0.210500E+01  0.127500E+01  0.000000E+00  0.000000E+00  0.000000E+00  0.762980E+01  -.118900E+02  0.566640E+01  0.945930E+01  0.383420E+02  -.373700E+02  -.166460E+02  -.149160E+02  0.543530E+01  -.880190E+01  -.213520E+01  0.190470E+02  -.109300E+01  0.313560E+00  -.779460E+00
0.700000E+00  0.240960E+01  0.167070E+01  0.101200E+01  0.101200E+01  0.000000E+00  0.000000E+00  0.712800E+02  -.284460E+01  -.589150E+02  0.872960E+01  -.128280E+02  -.230790E+02  0.107700E+02  -.825230E+01  0.252740E+01  -.154980E+02  0.138120E+02  -.635680E+01  0.123860E+02  -.791390E+00  0.115950E+02
0.700000E+00  0.240960E+01  0.167070E+01  0.115840E+01  0.803190E+00  0.000000E+00  0.000000E+00  0.713340E+02  -.662580E+01  -.595400E+02  0.135920E+02  -.639640E+01  -.286060E+02  0.565740E-01  -.101000E+02  0.169340E+01  -.122820E+02  0.768830E+01  0.526540E+01  0.121740E+02  -.128080E+01  0.108930E+02
0.700000E+00  0.240960E+01  0.167070E+01  0.127500E+01  0.000000E+00  0.000000E+00  0.000000E+00  0.713370E+02  -.103310E+02  -.602450E+02  0.186890E+02  -.528560E+00  -.336660E+02  -.177380E+02  -.122560E+02  0.109590E+01  -.969550E+01  0.131030E+01  0.164520E+02  0.119990E+02  -.143600E+01  0.105630E+02
0.700000E+00  0.265210E+01  0.000000E+00  0.101200E+01  0.101200E+01  0.000000E+00  0.000000E+00  0.136010E+03  -.511740E+01  -.140790E+03  0.836710E+01  -.719940E+02  -.257370E+02  0.147670E+02  -.699390E+01  -.201820E+02  -.158380E+02  -.684040E+01  -.100960E+02  0.563300E+02  -.217860E+01  0.541520E+02
0.700000E+00  0.265210E+01  0.000000E+00  0.115840E+01  0.803190E+00  0.000000E+00  0.000000E+00  0.136560E+03  -.609280E+01  -.143270E+03  0.208300E+02  -.619340E+02  -.464670E+02  0.708080E+01  -.761830E+01  -.170840E+02  -.189590E+02  -.116930E+02  -.138990E+01  0.558120E+02  -.384800E+01  0.519640E+02
0.700000E+00  0.265210E+01  0.000000E+00  0.127500E+01  0.000000E+00  0.000000E+00  0.000000E+00  0.137370E+03  -.817990E+01  -.145480E+03  0.320040E+02  -.554000E+02  -.462650E+02  -.706390E+01  -.934390E+01  -.191270E+02  -.853590E+01  -.184180E+02  0.885030E+01  0.552090E+02  -.487830E+01  0.503310E+02
0.700000E+00  0.202390E+01  0.202390E+01  0.127500E+01  0.127500E+01  0.000000E+00  0.000000E+00  -.284780E+01  -.845630E+01  -.475590E+01  0.138900E+02  0.400520E+02  -.497900E+02  0.232940E+02  -.162760E+02  0.848270E+01  -.246500E+02  0.374630E+01  -.266990E+01  -.434670E+01  0.491150E-01  -.429760E+01
0.700000E+00  0.202390E+01  0.202390E+01  0.145950E+01  0.101200E+01  0.000000E+00  0.000000E+00  -.245670E+01  -.151380E+02  -.545450E+01  0.186030E+02  0.498120E+02  -.600110E+02  0.608850E+01  -.186270E+02  0.637270E+01  -.213090E+02  -.312300E+01  0.186500E+02  -.380450E+01  -.575000E+00  -.437950E+01
0.700000E+00  0.202390E+01  0.202390E+01  0.160640E+01  0.000000E+00  0.000000E+00  0.000000E+00  -.214750E+01  -.214470E+02  -.618850E+01  0.233790E+02  0.594390E+02  -.721010E+02  -.236720E+02  -.215760E+02  0.353230E+01  -.156930E+02  -.124280E+02  0.454230E+02  -.312740E+01  -.361000E+00  -.348840E+01
0.700000E+00  0.231680E+01  0.160640E+01  0.127500E+01  0.127500E+01  0.000000E+00  0.000000E+00  0.527530E+02  -.530860E+01  -.636040E+02  0.171850E+02  0.266810E+01  -.428230E+02  0.261240E+02  -.129590E+02  0.563020E+01  -.275370E+02  0.180910E+02  -.101080E+02  0.586320E+01  -.123460E+01  0.462860E+01
0.700000E+00  0.231680E+01  0.160640E+01  0.145950E+01  0.101200E+01  0.000000E+00  0.000000E+00  0.536080E+02  -.120370E+02  -.651290E+02  0.280450E+02  0.146390E+02  -.577210E+02  0.957370E+01  -.154370E+02  0.519630E+01  -.239460E+02  0.677330E+01  0.114880E+02  0.564220E+01  -.296860E+01  0.267360E+01
0.700000E+00  0.231680E+01  0.160640E+01  0.160640E+01  0.000000E+00  0.000000E+00  0.000000E+00  0.544860E+02  -.183210E+02  -.670410E+02  0.405790E+02  0.261580E+02  -.774800E+02  -.205750E+02  -.176740E+02  0.354560E+01  -.177150E+02  -.490150E+01  0.320990E+02  0.572410E+01  -.440070E+01  0.132330E+01
0.700000E+00  0.255000E+01  0.000000E+00  0.127500E+01  0.127500E+01  0.000000E+00  0.000000E+00  0.114220E+03  -.588680E+01  -.141380E+03  0.124980E+02  -.498410E+02  -.523800E+02  0.306660E+02  -.119930E+02  -.979770E+01  -.274800E+02  0.258210E+01  -.175450E+02  0.404590E+02  -.398100E+01  0.364780E+02
0.700000E+00  0.255000E+01  0.000000E+00  0.145950E+01  0.101200E+01  0.000000E+00  0.000000E+00  0.114720E+03  -.100280E+02  -.146240E+03  0.385810E+02  -.375670E+02  -.620410E+02  0.180290E+02  -.128080E+02  -.842940E+01  -.187430E+02  -.759780E+01  0.372290E+01  0.391800E+02  -.702040E+01  0.321600E+02
0.700000E+00  0.255000E+01  0.000000E+00  0.160640E+01  0.000000E+00  0.000000E+00  0.000000E+00  0.115240E+03  -.150210E+02  -.150910E+03  0.609380E+02  -.261830E+02  -.732210E+02  -.622670E+01  -.145480E+02  0.108920E+02  -.176590E+03  -.194080E+02  0.246240E+02  0.379920E+02  -.947770E+01  0.285140E+02
0.700000E+00  0.193580E+01  0.193580E+01  0.145950E+01  0.145950E+01  0.000000E+00  0.000000E+00  -.108110E+02  -.126490E+02  -.135090E+02  0.210860E+02  0.495610E+02  -.692630E+02  0.329360E+02  -.196190E+02  0.794200E+01  -.330950E+02  0.126870E+01  -.197870E+01  -.563060E+01  -.741400E-02  -.563800E+01
0.700000E+00  0.193580E+01  0.193580E+01  0.167070E+01  0.115840E+01  0.000000E+00  0.000000E+00  -.106760E+02  -.214280E+02  -.150710E+02  0.309420E+02  0.635310E+02  -.870870E+02  0.110790E+02  -.219400E+02  0.598360E+01  -.292740E+02  -.788620E+01  0.271310E+02  -.471120E+01  -.221770E+01  -.692900E+01
0.700000E+00  0.193580E+01  0.193580E+01  0.183890E+01  0.000000E+00  0.000000E+00  0.000000E+00  -.110490E+02  -.292940E+02  -.173430E+02  0.444080E+02  0.785840E+02  -.116380E+03  -.290610E+02  -.236710E+02  -.104230E+01  -.139360E+02  -.222750E+02  0.725200E+02  -.307410E+01  -.423890E+01  -.731290E+01
0.700000E+00  0.221590E+01  0.153650E+01  0.145950E+01  0.145950E+01  0.000000E+00  0.000000E+00  0.397790E+02  -.821250E+01  -.666670E+02  0.254090E+02  0.159790E+02  -.673300E+02  0.364410E+02  -.154060E+02  0.765310E+01  -.354210E+02  0.207410E+02  -.131680E+02  0.140700E+01  -.196000E+01  -.552980E+00
0.700000E+00  0.221590E+01  0.153650E+01  0.167070E+01  0.115840E+01  0.000000E+00  0.000000E+00  0.402670E+02  -.168710E+02  -.692920E+02  0.435750E+02  0.331150E+02  -.979910E+02  0.153280E+02  -.177430E+02  0.564920E+01  -.273810E+02  0.281710E+01  0.241370E+02  0.132150E+01  -.641290E+01  -.509130E+01
0.700000E+00  0.221590E+01  0.153650E+01  0.183890E+01  0.000000E+00  0.000000E+00  0.000000E+00  0.405540E+02  -.253830E+02  -.724220E+02  0.626620E+02  0.459270E+02  -.116170E+03  -.206550E+02  -.196340E+02  0.381660E+01  -.187630E+02  -.184720E+02  0.629760E+02  0.157720E+01  -.856960E+01  -.699240E+01
0.700000E+00  0.243900E+01  0.000000E+00  0.145950E+01  0.145950E+01  0.000000E+00  0.000000E+00  0.947850E+02  -.719600E+01  -.138160E+03  0.277990E+02  -.314670E+02  -.673980E+02  0.427790E+02  -.161030E+02  -.381130E+01  -.309060E+02  0.742390E+01  -.197700E+02  0.274570E+02  -.504340E+01  0.224140E+02
0.700000E+00  0.243900E+01  0.000000E+00  0.167070E+01  0.115840E+01  0.000000E+00  0.000000E+00  0.986740E+02  -.144910E+02  -.143110E+03  0.560640E+02  -.155920E+02  -.841770E+02  0.245130E+02  -.159190E+02  0.123390E+02  -.193490E+03  -.875350E+01  0.116890E+02  0.259940E+02  -.104140E+02  0.155800E+02
0.700000E+00  0.243900E+01  0.000000E+00  0.183890E+01  0.000000E+00  0.000000E+00  0.000000E+00  0.102160E+03  -.216280E+02  -.153930E+03  0.105860E+03  -.758560E+00  -.103820E+03  -.688720E+01  -.161280E+02  0.575200E+02  -.468120E+02  -.286250E+02  0.542910E+02  0.248530E+02  -.147690E+02  0.100850E+02
0.700000E+00  0.183890E+01  0.183890E+01  0.160640E+01  0.160640E+01  0.000000E+00  0.000000E+00  -.174400E+02  -.172400E+02  -.208000E+02  0.283930E+02  0.577470E+02  -.903250E+02  0.406640E+02  -.211920E+02  0.791870E+01  -.400520E+02  -.146680E+01  -.159280E+01  -.608350E+01  -.642900E+00  -.672640E+01
0.700000E+00  0.183890E+01  0.183890E+01  0.183890E+01  0.127500E+01  0.000000E+00  0.000000E+00  -.178700E+02  -.273530E+02  -.234340E+02  0.463520E+02  0.768570E+02  -.125240E+03  0.136350E+02  -.220640E+02  0.283410E+01  -.280090E+02  -.136310E+02  0.429470E+02  -.448760E+01  -.633750E+01  -.108250E+02
0.700000E+00  0.183890E+01  0.183890E+01  0.202390E+01  0.000000E+00  0.000000E+00  0.000000E+00  -.182910E+02  -.364710E+02  -.263590E+02  0.634940E+02  0.909920E+02  -.147890E+03  -.343170E+02  -.238070E+02  -.943000E+01  -.634080E+01  -.416520E+02  0.114910E+03  -.272650E+01  -.860410E+01  -.113310E+02
0.700000E+00  0.210500E+01  0.145950E+01  0.160640E+01  0.160640E+01  0.000000E+00  0.000000E+00  0.279140E+02  -.116160E+02  -.677870E+02  0.331690E+02  0.289900E+02  -.951360E+02  0.444270E+02  -.178540E+02  0.591700E+01  -.428780E+02  0.174380E+02  -.124120E+02  -.168820E+01  -.324280E+01  -.493100E+01
0.700000E+00  0.210500E+01  0.145950E+01  0.183890E+01  0.127500E+01  0.000000E+00  0.000000E+00  0.281260E+02  -.227370E+02  -.712410E+02  0.566700E+02  0.444400E+02  -.119490E+03  0.191860E+02  -.193680E+02  0.368340E+01  -.326470E+02  -.428730E+01  0.367950E+02  -.190400E+01  -.919590E+01  -.111000E+02
0.700000E+00  0.210500E+01  0.145950E+01  0.202390E+01  0.000000E+00  0.000000E+00  0.000000E+00  0.285310E+02  -.321990E+02  -.753440E+02  0.824440E+02  0.600840E+02  -.139780E+03  -.272420E+02  -.202200E+02  -.616360E+01  -.378490E+01  -.343320E+02  0.896700E+02  -.135920E+01  -.132590E+02  -.146190E+02
0.700000E+00  0.231680E+01  0.000000E+00  0.160640E+01  0.160640E+01  0.000000E+00  0.000000E+00  0.790930E+02  -.101890E+02  -.130900E+03  0.348680E+02  -.144210E+02  -.833140E+02  0.505790E+02  -.160490E+02  -.154340E+01  -.353050E+02  0.139460E+02  -.238300E+02  0.170840E+02  -.583370E+01  0.112500E+02
0.700000E+00  0.231680E+01  0.000000E+00  0.183890E+01  0.127500E+01  0.000000E+00  0.000000E+00  0.783620E+02  -.191540E+02  -.140760E+03  0.885890E+02  0.465260E+01  -.108160E+03  0.295060E+02  -.168230E+02  0.850270E+02  -.425690E+02  -.952820E+01  0.193970E+02  0.151520E+02  -.139460E+02  0.120560E+01
0.700000E+00  0.231680E+01  0.000000E+00  0.202390E+01  0.000000E+00  0.000000E+00  0.000000E+00  0.766450E+02  -.274200E+02  -.148130E+03  0.125240E+03  0.219170E+02  -.133600E+03  -.893350E+01  -.164040E+02  0.186170E+02  -.252990E+03  -.391540E+02  0.885620E+02  0.135160E+02  -.207390E+02  -.722260E+01
