0.400000E+00  0.174680E+01  0.174680E+01  0.839750E+00  0.839750E+00  0.000000E+00  0.000000E+00  -.222690E+02  -.423600E+01  -.224450E+02  0.174360E+01  0.259500E+01  -.152330E+02  -.197970E+02  -.548770E+01  -.846500E+01  -.853350E+01  -.919950E+01  -.182210E+01  -.115890E+02  -.903490E+00  -.124930E+02
0.400000E+00  0.174680E+01  0.174680E+01  0.961270E+00  0.666510E+00  0.000000E+00  0.000000E+00  -.221610E+02  -.590090E+01  -.225310E+02  0.299400E+01  0.603840E+01  -.179150E+02  -.270310E+02  -.743630E+01  -.904840E+01  -.739260E+01  -.106100E+02  0.296070E+01  -.113220E+02  -.753470E+00  -.120750E+02
0.400000E+00  0.174680E+01  0.174680E+01  0.105800E+01  0.000000E+00  0.000000E+00  0.000000E+00  -.221190E+02  -.756700E+01  -.226710E+02  0.418090E+01  0.923320E+01  -.208150E+02  -.391320E+02  -.950780E+01  -.981670E+01  -.582520E+01  -.122230E+02  0.831530E+01  -.110570E+02  -.369630E+00  -.114270E+02
0.400000E+00  0.199950E+01  0.138640E+01  0.839750E+00  0.839750E+00  0.000000E+00  0.000000E+00  0.188020E+02  -.366320E+01  -.636620E+02  0.213200E+01  -.190620E+02  -.137550E+02  -.165750E+02  -.481400E+01  -.122780E+02  -.886470E+01  -.761520E+00  -.336120E+01  -.269110E+01  -.130590E+01  -.399690E+01
0.400000E+00  0.199950E+01  0.138640E+01  0.961270E+00  0.666510E+00  0.000000E+00  0.000000E+00  0.188700E+02  -.542370E+01  -.639180E+02  0.476960E+01  -.156700E+02  -.167380E+02  -.238020E+02  -.643700E+01  -.125540E+02  -.771380E+01  -.365430E+01  0.161810E+01  -.271620E+01  -.146800E+01  -.418420E+01
0.400000E+00  0.199950E+01  0.138640E+01  0.105800E+01  0.000000E+00  0.000000E+00  0.000000E+00  0.189130E+02  -.711180E+01  -.642210E+02  0.756260E+01  -.121630E+02  -.200060E+02  -.339850E+02  -.836600E+01  -.129030E+02  -.582730E+01  -.704520E+01  0.734370E+01  -.270900E+01  -.141270E+01  -.412170E+01
0.400000E+00  0.220080E+01  0.000000E+00  0.839750E+00  0.839750E+00  0.000000E+00  0.000000E+00  0.586170E+02  -.333780E+01  -.121100E+03  0.535350E+00  -.510990E+02  -.114300E+02  -.824680E+01  -.457850E+01  -.197630E+02  -.100190E+02  -.196600E+02  -.648490E+01  0.253740E+02  -.182040E+01  0.235530E+02
0.400000E+00  0.220080E+01  0.000000E+00  0.961270E+00  0.666510E+00  0.000000E+00  0.000000E+00  0.587810E+02  -.496630E+01  -.121830E+03  0.553530E+01  -.467780E+02  -.140530E+02  -.145960E+02  -.587490E+01  -.198590E+02  -.842360E+01  -.229130E+02  -.138010E+01  0.249960E+02  -.243680E+01  0.225590E+02
0.400000E+00  0.220080E+01  0.000000E+00  0.105800E+01  0.000000E+00  0.000000E+00  0.000000E+00  0.589460E+02  -.661520E+01  -.122560E+03  0.105810E+02  -.428640E+02  -.172210E+02  -.262980E+02  -.741680E+01  -.204170E+02  -.533450E+01  -.266090E+02  0.536160E+01  0.246300E+02  -.282770E+01  0.218030E+02
0.400000E+00  0.167950E+01  0.167950E+01  0.105800E+01  0.105800E+01  0.000000E+00  0.000000E+00  -.232380E+02  -.888090E+01  -.237370E+02  0.306570E+01  0.114990E+02  -.285560E+02  -.812940E+01  -.939820E+01  -.905150E+01  -.154180E+02  -.104050E+02  -.299770E+01  -.115060E+02  -.157930E+01  -.130850E+02
0.400000E+00  0.167950E+01  0.167950E+01  0.121110E+01  0.839750E+00  0.000000E+00  0.000000E+00  -.232060E+02  -.116660E+02  -.240300E+02  0.620440E+01  0.177210E+02  -.343470E+02  -.193340E+02  -.118370E+02  -.104840E+02  -.126540E+02  -.138540E+02  0.764950E+01  -.109610E+02  -.174100E+01  -.127020E+02
0.400000E+00  0.192250E+01  0.133300E+01  0.105800E+01  0.105800E+01  0.000000E+00  0.000000E+00  0.134120E+02  -.745200E+01  -.620110E+02  0.452870E+01  -.826210E+01  -.269210E+02  -.381850E+01  -.841720E+01  -.941230E+01  -.162950E+02  -.219640E+00  -.594630E+01  -.465010E+01  -.222750E+01  -.687760E+01
0.400000E+00  0.192250E+01  0.133300E+01  0.121110E+01  0.839750E+00  0.000000E+00  0.000000E+00  0.136250E+02  -.106270E+02  -.625050E+02  0.926320E+01  -.281860E+01  -.327110E+02  -.150600E+02  -.106540E+02  -.104070E+02  -.134920E+02  -.592660E+01  0.596400E+01  -.459520E+01  -.291600E+01  -.751130E+01
0.400000E+00  0.192250E+01  0.133300E+01  0.133300E+01  0.000000E+00  0.000000E+00  0.000000E+00  0.136990E+02  -.136760E+02  -.631510E+02  0.150800E+02  0.285350E+01  -.390800E+02  -.329660E+02  -.138900E+02  -.112840E+02  -.999830E+01  -.130930E+02  0.179960E+02  -.456300E+01  -.297800E+01  -.754110E+01
0.400000E+00  0.211600E+01  0.000000E+00  0.121110E+01  0.839750E+00  0.000000E+00  0.000000E+00  0.504260E+02  -.971020E+01  -.118170E+03  0.104310E+02  -.305670E+02  -.305050E+02  -.932430E+01  -.100520E+02  -.149790E+02  -.129560E+02  -.169270E+02  0.194360E+00  0.169230E+02  -.478380E+01  0.121390E+02
0.400000E+00  0.211600E+01  0.000000E+00  0.133300E+01  0.000000E+00  0.000000E+00  0.000000E+00  0.507420E+02  -.126540E+02  -.119680E+03  0.209330E+02  -.235180E+02  -.405910E+02  -.248330E+02  -.125830E+02  -.160730E+02  -.808390E+01  -.247960E+02  0.128060E+02  0.164060E+02  -.607400E+01  0.103320E+02
0.400000E+00  0.160640E+01  0.160640E+01  0.121110E+01  0.121110E+01  0.000000E+00  0.000000E+00  -.234550E+02  -.136850E+02  -.241070E+02  0.343140E+01  0.181570E+02  -.413470E+02  0.141240E+01  -.129510E+02  -.869120E+01  -.209080E+02  -.112300E+02  -.252820E+01  -.108090E+02  -.231900E+01  -.131280E+02
0.400000E+00  0.160640E+01  0.160640E+01  0.138640E+01  0.961270E+00  0.000000E+00  0.000000E+00  -.234670E+02  -.175020E+02  -.247330E+02  0.968600E+01  0.281620E+02  -.502850E+02  -.127260E+02  -.166000E+02  -.983940E+01  -.185900E+02  -.149940E+02  0.120640E+02  -.100040E+02  -.300910E+01  -.130130E+02
0.400000E+00  0.160640E+01  0.160640E+01  0.152590E+01  0.000000E+00  0.000000E+00  0.000000E+00  -.236930E+02  -.209510E+02  -.253910E+02  0.149420E+02  0.334860E+02  -.595980E+02  -.385170E+02  -.199630E+02  -.124150E+02  -.126850E+02  -.198370E+02  0.314080E+02  -.912330E+01  -.283340E+01  -.119570E+02
0.400000E+00  0.183890E+01  0.127500E+01  0.121110E+01  0.121110E+01  0.000000E+00  0.000000E+00  0.931920E+01  -.115010E+02  -.598990E+02  0.465070E+01  -.270220E+00  -.378700E+02  0.328360E+01  -.109290E+02  -.100490E+02  -.214240E+02  -.821450E+00  -.623310E+01  -.604290E+01  -.318710E+01  -.923000E+01
0.400000E+00  0.183890E+01  0.127500E+01  0.138640E+01  0.961270E+00  0.000000E+00  0.000000E+00  0.929980E+01  -.158380E+02  -.606110E+02  0.136260E+02  0.771920E+01  -.481850E+02  -.778860E+01  -.144190E+02  -.930550E+01  -.171050E+02  -.697460E+01  0.887340E+01  -.574490E+01  -.479030E+01  -.105350E+02
0.400000E+00  0.183890E+01  0.127500E+01  0.152590E+01  0.000000E+00  0.000000E+00  0.000000E+00  0.917180E+01  -.196740E+02  -.618440E+02  0.242910E+02  0.162460E+02  -.637220E+02  -.346260E+02  -.171390E+02  -.107710E+02  -.110800E+02  -.173930E+02  0.289790E+02  -.541960E+01  -.673910E+01  -.121590E+02
0.400000E+00  0.202390E+01  0.000000E+00  0.138640E+01  0.961270E+00  0.000000E+00  0.000000E+00  0.420100E+02  -.145890E+02  -.111720E+03  0.156550E+02  -.152310E+02  -.515650E+02  -.297260E+01  -.132650E+02  -.132660E+02  -.156590E+02  -.119580E+02  0.214170E+01  0.103450E+02  -.748580E+01  0.285920E+01
0.400000E+00  0.202390E+01  0.000000E+00  0.152590E+01  0.000000E+00  0.000000E+00  0.000000E+00  0.423730E+02  -.181940E+02  -.116570E+03  0.462370E+02  -.606260E+01  -.691760E+02  -.234850E+02  -.155790E+02  -.141920E+02  -.666510E+01  -.235580E+02  0.254010E+02  0.975080E+01  -.103140E+02  -.563730E+00
0.400000E+00  0.152590E+01  0.152590E+01  0.133300E+01  0.133300E+01  0.000000E+00  0.000000E+00  -.235600E+02  -.189100E+02  -.244360E+02  0.428040E+01  0.243110E+02  -.531270E+02  0.964290E+01  -.155610E+02  -.798030E+01  -.268600E+02  -.111820E+02  -.302350E+01  -.999650E+01  -.292920E+01  -.129260E+02
0.400000E+00  0.152590E+01  0.152590E+01  0.152590E+01  0.105800E+01  0.000000E+00  0.000000E+00  -.237310E+02  -.231040E+02  -.252760E+02  0.131490E+02  0.332910E+02  -.649010E+02  -.708300E+01  -.196090E+02  -.989040E+01  -.217020E+02  -.159060E+02  0.173980E+02  -.892720E+01  -.508270E+01  -.140100E+02
0.400000E+00  0.152590E+01  0.152590E+01  0.167950E+01  0.000000E+00  0.000000E+00  0.000000E+00  -.243050E+02  -.268140E+02  -.265240E+02  0.243640E+02  0.438310E+02  -.829510E+02  -.374720E+02  -.224250E+02  -.140740E+02  -.119870E+02  -.225940E+02  0.450700E+02  -.740640E+01  -.730440E+01  -.147110E+02
0.400000E+00  0.174680E+01  0.121110E+01  0.133300E+01  0.133300E+01  0.000000E+00  0.000000E+00  0.538360E+01  -.164340E+02  -.565170E+02  0.584990E+01  0.767860E+01  -.500100E+02  0.116950E+02  -.140890E+02  -.699960E+01  -.287600E+02  -.755460E+00  -.825460E+01  -.673750E+01  -.403370E+01  -.107710E+02
0.400000E+00  0.174680E+01  0.121110E+01  0.152590E+01  0.105800E+01  0.000000E+00  0.000000E+00  0.502770E+01  -.205500E+02  -.581330E+02  0.205510E+02  0.176070E+02  -.701980E+02  -.453470E+01  -.170320E+02  -.889660E+01  -.209920E+02  -.843150E+01  0.137660E+02  -.606850E+01  -.785520E+01  -.139240E+02
0.400000E+00  0.174680E+01  0.121110E+01  0.167950E+01  0.000000E+00  0.000000E+00  0.000000E+00  0.530950E+01  -.252960E+02  -.596050E+02  0.344950E+02  0.292550E+02  -.964570E+02  -.333710E+02  -.196340E+02  -.110880E+02  -.117060E+02  -.226700E+02  0.445260E+02  -.562300E+01  -.109900E+02  -.166130E+02
0.400000E+00  0.192250E+01  0.000000E+00  0.133300E+01  0.133300E+01  0.000000E+00  0.000000E+00  0.343090E+02  -.148400E+02  -.101480E+03  0.245040E+01  -.126270E+02  -.504680E+02  0.155940E+02  -.135650E+02  -.107180E+02  -.261870E+02  -.134540E-01  -.176200E+02  0.594900E+01  -.535440E+01  0.594600E+00
0.400000E+00  0.192250E+01  0.000000E+00  0.152590E+01  0.105800E+01  0.000000E+00  0.000000E+00  0.347270E+02  -.195650E+02  -.104080E+03  0.225090E+02  -.945600E+00  -.736800E+02  0.197470E+01  -.157990E+02  -.966980E+01  -.167940E+02  -.131440E+02  0.873860E+01  0.532370E+01  -.107670E+02  -.544310E+01
0.400000E+00  0.192250E+01  0.000000E+00  0.167950E+01  0.000000E+00  0.000000E+00  0.000000E+00  0.350430E+02  -.236730E+02  -.109040E+03  0.546740E+02  0.912760E+01  -.902820E+02  -.226460E+02  -.183480E+02  -.122850E+02  -.586310E+01  -.248950E+02  0.384990E+02  0.467810E+01  -.140790E+02  -.940040E+01
0.500000E+00  0.188160E+01  0.188160E+01  0.904590E+00  0.904590E+00  0.000000E+00  0.000000E+00  -.149660E+02  -.453610E+01  -.152900E+02  0.314650E+01  0.102200E+02  -.186970E+02  -.947360E+01  -.674120E+01  -.312640E+01  -.101900E+02  -.433050E+01  -.156340E+01  -.925710E+01  -.582420E+00  -.983950E+01
0.500000E+00  0.188160E+01  0.188160E+01  0.103550E+01  0.717980E+00  0.000000E+00  0.000000E+00  -.147810E+02  -.681940E+01  -.154190E+02  0.469280E+01  0.145930E+02  -.221570E+02  -.179500E+02  -.889970E+01  -.376510E+01  -.889910E+01  -.606020E+01  0.449650E+01  -.902770E+01  -.491460E+00  -.951910E+01
0.500000E+00  0.188160E+01  0.188160E+01  0.113970E+01  0.000000E+00  0.000000E+00  0.000000E+00  -.146320E+02  -.908830E+01  -.156170E+02  0.644660E+01  0.191040E+02  -.262880E+02  -.349370E+02  -.110130E+02  -.450400E+01  -.737480E+01  -.829350E+01  0.116440E+02  -.872710E+01  -.126130E+00  -.885320E+01
0.500000E+00  0.215390E+01  0.149350E+01  0.904590E+00  0.904590E+00  0.000000E+00  0.000000E+00  0.322600E+02  -.350000E+01  -.647880E+02  0.427040E+01  -.179510E+02  -.164600E+02  -.874780E+01  -.565610E+01  -.607580E+01  -.107460E+02  0.448080E+01  -.372470E+01  0.109580E+01  -.118390E+01  -.881440E-01
0.500000E+00  0.215390E+01  0.149350E+01  0.103550E+01  0.717980E+00  0.000000E+00  0.000000E+00  0.324250E+02  -.594250E+01  -.651900E+02  0.770850E+01  -.129440E+02  -.208950E+02  -.169040E+02  -.749370E+01  -.617370E+01  -.908810E+01  0.150610E+01  0.246970E+01  0.101690E+01  -.145550E+01  -.438650E+00
0.500000E+00  0.215390E+01  0.149350E+01  0.113970E+01  0.000000E+00  0.000000E+00  0.000000E+00  0.325420E+02  -.835800E+01  -.656280E+02  0.112610E+02  -.860480E+01  -.253110E+02  -.308930E+02  -.941100E+01  -.674030E+01  -.728660E+01  -.252560E+01  0.946310E+01  0.967660E+00  -.145970E+01  -.492010E+00
0.500000E+00  0.237070E+01  0.000000E+00  0.904590E+00  0.904590E+00  0.000000E+00  0.000000E+00  0.820040E+02  -.318910E+01  -.130710E+03  0.198740E+01  -.594730E+02  -.148700E+02  -.137060E+01  -.544340E+01  -.184440E+02  -.127170E+02  -.795850E+01  -.898020E+01  0.343650E+02  -.199920E+01  0.323660E+02
0.500000E+00  0.237070E+01  0.000000E+00  0.103550E+01  0.717980E+00  0.000000E+00  0.000000E+00  0.823090E+02  -.532880E+01  -.131730E+03  0.868470E+01  -.542330E+02  -.170660E+02  -.751810E+01  -.681640E+01  -.178850E+02  -.116430E+02  -.108210E+02  -.294400E+01  0.338410E+02  -.278740E+01  0.310530E+02
0.500000E+00  0.180920E+01  0.180920E+01  0.113970E+01  0.113970E+01  0.000000E+00  0.000000E+00  -.189050E+02  -.909040E+01  -.197830E+02  0.635950E+01  0.198610E+02  -.355880E+02  0.275880E+01  -.113890E+02  -.285550E+01  -.194220E+02  -.537860E+01  -.343890E+01  -.987110E+01  -.101940E+01  -.108900E+02
0.500000E+00  0.180920E+01  0.180920E+01  0.130470E+01  0.904590E+00  0.000000E+00  0.000000E+00  -.186610E+02  -.130620E+02  -.201190E+02  0.103240E+02  0.275060E+02  -.427150E+02  -.902180E+01  -.144320E+02  -.425280E+01  -.155300E+02  -.966520E+01  0.110910E+02  -.937600E+01  -.133950E+01  -.107150E+02
0.500000E+00  0.180920E+01  0.180920E+01  0.143600E+01  0.000000E+00  0.000000E+00  0.000000E+00  -.186480E+02  -.169680E+02  -.207190E+02  0.146130E+02  0.344720E+02  -.510780E+02  -.359940E+02  -.171650E+02  -.611090E+01  -.115430E+02  -.133450E+02  0.260470E+02  -.871860E+01  -.969430E+00  -.968800E+01
0.500000E+00  0.207100E+01  0.143600E+01  0.113970E+01  0.113970E+01  0.000000E+00  0.000000E+00  0.253810E+02  -.712570E+01  -.645900E+02  0.791460E+01  -.570200E+01  -.324720E+02  0.355860E+01  -.979060E+01  -.545730E+01  -.202790E+02  0.644520E+01  -.626660E+01  -.213630E+01  -.204700E+01  -.418330E+01
0.500000E+00  0.207100E+01  0.143600E+01  0.130470E+01  0.904590E+00  0.000000E+00  0.000000E+00  0.255410E+02  -.114930E+02  -.653940E+02  0.149130E+02  0.153860E+01  -.397060E+02  -.891150E+01  -.122760E+02  -.617700E+01  -.168220E+02  -.160130E+00  0.807990E+01  -.226210E+01  -.300910E+01  -.527120E+01
0.500000E+00  0.207100E+01  0.143600E+01  0.143600E+01  0.000000E+00  0.000000E+00  0.000000E+00  0.256300E+02  -.157130E+02  -.664500E+02  0.229100E+02  0.890860E+01  -.500160E+02  -.309280E+02  -.153880E+02  -.736320E+01  -.116790E+02  -.859030E+01  0.237310E+02  -.224670E+01  -.347350E+01  -.572020E+01
0.500000E+00  0.227940E+01  0.000000E+00  0.113970E+01  0.113970E+01  0.000000E+00  0.000000E+00  0.695910E+02  -.601730E+01  -.126510E+03  0.742620E+01  -.412650E+02  -.518730E+02  0.111910E+02  -.879800E+01  -.138570E+02  -.199240E+02  -.570300E+01  -.127790E+02  0.243050E+02  -.452210E+01  0.197830E+02
0.500000E+00  0.227940E+01  0.000000E+00  0.130470E+01  0.904590E+00  0.000000E+00  0.000000E+00  0.700430E+02  -.100390E+02  -.128420E+03  0.197740E+02  -.331630E+02  -.478090E+02  0.559370E+00  -.110780E+02  -.137940E+02  -.161450E+02  -.125520E+02  -.171280E+00  0.233520E+02  -.624920E+01  0.171030E+02
0.500000E+00  0.173040E+01  0.173040E+01  0.130470E+01  0.130470E+01  0.000000E+00  0.000000E+00  -.214200E+02  -.136690E+02  -.227480E+02  0.964950E+01  0.283290E+02  -.502410E+02  0.140990E+02  -.151610E+02  -.455760E+01  -.249020E+02  -.851140E+01  -.196470E+01  -.988140E+01  -.155630E+01  -.114380E+02
0.500000E+00  0.173040E+01  0.173040E+01  0.149350E+01  0.103550E+01  0.000000E+00  0.000000E+00  -.213430E+02  -.191150E+02  -.235000E+02  0.168710E+02  0.382680E+02  -.616460E+02  -.444290E+01  -.185520E+02  -.620960E+01  -.211750E+02  -.137430E+02  0.173450E+02  -.907050E+01  -.287730E+01  -.119480E+02
0.500000E+00  0.173040E+01  0.173040E+01  0.164380E+01  0.000000E+00  0.000000E+00  0.000000E+00  -.216760E+02  -.240740E+02  -.246560E+02  0.251230E+02  0.474550E+02  -.764550E+02  -.380460E+02  -.218170E+02  -.970120E+01  -.130890E+02  -.202060E+02  0.417030E+02  -.792840E+01  -.340650E+01  -.113350E+02
0.500000E+00  0.198080E+01  0.137340E+01  0.130470E+01  0.130470E+01  0.000000E+00  0.000000E+00  0.182020E+02  -.109690E+02  -.634650E+02  0.113590E+02  0.407910E+01  -.465840E+02  0.136230E+02  -.130420E+02  -.434700E+01  -.268280E+02  0.618140E+01  -.728680E+01  -.419740E+01  -.270710E+01  -.690450E+01
0.500000E+00  0.198080E+01  0.137340E+01  0.149350E+01  0.103550E+01  0.000000E+00  0.000000E+00  0.183430E+02  -.169610E+02  -.648420E+02  0.231110E+02  0.147900E+02  -.612830E+02  -.208200E+01  -.158660E+02  -.520740E+01  -.213580E+02  -.274260E+01  0.139280E+02  -.422640E+01  -.529120E+01  -.951760E+01
0.500000E+00  0.198080E+01  0.137340E+01  0.164380E+01  0.000000E+00  0.000000E+00  0.000000E+00  0.181690E+02  -.220970E+02  -.667680E+02  0.374970E+02  0.264360E+02  -.891350E+02  -.310940E+02  -.183250E+02  -.890450E+01  -.105670E+02  -.152850E+02  0.371660E+02  -.388960E+01  -.793620E+01  -.118260E+02
0.500000E+00  0.218020E+01  0.000000E+00  0.130470E+01  0.130470E+01  0.000000E+00  0.000000E+00  0.571500E+02  -.878000E+01  -.119580E+03  0.836250E+01  -.273520E+02  -.532830E+02  0.196390E+02  -.118770E+02  -.937800E+01  -.270620E+02  -.358340E+00  -.166690E+02  0.158760E+02  -.533380E+01  0.105430E+02
0.500000E+00  0.218020E+01  0.000000E+00  0.149350E+01  0.103550E+01  0.000000E+00  0.000000E+00  0.576720E+02  -.146960E+02  -.122430E+03  0.278650E+02  -.156640E+02  -.674170E+02  0.558710E+01  -.139260E+02  -.934160E+01  -.201830E+02  -.204750E+02  0.624380E+01  0.146790E+02  -.911240E+01  0.556670E+01
0.500000E+00  0.218020E+01  0.000000E+00  0.164380E+01  0.000000E+00  0.000000E+00  0.000000E+00  0.581750E+02  -.201090E+02  -.125680E+03  0.486370E+02  -.553200E+01  -.808570E+02  -.198320E+02  -.161690E+02  -.889080E+01  -.140630E+02  -.365030E+02  0.311320E+02  0.137180E+02  -.118250E+02  0.189290E+01
0.500000E+00  0.164380E+01  0.164380E+01  0.143600E+01  0.143600E+01  0.000000E+00  0.000000E+00  -.230700E+02  -.185440E+02  -.245230E+02  0.118580E+02  0.349250E+02  -.647320E+02  0.212240E+02  -.178450E+02  -.357770E+01  -.313590E+02  -.851400E+01  -.189540E+01  -.922250E+01  -.219480E+01  -.114170E+02
0.500000E+00  0.164380E+01  0.164380E+01  0.164380E+01  0.113970E+01  0.000000E+00  0.000000E+00  -.234150E+02  -.248220E+02  -.259570E+02  0.245030E+02  0.476860E+02  -.850790E+02  -.205570E-01  -.207730E+02  -.704260E+01  -.241060E+02  -.157960E+02  0.246250E+02  -.787300E+01  -.622180E+01  -.140950E+02
0.500000E+00  0.164380E+01  0.164380E+01  0.180920E+01  0.000000E+00  0.000000E+00  0.000000E+00  -.240770E+02  -.305270E+02  -.276350E+02  0.388280E+02  0.613660E+02  -.120350E+03  -.368180E+02  -.227150E+02  -.126880E+02  -.118990E+02  -.262170E+02  0.620100E+02  -.612100E+01  -.914160E+01  -.152630E+02
0.500000E+00  0.188160E+01  0.130470E+01  0.143600E+01  0.143600E+01  0.000000E+00  0.000000E+00  0.117840E+02  -.157900E+02  -.613820E+02  0.144770E+02  0.140900E+02  -.636320E+02  0.225340E+02  -.160510E+02  -.391380E+01  -.306390E+02  0.619310E+01  -.877090E+01  -.544250E+01  -.344800E+01  -.889050E+01
0.500000E+00  0.188160E+01  0.130470E+01  0.164380E+01  0.113970E+01  0.000000E+00  0.000000E+00  0.120680E+02  -.222500E+02  -.633450E+02  0.313500E+02  0.285090E+02  -.960240E+02  0.307560E+01  -.178930E+02  -.628190E+01  -.206120E+02  -.556350E+01  0.200480E+02  -.520410E+01  -.911750E+01  -.143220E+02
0.500000E+00  0.188160E+01  0.130470E+01  0.180920E+01  0.000000E+00  0.000000E+00  0.000000E+00  0.115850E+02  -.285550E+02  -.657770E+02  0.498110E+02  0.392460E+02  -.114860E+03  -.326340E+02  -.198910E+02  -.985510E+01  -.815230E+01  -.264460E+02  0.609860E+02  -.479830E+01  -.118960E+02  -.166950E+02
0.500000E+00  0.207100E+01  0.000000E+00  0.143600E+01  0.143600E+01  0.000000E+00  0.000000E+00  0.464660E+02  -.135800E+02  -.113600E+03  0.105670E+02  -.137430E+02  -.674150E+02  0.262300E+02  -.146340E+02  -.740150E+01  -.322280E+02  0.358710E+01  -.171100E+02  0.900120E+01  -.645770E+01  0.254350E+01
0.500000E+00  0.207100E+01  0.000000E+00  0.164380E+01  0.113970E+01  0.000000E+00  0.000000E+00  0.471520E+02  -.202190E+02  -.118940E+03  0.449090E+02  -.417490E-01  -.860000E+02  0.958070E+01  -.165790E+02  -.774840E+01  -.224940E+02  -.148810E+02  0.137960E+02  0.783970E+01  -.120930E+02  -.425370E+01
0.500000E+00  0.207100E+01  0.000000E+00  0.180920E+01  0.000000E+00  0.000000E+00  0.000000E+00  0.476590E+02  -.261080E+02  -.121630E+03  0.634630E+02  0.121100E+02  -.101970E+03  -.184530E+02  -.184220E+02  -.836470E+01  -.988620E+01  -.342030E+02  0.555190E+02  0.691530E+01  -.162410E+02  -.932600E+01
0.600000E+00  0.199950E+01  0.199950E+01  0.961270E+00  0.961270E+00  0.000000E+00  0.000000E+00  -.446190E+01  -.459080E+01  -.572490E+01  0.480160E+01  0.185220E+02  -.229550E+02  -.142240E+01  -.833330E+01  0.214600E+01  -.121720E+02  0.154760E+00  -.144960E+01  -.592970E+01  -.316290E+00  -.624600E+01
0.600000E+00  0.199950E+01  0.199950E+01  0.110040E+01  0.762960E+00  0.000000E+00  0.000000E+00  -.425180E+01  -.760050E+01  -.587640E+01  0.623660E+01  0.236530E+02  -.271360E+02  -.112700E+02  -.103460E+02  0.132770E+01  -.105760E+02  -.241510E+01  0.631520E+01  -.561190E+01  -.247410E+00  -.585930E+01
0.600000E+00  0.199950E+01  0.199950E+01  0.121110E+01  0.000000E+00  0.000000E+00  0.000000E+00  -.408630E+01  -.104750E+02  -.607710E+01  0.784920E+01  0.289280E+02  -.320740E+02  -.264880E+02  -.122610E+02  0.196190E-01  -.734230E+01  -.554790E+01  0.159300E+02  -.535470E+01  0.113930E+00  -.524080E+01
0.600000E+00  0.228890E+01  0.158700E+01  0.961270E+00  0.961270E+00  0.000000E+00  0.000000E+00  0.493790E+02  -.319100E+01  -.631920E+02  0.643400E+01  -.159650E+02  -.198250E+02  0.120010E+01  -.668410E+01  -.267810E+01  -.129070E+02  0.971080E+01  -.441020E+01  0.601840E+01  -.101660E+01  0.500180E+01
0.600000E+00  0.228890E+01  0.158700E+01  0.110040E+01  0.762960E+00  0.000000E+00  0.000000E+00  0.497430E+02  -.631440E+01  -.637090E+02  0.106130E+02  -.100560E+02  -.244800E+02  -.853530E+01  -.824460E+01  -.279690E+01  -.115410E+02  0.575950E+01  0.308690E+01  0.588240E+01  -.140320E+01  0.447930E+01
0.600000E+00  0.228890E+01  0.158700E+01  0.121110E+01  0.000000E+00  0.000000E+00  0.000000E+00  0.499940E+02  -.943610E+01  -.642640E+02  0.149290E+02  -.472700E+01  -.299180E+02  -.258650E+02  -.103870E+02  -.370290E+01  -.859320E+01  -.297640E+00  0.136600E+02  0.579930E+01  -.150800E+01  0.429140E+01
0.600000E+00  0.251930E+01  0.000000E+00  0.961270E+00  0.961270E+00  0.000000E+00  0.000000E+00  0.104540E+03  -.285850E+01  -.138110E+03  0.390290E+00  -.658270E+02  -.224590E+02  0.770390E+01  -.629230E+01  -.192820E+02  -.130640E+02  -.557880E+01  -.890840E+01  0.447110E+02  -.213530E+01  0.425760E+02
0.600000E+00  0.251930E+01  0.000000E+00  0.110040E+01  0.762960E+00  0.000000E+00  0.000000E+00  0.105180E+03  -.550790E+01  -.138860E+03  0.572900E+01  -.602320E+02  -.216660E+02  -.859160E+00  -.772330E+01  -.185570E+02  -.995240E+01  -.993160E+01  0.428090E+00  0.440360E+02  -.295100E+01  0.410850E+02
0.600000E+00  0.251930E+01  0.000000E+00  0.121110E+01  0.000000E+00  0.000000E+00  0.000000E+00  0.105720E+03  -.769860E+01  -.138540E+03  0.556000E+01  -.512980E+02  -.431960E+02  -.147560E+02  -.871670E+01  -.188260E+02  -.582010E+01  -.153400E+02  0.936560E+01  0.435390E+02  -.458120E+01  0.389580E+02
0.600000E+00  0.192250E+01  0.192250E+01  0.121110E+01  0.121110E+01  0.000000E+00  0.000000E+00  -.110570E+02  -.896720E+01  -.129930E+02  0.102720E+02  0.301790E+02  -.425270E+02  0.121420E+02  -.139000E+02  0.260200E+01  -.206650E+02  -.106340E+01  -.132410E+01  -.734800E+01  -.479720E+00  -.782770E+01
0.600000E+00  0.192250E+01  0.192250E+01  0.152590E+01  0.000000E+00  0.000000E+00  0.000000E+00  -.107380E+02  -.194440E+02  -.143030E+02  0.198170E+02  0.469170E+02  -.614510E+02  -.286120E+02  -.193090E+02  -.144420E+01  -.129740E+02  -.122530E+02  0.352140E+02  -.617870E+01  -.684420E+00  -.686310E+01
0.600000E+00  0.220080E+01  0.152590E+01  0.121110E+01  0.121110E+01  0.000000E+00  0.000000E+00  0.421010E+02  -.667590E+01  -.651080E+02  0.125210E+02  -.148610E+01  -.379570E+02  0.144540E+02  -.109870E+02  0.481980E+00  -.216910E+02  0.120170E+02  -.739540E+01  0.177820E+01  -.166070E+01  0.117570E+00
0.600000E+00  0.220080E+01  0.152590E+01  0.138640E+01  0.961270E+00  0.000000E+00  0.000000E+00  0.422170E+02  -.121210E+02  -.662300E+02  0.213400E+02  0.768090E+01  -.481830E+02  0.827760E-01  -.137470E+02  0.806920E+00  -.212670E+02  0.313430E+01  0.109640E+02  0.156900E+01  -.296520E+01  -.139630E+01
0.600000E+00  0.220080E+01  0.152590E+01  0.152590E+01  0.000000E+00  0.000000E+00  0.000000E+00  0.421490E+02  -.173450E+02  -.677270E+02  0.316230E+02  0.168730E+02  -.625310E+02  -.269780E+02  -.164050E+02  -.102530E+01  -.146940E+02  -.738820E+01  0.302320E+02  0.161750E+01  -.396500E+01  -.234740E+01
0.600000E+00  0.242230E+01  0.000000E+00  0.121110E+01  0.121110E+01  0.000000E+00  0.000000E+00  0.944500E+02  -.576470E+01  -.133190E+03  0.333150E+01  -.453990E+02  -.478070E+02  0.203150E+02  -.103780E+02  -.117050E+02  -.241150E+02  0.440190E+00  -.147660E+02  0.322350E+02  -.400910E+01  0.282260E+02
0.600000E+00  0.242230E+01  0.000000E+00  0.138640E+01  0.961270E+00  0.000000E+00  0.000000E+00  0.951190E+02  -.102230E+02  -.136110E+03  0.210210E+02  -.355140E+02  -.560340E+02  0.925340E+01  -.118850E+02  -.110580E+02  -.166760E+02  -.807210E+01  0.139520E+01  0.311480E+02  -.663230E+01  0.245160E+02
0.600000E+00  0.242230E+01  0.000000E+00  0.152590E+01  0.000000E+00  0.000000E+00  0.000000E+00  0.957240E+02  -.147320E+02  -.138530E+03  0.358220E+02  -.261540E+02  -.662560E+02  -.132500E+02  -.137080E+02  -.121160E+02  -.844250E+01  -.194220E+02  0.243030E+02  0.301760E+02  -.870470E+01  0.214720E+02
0.600000E+00  0.183890E+01  0.183890E+01  0.138640E+01  0.138640E+01  0.000000E+00  0.000000E+00  -.170600E+02  -.135450E+02  -.190620E+02  0.154780E+02  0.389120E+02  -.597080E+02  0.214650E+02  -.172010E+02  0.245230E+01  -.286940E+02  -.330310E+01  -.113170E+01  -.795650E+01  -.774220E+00  -.873070E+01
0.600000E+00  0.183890E+01  0.183890E+01  0.158700E+01  0.110040E+01  0.000000E+00  0.000000E+00  -.169770E+02  -.203870E+02  -.201570E+02  0.236150E+02  0.503390E+02  -.742170E+02  0.287550E+01  -.199260E+02  -.542540E+00  -.219330E+02  -.992930E+01  0.237980E+02  -.712280E+01  -.261610E+01  -.973890E+01
0.600000E+00  0.183890E+01  0.183890E+01  0.174680E+01  0.000000E+00  0.000000E+00  0.000000E+00  -.175340E+02  -.267930E+02  -.219360E+02  0.359080E+02  0.629840E+02  -.986110E+02  -.318420E+02  -.221560E+02  -.416550E+01  -.145500E+02  -.201640E+02  0.596180E+02  -.561000E+01  -.427060E+01  -.988070E+01
0.600000E+00  0.210500E+01  0.145950E+01  0.138640E+01  0.138640E+01  0.000000E+00  0.000000E+00  0.288010E+02  -.997250E+01  -.656890E+02  0.176960E+02  0.921420E+01  -.557360E+02  0.244520E+02  -.147430E+02  0.835440E+00  -.312690E+02  0.111270E+02  -.853170E+01  -.184440E+01  -.240880E+01  -.425320E+01
0.600000E+00  0.210500E+01  0.145950E+01  0.158700E+01  0.110040E+01  0.000000E+00  0.000000E+00  0.289490E+02  -.170680E+02  -.677450E+02  0.331170E+02  0.239510E+02  -.824180E+02  0.568390E+01  -.169320E+02  -.102240E+01  -.224280E+02  0.178240E+00  0.179520E+02  -.183550E+01  -.614610E+01  -.798160E+01
0.600000E+00  0.210500E+01  0.145950E+01  0.174680E+01  0.000000E+00  0.000000E+00  0.000000E+00  0.288010E+02  -.240680E+02  -.704010E+02  0.506870E+02  0.355630E+02  -.104750E+03  -.246700E+02  -.192340E+02  -.394760E+01  -.121110E+02  -.161490E+02  0.500030E+02  -.149790E+01  -.824600E+01  -.974390E+01
0.600000E+00  0.231680E+01  0.000000E+00  0.138640E+01  0.138640E+01  0.000000E+00  0.000000E+00  0.757450E+02  -.820090E+01  -.127950E+03  0.135490E+02  -.297280E+02  -.596690E+02  0.313810E+02  -.123690E+02  -.706730E+01  -.312300E+02  0.709810E+01  -.200150E+02  0.212710E+02  -.508410E+01  0.161870E+02
0.600000E+00  0.231680E+01  0.000000E+00  0.158700E+01  0.110040E+01  0.000000E+00  0.000000E+00  0.765350E+02  -.148630E+02  -.131230E+03  0.349150E+02  -.158200E+02  -.758880E+02  0.164230E+02  -.151400E+02  -.713020E+01  -.230740E+02  -.134510E+02  0.741550E+01  0.198150E+02  -.971140E+01  0.101030E+02
0.600000E+00  0.231680E+01  0.000000E+00  0.174680E+01  0.000000E+00  0.000000E+00  0.000000E+00  0.771890E+02  -.210960E+02  -.136070E+03  0.629460E+02  -.373220E+01  -.900020E+02  -.130870E+02  -.161470E+02  -.663460E+01  -.138600E+02  -.261080E+02  0.421040E+02  0.186170E+02  -.131950E+02  0.542160E+01
0.600000E+00  0.174680E+01  0.174680E+01  0.152590E+01  0.152590E+01  0.000000E+00  0.000000E+00  -.214120E+02  -.184600E+02  -.237480E+02  0.197300E+02  0.451330E+02  -.762340E+02  0.299150E+02  -.191270E+02  0.229960E+01  -.353770E+02  -.495200E+01  -.119140E+01  -.788080E+01  -.148100E+01  -.936170E+01
0.600000E+00  0.174680E+01  0.174680E+01  0.174680E+01  0.121110E+01  0.000000E+00  0.000000E+00  -.214660E+02  -.266110E+02  -.257750E+02  0.353410E+02  0.621100E+02  -.111500E+03  0.626820E+01  -.210430E+02  -.263470E+01  -.228570E+02  -.139540E+02  0.317280E+02  -.628790E+01  -.689960E+01  -.131880E+02
0.600000E+00  0.174680E+01  0.174680E+01  0.192250E+01  0.000000E+00  0.000000E+00  0.000000E+00  -.220920E+02  -.340350E+02  -.275780E+02  0.506060E+02  0.754440E+02  -.131600E+03  -.370960E+02  -.233470E+02  -.106080E+02  -.504620E+01  -.320820E+02  0.900490E+02  -.475740E+01  -.868470E+01  -.134420E+02
0.600000E+00  0.199950E+01  0.138640E+01  0.152590E+01  0.152590E+01  0.000000E+00  0.000000E+00  0.194390E+02  -.137140E+02  -.651480E+02  0.240260E+02  0.213100E+02  -.810890E+02  0.326350E+02  -.167810E+02  -.102840E-03  -.321380E+02  0.115790E+02  -.981410E+01  -.377680E+01  -.366200E+01  -.743880E+01
0.600000E+00  0.199950E+01  0.138640E+01  0.174680E+01  0.121110E+01  0.000000E+00  0.000000E+00  0.191930E+02  -.226890E+02  -.679250E+02  0.449380E+02  0.361480E+02  -.110050E+03  0.105440E+02  -.184050E+02  -.201970E+01  -.224640E+02  -.294580E+01  0.276590E+02  -.375890E+01  -.939220E+01  -.131510E+02
0.600000E+00  0.199950E+01  0.138640E+01  0.192250E+01  0.000000E+00  0.000000E+00  0.000000E+00  0.192710E+02  -.308800E+02  -.707650E+02  0.659140E+02  0.492250E+02  -.125420E+03  -.301370E+02  -.203790E+02  -.811930E+01  -.378260E+01  -.291480E+02  0.793250E+02  -.340920E+01  -.125500E+02  -.159590E+02
0.600000E+00  0.220080E+01  0.000000E+00  0.152590E+01  0.152590E+01  0.000000E+00  0.000000E+00  0.601480E+02  -.120280E+02  -.122510E+03  0.218180E+02  -.141280E+02  -.762130E+02  0.379620E+02  -.136970E+02  0.736940E+00  -.554730E+02  0.103910E+02  -.204280E+02  0.126620E+02  -.608740E+01  0.657490E+01
0.600000E+00  0.220080E+01  0.000000E+00  0.174680E+01  0.121110E+01  0.000000E+00  0.000000E+00  0.609420E+02  -.201910E+02  -.129990E+03  0.674610E+02  0.167890E+01  -.958040E+02  0.198130E+02  -.166220E+02  -.250410E+01  -.256140E+02  -.145280E+02  0.193090E+02  0.111170E+02  -.129220E+02  -.180490E+01
0.600000E+00  0.220080E+01  0.000000E+00  0.192250E+01  0.000000E+00  0.000000E+00  0.000000E+00  0.616390E+02  -.272190E+02  -.135190E+03  0.977660E+02  0.164860E+02  -.118050E+03  -.143720E+02  -.175020E+02  -.847120E+01  0.366090E+01  -.414470E+02  0.761370E+02  0.995100E+01  -.186670E+02  -.871620E+01
0.700000E+00  0.210500E+01  0.210500E+01  0.101200E+01  0.101200E+01  0.000000E+00  0.000000E+00  0.162730E+02  -.476440E+01  0.624060E+01  0.645160E+01  0.267250E+02  -.273410E+02  0.821600E+01  -.103890E+02  0.802490E+01  -.143680E+02  0.503440E+01  -.162990E+01  -.970490E+00  -.334680E-01  -.100400E+01
0.700000E+00  0.210500E+01  0.210500E+01  0.115840E+01  0.803190E+00  0.000000E+00  0.000000E+00  0.769140E+01  -.824690E+01  0.610650E+01  0.805520E+01  0.331600E+02  -.324940E+02  -.264310E+01  -.139630E+02  0.663150E+01  -.112720E+02  0.147460E+01  0.873760E+01  -.123280E+01  -.540000E-02  -.123820E+01
0.700000E+00  0.210500E+01  0.210500E+01  0.127500E+01  0.000000E+00  0.000000E+00  0.000000E+00  0.803370E+01  -.119230E+02  0.598050E+01  0.932260E+01  0.389800E+02  -.376820E+02  -.167980E+02  -.148630E+02  0.510970E+01  -.835540E+01  -.245520E+01  0.197340E+02  -.919220E+00  0.334480E+00  -.584730E+00
0.700000E+00  0.240960E+01  0.167070E+01  0.115840E+01  0.803190E+00  0.000000E+00  0.000000E+00  0.725540E+02  -.642340E+01  -.596760E+02  0.126230E+02  -.101700E+02  -.215740E+02  0.521960E+01  -.983020E+01  0.187050E+01  -.116490E+02  0.744550E+01  0.420140E+01  0.116420E+02  -.165080E+01  0.999100E+01
0.700000E+00  0.240960E+01  0.167070E+01  0.127500E+01  0.000000E+00  0.000000E+00  0.000000E+00  0.740370E+02  -.951370E+01  -.595740E+02  0.137650E+02  -.672140E+01  -.213970E+02  -.108070E+02  -.114870E+02  0.260270E+01  -.588020E+01  0.178000E+01  0.135070E+02  0.102360E+02  -.295660E+01  0.727940E+01
0.700000E+00  0.265210E+01  0.000000E+00  0.101200E+01  0.101200E+01  0.000000E+00  0.000000E+00  0.141500E+03  -.608400E+01  -.143810E+03  0.162020E+02  -.706370E+02  -.260760E+02  0.181260E+02  -.721280E+01  -.201500E+02  -.160140E+02  -.801910E+01  -.100970E+02  0.569110E+02  -.207940E+01  0.548310E+02
0.700000E+00  0.265210E+01  0.000000E+00  0.115840E+01  0.803190E+00  0.000000E+00  0.000000E+00  0.141750E+03  -.654080E+01  -.147150E+03  0.319420E+02  -.599710E+02  -.479140E+02  0.104180E+02  -.785950E+01  -.168840E+02  -.189740E+02  -.130730E+02  -.129960E+01  0.564500E+02  -.380430E+01  0.526460E+02
0.700000E+00  0.265210E+01  0.000000E+00  0.127500E+01  0.000000E+00  0.000000E+00  0.000000E+00  0.142150E+03  -.816610E+01  -.153480E+03  0.595160E+02  -.535500E+02  -.468060E+02  -.740250E+01  -.936980E+01  -.195170E+02  -.849260E+01  -.200660E+02  0.894370E+01  0.558490E+02  -.483120E+01  0.510180E+02
0.700000E+00  0.202390E+01  0.202390E+01  0.127500E+01  0.127500E+01  0.000000E+00  0.000000E+00  -.223610E+01  -.841530E+01  -.461030E+01  0.139760E+02  0.403020E+02  -.499460E+02  0.233430E+02  -.165500E+02  0.836580E+01  -.245960E+02  0.364310E+01  -.241300E+01  -.424820E+01  0.647840E-01  -.418340E+01
0.700000E+00  0.202390E+01  0.202390E+01  0.145950E+01  0.101200E+01  0.000000E+00  0.000000E+00  -.185970E+01  -.151600E+02  -.527800E+01  0.186170E+02  0.495180E+02  -.600850E+02  0.594330E+01  -.186500E+02  0.577400E+01  -.203870E+02  -.390670E+01  0.195770E+02  -.362910E+01  -.610590E+00  -.423970E+01
0.700000E+00  0.202390E+01  0.202390E+01  0.160640E+01  0.000000E+00  0.000000E+00  0.000000E+00  -.176340E+01  -.214370E+02  -.616430E+01  0.248360E+02  0.588580E+02  -.720330E+02  -.240670E+02  -.213990E+02  0.248200E+01  -.138370E+02  -.131860E+02  0.462380E+02  -.282950E+01  -.449300E+00  -.327880E+01
0.700000E+00  0.231680E+01  0.160640E+01  0.127500E+01  0.127500E+01  0.000000E+00  0.000000E+00  0.533840E+02  -.540860E+01  -.639010E+02  0.170080E+02  0.325910E+01  -.449180E+02  0.265140E+02  -.128380E+02  0.595770E+01  -.290050E+02  0.175220E+02  -.105370E+02  0.571000E+01  -.131730E+01  0.439270E+01
0.700000E+00  0.231680E+01  0.160640E+01  0.145950E+01  0.101200E+01  0.000000E+00  0.000000E+00  0.543640E+02  -.118840E+02  -.654270E+02  0.279240E+02  0.148030E+02  -.582580E+02  0.987950E+01  -.154180E+02  0.501260E+01  -.239110E+02  0.566180E+01  0.121050E+02  0.549700E+01  -.312350E+01  0.237350E+01
0.700000E+00  0.231680E+01  0.160640E+01  0.160640E+01  0.000000E+00  0.000000E+00  0.000000E+00  0.550540E+02  -.182020E+02  -.674420E+02  0.404170E+02  0.265080E+02  -.787030E+02  -.215280E+02  -.174440E+02  0.350690E+01  -.189910E+02  -.699660E+01  0.341380E+02  0.551240E+01  -.469200E+01  0.820420E+00
0.700000E+00  0.255000E+01  0.000000E+00  0.127500E+01  0.127500E+01  0.000000E+00  0.000000E+00  0.110540E+03  -.559290E+01  -.123900E+03  -.788880E+02  -.485220E+02  -.527700E+02  0.327830E+02  -.123480E+02  -.987780E+01  -.278130E+02  0.183310E+01  -.170820E+02  0.400410E+02  -.378820E+01  0.362530E+02
0.700000E+00  0.255000E+01  0.000000E+00  0.145950E+01  0.101200E+01  0.000000E+00  0.000000E+00  0.112780E+03  -.907600E+01  -.217500E+03  0.437330E+01  -.367760E+02  -.618090E+02  0.862300E+01  -.118800E+02  -.112710E+02  -.175640E+02  -.889840E+01  0.468890E+01  0.397130E+02  -.733740E+01  0.323760E+02
0.700000E+00  0.255000E+01  0.000000E+00  0.160640E+01  0.000000E+00  0.000000E+00  0.000000E+00  0.121710E+03  -.148940E+02  -.164350E+03  0.111360E+03  -.257790E+02  -.732610E+02  -.635740E+01  -.145730E+02  0.321230E+02  -.559410E+02  -.221730E+02  0.276670E+02  0.387090E+02  -.944300E+01  0.292660E+02
0.700000E+00  0.193580E+01  0.193580E+01  0.145950E+01  0.145950E+01  0.000000E+00  0.000000E+00  -.982020E+01  -.127000E+02  -.135000E+02  0.216030E+02  0.496970E+02  -.692600E+02  0.327970E+02  -.194590E+02  0.768200E+01  -.325620E+02  0.117980E+01  -.177790E+01  -.550090E+01  -.968830E-01  -.559780E+01
0.700000E+00  0.193580E+01  0.193580E+01  0.167070E+01  0.115840E+01  0.000000E+00  0.000000E+00  -.898370E+01  -.214740E+02  -.148660E+02  0.312930E+02  0.638510E+02  -.868330E+02  0.110490E+02  -.218450E+02  0.469250E+01  -.264330E+02  -.822730E+01  0.280880E+02  -.457150E+01  -.232470E+01  -.689630E+01
0.700000E+00  0.193580E+01  0.193580E+01  0.183890E+01  0.000000E+00  0.000000E+00  0.000000E+00  -.971880E+01  -.291610E+02  -.166240E+02  0.444400E+02  0.787290E+02  -.116550E+03  -.290660E+02  -.237680E+02  -.134240E+01  -.144210E+02  -.237750E+02  0.755570E+02  -.295630E+01  -.432180E+01  -.727810E+01
0.700000E+00  0.221590E+01  0.153650E+01  0.145950E+01  0.145950E+01  0.000000E+00  0.000000E+00  0.432430E+02  -.828820E+01  -.667700E+02  0.256210E+02  0.160620E+02  -.665530E+02  0.361090E+02  -.145530E+02  0.716930E+01  -.349950E+02  0.195250E+02  -.127770E+02  0.162720E+01  -.197520E+01  -.348030E+00
0.700000E+00  0.221590E+01  0.153650E+01  0.167070E+01  0.115840E+01  0.000000E+00  0.000000E+00  0.430850E+02  -.170360E+02  -.694360E+02  0.440060E+02  0.329420E+02  -.983680E+02  0.152850E+02  -.176480E+02  0.531860E+01  -.273750E+02  0.250300E+01  0.232790E+02  0.145080E+01  -.646250E+01  -.501170E+01
0.700000E+00  0.221590E+01  0.153650E+01  0.183890E+01  0.000000E+00  0.000000E+00  0.000000E+00  0.429160E+02  -.254820E+02  -.723900E+02  0.627410E+02  0.459080E+02  -.116370E+03  -.214830E+02  -.195660E+02  0.273220E+01  -.168320E+02  -.180470E+02  0.613000E+02  0.168840E+01  -.861290E+01  -.692460E+01
0.700000E+00  0.243900E+01  0.000000E+00  0.145950E+01  0.145950E+01  0.000000E+00  0.000000E+00  0.983290E+02  -.776230E+01  -.134510E+03  0.980400E+01  -.311180E+02  -.674010E+02  0.461790E+02  -.160180E+02  -.494980E+01  -.306980E+02  0.737660E+01  -.186080E+02  0.277210E+02  -.472450E+01  0.229960E+02
0.700000E+00  0.243900E+01  0.000000E+00  0.167070E+01  0.115840E+01  0.000000E+00  0.000000E+00  0.992660E+02  -.146380E+02  -.135910E+03  0.219150E+02  -.151570E+02  -.837120E+02  0.288590E+02  -.165850E+02  0.124210E+02  -.191830E+03  -.953400E+01  0.132990E+02  0.260350E+02  -.102770E+02  0.157580E+02
0.700000E+00  0.243900E+01  0.000000E+00  0.183890E+01  0.000000E+00  0.000000E+00  0.000000E+00  0.101140E+03  -.214360E+02  -.141870E+03  0.546690E+02  -.632410E+00  -.103810E+03  -.695680E+01  -.162250E+02  0.205130E+02  -.201740E+03  -.312700E+02  0.558240E+02  0.248190E+02  -.147620E+02  0.100570E+02
0.700000E+00  0.183890E+01  0.183890E+01  0.160640E+01  0.160640E+01  0.000000E+00  0.000000E+00  -.163220E+02  -.171110E+02  -.209030E+02  0.291360E+02  0.570810E+02  -.881000E+02  0.404790E+02  -.209940E+02  0.740870E+01  -.393890E+02  -.250540E+01  0.365860E+00  -.595220E+01  -.852080E+00  -.680430E+01
0.700000E+00  0.183890E+01  0.183890E+01  0.183890E+01  0.127500E+01  0.000000E+00  0.000000E+00  -.170500E+02  -.275060E+02  -.230650E+02  0.465970E+02  0.770800E+02  -.127100E+03  0.137020E+02  -.220120E+02  0.100750E+01  -.245580E+02  -.142960E+02  0.441870E+02  -.439590E+01  -.642970E+01  -.108260E+02
0.700000E+00  0.183890E+01  0.183890E+01  0.202390E+01  0.000000E+00  0.000000E+00  0.000000E+00  -.173110E+02  -.365470E+02  -.263080E+02  0.632780E+02  0.902080E+02  -.145710E+03  -.343060E+02  -.239400E+02  -.888410E+01  -.271430E+01  -.425190E+02  0.115920E+03  -.271210E+01  -.849170E+01  -.112040E+02
0.700000E+00  0.210500E+01  0.145950E+01  0.160640E+01  0.160640E+01  0.000000E+00  0.000000E+00  0.303980E+02  -.117370E+02  -.679150E+02  0.335010E+02  0.291580E+02  -.958230E+02  0.445690E+02  -.176440E+02  0.467110E+01  -.382720E+02  0.173630E+02  -.127980E+02  -.151660E+01  -.327750E+01  -.479410E+01
0.700000E+00  0.210500E+01  0.145950E+01  0.183890E+01  0.127500E+01  0.000000E+00  0.000000E+00  0.300680E+02  -.224040E+02  -.712910E+02  0.570340E+02  0.446320E+02  -.119900E+03  0.192390E+02  -.193870E+02  0.261960E+01  -.287210E+02  -.414940E+01  0.362030E+02  -.174350E+01  -.918500E+01  -.109290E+02
0.700000E+00  0.231680E+01  0.000000E+00  0.160640E+01  0.160640E+01  0.000000E+00  0.000000E+00  0.760680E+02  -.929250E+01  -.129610E+03  0.272940E+02  -.141500E+02  -.833540E+02  0.507940E+02  -.161790E+02  -.299890E+01  -.332200E+02  0.126820E+02  -.219330E+02  0.170100E+02  -.574270E+01  0.112670E+02
0.700000E+00  0.231680E+01  0.000000E+00  0.183890E+01  0.127500E+01  0.000000E+00  0.000000E+00  0.771910E+02  -.190240E+02  -.135530E+03  0.625030E+02  0.466030E+01  -.108130E+03  0.306810E+02  -.170510E+02  0.710940E+02  -.398580E+02  -.113280E+02  0.235010E+02  0.150580E+02  -.138960E+02  0.116220E+01
0.700000E+00  0.231680E+01  0.000000E+00  0.202390E+01  0.000000E+00  0.000000E+00  0.000000E+00  0.783630E+02  -.272480E+02  -.142410E+03  0.991160E+02  0.219200E+02  -.133540E+03  -.917850E+01  -.163970E+02  0.196780E+02  -.225760E+03  -.427520E+02  0.910430E+02  0.136720E+02  -.207300E+02  -.705780E+01
0.800000E+00  0.220080E+01  0.220080E+01  0.105800E+01  0.105800E+01  0.000000E+00  0.000000E+00  0.217510E+02  -.430320E+01  0.179970E+02  0.814550E+01  0.368070E+02  -.324080E+02  0.211920E+02  -.128350E+02  0.174540E+02  -.172840E+02  0.134140E+02  -.249610E+01  0.369130E+01  0.392310E+00  0.408360E+01
0.800000E+00  0.220080E+01  0.220080E+01  0.121110E+01  0.839750E+00  0.000000E+00  0.000000E+00  0.223480E+02  -.879060E+01  0.178700E+02  0.100220E+02  0.429590E+02  -.376810E+02  0.893440E+01  -.165000E+02  0.152020E+02  -.131710E+02  0.790310E+01  0.107950E+02  0.392000E+01  0.308670E+00  0.422870E+01
0.800000E+00  0.220080E+01  0.220080E+01  0.133300E+01  0.000000E+00  0.000000E+00  0.000000E+00  0.228680E+02  -.131410E+02  0.177220E+02  0.118590E+02  0.488310E+02  -.437760E+02  -.134480E+02  -.169660E+02  0.121020E+02  -.760010E+01  0.624840E+00  0.274900E+02  0.414320E+01  0.592200E+00  0.473540E+01
0.800000E+00  0.251930E+01  0.174680E+01  0.105800E+01  0.105800E+01  0.000000E+00  0.000000E+00  0.984590E+02  -.345530E+01  -.539450E+02  0.107900E+02  -.735710E+01  -.252870E+02  0.232120E+02  -.969400E+01  0.774930E+01  -.178650E+02  0.161540E+02  -.771790E+01  0.199070E+02  -.381380E+00  0.195250E+02
0.800000E+00  0.251930E+01  0.174680E+01  0.121110E+01  0.839750E+00  0.000000E+00  0.000000E+00  0.988270E+02  -.787810E+01  -.547820E+02  0.163970E+02  -.111760E+01  -.308750E+02  0.119260E+02  -.113550E+02  0.698650E+01  -.140870E+02  0.845570E+01  0.602520E+01  0.196300E+02  -.963070E+00  0.186670E+02
0.800000E+00  0.251930E+01  0.174680E+01  0.133300E+01  0.000000E+00  0.000000E+00  0.000000E+00  0.991350E+02  -.121960E+02  -.557350E+02  0.224270E+02  0.540090E+01  -.372480E+02  -.835050E+01  -.136230E+02  0.640090E+01  -.108190E+02  -.264840E+00  0.201310E+02  0.193970E+02  -.123190E+01  0.181660E+02
0.800000E+00  0.277280E+01  0.000000E+00  0.105800E+01  0.105800E+01  0.000000E+00  0.000000E+00  0.193230E+03  -.401110E+01  -.149280E+03  0.153350E+02  -.753630E+02  -.305100E+02  0.283510E+02  -.745060E+01  -.245950E+02  -.190550E+02  -.175420E+02  -.131990E+02  0.727380E+02  -.218460E+01  0.705530E+02
0.800000E+00  0.277280E+01  0.000000E+00  0.121110E+01  0.839750E+00  0.000000E+00  0.000000E+00  0.192900E+03  -.669930E+01  -.152840E+03  0.310030E+02  -.653720E+02  -.419530E+02  0.131440E+02  -.871480E+01  -.244230E+02  -.160030E+02  -.250220E+02  -.231120E+01  0.718960E+02  -.379300E+01  0.681030E+02
0.800000E+00  0.277280E+01  0.000000E+00  0.133300E+01  0.000000E+00  0.000000E+00  0.000000E+00  0.193080E+03  -.895850E+01  -.156430E+03  0.461420E+02  -.578260E+02  -.489510E+02  -.337210E+01  -.100580E+02  -.286710E+02  -.520740E+01  -.322740E+02  0.109930E+02  0.712170E+02  -.510560E+01  0.661120E+02
0.800000E+00  0.211600E+01  0.211600E+01  0.133300E+01  0.133300E+01  0.000000E+00  0.000000E+00  0.169690E+02  -.847460E+01  0.593310E+01  0.175200E+02  0.511320E+02  -.575240E+02  0.344670E+02  -.180040E+02  0.144130E+02  -.287950E+02  0.794530E+01  -.250010E+01  0.204600E+00  0.632010E+00  0.836610E+00
0.800000E+00  0.211600E+01  0.211600E+01  0.152590E+01  0.105800E+01  0.000000E+00  0.000000E+00  0.173320E+02  -.161720E+02  0.529440E+01  0.226240E+02  0.625980E+02  -.691770E+02  0.154770E+02  -.213980E+02  0.113670E+02  -.220120E+02  -.136880E+01  0.248040E+02  0.748580E+00  -.160120E+00  0.588450E+00
0.800000E+00  0.211600E+01  0.211600E+01  0.167950E+01  0.000000E+00  0.000000E+00  0.000000E+00  0.173060E+02  -.235740E+02  0.470480E+01  0.276850E+02  0.724220E+02  -.832580E+02  -.193710E+02  -.237120E+02  0.539660E+01  -.110390E+02  -.147530E+02  0.575450E+02  0.152240E+01  -.175460E+00  0.134700E+01
0.800000E+00  0.242230E+01  0.167950E+01  0.133300E+01  0.133300E+01  0.000000E+00  0.000000E+00  0.753250E+02  -.108430E+02  -.607480E+02  0.465370E+02  0.228440E+02  -.520650E+02  0.560020E+02  -.169500E+02  0.732980E+01  -.252090E+02  0.139420E+02  0.124380E+01  0.227370E+01  -.612520E+01  -.385150E+01
0.800000E+00  0.242230E+01  0.167950E+01  0.152590E+01  0.105800E+01  0.000000E+00  0.000000E+00  0.766970E+02  -.125490E+02  -.629650E+02  0.349380E+02  0.207120E+02  -.606020E+02  0.194720E+02  -.177760E+02  0.773450E+01  -.199280E+02  0.679740E+01  0.137530E+02  0.111580E+02  -.252920E+01  0.862920E+01
0.800000E+00  0.242230E+01  0.167950E+01  0.167950E+01  0.000000E+00  0.000000E+00  0.000000E+00  0.767770E+02  -.193330E+02  -.654640E+02  0.498500E+02  0.354380E+02  -.907340E+02  -.113710E+02  -.190370E+02  0.345070E+01  -.806410E+01  -.115030E+02  0.457100E+02  0.114310E+02  -.465610E+01  0.677460E+01
0.800000E+00  0.266600E+01  0.000000E+00  0.133300E+01  0.133300E+01  0.000000E+00  0.000000E+00  0.146000E+03  -.862880E+01  -.153320E+03  0.557450E+02  -.498930E+02  -.557830E+02  0.432840E+02  -.142120E+02  -.838830E+01  -.309610E+02  0.532670E+00  -.197060E+02  0.502490E+02  -.357510E+01  0.466740E+02
0.800000E+00  0.266600E+01  0.000000E+00  0.152590E+01  0.105800E+01  0.000000E+00  0.000000E+00  0.146850E+03  -.118570E+02  -.157080E+03  0.747140E+02  -.364970E+02  -.672850E+02  0.302140E+02  -.140970E+02  -.125460E+02  -.148840E+02  -.134070E+02  0.410240E+01  0.489370E+02  -.709110E+01  0.418450E+02
0.800000E+00  0.266600E+01  0.000000E+00  0.167950E+01  0.000000E+00  0.000000E+00  0.000000E+00  0.147750E+03  -.152650E+02  -.162750E+03  0.998350E+02  -.242240E+02  -.806860E+02  0.196760E+01  -.148620E+02  0.104700E+02  -.180550E+03  -.318550E+02  0.326110E+02  0.478310E+02  -.101010E+02  0.377290E+02
0.800000E+00  0.202390E+01  0.202390E+01  0.152590E+01  0.152590E+01  0.000000E+00  0.000000E+00  -.299300E+01  -.111490E+02  -.680020E+01  0.276890E+02  0.609100E+02  -.788360E+02  0.454330E+02  -.216920E+02  0.134260E+02  -.383400E+02  0.538570E+01  -.277030E+01  -.266390E+01  0.706400E+00  -.195750E+01
0.800000E+00  0.202390E+01  0.202390E+01  0.174680E+01  0.121110E+01  0.000000E+00  0.000000E+00  -.192640E+01  -.218230E+02  -.830180E+01  0.386960E+02  0.767850E+02  -.999510E+02  0.197030E+02  -.235710E+02  0.888810E+01  -.294030E+02  -.938350E+01  0.391290E+02  -.155740E+01  -.208320E+01  -.364060E+01
0.800000E+00  0.202390E+01  0.202390E+01  0.192250E+01  0.000000E+00  0.000000E+00  0.000000E+00  -.237800E+01  -.310240E+02  -.102400E+02  0.534480E+02  0.949300E+02  -.134740E+03  -.257850E+02  -.251620E+02  0.138190E+01  -.156720E+02  -.299200E+02  0.981980E+02  0.753800E-01  -.410580E+01  -.403040E+01
0.800000E+00  0.231680E+01  0.160640E+01  0.152590E+01  0.152590E+01  0.000000E+00  0.000000E+00  0.604440E+02  -.631360E+01  -.667560E+02  0.335310E+02  0.234840E+02  -.790340E+02  0.499700E+02  -.171930E+02  0.123890E+02  -.407940E+02  0.250180E+02  -.178730E+02  0.535440E+01  -.166730E+01  0.368710E+01
0.800000E+00  0.231680E+01  0.160640E+01  0.174680E+01  0.121110E+01  0.000000E+00  0.000000E+00  0.603470E+02  -.165150E+02  -.697470E+02  0.533890E+02  0.440270E+02  -.110330E+03  0.258610E+02  -.184850E+02  0.115410E+02  -.319300E+02  0.911820E+01  0.137240E+02  0.468570E+01  -.664670E+01  -.196110E+01
0.800000E+00  0.231680E+01  0.160640E+01  0.192250E+01  0.000000E+00  0.000000E+00  0.000000E+00  0.192830E+03  -.169590E+02  -.698660E+02  0.834090E+02  -.669410E+02  -.107580E+03  -.230930E+02  -.375030E+01  0.232550E+02  -.376060E+02  0.117910E+02  0.882960E+01  0.261290E+00  -.353110E+02  -.350500E+02
0.800000E+00  0.255000E+01  0.000000E+00  0.152590E+01  0.152590E+01  0.000000E+00  0.000000E+00  0.120340E+03  -.637760E+01  -.148390E+03  0.458110E+02  -.315110E+02  -.728970E+02  0.570700E+02  -.191470E+02  -.571410E+01  -.269020E+02  0.807210E+01  -.216570E+02  0.347680E+02  -.472160E+01  0.300460E+02
0.800000E+00  0.255000E+01  0.000000E+00  0.192250E+01  0.000000E+00  0.000000E+00  0.000000E+00  0.125250E+03  -.211360E+02  -.170400E+03  0.139560E+03  0.393490E+01  -.115820E+03  -.105250E+00  -.160330E+02  0.184460E+02  -.228810E+03  -.478670E+02  0.790950E+02  0.314900E+02  -.159740E+02  0.155160E+02
0.800000E+00  0.192250E+01  0.192250E+01  0.167950E+01  0.167950E+01  0.000000E+00  0.000000E+00  -.112120E+02  -.153320E+02  -.168860E+02  0.382050E+02  0.697380E+02  -.101560E+03  0.526380E+02  -.222020E+02  0.131550E+02  -.458790E+02  0.133020E+01  0.365560E+00  -.371360E+01  0.271470E+00  -.344220E+01
0.800000E+00  0.192250E+01  0.192250E+01  0.192250E+01  0.133300E+01  0.000000E+00  0.000000E+00  -.118660E+02  -.277290E+02  -.193160E+02  0.562200E+02  0.916110E+02  -.140770E+03  0.218580E+02  -.231260E+02  0.458740E+01  -.238220E+02  -.168620E+02  0.560820E+02  -.224200E+01  -.569830E+01  -.794030E+01
0.800000E+00  0.192250E+01  0.192250E+01  0.211600E+01  0.000000E+00  0.000000E+00  0.000000E+00  -.127540E+02  -.383100E+02  -.235990E+02  0.760670E+02  0.106380E+03  -.163030E+03  -.328600E+02  -.238170E+02  -.167030E+02  -.138420E+02  -.570370E+02  0.146070E+03  -.277310E+00  -.843890E+01  -.871620E+01
0.800000E+00  0.220080E+01  0.152590E+01  0.167950E+01  0.167950E+01  0.000000E+00  0.000000E+00  0.401580E+02  -.893740E+01  -.700260E+02  0.439790E+02  0.365740E+02  -.107170E+03  0.565060E+02  -.170860E+02  0.129020E+02  -.493680E+02  0.249110E+02  -.187080E+02  0.114060E+01  -.244650E+01  -.130590E+01
0.800000E+00  0.220080E+01  0.152590E+01  0.192250E+01  0.133300E+01  0.000000E+00  0.000000E+00  0.396290E+02  -.213440E+02  -.740350E+02  0.705440E+02  0.552260E+02  -.130280E+03  0.284020E+02  -.184080E+02  0.637300E+01  -.237420E+02  -.518740E+00  0.351860E+02  0.969840E+00  -.911190E+01  -.814200E+01
0.800000E+00  0.220080E+01  0.152590E+01  0.211600E+01  0.000000E+00  0.000000E+00  0.000000E+00  0.390810E+02  -.326700E+02  -.804670E+02  0.104780E+03  0.722170E+02  -.156340E+03  -.224010E+02  -.189490E+02  -.912120E+01  0.973860E+01  -.446320E+02  0.111960E+03  0.128530E+01  -.145630E+02  -.132780E+02
0.800000E+00  0.242230E+01  0.000000E+00  0.167950E+01  0.167950E+01  0.000000E+00  0.000000E+00  0.950860E+02  -.852460E+01  -.133800E+03  0.123660E+02  -.134360E+02  -.908800E+02  0.655790E+02  -.234300E+02  0.177130E+02  -.185690E+03  0.101440E+02  -.177360E+02  0.219060E+02  -.545660E+01  0.164490E+02
0.800000E+00  0.242230E+01  0.000000E+00  0.192250E+01  0.133300E+01  0.000000E+00  0.000000E+00  0.970990E+02  -.178480E+02  -.883010E+02  -.454890E+03  0.815100E+01  -.119450E+03  0.447540E+02  -.189120E+02  0.323210E+02  -.702900E+02  -.253660E+02  0.521310E+02  0.197920E+02  -.146070E+02  0.518500E+01
0.800000E+00  0.242230E+01  0.000000E+00  0.211600E+01  0.000000E+00  0.000000E+00  0.000000E+00  0.980610E+02  -.264980E+02  -.193250E+03  0.791380E+02  0.280270E+02  -.148300E+03  -.374830E+01  -.150250E+02  -.152580E+02  0.364620E+02  -.612960E+02  0.102250E+03  0.182300E+02  -.226240E+02  -.439390E+01
