     .30000D+00     .15870D+01     .15870D+01     .76296D+00     .76296D+00    -.25328D+02    -.43019D+01    -.25308D+02    -.96238D+00    -.58098D+01    -.11300D+02    -.29508D+02    -.39035D+01    -.15429D+02    -.76261D+01    -.15803D+02    -.25329D+01    -.12654D+02    -.12116D+01    -.13865D+02
     .30000D+00     .15870D+01     .15870D+01     .87338D+00     .60556D+00    -.25392D+02    -.47870D+01    -.25439D+02     .16076D+00    -.28509D+01    -.13220D+02    -.34586D+02    -.54310D+01    -.15679D+02    -.73732D+01    -.16493D+02     .31274D+00    -.12399D+02    -.10113D+01    -.13410D+02
     .30000D+00     .15870D+01     .15870D+01     .96127D+00     .00000D+00    -.25463D+02    -.52462D+01    -.25566D+02     .12159D+01    -.40400D+00    -.15314D+02    -.43499D+02    -.72198D+01    -.15995D+02    -.69374D+01    -.17266D+02     .34552D+01    -.12133D+02    -.63152D+00    -.12764D+02
     .30000D+00     .18167D+01     .12596D+01     .76296D+00     .76296D+00     .65182D+01    -.39177D+01    -.60653D+02    -.55254D+00    -.18550D+02    -.10530D+02    -.28980D+02    -.34796D+01    -.15692D+02    -.76995D+01    -.11817D+02    -.32460D+01    -.54990D+01    -.14841D+01    -.69830D+01
     .30000D+00     .18167D+01     .12596D+01     .87338D+00     .60556D+00     .64908D+01    -.44408D+01    -.60878D+02     .13463D+01    -.15250D+02    -.12574D+02    -.33746D+02    -.48361D+01    -.15774D+02    -.73954D+01    -.13462D+02    -.24631D+00    -.53848D+01    -.14386D+01    -.68234D+01
     .30000D+00     .18167D+01     .12596D+01     .96127D+00     .00000D+00     .65935D+01    -.49590D+01    -.60947D+02     .32935D+01    -.12268D+02    -.14749D+02    -.42062D+02    -.64693D+01    -.16093D+02    -.69213D+01    -.15888D+02     .30579D+01    -.51783D+01    -.12140D+01    -.63923D+01
     .30000D+00     .19995D+01     .00000D+00     .76296D+00     .76296D+00     .37926D+02    -.37574D+01    -.11071D+03    -.98441D+00    -.36660D+02    -.97734D+01    -.27395D+02    -.32677D+01    -.20854D+02    -.78891D+01    -.19408D+02    -.42417D+01     .17517D+02    -.18687D+01     .15648D+02
     .30000D+00     .19995D+01     .00000D+00     .87338D+00     .60556D+00     .37965D+02    -.42117D+01    -.11108D+03     .16385D+01    -.33248D+02    -.11573D+02    -.31584D+02    -.44980D+01    -.20755D+02    -.74712D+01    -.21222D+02    -.12428D+01     .17435D+02    -.20515D+01     .15383D+02
     .30000D+00     .19995D+01     .00000D+00     .96127D+00     .00000D+00     .38002D+02    -.46722D+01    -.11145D+03     .43140D+01    -.30175D+02    -.13659D+02    -.39083D+02    -.60441D+01    -.20611D+02    -.68782D+01    -.23499D+02     .19866D+01     .17364D+02    -.20624D+01     .15302D+02
     .30000D+00     .15259D+01     .15259D+01     .96127D+00     .96127D+00    -.25069D+02    -.87510D+01    -.25205D+02    -.18384D+01     .19619D+01    -.21259D+02    -.19062D+02    -.68876D+01    -.13932D+02    -.14128D+02    -.14901D+02    -.46061D+01    -.12189D+02    -.20940D+01    -.14283D+02
     .30000D+00     .15259D+01     .15259D+01     .11004D+01     .76296D+00    -.25214D+02    -.95830D+01    -.25479D+02     .66177D+00     .67635D+01    -.25692D+02    -.26952D+02    -.92548D+01    -.14422D+02    -.13662D+02    -.16122D+02     .72206D+00    -.11703D+02    -.20349D+01    -.13738D+02
     .30000D+00     .15259D+01     .15259D+01     .12111D+01     .00000D+00    -.25256D+02    -.10313D+02    -.25653D+02     .29569D+01     .10791D+02    -.30556D+02    -.40886D+02    -.11889D+02    -.14951D+02    -.13302D+02    -.17805D+02     .78696D+01    -.11116D+02    -.15080D+01    -.12624D+02
     .30000D+00     .17468D+01     .12111D+01     .96127D+00     .96127D+00     .41615D+01    -.80375D+01    -.57811D+02    -.12713D+01    -.97970D+01    -.20142D+02    -.18441D+02    -.62459D+01    -.13772D+02    -.14280D+02    -.92421D+01    -.59676D+01    -.65790D+01    -.25517D+01    -.91307D+01
     .30000D+00     .17468D+01     .12111D+01     .11004D+01     .76296D+00     .42077D+01    -.89131D+01    -.58115D+02     .25636D+01    -.45305D+01    -.24658D+02    -.25832D+02    -.84118D+01    -.14001D+02    -.13591D+02    -.12399D+02    -.23329D+00    -.62919D+01    -.27611D+01    -.90529D+01
     .30000D+00     .17468D+01     .12111D+01     .12111D+01     .00000D+00     .41193D+01    -.97571D+01    -.58619D+02     .66350D+01     .19233D+00    -.29684D+02    -.38933D+02    -.10981D+02    -.14474D+02    -.13220D+02    -.16301D+02     .71993D+01    -.60204D+01    -.25054D+01    -.85259D+01
     .30000D+00     .19225D+01     .00000D+00     .96127D+00     .96127D+00     .32868D+02    -.77047D+01    -.10342D+03    -.21538D+01    -.25810D+02    -.18651D+02    -.17037D+02    -.59124D+01    -.16664D+02    -.14820D+02    -.15730D+02    -.79109D+01     .11912D+02    -.31769D+01     .87350D+01
     .30000D+00     .19225D+01     .00000D+00     .11004D+01     .76296D+00     .32923D+02    -.84796D+01    -.10420D+03     .37995D+01    -.20385D+02    -.23589D+02    -.23610D+02    -.79076D+01    -.16035D+02    -.14207D+02    -.18042D+02    -.17684D+01     .11795D+02    -.38304D+01     .79644D+01
     .30000D+00     .19225D+01     .00000D+00     .12111D+01     .00000D+00     .33104D+02    -.92021D+01    -.10481D+03     .92242D+01    -.15353D+02    -.27962D+02    -.35371D+02    -.10457D+02    -.16258D+02    -.13301D+02    -.21831D+02     .55887D+01     .11765D+02    -.39209D+01     .78439D+01
     .30000D+00     .14595D+01     .14595D+01     .11004D+01     .11004D+01    -.24987D+02    -.13482D+02    -.25196D+02    -.29756D+01     .84160D+01    -.31026D+02    -.10073D+02    -.96832D+01    -.12842D+02    -.19671D+02    -.14238D+02    -.66343D+01    -.11682D+02    -.28158D+01    -.14498D+02
     .30000D+00     .14595D+01     .14595D+01     .12596D+01     .87338D+00    -.24879D+02    -.14459D+02    -.25311D+02     .11382D+01     .14896D+02    -.37833D+02    -.20077D+02    -.12636D+02    -.13196D+02    -.20278D+02    -.15777D+02     .17768D+01    -.10848D+02    -.32598D+01    -.14108D+02
     .30000D+00     .14595D+01     .14595D+01     .13864D+01     .00000D+00    -.25000D+02    -.15243D+02    -.25597D+02     .46682D+01     .20151D+02    -.45008D+02    -.38081D+02    -.15889D+02    -.13889D+02    -.19696D+02    -.18035D+02     .12059D+02    -.10036D+02    -.27678D+01    -.12804D+02
     .30000D+00     .16707D+01     .11584D+01     .11004D+01     .11004D+01     .27438D+01    -.12381D+02    -.54057D+02    -.24842D+01    -.22469D+01    -.29549D+02    -.92641D+01    -.88653D+01    -.12951D+02    -.20384D+02    -.90300D+01    -.84738D+01    -.71932D+01    -.34039D+01    -.10597D+02
     .30000D+00     .16707D+01     .11584D+01     .12596D+01     .87338D+00     .26164D+01    -.13483D+02    -.54703D+02     .33848D+01     .47241D+01    -.36615D+02    -.19202D+02    -.11546D+02    -.13164D+02    -.20319D+02    -.13059D+02     .42520D+00    -.68662D+01    -.42160D+01    -.11082D+02
     .30000D+00     .16707D+01     .11584D+01     .13864D+01     .00000D+00     .25413D+01    -.14442D+02    -.55395D+02     .98337D+01     .11013D+02    -.43960D+02    -.36322D+02    -.15012D+02    -.13412D+02    -.19451D+02    -.18085D+02     .10957D+02    -.63762D+01    -.41040D+01    -.10480D+02
     .30000D+00     .18389D+01     .00000D+00     .11004D+01     .11004D+01     .28057D+02    -.12044D+02    -.95747D+02    -.44530D+01    -.16241D+02    -.28272D+02    -.84055D+01    -.83675D+01    -.13617D+02    -.20960D+02    -.14977D+02    -.10333D+02     .71505D+01    -.42163D+01     .29343D+01
     .30000D+00     .18389D+01     .00000D+00     .12596D+01     .87338D+00     .28497D+02    -.12826D+02    -.96418D+02     .50005D+01    -.89049D+01    -.34802D+02    -.16572D+02    -.10841D+02    -.13195D+02    -.20709D+02    -.16186D+02    -.17499D+01     .72061D+01    -.54398D+01     .17663D+01
     .30000D+00     .18389D+01     .00000D+00     .13864D+01     .00000D+00     .28607D+02    -.13645D+02    -.97656D+02     .14251D+02    -.24411D+01    -.44112D+02    -.31984D+02    -.13720D+02    -.12872D+02    -.18899D+02    -.20840D+02     .89038D+01     .71816D+01    -.62804D+01     .90117D+00
     .30000D+00     .13864D+01     .13864D+01     .12111D+01     .12111D+01    -.22829D+02    -.18461D+02    -.23091D+02    -.45583D+01     .14163D+02    -.40649D+02    -.14557D+01    -.12573D+02    -.11473D+02    -.25818D+02    -.13417D+02    -.78504D+01    -.10337D+02    -.34321D+01    -.13769D+02
     .30000D+00     .13864D+01     .13864D+01     .13864D+01     .96127D+00    -.22889D+02    -.19471D+02    -.23424D+02     .12433D+01     .22058D+02    -.49505D+02    -.13464D+02    -.16013D+02    -.12050D+02    -.26190D+02    -.15184D+02     .21730D+01    -.93957D+01    -.46685D+01    -.14064D+02
     .30000D+00     .13864D+01     .13864D+01     .15259D+01     .00000D+00    -.23199D+02    -.20061D+02    -.23971D+02     .66522D+01     .28374D+02    -.58461D+02    -.34632D+02    -.19496D+02    -.13062D+02    -.24579D+02    -.18167D+02     .16864D+02    -.83859D+01    -.47216D+01    -.13107D+02
     .30000D+00     .15870D+01     .11004D+01     .12111D+01     .12111D+01     .17454D+01    -.17133D+02    -.49628D+02    -.39298D+01     .49614D+01    -.38977D+02    -.76679D+00    -.11742D+02    -.11458D+02    -.26210D+02    -.76821D+01    -.10451D+02    -.72921D+01    -.40202D+01    -.11312D+02
     .30000D+00     .15870D+01     .11004D+01     .13864D+01     .96127D+00     .16418D+01    -.18246D+02    -.50393D+02     .39394D+01     .13373D+02    -.48133D+02    -.12644D+02    -.14751D+02    -.11361D+02    -.26305D+02    -.13362D+02     .37659D+00    -.68418D+01    -.57694D+01    -.12611D+02
     .30000D+00     .15870D+01     .11004D+01     .15259D+01     .00000D+00     .13791D+01    -.19073D+02    -.51527D+02     .13491D+02     .20836D+02    -.59898D+02    -.33629D+02    -.18198D+02    -.12134D+02    -.23821D+02    -.19992D+02     .15470D+02    -.62082D+01    -.69623D+01    -.13170D+02
     .30000D+00     .17468D+01     .00000D+00     .12111D+01     .12111D+01     .23959D+02    -.16640D+02    -.85889D+02    -.47429D+01    -.70115D+01    -.37355D+02    -.63776D-01    -.11043D+02    -.11571D+02    -.27051D+02    -.89107D+01    -.13466D+02     .34405D+01    -.48578D+01    -.14173D+01
     .30000D+00     .17468D+01     .00000D+00     .13864D+01     .96127D+00     .24317D+02    -.17414D+02    -.86936D+02     .67014D+01     .16739D+01    -.48277D+02    -.10072D+02    -.13664D+02    -.10844D+02    -.26140D+02    -.13971D+02    -.20448D+01     .35139D+01    -.74322D+01    -.39183D+01
     .30000D+00     .17468D+01     .00000D+00     .15259D+01     .00000D+00     .24412D+02    -.18078D+02    -.88568D+02     .18650D+02     .94974D+01    -.65012D+02    -.28908D+02    -.16621D+02    -.11035D+02    -.25319D+02    -.20553D+02     .13917D+02     .35695D+01    -.10051D+02    -.64819D+01
     .40000D+00     .17468D+01     .17468D+01     .83975D+00     .83975D+00    -.22682D+02    -.48373D+01    -.22781D+02     .21018D+00     .10208D+01    -.14688D+02    -.28399D+02    -.45388D+01    -.99764D+01    -.96653D+01    -.10736D+02    -.26327D+01    -.12160D+02    -.10968D+01    -.13257D+02
     .40000D+00     .17468D+01     .17468D+01     .96127D+00     .66651D+00    -.22748D+02    -.57167D+01    -.23001D+02     .18408D+01     .47969D+01    -.17491D+02    -.34498D+02    -.64550D+01    -.10178D+02    -.96509D+01    -.11615D+02     .10514D+01    -.11844D+02    -.86798D+00    -.12712D+02
     .40000D+00     .17468D+01     .17468D+01     .10580D+01     .00000D+00    -.22758D+02    -.65755D+01    -.23166D+02     .34153D+01     .78415D+01    -.20538D+02    -.45283D+02    -.86262D+01    -.10716D+02    -.93156D+01    -.13011D+02     .52596D+01    -.11482D+02    -.43564D+00    -.11918D+02
     .40000D+00     .19995D+01     .13864D+01     .83975D+00     .83975D+00     .17957D+02    -.42738D+01    -.64451D+02     .91903D+00    -.18464D+02    -.13327D+02    -.28130D+02    -.40438D+01    -.12799D+02    -.96917D+01    -.37902D+01    -.37979D+01    -.32912D+01    -.15445D+01    -.48356D+01
     .40000D+00     .19995D+01     .13864D+01     .96127D+00     .66651D+00     .17952D+02    -.51619D+01    -.64793D+02     .35871D+01    -.14223D+02    -.16298D+02    -.34088D+02    -.57336D+01    -.12847D+02    -.96937D+01    -.63351D+01    -.99391D-01    -.31915D+01    -.15510D+01    -.47425D+01
     .40000D+00     .19995D+01     .13864D+01     .10580D+01     .00000D+00     .17986D+02    -.60371D+01    -.65118D+02     .63787D+01    -.10298D+02    -.19765D+02    -.44435D+02    -.77900D+01    -.12906D+02    -.92285D+01    -.94850D+01     .41753D+01    -.30325D+01    -.13619D+01    -.43944D+01
     .40000D+00     .22008D+01     .00000D+00     .83975D+00     .83975D+00     .57809D+02    -.40676D+01    -.12194D+03     .83298D-01    -.44965D+02    -.11828D+02    -.26295D+02    -.37308D+01    -.19098D+02    -.99675D+01    -.26246D+02    -.51951D+01     .24989D+02    -.21058D+01     .22883D+02
     .40000D+00     .22008D+01     .00000D+00     .96127D+00     .66651D+00     .58039D+02    -.47669D+01    -.12233D+03     .41587D+01    -.40389D+02    -.14451D+02    -.31292D+02    -.51917D+01    -.19015D+02    -.95313D+01    -.28945D+02    -.18131D+01     .24896D+02    -.24278D+01     .22468D+02
     .40000D+00     .22008D+01     .00000D+00     .10580D+01     .00000D+00     .58220D+02    -.54563D+01    -.12286D+03     .80357D+01    -.36315D+02    -.17137D+02    -.40178D+02    -.69766D+01    -.19012D+02    -.91143D+01    -.31626D+02     .24090D+01     .24799D+02    -.25490D+01     .22250D+02
     .40000D+00     .16795D+01     .16795D+01     .10580D+01     .10580D+01    -.23561D+02    -.97878D+01    -.23937D+02     .48738D+00     .95061D+01    -.27423D+02    -.16714D+02    -.81207D+01    -.10452D+02    -.17828D+02    -.12166D+02    -.50139D+01    -.12154D+02    -.19597D+01    -.14114D+02
     .40000D+00     .16795D+01     .16795D+01     .12111D+01     .83975D+00    -.23731D+02    -.11334D+02    -.24401D+02     .42190D+01     .15945D+02    -.33886D+02    -.26578D+02    -.10523D+02    -.10957D+02    -.17892D+02    -.14053D+02     .26513D+01    -.11532D+02    -.19647D+01    -.13497D+02
     .40000D+00     .16795D+01     .16795D+01     .13330D+01     .00000D+00    -.23849D+02    -.12744D+02    -.24819D+02     .78508D+01     .21463D+02    -.40762D+02    -.43803D+02    -.14274D+02    -.11683D+02    -.17761D+02    -.16564D+02     .11412D+02    -.10806D+02    -.13716D+01    -.12178D+02
     .40000D+00     .19225D+01     .13330D+01     .10580D+01     .10580D+01     .13217D+02    -.87270D+01    -.62453D+02     .15577D+01    -.81386D+01    -.25940D+02    -.15936D+02    -.72409D+01    -.10931D+02    -.18068D+02    -.38407D+01    -.70475D+01    -.53179D+01    -.27014D+01    -.80194D+01
     .40000D+00     .19225D+01     .13330D+01     .12111D+01     .83975D+00     .13160D+02    -.10244D+02    -.63138D+02     .70276D+01    -.12818D+01    -.32121D+02    -.25308D+02    -.96418D+01    -.10889D+02    -.18237D+02    -.79711D+01     .10774D+01    -.50950D+01    -.30799D+01    -.81749D+01
     .40000D+00     .19225D+01     .13330D+01     .13330D+01     .00000D+00     .13143D+02    -.11709D+02    -.63868D+02     .12825D+02     .48449D+01    -.38821D+02    -.42163D+02    -.13052D+02    -.11160D+02    -.18060D+02    -.13888D+02     .96398D+01    -.47680D+01    -.29043D+01    -.76723D+01
     .40000D+00     .21160D+01     .00000D+00     .10580D+01     .10580D+01     .48653D+02    -.82222D+01    -.11796D+03    -.97812D+00    -.31818D+02    -.23018D+02    -.14526D+02    -.69752D+01    -.14696D+02    -.18990D+02    -.17549D+02    -.96301D+01     .16995D+02    -.36348D+01     .13360D+02
     .40000D+00     .21160D+01     .00000D+00     .12111D+01     .83975D+00     .48916D+02    -.94966D+01    -.11912D+03     .71335D+01    -.24788D+02    -.30832D+02    -.22573D+02    -.91802D+01    -.14105D+02    -.17646D+02    -.21886D+02    -.24137D+01     .16744D+02    -.46999D+01     .12044D+02
     .40000D+00     .21160D+01     .00000D+00     .13330D+01     .00000D+00     .49446D+02    -.10650D+02    -.12028D+03     .15615D+02    -.18167D+02    -.38526D+02    -.37022D+02    -.11994D+02    -.14266D+02    -.16446D+02    -.27734D+02     .56063D+01     .16665D+02    -.52799D+01     .11385D+02
     .40000D+00     .16064D+01     .16064D+01     .12111D+01     .12111D+01    -.23783D+02    -.15089D+02    -.24317D+02     .31207D+00     .16887D+02    -.40005D+02    -.65706D+01    -.11393D+02    -.96028D+01    -.24968D+02    -.12038D+02    -.60986D+01    -.11569D+02    -.26818D+01    -.14250D+02
     .40000D+00     .16064D+01     .16064D+01     .13864D+01     .96127D+00    -.23916D+02    -.17017D+02    -.24895D+02     .62698D+01     .25204D+02    -.49596D+02    -.19151D+02    -.14675D+02    -.10156D+02    -.26162D+02    -.14506D+02     .36026D+01    -.10602D+02    -.33385D+01    -.13940D+02
     .40000D+00     .16064D+01     .16064D+01     .15259D+01     .00000D+00    -.24286D+02    -.18695D+02    -.25666D+02     .12336D+02     .32143D+02    -.59384D+02    -.41500D+02    -.18541D+02    -.11411D+02    -.24669D+02    -.17923D+02     .17188D+02    -.95623D+01    -.30718D+01    -.12634D+02
     .40000D+00     .18389D+01     .12750D+01     .12111D+01     .12111D+01     .90288D+01    -.13554D+02    -.59988D+02     .17951D+01     .98261D+00    -.37414D+02    -.55453D+01    -.10098D+02    -.91637D+01    -.25504D+02    -.32855D+01    -.88631D+01    -.66640D+01    -.35064D+01    -.10170D+02
     .40000D+00     .18389D+01     .12750D+01     .13864D+01     .96127D+00     .89235D+01    -.15493D+02    -.61026D+02     .10368D+02     .98802D+01    -.47540D+02    -.17501D+02    -.13041D+02    -.88915D+01    -.26110D+02    -.77675D+01     .13266D+01    -.62753D+01    -.47915D+01    -.11067D+02
     .40000D+00     .18389D+01     .12750D+01     .15259D+01     .00000D+00     .87102D+01    -.17198D+02    -.62359D+02     .20306D+02     .18134D+02    -.62377D+02    -.39099D+02    -.16430D+02    -.95982D+01    -.24618D+02    -.15573D+02     .14979D+02    -.57270D+01    -.58379D+01    -.11565D+02
     .40000D+00     .20239D+01     .00000D+00     .12111D+01     .12111D+01     .41250D+02    -.12794D+02    -.11069D+03    -.10406D+01    -.19763D+02    -.36015D+02    -.40071D+01    -.95595D+01    -.12112D+02    -.25994D+02    -.90227D+01    -.13583D+02     .10535D+02    -.48202D+01     .57144D+01
     .40000D+00     .20239D+01     .00000D+00     .13864D+01     .96127D+00     .41533D+02    -.14338D+02    -.11231D+03     .11438D+02    -.10531D+02    -.49009D+02    -.14502D+02    -.12240D+02    -.11090D+02    -.26587D+02    -.14960D+02    -.36675D+01     .10298D+02    -.70925D+01     .32060D+01
     .40000D+00     .20239D+01     .00000D+00     .15259D+01     .00000D+00     .41737D+02    -.15595D+02    -.11442D+03     .25020D+02    -.19003D+01    -.65967D+02    -.33515D+02    -.15068D+02    -.10383D+02    -.25817D+02    -.23257D+02     .10679D+02     .10173D+02    -.93485D+01     .82415D+00
     .40000D+00     .15259D+01     .15259D+01     .13330D+01     .13330D+01    -.23679D+02    -.20699D+02    -.24376D+02     .61510D-01     .23274D+02    -.51664D+02     .28352D+01    -.14248D+02    -.88086D+01    -.32417D+02    -.11591D+02    -.86306D+01    -.10702D+02    -.33012D+01    -.14003D+02
     .40000D+00     .15259D+01     .15259D+01     .15259D+01     .10580D+01    -.24049D+02    -.22808D+02    -.25322D+02     .91072D+01     .33383D+02    -.64296D+02    -.12228D+02    -.17793D+02    -.97487D+01    -.32125D+02    -.14565D+02     .54318D+01    -.95013D+01    -.53242D+01    -.14826D+02
     .40000D+00     .15259D+01     .15259D+01     .16795D+01     .00000D+00    -.24794D+02    -.24296D+02    -.26642D+02     .20106D+02     .42741D+02    -.84717D+02    -.39233D+02    -.21046D+02    -.11235D+02    -.32043D+02    -.18767D+02     .23407D+02    -.79511D+01    -.74005D+01    -.15352D+02
     .40000D+00     .17468D+01     .12111D+01     .13330D+01     .13330D+01     .54569D+01    -.18872D+02    -.56642D+02     .16162D+01     .92050D+01    -.49203D+02     .38930D+01    -.13163D+02    -.78675D+01    -.32431D+02    -.21218D+01    -.12200D+02    -.73803D+01    -.42580D+01    -.11638D+02
     .40000D+00     .17468D+01     .12111D+01     .15259D+01     .10580D+01     .53008D+01    -.20932D+02    -.58057D+02     .13965D+02     .20071D+02    -.67452D+02    -.10456D+02    -.15898D+02    -.78921D+01    -.32967D+02    -.75477D+01     .25648D+01    -.67801D+01    -.77338D+01    -.14514D+02
     .40000D+00     .17468D+01     .12111D+01     .16795D+01     .00000D+00     .48880D+01    -.22536D+02    -.60012D+02     .28095D+02     .30286D+02    -.91191D+02    -.35891D+02    -.18926D+02    -.82305D+01    -.35211D+02    -.16480D+02     .20160D+02    -.60146D+01    -.10352D+02    -.16367D+02
     .40000D+00     .19225D+01     .00000D+00     .13330D+01     .13330D+01     .34235D+02    -.17766D+02    -.10170D+03    -.12407D+01    -.85452D+01    -.48646D+02     .54655D+01    -.12258D+02    -.91983D+01    -.34842D+02    -.40285D+01    -.18083D+02     .54378D+01    -.57973D+01    -.35944D+00
     .40000D+00     .19225D+01     .00000D+00     .15259D+01     .10580D+01     .34512D+02    -.19442D+02    -.10386D+03     .15767D+02     .25844D+01    -.70395D+02    -.72978D+01    -.14805D+02    -.77070D+01    -.35889D+02    -.13172D+02    -.27265D+01     .52333D+01    -.10275D+02    -.50414D+01
     .40000D+00     .19225D+01     .00000D+00     .16795D+01     .00000D+00     .34707D+02    -.20808D+02    -.10652D+03     .32817D+02     .12712D+02    -.88278D+02    -.30596D+02    -.17858D+02    -.73998D+01    -.36302D+02    -.20896D+02     .15366D+02     .51533D+01    -.13155D+02    -.80020D+01
     .50000D+00     .18816D+01     .18816D+01     .90459D+00     .90459D+00    -.15313D+02    -.52171D+01    -.15570D+02     .14755D+01     .88224D+01    -.18087D+02    -.25938D+02    -.53263D+01    -.40539D+01    -.11713D+02    -.52752D+01    -.25654D+01    -.10037D+02    -.94116D+00    -.10979D+02
     .50000D+00     .18816D+01     .18816D+01     .10355D+01     .71798D+00    -.15305D+02    -.65290D+01    -.15819D+02     .34770D+01     .13252D+02    -.21764D+02    -.33568D+02    -.74745D+01    -.45272D+01    -.11937D+02    -.68563D+01     .20452D+01    -.96399D+01    -.69877D+00    -.10339D+02
     .50000D+00     .18816D+01     .18816D+01     .11397D+01     .00000D+00    -.15348D+02    -.77549D+01    -.16125D+02     .56453D+01     .17338D+02    -.26332D+02    -.46299D+02    -.96868D+01    -.50948D+01    -.11845D+02    -.86396D+01     .74061D+01    -.92175D+01    -.23395D+00    -.94514D+01
     .50000D+00     .21539D+01     .14935D+01     .90459D+00     .90459D+00     .32353D+02    -.44563D+01    -.65532D+02     .27416D+01    -.15561D+02    -.16089D+02    -.24701D+02    -.47082D+01    -.62992D+01    -.11903D+02     .16356D+01    -.43377D+01     .57703D+00    -.14690D+01    -.89199D+00
     .50000D+00     .21539D+01     .14935D+01     .10355D+01     .71798D+00     .32339D+02    -.56781D+01    -.66016D+02     .62022D+01    -.10737D+02    -.20548D+02    -.31654D+02    -.66113D+01    -.63009D+01    -.12015D+02    -.89213D+00     .24907D+00     .67495D+00    -.15551D+01    -.88016D+00
     .50000D+00     .21539D+01     .14935D+01     .11397D+01     .00000D+00     .32304D+02    -.69157D+01    -.66550D+02     .98425D+01    -.61163D+01    -.24864D+02    -.43906D+02    -.86807D+01    -.64892D+01    -.11974D+02    -.44193D+01     .54697D+01     .78681D+00    -.13746D+01    -.58776D+00
     .50000D+00     .23707D+01     .00000D+00     .90459D+00     .90459D+00     .82784D+02    -.42113D+01    -.13310D+03     .64705D+00    -.51749D+02    -.14233D+02    -.24120D+02    -.43032D+01    -.17360D+02    -.11752D+02    -.16848D+02    -.66487D+01     .34175D+02    -.22990D+01     .31876D+02
     .50000D+00     .23707D+01     .00000D+00     .10355D+01     .71798D+00     .82906D+02    -.50656D+01    -.13433D+03     .62415D+01    -.46531D+02    -.18011D+02    -.30027D+02    -.59137D+01    -.16510D+02    -.11407D+02    -.18911D+02    -.18846D+01     .33812D+02    -.27823D+01     .31030D+02
     .50000D+00     .23707D+01     .00000D+00     .11397D+01     .00000D+00     .83188D+02    -.59466D+01    -.13533D+03     .12200D+02    -.41494D+02    -.22787D+02    -.40055D+02    -.77673D+01    -.15463D+02    -.99655D+01    -.21235D+02     .30987D+01     .33611D+02    -.31469D+01     .30464D+02
     .50000D+00     .18092D+01     .18092D+01     .11397D+01     .11397D+01    -.18950D+02    -.10552D+02    -.19659D+02     .31556D+01     .18587D+02    -.34085D+02    -.12908D+02    -.92055D+01    -.32514D+01    -.22040D+02    -.58551D+01    -.54711D+01    -.10824D+02    -.16556D+01    -.12479D+02
     .50000D+00     .18092D+01     .18092D+01     .13047D+01     .90459D+00    -.19061D+02    -.12790D+02    -.20284D+02     .79561D+01     .26307D+02    -.42304D+02    -.24393D+02    -.12166D+02    -.39923D+01    -.22337D+02    -.89994D+01     .47431D+01    -.10038D+02    -.17149D+01    -.11753D+02
     .50000D+00     .18092D+01     .18092D+01     .14360D+01     .00000D+00    -.19306D+02    -.14865D+02    -.21036D+02     .12942D+02     .33077D+02    -.50929D+02    -.44644D+02    -.15723D+02    -.51009D+01    -.21896D+02    -.12218D+02     .15699D+02    -.92132D+01    -.11387D+01    -.10352D+02
     .50000D+00     .20710D+01     .14360D+01     .11397D+01     .11397D+01     .24921D+02    -.89978D+01    -.64984D+02     .48974D+01    -.49131D+01    -.31425D+02    -.11544D+02    -.82007D+01    -.58350D+01    -.22569D+02     .39060D+01    -.83787D+01    -.30006D+01    -.26337D+01    -.56343D+01
     .50000D+00     .20710D+01     .14360D+01     .13047D+01     .90459D+00     .24929D+02    -.11148D+02    -.65959D+02     .12049D+02     .33864D+01    -.39242D+02    -.22803D+02    -.11163D+02    -.55923D+01    -.23489D+02    -.12259D+01     .16296D+01    -.27798D+01    -.32406D+01    -.60204D+01
     .50000D+00     .20710D+01     .14360D+01     .14360D+01     .00000D+00     .24838D+02    -.13157D+02    -.67131D+02     .20002D+02     .11132D+02    -.49328D+02    -.42767D+02    -.14316D+02    -.58808D+01    -.22543D+02    -.78779D+01     .12761D+02    -.24504D+01    -.33978D+01    -.58481D+01
     .50000D+00     .22794D+01     .00000D+00     .11397D+01     .11397D+01     .71450D+02    -.85193D+01    -.12666D+03     .22619D+01    -.36193D+02    -.29171D+02    -.10011D+02    -.75785D+01    -.12248D+02    -.22234D+02    -.13253D+02    -.11159D+02     .23755D+02    -.40647D+01     .19691D+02
     .50000D+00     .22794D+01     .00000D+00     .13047D+01     .90459D+00     .71745D+02    -.99971D+01    -.12826D+03     .13173D+02    -.27003D+02    -.40912D+02    -.19534D+02    -.97675D+01    -.12054D+02    -.21665D+02    -.18295D+02    -.37912D+01     .23486D+02    -.58249D+01     .17661D+02
     .50000D+00     .22794D+01     .00000D+00     .14360D+01     .00000D+00     .71833D+02    -.11442D+02    -.13018D+03     .25041D+02    -.18988D+02    -.53584D+02    -.35746D+02    -.12268D+02    -.10187D+02    -.19504D+02    -.24524D+02     .74718D+01     .23112D+02    -.69457D+01     .16166D+02
     .50000D+00     .17304D+01     .17304D+01     .13047D+01     .13047D+01    -.21411D+02    -.16060D+02    -.22470D+02     .48378D+01     .26890D+02    -.48955D+02    -.16216D+01    -.12798D+02    -.49565D+01    -.30581D+02    -.85362D+01    -.66164D+01    -.10957D+02    -.23122D+01    -.13269D+02
     .50000D+00     .17304D+01     .17304D+01     .14935D+01     .10355D+01    -.21704D+02    -.19010D+02    -.23512D+02     .13023D+02     .37065D+02    -.60946D+02    -.16714D+02    -.16252D+02    -.58963D+01    -.31323D+02    -.12205D+02     .61677D+01    -.98284D+01    -.32655D+01    -.13094D+02
     .50000D+00     .17304D+01     .17304D+01     .16438D+01     .00000D+00    -.22264D+02    -.21501D+02    -.24818D+02     .22061D+02     .46044D+02    -.75617D+02    -.43890D+02    -.20275D+02    -.74436D+01    -.31205D+02    -.16543D+02     .22335D+02    -.84857D+01    -.35571D+01    -.12043D+02
     .50000D+00     .19808D+01     .13734D+01     .13047D+01     .13047D+01     .17952D+02    -.13848D+02    -.63481D+02     .68222D+01     .53050D+01    -.45285D+02    -.25654D+00    -.11154D+02    -.46252D+01    -.31116D+02     .38025D+01    -.10487D+02    -.53097D+01    -.35222D+01    -.88319D+01
     .50000D+00     .19808D+01     .13734D+01     .14935D+01     .10355D+01     .17838D+02    -.16602D+02    -.65067D+02     .18590D+02     .16655D+02    -.61771D+02    -.14285D+02    -.14431D+02    -.45178D+01    -.31724D+02    -.21023D+01     .26636D+01    -.48325D+01    -.55825D+01    -.10415D+02
     .50000D+00     .19808D+01     .13734D+01     .16438D+01     .00000D+00     .17526D+02    -.18995D+02    -.67051D+02     .32184D+02     .27301D+02    -.83702D+02    -.40754D+02    -.17510D+02    -.48124D+01    -.31489D+02    -.11752D+02     .18251D+02    -.42298D+01    -.74729D+01    -.11703D+02
     .50000D+00     .21802D+01     .00000D+00     .13047D+01     .13047D+01     .56856D+02    -.12676D+02    -.11911D+03     .39135D+01    -.22249D+02    -.44814D+02     .14835D+01    -.10514D+02    -.79298D+01    -.32043D+02    -.51408D+01    -.16653D+02     .14931D+02    -.54039D+01     .95275D+01
     .50000D+00     .21802D+01     .00000D+00     .14935D+01     .10355D+01     .57432D+02    -.14823D+02    -.12171D+03     .20623D+02    -.10372D+02    -.65305D+02    -.10512D+02    -.12592D+02    -.55480D+01    -.33114D+02    -.20886D+02    -.40187D+01     .14607D+02    -.88617D+01     .57449D+01
     .50000D+00     .21802D+01     .00000D+00     .16438D+01     .00000D+00     .57733D+02    -.16699D+02    -.12458D+03     .38067D+02    -.72538D-01    -.79849D+02    -.32712D+02    -.15605D+02    -.45576D+01    -.32404D+02    -.33623D+02     .11453D+02     .14260D+02    -.10956D+02     .33035D+01
     .50000D+00     .16438D+01     .16438D+01     .14360D+01     .14360D+01    -.22999D+02    -.22056D+02    -.24226D+02     .59346D+01     .33802D+02    -.62781D+02     .84773D+01    -.16060D+02    -.49006D+01    -.37713D+02    -.88211D+01    -.78513D+01    -.10380D+02    -.29341D+01    -.13315D+02
     .50000D+00     .16438D+01     .16438D+01     .16438D+01     .11397D+01    -.23478D+02    -.25268D+02    -.25727D+02     .18847D+02     .46173D+02    -.82625D+02    -.99224D+01    -.18935D+02    -.61258D+01    -.39930D+02    -.12796D+02     .67363D+01    -.87958D+01    -.62822D+01    -.15078D+02
     .50000D+00     .16438D+01     .16438D+01     .18092D+01     .00000D+00    -.24524D+02    -.27722D+02    -.27664D+02     .33123D+02     .58378D+02    -.11230D+03    -.42066D+02    -.21715D+02    -.69263D+01    -.44477D+02    -.18865D+02     .31922D+02    -.69273D+01    -.86482D+01    -.15575D+02
     .50000D+00     .18816D+01     .13047D+01     .14360D+01     .14360D+01     .11858D+02    -.19415D+02    -.61147D+02     .85978D+01     .14635D+02    -.61426D+02     .99720D+01    -.14000D+02    -.34036D+01    -.37994D+02     .36634D+01    -.12797D+02    -.66423D+01    -.45038D+01    -.11146D+02
     .50000D+00     .18816D+01     .13047D+01     .16438D+01     .11397D+01     .11737D+02    -.22439D+02    -.63235D+02     .25157D+02     .28876D+02    -.90364D+02    -.73991D+01    -.16580D+02    -.30881D+01    -.43016D+02    -.31951D+01     .21775D+01    -.59891D+01    -.91632D+01    -.15152D+02
     .50000D+00     .18816D+01     .13047D+01     .18092D+01     .00000D+00     .11160D+02    -.25016D+02    -.65804D+02     .42995D+02     .40213D+02    -.10970D+03    -.38172D+02    -.19300D+02    -.20346D+01    -.49224D+02    -.16482D+02     .28143D+02    -.51722D+01    -.11541D+02    -.16713D+02
     .50000D+00     .20710D+01     .00000D+00     .14360D+01     .14360D+01     .46490D+02    -.18134D+02    -.11354D+03     .38934D+01    -.92665D+01    -.63785D+02     .11886D+02    -.13088D+02    -.49797D+01    -.42098D+02     .12967D+01    -.21061D+02     .80869D+01    -.67701D+01     .13169D+01
     .50000D+00     .20710D+01     .00000D+00     .16438D+01     .11397D+01     .46877D+02    -.20326D+02    -.11655D+03     .23913D+02     .45692D+01    -.84519D+02    -.31782D+01    -.15346D+02    -.34504D+01    -.45597D+02    -.11515D+02    -.50569D+01     .77218D+01    -.11834D+02    -.41120D+01
     .50000D+00     .20710D+01     .00000D+00     .18092D+01     .00000D+00     .47086D+02    -.22332D+02    -.12074D+03     .49007D+02     .16620D+02    -.99734D+02    -.30387D+02    -.18060D+02    -.10933D+01    -.48469D+02    -.25008D+02     .18352D+02     .74664D+01    -.14986D+02    -.75200D+01
     .60000D+00     .19995D+01     .19995D+01     .96127D+00     .96127D+00    -.55408D+01    -.53637D+01    -.59776D+01     .27456D+01     .16367D+02    -.21673D+02    -.22350D+02    -.62671D+01     .11280D+01    -.13976D+02    -.10559D+01    -.25733D+01    -.68917D+01    -.78293D+00    -.76746D+01
     .60000D+00     .19995D+01     .19995D+01     .11004D+01     .76296D+00    -.55434D+01    -.71244D+01    -.63125D+01     .48490D+01     .22005D+02    -.26298D+02    -.31220D+02    -.83970D+01     .90339D+00    -.14461D+02    -.29777D+01     .30541D+01    -.64844D+01    -.51586D+00    -.70003D+01
     .60000D+00     .19995D+01     .19995D+01     .12111D+01     .00000D+00    -.56061D+01    -.88112D+01    -.67254D+01     .71569D+01     .27630D+02    -.31864D+02    -.46536D+02    -.10846D+02     .36963D+00    -.13723D+02    -.51912D+01     .10299D+02    -.60394D+01     .12474D-01    -.60270D+01
     .60000D+00     .22889D+01     .15870D+01     .96127D+00     .96127D+00     .48704D+02    -.43641D+01    -.63632D+02     .43487D+01    -.13526D+02    -.19302D+02    -.21471D+02    -.52854D+01    -.26642D+01    -.14284D+02     .70623D+01    -.48186D+01     .53333D+01    -.14521D+01     .38811D+01
     .60000D+00     .22889D+01     .15870D+01     .11004D+01     .76296D+00     .48814D+02    -.59413D+01    -.64296D+02     .86682D+01    -.72920D+01    -.23490D+02    -.29806D+02    -.72467D+01    -.24232D+01    -.14493D+02     .37040D+01     .58838D+00     .54348D+01    -.15374D+01     .38974D+01
     .60000D+00     .22889D+01     .15870D+01     .12111D+01     .00000D+00     .48928D+02    -.75009D+01    -.65007D+02     .13129D+02    -.15928D+01    -.29309D+02    -.44464D+02    -.98499D+01    -.25021D+01    -.14485D+02    -.99881D+00     .78988D+01     .55736D+01    -.13789D+01     .41947D+01
     .60000D+00     .25193D+01     .00000D+00     .96127D+00     .96127D+00     .10674D+03    -.42044D+01    -.14082D+03     .12423D+01    -.57920D+02    -.16720D+02    -.21578D+02    -.48231D+01    -.16220D+02    -.13361D+02    -.11519D+02    -.78094D+01     .44381D+02    -.24660D+01     .41915D+02
     .60000D+00     .25193D+01     .00000D+00     .11004D+01     .76296D+00     .10687D+03    -.52603D+01    -.14141D+03     .80923D+01    -.50875D+02    -.21026D+02    -.27996D+02    -.64589D+01    -.15070D+02    -.13335D+02    -.14635D+02    -.26645D+01     .44187D+02    -.29363D+01     .41250D+02
     .60000D+00     .25193D+01     .00000D+00     .12111D+01     .00000D+00     .10697D+03    -.59920D+01    -.14242D+03     .14728D+02    -.44161D+02    -.31944D+02    -.39643D+02    -.83446D+01    -.14771D+02    -.12226D+02    -.18613D+02     .33870D+01     .44018D+02    -.39340D+01     .40084D+02
     .60000D+00     .19225D+01     .19225D+01     .12111D+01     .12111D+01    -.11667D+02    -.10660D+02    -.12784D+02     .63456D+01     .28834D+02    -.40665D+02    -.64646D+01    -.10704D+02     .27596D+01    -.24674D+02    -.11411D+01    -.34224D+01    -.85658D+01    -.12611D+01    -.98269D+01
     .60000D+00     .19225D+01     .19225D+01     .13864D+01     .96127D+00    -.11811D+02    -.13756D+02    -.13661D+02     .11993D+02     .37937D+02    -.50675D+02    -.20487D+02    -.13579D+02     .22023D+01    -.26526D+02    -.46044D+01     .73714D+01    -.77167D+01    -.13925D+01    -.91093D+01
     .60000D+00     .19225D+01     .19225D+01     .15259D+01     .00000D+00    -.12074D+02    -.16607D+02    -.14620D+02     .17636D+02     .45887D+02    -.61212D+02    -.45152D+02    -.17662D+02     .94887D+00    -.26153D+02    -.87560D+01     .20681D+02    -.67700D+01    -.82279D+00    -.75928D+01
     .60000D+00     .22008D+01     .15259D+01     .12111D+01     .12111D+01     .38585D+02    -.89271D+01    -.65241D+02     .88051D+01     .14215D+00    -.36644D+02    -.58204D+01    -.92349D+01     .13151D+01    -.26296D+02     .96862D+01    -.76787D+01     .55889D+00    -.23913D+01    -.18324D+01
     .60000D+00     .22008D+01     .15259D+01     .13864D+01     .96127D+00     .38540D+02    -.11636D+02    -.66635D+02     .17906D+02     .10061D+02    -.46830D+02    -.18756D+02    -.12004D+02     .19489D+01    -.27993D+02     .40865D+01     .26586D+01     .76125D+00    -.32032D+01    -.24419D+01
     .60000D+00     .22008D+01     .15259D+01     .15259D+01     .00000D+00     .38359D+02    -.14127D+02    -.68295D+02     .28165D+02     .19521D+02    -.60670D+02    -.41939D+02    -.15166D+02     .17757D+01    -.27433D+02    -.35677D+01     .15400D+02     .11102D+01    -.37229D+01    -.26127D+01
     .60000D+00     .24223D+01     .00000D+00     .12111D+01     .12111D+01     .92034D+02    -.82698D+01    -.13512D+03     .42600D+01    -.38557D+02    -.42623D+02    -.56142D+01    -.81015D+01    -.95104D+01    -.25341D+02    -.61076D+01    -.14166D+02     .31298D+02    -.46745D+01     .26624D+02
     .60000D+00     .24223D+01     .00000D+00     .13864D+01     .96127D+00     .92746D+02    -.99631D+01    -.13775D+03     .19091D+02    -.28552D+02    -.50658D+02    -.15563D+02    -.10370D+02    -.59815D+01    -.25873D+02    -.13041D+02    -.39760D+01     .30755D+02    -.65101D+01     .24245D+02
     .60000D+00     .24223D+01     .00000D+00     .15259D+01     .00000D+00     .93464D+02    -.11439D+02    -.13988D+03     .30859D+02    -.18167D+02    -.65533D+02    -.34557D+02    -.12983D+02    -.54822D+01    -.25177D+02    -.19931D+02     .82296D+01     .30522D+02    -.79854D+01     .22536D+02
     .60000D+00     .18389D+01     .18389D+01     .13864D+01     .13864D+01    -.16859D+02    -.15777D+02    -.18421D+02     .96191D+01     .37771D+02    -.57972D+02     .57528D+01    -.14304D+02     .27538D+01    -.35232D+02    -.21085D+01    -.53661D+01    -.93368D+01    -.17116D+01    -.11048D+02
     .60000D+00     .18389D+01     .18389D+01     .15870D+01     .11004D+01    -.17183D+02    -.20269D+02    -.19893D+02     .19465D+02     .49273D+02    -.73209D+02    -.13033D+02    -.17616D+02     .14700D+01    -.37059D+02    -.66119D+01     .98836D+01    -.80981D+01    -.31005D+01    -.11199D+02
     .60000D+00     .18389D+01     .18389D+01     .17468D+01     .00000D+00    -.18007D+02    -.23668D+02    -.21947D+02     .31848D+02     .60891D+02    -.94605D+02    -.44546D+02    -.20382D+02    -.73202D-01    -.38738D+02    -.12802D+02     .31997D+02    -.64002D+01    -.40864D+01    -.10487D+02
     .60000D+00     .21050D+01     .14595D+01     .13864D+01     .13864D+01     .28978D+02    -.13719D+02    -.65456D+02     .12332D+02     .10757D+02    -.53696D+02     .64743D+01    -.12660D+02     .10349D+01    -.36089D+02     .98612D+01    -.12430D+02    -.31086D+01    -.33660D+01    -.64746D+01
     .60000D+00     .21050D+01     .14595D+01     .15870D+01     .11004D+01     .28805D+02    -.17025D+02    -.67727D+02     .27721D+02     .25015D+02    -.77925D+02    -.10568D+02    -.15169D+02     .15908D+01    -.37586D+02     .32477D+01     .33752D+01    -.26425D+01    -.63950D+01    -.90375D+01
     .60000D+00     .21050D+01     .14595D+01     .17468D+01     .00000D+00     .28421D+02    -.20131D+02    -.70394D+02     .44306D+02     .37324D+02    -.10013D+03    -.41198D+02    -.17820D+02     .24981D+01    -.41550D+02    -.78620D+01     .22388D+02    -.19417D+01    -.80950D+01    -.10037D+02
     .60000D+00     .23168D+01     .00000D+00     .13864D+01     .13864D+01     .79443D+02    -.12984D+02    -.12782D+03     .84877D+01    -.23313D+02    -.56936D+02     .79160D+01    -.10788D+02    -.35812D+01    -.36585D+02     .22896D+01    -.19957D+02     .20497D+02    -.59532D+01     .14544D+02
     .60000D+00     .23168D+01     .00000D+00     .15870D+01     .11004D+01     .79467D+02    -.15025D+02    -.13084D+03     .26675D+02    -.91716D+01    -.75185D+02    -.60226D+01    -.13231D+02    -.21155D+01    -.38225D+02    -.16628D+02    -.49152D+01     .19967D+02    -.96331D+01     .10334D+02
     .60000D+00     .23168D+01     .00000D+00     .17468D+01     .00000D+00     .79375D+02    -.16880D+02    -.13474D+03     .48393D+02     .31241D+01    -.89855D+02    -.31045D+02    -.15447D+02     .11171D+01    -.41421D+02    -.22443D+02     .13898D+02     .19525D+02    -.12154D+02     .73711D+01
     .60000D+00     .17468D+01     .17468D+01     .15259D+01     .15259D+01    -.20917D+02    -.22149D+02    -.22826D+02     .12130D+02     .44333D+02    -.73937D+02     .14630D+02    -.17062D+02     .13574D+01    -.44142D+02    -.37467D+01    -.82810D+01    -.94649D+01    -.24926D+01    -.11957D+02
     .60000D+00     .17468D+01     .17468D+01     .17468D+01     .12111D+01    -.21930D+02    -.25107D+02    -.25279D+02     .29347D+02     .60361D+02    -.10388D+03    -.46549D+01    -.19504D+02     .22293D+00    -.49640D+02    -.91782D+01     .12171D+02    -.75238D+01    -.68474D+01    -.14371D+02
     .60000D+00     .17468D+01     .17468D+01     .19225D+01     .00000D+00    -.22876D+02    -.30445D+02    -.27778D+02     .45050D+02     .72695D+02    -.12684D+03    -.43446D+02    -.22363D+02    -.13849D+01    -.54228D+02    -.16894D+02     .42005D+02    -.56590D+01    -.84174D+01    -.14076D+02
     .60000D+00     .19995D+01     .13864D+01     .15259D+01     .15259D+01     .19893D+02    -.19091D+02    -.64385D+02     .16322D+02     .21475D+02    -.76941D+02     .17513D+02    -.15119D+02     .25115D+01    -.47368D+02     .10986D+02    -.16016D+02    -.53237D+01    -.46825D+01    -.10006D+02
     .60000D+00     .19995D+01     .13864D+01     .17468D+01     .12111D+01     .19541D+02    -.23048D+02    -.67367D+02     .37010D+02     .37661D+02    -.10483D+03    -.30540D+01    -.16805D+02     .40616D+01    -.53041D+02     .34126D+01     .40749D+01    -.46872D+01    -.97215D+01    -.14409D+02
     .60000D+00     .19995D+01     .13864D+01     .19225D+01     .00000D+00     .18909D+02    -.26449D+02    -.70751D+02     .58413D+02     .50704D+02    -.12149D+03    -.39424D+02    -.19930D+02     .41127D+01    -.58596D+02    -.12366D+02     .33586D+02    -.38242D+01    -.12208D+02    -.16033D+02
     .60000D+00     .22008D+01     .00000D+00     .15259D+01     .15259D+01     .60315D+02    -.17689D+02    -.12066D+03     .12332D+02    -.87566D+01    -.75351D+02     .19208D+02    -.14117D+02     .10613D+01    -.51978D+02     .93981D+01    -.25093D+02     .11487D+02    -.71210D+01     .43664D+01
     .60000D+00     .22008D+01     .00000D+00     .17468D+01     .12111D+01     .60768D+02    -.20456D+02    -.12458D+03     .36480D+02     .73304D+01    -.94266D+02     .22325D+01    -.15170D+02     .55761D+01    -.63705D+02    -.81767D+01    -.51177D+01     .10913D+02    -.12663D+02    -.17504D+01
     .60000D+00     .22008D+01     .00000D+00     .19225D+01     .00000D+00     .61087D+02    -.22465D+02    -.12996D+03     .66458D+02     .21909D+02    -.11470D+03    -.28852D+02    -.17356D+02     .86648D+01    -.67237D+02    -.34735D+02     .28026D+02     .10588D+02    -.17236D+02    -.66487D+01
     .70000D+00     .21050D+01     .21050D+01     .10120D+01     .10120D+01     .67445D+01    -.55303D+01     .60518D+01     .39543D+01     .26638D+02    -.25919D+02    -.12715D+02    -.78442D+01     .72634D+01    -.16445D+02     .41525D+01    -.26942D+01    -.24982D+01    -.41038D+00    -.29086D+01
     .70000D+00     .21050D+01     .21050D+01     .11584D+01     .80319D+00     .67975D+01    -.76989D+01     .56080D+01     .64870D+01     .32844D+02    -.31147D+02    -.21122D+02    -.96081D+01     .68042D+01    -.16345D+02     .16655D+01     .48826D+01    -.20754D+01    -.18085D+00    -.22562D+01
     .70000D+00     .21050D+01     .21050D+01     .12750D+01     .00000D+00     .67666D+01    -.97759D+01     .51895D+01     .86256D+01     .38289D+02    -.37401D+02    -.40014D+02    -.12760D+02     .61875D+01    -.15904D+02    -.80036D+00     .13014D+02    -.16543D+01     .28079D+00    -.13735D+01
     .70000D+00     .24096D+01     .16707D+01     .10120D+01     .10120D+01     .71780D+02    -.43742D+01    -.59573D+02     .67126D+01    -.97866D+01    -.22574D+02    -.12760D+02    -.63456D+01     .29863D+01    -.16676D+02     .95341D+01    -.56691D+01     .11731D+02    -.12275D+01     .10504D+02
     .70000D+00     .24096D+01     .16707D+01     .11584D+01     .80319D+00     .71580D+02    -.61844D+01    -.60411D+02     .11648D+02    -.22690D+01    -.28544D+02    -.21552D+02    -.83602D+01     .30842D+01    -.16766D+02     .49141D+01     .18627D+01     .11790D+02    -.14091D+01     .10381D+02
     .70000D+00     .24096D+01     .16707D+01     .12750D+01     .00000D+00     .71409D+02    -.79570D+01    -.61290D+02     .16795D+02     .42362D+01    -.34117D+02    -.36744D+02    -.11313D+02     .30539D+01    -.16639D+02     .28925D-01     .94475D+01     .11851D+02    -.12920D+01     .10559D+02
     .70000D+00     .26521D+01     .00000D+00     .10120D+01     .10120D+01     .13705D+03    -.56360D+01    -.14174D+03     .42750D+01    -.59939D+02    -.20742D+02    -.18882D+02    -.50558D+01    -.15858D+02    -.17217D+02    -.11558D+02    -.97554D+01     .56108D+02    -.25597D+01     .53548D+02
     .70000D+00     .26521D+01     .00000D+00     .11584D+01     .80319D+00     .13724D+03    -.56056D+01    -.14322D+03     .11710D+02    -.51045D+02    -.45277D+02    -.25410D+02    -.62866D+01    -.14021D+02    -.17906D+02    -.14722D+02    -.46393D+01     .55955D+02    -.39265D+01     .52029D+02
     .70000D+00     .26521D+01     .00000D+00     .12750D+01     .00000D+00     .13763D+03    -.68697D+01    -.14643D+03     .26339D+02    -.44120D+02    -.44123D+02    -.37368D+02    -.86067D+01    -.12895D+02    -.17135D+02    -.20320D+02     .21831D+01     .55616D+02    -.43731D+01     .51242D+02
     .70000D+00     .20239D+01     .20239D+01     .12750D+01     .12750D+01    -.26339D+01    -.10782D+02    -.42648D+01     .91357D+01     .39259D+02    -.47629D+02     .11604D+01    -.12577D+02     .88385D+01    -.29089D+02     .31504D+01    -.41695D+01    -.55970D+01    -.76173D+00    -.63587D+01
     .70000D+00     .20239D+01     .20239D+01     .14595D+01     .10120D+01    -.27577D+01    -.14591D+02    -.53339D+01     .15546D+02     .49313D+02    -.59223D+02    -.13163D+02    -.15536D+02     .81434D+01    -.30791D+02    -.12880D+01     .96134D+01    -.46610D+01    -.10383D+01    -.56993D+01
     .70000D+00     .20239D+01     .20239D+01     .16064D+01     .00000D+00    -.30913D+01    -.17986D+02    -.65006D+01     .21739D+02     .58909D+02    -.71776D+02    -.38964D+02    -.19795D+02     .71704D+01    -.31216D+02    -.63751D+01     .26380D+02    -.36523D+01    -.49562D+00    -.41479D+01
     .70000D+00     .23168D+01     .16064D+01     .12750D+01     .12750D+01     .53647D+02    -.85952D+01    -.63677D+02     .12975D+02     .48421D+01    -.42186D+02     .33448D+01    -.13163D+02     .60786D+01    -.30405D+02     .15393D+02    -.10295D+02     .48690D+01    -.20083D+01     .28607D+01
     .70000D+00     .23168D+01     .16064D+01     .14595D+01     .10120D+01     .53805D+02    -.11688D+02    -.65556D+02     .24072D+02     .18134D+02    -.55850D+02    -.11297D+02    -.13421D+02     .74007D+01    -.33286D+02     .75362D+01     .37706D+01     .51442D+01    -.31254D+01     .20188D+01
     .70000D+00     .23168D+01     .16064D+01     .16064D+01     .00000D+00     .53913D+02    -.14576D+02    -.67625D+02     .36376D+02     .29173D+02    -.72811D+02    -.34303D+02    -.16788D+02     .70798D+01    -.33142D+02    -.15839D+01     .18102D+02     .55324D+01    -.39117D+01     .16206D+01
     .70000D+00     .25500D+01     .00000D+00     .12750D+01     .12750D+01     .11518D+03    -.78716D+01    -.14157D+03     .43686D+01    -.41438D+02    -.44498D+02    -.14318D+00    -.89841D+01    -.56533D+01    -.29788D+02    -.33801D+01    -.15943D+02     .39665D+02    -.48239D+01     .34841D+02
     .70000D+00     .25500D+01     .00000D+00     .14595D+01     .10120D+01     .11546D+03    -.94451D+01    -.14636D+03     .31265D+02    -.27444D+02    -.60891D+02    -.12252D+02    -.10673D+02    -.23135D+01    -.31689D+02    -.10420D+02    -.57072D+01     .39270D+02    -.70250D+01     .32245D+02
     .70000D+00     .25500D+01     .00000D+00     .16064D+01     .00000D+00     .11564D+03    -.10996D+02    -.15071D+03     .50472D+02    -.15962D+02    -.73224D+02    -.32742D+02    -.13682D+02    -.75093D+00    -.31684D+02    -.17639D+02     .83717D+01     .38805D+02    -.85412D+01     .30264D+02
     .70000D+00     .19358D+01     .19358D+01     .14595D+01     .14595D+01    -.10246D+02    -.16230D+02    -.12487D+02     .14285D+02     .48798D+02    -.66875D+02     .12092D+02    -.15716D+02     .86484D+01    -.40526D+02     .23001D+01    -.59910D+01    -.72865D+01    -.12051D+01    -.84917D+01
     .70000D+00     .19358D+01     .19358D+01     .16707D+01     .11584D+01    -.10738D+02    -.21295D+02    -.14490D+02     .26162D+02     .62596D+02    -.85402D+02    -.68532D+01    -.18998D+02     .76823D+01    -.44061D+02    -.43353D+01     .17509D+02    -.58422D+01    -.27977D+01    -.86399D+01
     .70000D+00     .19358D+01     .19358D+01     .18389D+01     .00000D+00    -.11720D+02    -.25274D+02    -.17198D+02     .40595D+02     .76219D+02    -.11101D+03    -.39732D+02    -.22112D+02     .55195D+01    -.46006D+02    -.11537D+02     .40442D+02    -.38309D+01    -.40747D+01    -.79056D+01
     .70000D+00     .22159D+01     .15365D+01     .14595D+01     .14595D+01     .40980D+02    -.12972D+02    -.66041D+02     .18958D+02     .18236D+02    -.64046D+02     .14295D+02    -.14646D+02     .89481D+01    -.41723D+02     .18879D+02    -.14674D+02     .19161D-01    -.31964D+01    -.31772D+01
     .70000D+00     .22159D+01     .15365D+01     .16707D+01     .11584D+01     .40524D+02    -.16928D+02    -.69294D+02     .36876D+02     .34357D+02    -.92738D+02    -.45106D+01    -.15840D+02     .93518D+01    -.44359D+02     .89227D+01     .53593D+01     .45484D+00    -.67292D+01    -.62744D+01
     .70000D+00     .22159D+01     .15365D+01     .18389D+01     .00000D+00     .39957D+02    -.20590D+02    -.72649D+02     .57701D+02     .47427D+02    -.11209D+03    -.33834D+02    -.18618D+02     .10791D+02    -.48253D+02    -.47112D+01     .29671D+02     .13989D+01    -.81670D+01    -.67681D+01
     .70000D+00     .24390D+01     .00000D+00     .14595D+01     .14595D+01     .97629D+02    -.12153D+02    -.13610D+03     .12337D+02    -.22859D+02    -.66162D+02     .13998D+02    -.11526D+02     .17335D+01    -.44229D+02     .52068D+01    -.22991D+02     .26508D+02    -.60935D+01     .20415D+02
     .70000D+00     .24390D+01     .00000D+00     .16707D+01     .11584D+01     .99160D+02    -.14363D+02    -.14178D+03     .43182D+02    -.70681D+01    -.83371D+02    -.13230D+01    -.13648D+02     .33575D+01    -.48649D+02    -.86657D+01    -.49532D+01     .25918D+02    -.10297D+02     .15621D+02
     .70000D+00     .24390D+01     .00000D+00     .18389D+01     .00000D+00     .10013D+03    -.16198D+02    -.14955D+03     .78680D+02     .75381D+01    -.10081D+03    -.29021D+02    -.15812D+02     .97900D+01    -.57104D+02    -.20989D+02     .18449D+02     .25524D+02    -.13393D+02     .12131D+02
     .70000D+00     .18389D+01     .18389D+01     .16064D+01     .16064D+01    -.16611D+02    -.22158D+02    -.19406D+02     .19471D+02     .56462D+02    -.86190D+02     .22829D+02    -.18423D+02     .71341D+01    -.51259D+02     .10253D+01    -.92514D+01    -.79167D+01    -.18641D+01    -.97807D+01
     .70000D+00     .18389D+01     .18389D+01     .18389D+01     .12750D+01    -.17670D+02    -.27814D+02    -.22560D+02     .39202D+02     .74579D+02    -.11939D+03    -.28563D+01    -.19992D+02     .61860D+01    -.60384D+02    -.62956D+01     .18519D+02    -.58351D+01    -.66646D+01    -.12500D+02
     .70000D+00     .18389D+01     .18389D+01     .20239D+01     .00000D+00    -.19029D+02    -.32293D+02    -.25957D+02     .58120D+02     .88174D+02    -.14178D+03    -.45505D+02    -.22769D+02     .37302D+01    -.67842D+02    -.16359D+02     .51414D+02    -.36035D+01    -.83312D+01    -.11935D+02
     .70000D+00     .21050D+01     .14595D+01     .16064D+01     .16064D+01     .29404D+02    -.18082D+02    -.66651D+02     .24634D+02     .29128D+02    -.90619D+02     .25389D+02    -.16471D+02     .82622D+01    -.54457D+02     .18147D+02    -.20489D+02    -.34405D+01    -.46234D+01    -.80640D+01
     .70000D+00     .21050D+01     .14595D+01     .18389D+01     .12750D+01     .28972D+02    -.22916D+02    -.70346D+02     .48510D+02     .46937D+02    -.11501D+03     .17578D+01    -.17361D+02     .10419D+02    -.62704D+02     .55770D+01     .73784D+01    -.28768D+01    -.96642D+01    -.12541D+02
     .70000D+00     .21050D+01     .14595D+01     .20239D+01     .00000D+00     .27936D+02    -.26935D+02    -.75008D+02     .75888D+02     .61862D+02    -.13536D+03    -.34326D+02    -.20384D+02     .10205D+02    -.69809D+02    -.10764D+02     .38474D+02    -.16165D+01    -.12758D+02    -.14374D+02
     .70000D+00     .23168D+01     .00000D+00     .16064D+01     .16064D+01     .79298D+02    -.16927D+02    -.12822D+03     .17219D+02    -.73961D+01    -.82565D+02     .26620D+02    -.13942D+02     .55460D+01    -.60527D+02     .15312D+02    -.29423D+02     .15644D+02    -.70000D+01     .86443D+01
     .70000D+00     .23168D+01     .00000D+00     .18389D+01     .12750D+01     .78631D+02    -.19631D+02    -.13310D+03     .45601D+02     .11410D+02    -.10524D+03     .78131D+01    -.15090D+02     .13721D+02    -.76885D+02    -.39566D+01    -.58433D+01     .14874D+02    -.13671D+02     .12036D+01
     .70000D+00     .23168D+01     .00000D+00     .20239D+01     .00000D+00     .78142D+02    -.21459D+02    -.14377D+03     .98051D+02     .28395D+02    -.12928D+03    -.24760D+02    -.16904D+02     .13334D+02    -.68874D+02    -.26860D+02     .32369D+02     .14440D+02    -.19061D+02    -.46203D+01
     .80000D+00     .22008D+01     .22008D+01     .10580D+01     .10580D+01     .18971D+02    -.55462D+01     .18052D+02     .51436D+01     .36659D+02    -.30378D+02    -.27632D+01    -.94544D+01     .17800D+02    -.19370D+02     .13331D+02    -.31604D+01     .26671D+01    -.11049D-01     .26561D+01
     .80000D+00     .22008D+01     .22008D+01     .12111D+01     .83975D+00     .19085D+02    -.80524D+01     .17532D+02     .79836D+01     .43060D+02    -.36281D+02    -.11600D+02    -.12252D+02     .17108D+02    -.19116D+02     .97148D+01     .64086D+01     .30597D+01     .16319D+00     .32228D+01
     .80000D+00     .22008D+01     .22008D+01     .13330D+01     .00000D+00     .19166D+02    -.10503D+02     .16997D+02     .10972D+02     .49242D+02    -.43913D+02    -.26639D+02    -.15069D+02     .15778D+02    -.18108D+02     .51344D+01     .18101D+02     .35027D+01     .57838D+00     .40811D+01
     .80000D+00     .25193D+01     .17468D+01     .10580D+01     .10580D+01     .91314D+02    -.46250D+01    -.54151D+02     .88580D+01    -.29205D+01    -.25681D+02    -.65599D+01    -.68510D+01     .11129D+02    -.19451D+02     .14564D+02    -.68517D+01     .18528D+02    -.96385D+00     .17564D+02
     .80000D+00     .25193D+01     .17468D+01     .12111D+01     .83975D+00     .91826D+02    -.68468D+01    -.55177D+02     .14495D+02     .49615D+01    -.32487D+02    -.15382D+02    -.90505D+01     .11116D+02    -.19566D+02     .87600D+01     .20945D+01     .18580D+02    -.12099D+01     .17370D+02
     .80000D+00     .25193D+01     .17468D+01     .13330D+01     .00000D+00     .92337D+02    -.90024D+01    -.56232D+02     .20333D+02     .12542D+02    -.39333D+02    -.31632D+02    -.12527D+02     .11702D+02    -.19768D+02     .21590D+01     .11467D+02     .18646D+02    -.11294D+01     .17517D+02
     .80000D+00     .27728D+01     .00000D+00     .10580D+01     .10580D+01     .16850D+03    -.61664D+01    -.14831D+03     .91287D+01    -.62694D+02    -.24144D+02    -.17462D+02    -.54569D+01    -.20166D+02    -.17391D+02    -.22575D+02    -.97745D+01     .69151D+02    -.26953D+01     .66456D+02
     .80000D+00     .27728D+01     .00000D+00     .12111D+01     .83975D+00     .16865D+03    -.57256D+01    -.15075D+03     .20381D+02    -.53329D+02    -.38065D+02    -.24121D+02    -.70844D+01    -.18931D+02    -.17497D+02    -.23051D+02    -.37446D+01     .68968D+02    -.38897D+01     .65078D+02
     .80000D+00     .27728D+01     .00000D+00     .13330D+01     .00000D+00     .16875D+03    -.55678D+01    -.15338D+03     .31533D+02    -.44457D+02    -.49158D+02    -.39329D+02    -.92331D+01    -.18446D+02    -.16600D+02    -.34647D+02     .39355D+01     .68815D+02    -.46119D+01     .64203D+02
     .80000D+00     .21160D+01     .21160D+01     .13330D+01     .13330D+01     .85469D+01    -.10667D+02     .63654D+01     .12071D+02     .51318D+02    -.55161D+02     .99678D+01    -.14898D+02     .15275D+02    -.33488D+02     .80373D+01    -.43609D+01    -.14963D+01    -.16707D+00    -.16634D+01
     .80000D+00     .21160D+01     .21160D+01     .15259D+01     .10580D+01     .84185D+01    -.15031D+02     .50158D+01     .19302D+02     .63441D+02    -.68277D+02    -.59750D+01    -.17646D+02     .15276D+02    -.34886D+02     .31095D+01     .12622D+02    -.60962D+00    -.47220D+00    -.10818D+01
     .80000D+00     .21160D+01     .21160D+01     .16795D+01     .00000D+00     .81732D+01    -.19090D+02     .38303D+01     .26063D+02     .73024D+02    -.82849D+02    -.36199D+02    -.21668D+02     .13950D+02    -.34743D+02    -.45857D+01     .34780D+02     .45155D+00    -.15926D+00     .29229D+00
     .80000D+00     .24223D+01     .16795D+01     .13330D+01     .13330D+01     .76428D+02    -.83613D+01    -.60432D+02     .17317D+02     .12651D+02    -.48239D+02     .10697D+02    -.13697D+02     .12180D+02    -.34466D+02     .18732D+02    -.12707D+02     .10439D+02    -.16375D+01     .88016D+01
     .80000D+00     .24223D+01     .16795D+01     .15259D+01     .10580D+01     .75318D+02    -.11626D+02    -.62763D+02     .30121D+02     .26477D+02    -.64207D+02    -.43938D+01    -.14598D+02     .13034D+02    -.36496D+02     .93438D+01     .37505D+01     .10574D+02    -.30304D+01     .75433D+01
     .80000D+00     .24223D+01     .16795D+01     .16795D+01     .00000D+00     .73974D+02    -.14646D+02    -.65351D+02     .44359D+02     .39658D+02    -.84498D+02    -.31598D+02    -.17852D+02     .11872D+02    -.35456D+02    -.23007D+01     .22423D+02     .10901D+02    -.41988D+01     .67018D+01
     .80000D+00     .26660D+01     .00000D+00     .13330D+01     .13330D+01     .14213D+03    -.10020D+02    -.14477D+03     .20785D+02    -.39790D+02    -.55502D+02     .44321D+01    -.91841D+01    -.26750D+01    -.34611D+02    -.23882D+01    -.18424D+02     .49046D+02    -.48087D+01     .44238D+02
     .80000D+00     .26660D+01     .00000D+00     .15259D+01     .10580D+01     .14243D+03    -.10221D+02    -.14991D+03     .43211D+02    -.24759D+02    -.67299D+02    -.74061D+01    -.10932D+02     .14584D+00    -.38562D+02    -.10631D+02    -.53439D+01     .48593D+02    -.71795D+01     .41414D+02
     .80000D+00     .26660D+01     .00000D+00     .16795D+01     .00000D+00     .14300D+03    -.10422D+02    -.15469D+03     .65014D+02    -.11913D+02    -.80997D+02    -.29036D+02    -.13955D+02     .43719D+01    -.39344D+02    -.23373D+02     .12613D+02     .48166D+02    -.90458D+01     .39120D+02
     .80000D+00     .20239D+01     .20239D+01     .15259D+01     .15259D+01    -.25537D+01    -.15829D+02    -.56766D+01     .19246D+02     .60595D+02    -.76137D+02     .22174D+02    -.18084D+02     .15079D+02    -.46819D+02     .67837D+01    -.74774D+01    -.44701D+01    -.33228D+00    -.48024D+01
     .80000D+00     .20239D+01     .20239D+01     .17468D+01     .12111D+01    -.32540D+01    -.21217D+02    -.82498D+01     .33140D+02     .76488D+02    -.98212D+02     .50014D+00    -.20239D+02     .15409D+02    -.50554D+02    -.12631D+01     .19062D+02    -.28437D+01    -.23678D+01    -.52114D+01
     .80000D+00     .20239D+01     .20239D+01     .19225D+01     .00000D+00    -.41728D+01    -.26359D+02    -.11271D+02     .48716D+02     .92316D+02    -.12783D+03    -.37551D+02    -.23469D+02     .14120D+02    -.53274D+02    -.11511D+02     .49897D+02    -.79014D+00    -.37569D+01    -.45471D+01
     .80000D+00     .23168D+01     .16064D+01     .15259D+01     .15259D+01     .54085D+02    -.11900D+02    -.65579D+02     .26417D+02     .26840D+02    -.73781D+02     .23671D+02    -.18015D+02     .14618D+02    -.48460D+02     .23801D+02    -.18252D+02     .38678D+01    -.25389D+01     .13289D+01
     .80000D+00     .23168D+01     .16064D+01     .17468D+01     .12111D+01     .54148D+02    -.16372D+02    -.69386D+02     .48046D+02     .45310D+02    -.10560D+03     .29127D+01    -.16200D+02     .16153D+02    -.50381D+02     .12840D+02     .30634D+01     .44117D+01    -.62964D+01    -.18847D+01
     .80000D+00     .23168D+01     .16064D+01     .19225D+01     .00000D+00     .53600D+02    -.20360D+02    -.73473D+02     .69648D+02     .59443D+02    -.12333D+03    -.30379D+02    -.19459D+02     .16897D+02    -.52671D+02    -.36139D+01     .31607D+02     .50147D+01    -.81076D+01    -.30930D+01
     .80000D+00     .25500D+01     .00000D+00     .15259D+01     .15259D+01     .11577D+03    -.11412D+02    -.14523D+03     .28983D+02    -.21654D+02    -.72415D+02     .21779D+02    -.15277D+02     .67007D+01    -.54413D+02     .73244D+01    -.26572D+02     .32943D+02    -.60364D+01     .26906D+02
     .80000D+00     .25500D+01     .00000D+00     .17468D+01     .12111D+01     .11603D+03    -.13123D+02    -.15227D+03     .62293D+02    -.34328D+01    -.91332D+02     .45321D+01    -.13355D+02     .11171D+02    -.56062D+02    -.58531D+01    -.49134D+01     .32198D+02    -.10667D+02     .21531D+02
     .80000D+00     .25500D+01     .00000D+00     .19225D+01     .00000D+00     .11624D+03    -.14424D+02    -.16067D+03     .96266D+02     .13561D+02    -.11268D+03    -.26034D+02    -.15612D+02     .14238D+02    -.60561D+02    -.22432D+02     .25623D+02     .31679D+02    -.14418D+02     .17261D+02
     .80000D+00     .19225D+01     .19225D+01     .16795D+01     .16795D+01    -.11541D+02    -.21480D+02    -.15417D+02     .26719D+02     .68800D+02    -.97527D+02     .29354D+02    -.18549D+02     .12715D+02    -.59438D+02     .43827D+01    -.86233D+01    -.58552D+01    -.11058D+01    -.69611D+01
     .80000D+00     .19225D+01     .19225D+01     .19225D+01     .13330D+01    -.12839D+02    -.27601D+02    -.19260D+02     .48655D+02     .89070D+02    -.13332D+03     .59112D+01    -.21163D+02     .15665D+02    -.68525D+02    -.33673D+01     .20846D+02    -.35198D+01    -.58633D+01    -.93831D+01
     .80000D+00     .19225D+01     .19225D+01     .21160D+01     .00000D+00    -.14444D+02    -.33352D+02    -.22947D+02     .70862D+02     .10466D+03    -.15880D+03    -.39533D+02    -.23413D+02     .16051D+02    -.78964D+02    -.15260D+02     .60897D+02    -.11121D+01    -.81806D+01    -.92927D+01
     .80000D+00     .22008D+01     .15259D+01     .16795D+01     .16795D+01     .38908D+02    -.16629D+02    -.68509D+02     .34737D+02     .36832D+02    -.10216D+03     .33877D+02    -.18878D+02     .15915D+02    -.61190D+02     .26085D+02    -.24993D+02    -.44406D+00    -.39239D+01    -.43680D+01
     .80000D+00     .22008D+01     .15259D+01     .19225D+01     .13330D+01     .38240D+02    -.22186D+02    -.73266D+02     .62891D+02     .57727D+02    -.12652D+03     .99367D+01    -.18122D+02     .18996D+02    -.71109D+02     .12047D+02     .44771D+01     .10455D+00    -.92426D+01    -.91381D+01
     .80000D+00     .22008D+01     .15259D+01     .21160D+01     .00000D+00     .37576D+02    -.26436D+02    -.79129D+02     .93188D+02     .74110D+02    -.15097D+03    -.31301D+02    -.19659D+02     .20747D+02    -.79059D+02    -.77386D+01     .41321D+02     .10510D+01    -.13343D+02    -.12292D+02
     .80000D+00     .24223D+01     .00000D+00     .16795D+01     .16795D+01     .96240D+02    -.15809D+02    -.13906D+03     .34381D+02    -.52455D+01    -.88943D+02     .34726D+02    -.17406D+02     .11548D+02    -.71442D+02     .16730D+02    -.31286D+02     .20363D+02    -.69638D+01     .13399D+02
     .80000D+00     .24223D+01     .00000D+00     .19225D+01     .13330D+01     .97376D+02    -.18156D+02    -.14795D+03     .79197D+02     .16310D+02    -.11658D+03     .13993D+02    -.15035D+02     .17222D+02    -.74435D+02    -.56837D+01     .19802D+01     .19583D+02    -.14436D+02     .51475D+01
     .80000D+00     .24223D+01     .00000D+00     .21160D+01     .00000D+00     .97982D+02    -.19527D+02    -.15744D+03     .12061D+03     .35841D+02    -.14338D+03    -.23196D+02    -.15824D+02     .15526D+02    -.64040D+02    -.25743D+02     .35680D+02     .19149D+02    -.20623D+02    -.14745D+01
     .90000D+00     .22889D+01     .22889D+01     .11004D+01     .11004D+01     .33722D+02    -.53176D+01     .32236D+02     .59529D+01     .46095D+02    -.34315D+02     .55264D+01    -.10774D+02     .24754D+02    -.22025D+02     .19573D+02    -.36326D+01     .84366D+01     .29455D+00     .87312D+01
     .90000D+00     .22889D+01     .22889D+01     .12596D+01     .87338D+00     .33800D+02    -.82149D+01     .31596D+02     .87117D+01     .53482D+02    -.41340D+02    -.39822D+01    -.14711D+02     .23894D+02    -.21744D+02     .15026D+02     .78875D+01     .87720D+01     .43208D+00     .92041D+01
     .90000D+00     .22889D+01     .22889D+01     .13864D+01     .00000D+00     .33866D+02    -.11049D+02     .30824D+02     .12109D+02     .60413D+02    -.49804D+02    -.14030D+02    -.17184D+02     .21895D+02    -.20409D+02     .84646D+01     .21713D+02     .91636D+01     .85120D+00     .10015D+02
     .90000D+00     .26201D+01     .18167D+01     .11004D+01     .11004D+01     .11696D+03    -.56326D+01    -.48180D+02     .11051D+02     .70014D+01    -.29109D+02     .91080D+01    -.89518D+01     .14836D+02    -.22352D+02     .13990D+02    -.79409D+01     .26696D+02    -.35514D+00     .26341D+02
     .90000D+00     .26201D+01     .18167D+01     .12596D+01     .87338D+00     .11714D+03    -.85010D+01    -.49537D+02     .17678D+02     .15005D+02    -.37417D+02     .66348D+00    -.10924D+02     .15257D+02    -.22494D+02     .75061D+01     .22491D+01     .26673D+02    -.76378D+00     .25909D+02
     .90000D+00     .26201D+01     .18167D+01     .13864D+01     .00000D+00     .11746D+03    -.11614D+02    -.50967D+02     .24580D+02     .21877D+02    -.44907D+02    -.25226D+02    -.12917D+02     .15389D+02    -.22267D+02    -.30738D+00     .13044D+02     .26632D+02    -.84693D+00     .25785D+02
     .90000D+00     .28838D+01     .00000D+00     .11004D+01     .11004D+01     .19978D+03    -.47666D+01    -.15369D+03     .11219D+02    -.65903D+02    -.18060D+02    -.15408D+02    -.60474D+01    -.23151D+02    -.17520D+02    -.26782D+02    -.98604D+01     .81991D+02    -.24383D+01     .79553D+02
     .90000D+00     .28838D+01     .00000D+00     .12596D+01     .87338D+00     .20000D+03    -.44707D+01    -.15620D+03     .24033D+02    -.54945D+02    -.40045D+02    -.22676D+02    -.77341D+01    -.21854D+02    -.16435D+02    -.32182D+02    -.25715D+01     .81727D+02    -.40742D+01     .77653D+02
     .90000D+00     .28838D+01     .00000D+00     .13864D+01     .00000D+00     .19990D+03    -.41848D+01    -.15983D+03     .39290D+02    -.44029D+02    -.51033D+02    -.38105D+02    -.95057D+01    -.21655D+02    -.14550D+02    -.39324D+02     .61591D+01     .81569D+02    -.47097D+01     .76859D+02
     .90000D+00     .22008D+01     .22008D+01     .13864D+01     .13864D+01     .19027D+02    -.10274D+02     .16391D+02     .14868D+02     .62144D+02    -.62277D+02     .19774D+02    -.17631D+02     .24468D+02    -.37695D+02     .16696D+02    -.45865D+01     .29325D+01     .55626D+00     .34888D+01
     .90000D+00     .22008D+01     .22008D+01     .15870D+01     .11004D+01     .18903D+02    -.15432D+02     .14865D+02     .23454D+02     .74656D+02    -.77015D+02     .30419D+01    -.19758D+02     .25900D+02    -.39380D+02     .93376D+01     .16248D+02     .40083D+01     .57531D-01     .40658D+01
     .90000D+00     .22008D+01     .22008D+01     .17468D+01     .00000D+00     .18556D+02    -.19947D+02     .13058D+02     .32342D+02     .86309D+02    -.93701D+02    -.24905D+02    -.22665D+02     .23739D+02    -.39552D+02     .11877D+01     .40564D+02     .50062D+01     .23674D+00     .52429D+01
     .90000D+00     .25193D+01     .17468D+01     .13864D+01     .13864D+01     .92542D+02    -.85243D+01    -.56397D+02     .22416D+02     .24668D+02    -.53927D+02     .18906D+02    -.15019D+02     .20286D+02    -.38605D+02     .25077D+02    -.14565D+02     .15922D+02    -.98951D+00     .14933D+02
     .90000D+00     .25193D+01     .17468D+01     .15870D+01     .11004D+01     .92688D+02    -.11711D+02    -.59750D+02     .38416D+02     .36759D+02    -.72537D+02     .49533D+01    -.15662D+02     .21121D+02    -.40623D+02     .13555D+02     .38371D+01     .16450D+02    -.26875D+01     .13762D+02
     .90000D+00     .25193D+01     .17468D+01     .17468D+01     .00000D+00     .93127D+02    -.14215D+02    -.63089D+02     .54311D+02     .51392D+02    -.96000D+02    -.22587D+02    -.18582D+02     .20667D+02    -.40153D+02    -.13126D+01     .25712D+02     .17082D+02    -.39745D+01     .13107D+02
     .90000D+00     .27728D+01     .00000D+00     .13864D+01     .13864D+01     .17072D+03    -.11389D+02    -.15213D+03     .28316D+02    -.39276D+02    -.57724D+02     .71271D+01    -.93902D+01    -.40543D+01    -.37579D+02    -.11691D+02    -.17725D+02     .59604D+02    -.47031D+01     .54901D+02
     .90000D+00     .27728D+01     .00000D+00     .15870D+01     .11004D+01     .17067D+03    -.97631D+01    -.15770D+03     .51312D+02    -.23085D+02    -.72869D+02    -.46043D+01    -.11399D+02     .31375D+01    -.41363D+02    -.25370D+02    -.38490D+01     .59249D+02    -.74252D+01     .51824D+02
     .90000D+00     .27728D+01     .00000D+00     .17468D+01     .00000D+00     .17081D+03    -.89309D+01    -.16588D+03     .83179D+02    -.78648D+01    -.88259D+02    -.26435D+02    -.13166D+02     .53780D+01    -.44059D+02    -.34578D+02     .16250D+02     .58956D+02    -.94716D+01     .49485D+02
     .90000D+00     .21050D+01     .21050D+01     .15870D+01     .15870D+01     .68753D+01    -.14960D+02     .28662D+01     .24302D+02     .73740D+02    -.85759D+02     .31371D+02    -.20849D+02     .22325D+02    -.52856D+02     .11038D+02    -.75071D+01    -.10100D+01     .49011D+00    -.51991D+00
     .90000D+00     .21050D+01     .21050D+01     .18167D+01     .12596D+01     .61683D+01    -.21239D+02    -.41269D+00     .40863D+02     .91855D+02    -.11098D+03     .73941D+01    -.21712D+02     .22627D+02    -.56383D+02     .22353D+01     .20598D+02     .69143D+00    -.20233D+01    -.13318D+01
     .90000D+00     .21050D+01     .21050D+01     .19995D+01     .00000D+00     .47407D+01    -.26917D+02    -.55309D+01     .56146D+02     .10824D+03    -.14411D+03    -.35170D+02    -.24603D+02     .34850D+02    -.60588D+02    -.12282D+02     .64549D+02     .28677D+01    -.33215D+01    -.45376D+00
     .90000D+00     .24096D+01     .16707D+01     .15870D+01     .15870D+01     .70752D+02    -.10769D+02    -.63620D+02     .33260D+02     .35289D+02    -.82863D+02     .33277D+02    -.22945D+02     .19904D+02    -.52598D+02     .29447D+02    -.23259D+02     .81248D+01    -.21510D+01     .59738D+01
     .90000D+00     .24096D+01     .16707D+01     .18167D+01     .12596D+01     .67421D+02    -.15759D+02    -.70838D+02     .54428D+02     .52384D+02    -.11591D+03     .77637D+01    -.19084D+02     .19927D+02    -.57619D+02     .15767D+02     .33808D+01     .70543D+01    -.72299D+01    -.17565D+00
     .90000D+00     .24096D+01     .16707D+01     .19995D+01     .00000D+00     .68565D+02    -.19636D+02    -.74006D+02     .82704D+02     .71206D+02    -.13591D+03    -.17651D+02    -.21334D+02     .24104D+02    -.62002D+02    -.43111D+01     .36196D+02     .92110D+01    -.80650D+01     .11460D+01
     .90000D+00     .26521D+01     .00000D+00     .15870D+01     .15870D+01     .14066D+03    -.13938D+02    -.14780D+03     .40701D+02    -.19170D+02    -.77879D+02     .28590D+02    -.16619D+02     .12993D+02    -.62123D+02     .21635D+01    -.29012D+02     .40139D+02    -.58601D+01     .34279D+02
     .90000D+00     .26521D+01     .00000D+00     .18167D+01     .12596D+01     .14090D+03    -.12607D+02    -.15720D+03     .80628D+02     .13103D+01    -.99793D+02     .97231D+01    -.13329D+02     .17368D+02    -.64002D+02    -.69059D+01    -.40208D+01     .39665D+02    -.10952D+02     .28713D+02
     .90000D+00     .26521D+01     .00000D+00     .19995D+01     .00000D+00     .14125D+03    -.12387D+02    -.16686D+03     .11920D+03     .20283D+02    -.12415D+03    -.21472D+02    -.14863D+02     .19235D+02    -.65174D+02    -.24758D+02     .21961D+02     .39179D+02    -.15235D+02     .23944D+02
     .90000D+00     .19995D+01     .19995D+01     .17468D+01     .17468D+01    -.55127D+01    -.20286D+02    -.10338D+02     .33345D+02     .81355D+02    -.10982D+03     .40115D+02    -.20797D+02     .21731D+02    -.66590D+02     .90313D+01    -.10340D+02    -.33488D+01    -.33957D-01    -.33828D+01
     .90000D+00     .19995D+01     .19995D+01     .19995D+01     .13864D+01    -.71491D+01    -.27200D+02    -.15002D+02     .58064D+02     .10372D+03    -.14916D+03     .12049D+02    -.21648D+02     .23347D+02    -.78675D+02    -.41729D+00     .20921D+02    -.10310D+01    -.53938D+01    -.64248D+01
     .90000D+00     .19995D+01     .19995D+01     .22008D+01     .00000D+00    -.81213D+01    -.33910D+02    -.19976D+02     .81615D+02     .12128D+03    -.17359D+03    -.37085D+02    -.22425D+02     .26180D+02    -.91105D+02    -.18221D+02     .79438D+02     .11892D+01    -.76075D+01    -.64184D+01
     .90000D+00     .22889D+01     .15870D+01     .17468D+01     .17468D+01     .50169D+02    -.14761D+02    -.69056D+02     .44055D+02     .48242D+02    -.11285D+03     .42220D+02    -.17428D+02     .23701D+02    -.67302D+02     .31920D+02    -.27499D+02     .24736D+01    -.29673D+01    -.49380D+00
     .90000D+00     .22889D+01     .15870D+01     .19995D+01     .13864D+01     .49547D+02    -.20517D+02    -.75069D+02     .74632D+02     .68884D+02    -.13818D+03     .16811D+02    -.18948D+02     .26182D+02    -.79232D+02     .16865D+02     .36952D+01     .30021D+01    -.90578D+01    -.60557D+01
     .90000D+00     .22889D+01     .15870D+01     .22008D+01     .00000D+00     .48209D+02    -.24772D+02    -.82613D+02     .11115D+03     .86933D+02    -.16545D+03    -.28913D+02    -.17882D+02     .30470D+02    -.86286D+02    -.12597D+02     .52754D+02     .43439D+01    -.13199D+02    -.88547D+01
     .90000D+00     .25193D+01     .00000D+00     .17468D+01     .17468D+01     .10833D+03    -.13595D+02    -.14713D+03     .50954D+02    -.22882D+01    -.96194D+02     .44761D+02    -.22730D+02     .17989D+02    -.75705D+02     .19085D+02    -.33406D+02     .24922D+02    -.67605D+01     .18161D+02
     .90000D+00     .25193D+01     .00000D+00     .19995D+01     .13864D+01     .10912D+03    -.15385D+02    -.15641D+03     .91163D+02     .22392D+02    -.12744D+03     .20089D+02    -.15950D+02     .20108D+02    -.75586D+02    -.49142D+01     .33572D+01     .24093D+02    -.15006D+02     .90865D+01
     .90000D+00     .25193D+01     .00000D+00     .22008D+01     .00000D+00     .10952D+03    -.16108D+02    -.17327D+03     .15480D+03     .44603D+02    -.15721D+03    -.20590D+02    -.12822D+02     .22766D+02    -.64633D+02    -.27205D+02     .41810D+02     .23702D+02    -.21940D+02     .17620D+01
     .10000D+01     .23707D+01     .23707D+01     .11397D+01     .11397D+01     .48310D+02    -.50918D+01     .47145D+02     .66142D+01     .56038D+02    -.39097D+02     .14516D+02    -.13378D+02     .32149D+02    -.25288D+02     .26400D+02    -.36920D+01     .14504D+02     .63460D+00     .15138D+02
     .10000D+01     .23707D+01     .23707D+01     .13047D+01     .90459D+00     .48598D+02    -.82522D+01     .47210D+02     .93469D+01     .64252D+02    -.47179D+02     .54474D+01    -.16303D+02     .30944D+02    -.23970D+02     .20597D+02     .10749D+02     .14945D+02     .72388D+00     .15669D+02
     .10000D+01     .23707D+01     .23707D+01     .14360D+01     .00000D+00     .48941D+02    -.11386D+02     .47377D+02     .12602D+02     .71723D+02    -.55945D+02    -.14652D+02    -.18775D+02     .29931D+02    -.23043D+02     .14130D+02     .26696D+02     .15458D+02     .11390D+01     .16597D+02
     .10000D+01     .27138D+01     .18816D+01     .11397D+01     .11397D+01     .14118D+03    -.45678D+01    -.40918D+02     .14020D+02     .54540D+01    -.32389D+02     .89568D+01    -.92617D+01     .19289D+02    -.24659D+02     .12166D+02    -.78020D+01     .34834D+02    -.55442D+00     .34279D+02
     .10000D+01     .27138D+01     .18816D+01     .13047D+01     .90459D+00     .14160D+03    -.68859D+01    -.42491D+02     .20950D+02     .17367D+02    -.41002D+02    -.92514D+00    -.11704D+02     .20351D+02    -.25157D+02     .34455D+01     .27177D+01     .34796D+02    -.86358D+00     .33933D+02
     .10000D+01     .27138D+01     .18816D+01     .14360D+01     .00000D+00     .14227D+03    -.96654D+01    -.44143D+02     .28086D+02     .27729D+02    -.49779D+02    -.15531D+02    -.14585D+02     .21034D+02    -.25316D+02    -.65273D+01     .13673D+02     .34797D+02    -.79452D+00     .34002D+02
     .10000D+01     .29869D+01     .00000D+00     .11397D+01     .11397D+01     .22619D+03    -.27914D+01    -.15767D+03     .16392D+02    -.64549D+02    -.40359D+02    -.20229D+02    -.56088D+01    -.27488D+02    -.24560D+02    -.28521D+02    -.88550D+01     .95480D+02    -.31101D+01     .92370D+02
     .10000D+01     .29869D+01     .00000D+00     .13047D+01     .90459D+00     .22627D+03    -.25075D+01    -.16150D+03     .29910D+02    -.52424D+02    -.48915D+02    -.28274D+02    -.74249D+01    -.27430D+02    -.19623D+02    -.34479D+02    -.75702D+00     .95148D+02    -.41407D+01     .91007D+02
     .10000D+01     .29869D+01     .00000D+00     .14360D+01     .00000D+00     .22633D+03    -.20159D+01    -.16669D+03     .47251D+02    -.40551D+02    -.55887D+02    -.33848D+02    -.99211D+01    -.24621D+02    -.20007D+02    -.39701D+02     .84304D+01     .94902D+02    -.47745D+01     .90127D+02
     .10000D+01     .22794D+01     .22794D+01     .14360D+01     .14360D+01     .32315D+02    -.98606D+01     .28849D+02     .17378D+02     .73219D+02    -.69134D+02     .29313D+02    -.21049D+02     .33345D+02    -.42679D+02     .23707D+02    -.48569D+01     .79995D+01     .10976D+01     .90972D+01
     .10000D+01     .22794D+01     .22794D+01     .16438D+01     .11397D+01     .32696D+02    -.15471D+02     .28209D+02     .25029D+02     .88602D+02    -.86099D+02     .14763D+02    -.22084D+02     .32454D+02    -.44114D+02     .12939D+02     .18769D+02     .87265D+01     .60545D+00     .93320D+01
     .10000D+01     .22794D+01     .22794D+01     .18092D+01     .00000D+00     .32752D+02    -.20458D+02     .27860D+02     .34067D+02     .10070D+03    -.10439D+03    -.14700D+02    -.25067D+02     .31291D+02    -.44723D+02     .42323D+01     .49139D+02     .99787D+01     .60424D+00     .10583D+02
     .10000D+01     .26093D+01     .18092D+01     .14360D+01     .14360D+01     .11383D+03    -.10763D+02    -.52305D+02     .27791D+02     .29750D+02    -.60352D+02     .29062D+02    -.16286D+02     .27224D+02    -.43558D+02     .29307D+02    -.17664D+02     .22743D+02    -.41329D+00     .22330D+02
     .10000D+01     .26093D+01     .18092D+01     .16438D+01     .11397D+01     .11382D+03    -.14797D+02    -.55895D+02     .44160D+02     .47329D+02    -.81038D+02     .12958D+02    -.17253D+02     .27484D+02    -.44089D+02     .12793D+02     .46327D+01     .22793D+02    -.22885D+01     .20505D+02
     .10000D+01     .26093D+01     .18092D+01     .18092D+01     .00000D+00     .11312D+03    -.15587D+02    -.60457D+02     .63313D+02     .64032D+02    -.10729D+03    -.15408D+02    -.19056D+02     .26447D+02    -.42412D+02    -.41045D+01     .27827D+02     .23404D+02    -.39548D+01     .19449D+02
     .10000D+01     .28719D+01     .00000D+00     .14360D+01     .14360D+01     .19772D+03    -.85648D+01    -.15683D+03     .35708D+02    -.38888D+02    -.63931D+02     .10825D+02    -.99391D+01    -.55565D+01    -.38521D+02    -.17619D+02    -.17667D+02     .69438D+02    -.48329D+01     .64605D+02
     .10000D+01     .28719D+01     .00000D+00     .16438D+01     .11397D+01     .19798D+03    -.81558D+01    -.16390D+03     .61272D+02    -.19478D+02    -.79906D+02    -.40008D+00    -.12067D+02     .29943D+01    -.40676D+02    -.25380D+02    -.11514D+01     .69100D+02    -.76197D+01     .61481D+02
     .10000D+01     .28719D+01     .00000D+00     .18092D+01     .00000D+00     .19800D+03    -.71988D+01    -.17747D+03     .10735D+03    -.20663D+01    -.96360D+02    -.27007D+02    -.13323D+02     .95858D+01    -.48755D+02    -.44236D+02     .21525D+02     .68771D+02    -.98015D+01     .58969D+02
     .10000D+01     .21802D+01     .21802D+01     .16438D+01     .16438D+01     .15164D+02    -.14286D+02     .10611D+02     .30163D+02     .86107D+02    -.95380D+02     .45038D+02    -.23380D+02     .33624D+02    -.60027D+02     .19370D+02    -.68721D+01     .29513D+01     .15747D+01     .45260D+01
     .10000D+01     .21802D+01     .21802D+01     .18816D+01     .13047D+01     .14411D+02    -.21327D+02     .61337D+01     .48197D+02     .10626D+03    -.12456D+03     .22006D+02    -.24710D+02     .33779D+02    -.63892D+02     .85636D+01     .25239D+02     .45138D+01    -.11645D+01     .33492D+01
     .10000D+01     .21802D+01     .21802D+01     .20710D+01     .00000D+00     .13671D+02    -.27148D+02     .12351D+01     .66338D+02     .12450D+03    -.15939D+03    -.26785D+02    -.25399D+02     .33086D+02    -.68393D+02    -.50315D+01     .72935D+02     .66595D+01    -.30728D+01     .35867D+01
     .10000D+01     .24957D+01     .17304D+01     .16438D+01     .16438D+01     .87583D+02    -.96913D+01    -.61539D+02     .42062D+02     .45371D+02    -.91688D+02     .44731D+02    -.26351D+02     .27103D+02    -.58518D+02     .34824D+02    -.24827D+02     .12911D+02    -.13418D+01     .11569D+02
     .10000D+01     .24957D+01     .17304D+01     .18816D+01     .13047D+01     .87446D+02    -.14427D+02    -.67325D+02     .67621D+02     .66878D+02    -.12417D+03     .18173D+02    -.19307D+02     .27675D+02    -.57700D+02     .16912D+02     .77492D+00     .13541D+02    -.53402D+01     .82008D+01
     .10000D+01     .24957D+01     .17304D+01     .20710D+01     .00000D+00     .86868D+02    -.18327D+02    -.74133D+02     .95776D+02     .85725D+02    -.14751D+03    -.21585D+02    -.20915D+02     .33078D+02    -.75510D+02    -.73343D+01     .39859D+02     .14185D+02    -.78136D+01     .63719D+01
     .10000D+01     .27469D+01     .00000D+00     .16438D+01     .16438D+01     .16500D+03    -.14564D+02    -.15530D+03     .49470D+02    -.16555D+02    -.83616D+02     .30583D+02    -.11512D+02     .15587D+02    -.62794D+02    -.46433D+01    -.25788D+02     .48259D+02    -.57190D+01     .42540D+02
     .10000D+01     .27469D+01     .00000D+00     .18816D+01     .13047D+01     .16488D+03    -.11161D+02    -.16666D+03     .94764D+02     .68913D+01    -.10875D+03     .13287D+02    -.13477D+02     .22082D+02    -.74149D+02    -.19532D+02     .37153D+01     .47893D+02    -.11319D+02     .36574D+02
     .10000D+01     .27469D+01     .00000D+00     .20710D+01     .00000D+00     .16484D+03    -.92008D+01    -.18240D+03     .15046D+03     .28555D+02    -.13536D+03    -.21448D+02    -.14123D+02     .16903D+02    -.55754D+02    -.45399D+02     .36159D+02     .47417D+02    -.15897D+02     .31519D+02
     .10000D+01     .20710D+01     .20710D+01     .18092D+01     .18092D+01     .14442D+01    -.18525D+02    -.47886D+01     .42441D+02     .94930D+02    -.12166D+03     .49660D+02    -.22948D+02     .28581D+02    -.73510D+02     .12649D+02    -.10484D+02    -.54669D+00     .79611D+00     .24942D+00
     .10000D+01     .20710D+01     .20710D+01     .20710D+01     .14360D+01    -.59578D+00    -.24376D+02    -.11435D+02     .68471D+02     .12051D+03    -.16371D+03     .17652D+02    -.22097D+02     .46944D+02    -.86432D+02     .89728D+00     .25735D+02     .20603D+01    -.45575D+01    -.24972D+01
     .10000D+01     .20710D+01     .20710D+01     .22794D+01     .00000D+00    -.17526D+01    -.33565D+02    -.17077D+02     .92088D+02     .13460D+03    -.18820D+03    -.36575D+02    -.22333D+02     .48804D+02    -.10216D+03    -.26522D+02     .98154D+02     .44039D+01    -.75017D+01    -.30978D+01
     .10000D+01     .23707D+01     .16438D+01     .18092D+01     .18092D+01     .61450D+02    -.12460D+02    -.69895D+02     .53362D+02     .60547D+02    -.12360D+03     .49765D+02    -.16917D+02     .29532D+02    -.75845D+02     .35023D+02    -.30769D+02     .60372D+01    -.21426D+01     .38947D+01
     .10000D+01     .23707D+01     .16438D+01     .20710D+01     .14360D+01     .60996D+02    -.18383D+02    -.76793D+02     .89381D+02     .79597D+02    -.14932D+03     .24011D+02    -.21483D+02     .33887D+02    -.92186D+02     .20275D+02     .39625D+00     .66277D+01    -.85171D+01    -.18894D+01
     .10000D+01     .23707D+01     .16438D+01     .22794D+01     .00000D+00     .61001D+02    -.22416D+02    -.86353D+02     .12882D+03     .10101D+03    -.18005D+03    -.21557D+02    -.17440D+02     .34480D+02    -.91618D+02    -.13951D+02     .58226D+02     .75445D+01    -.13740D+02    -.61953D+01
     .10000D+01     .26093D+01     .00000D+00     .18092D+01     .18092D+01     .13167D+03    -.16190D+02    -.15112D+03     .67963D+02     .15212D+01    -.10317D+03     .51259D+02    -.21333D+02     .24645D+02    -.81487D+02     .22604D+02    -.41037D+02     .30516D+02    -.63212D+01     .24195D+02
     .10000D+01     .26093D+01     .00000D+00     .20710D+01     .14360D+01     .13181D+03    -.13907D+02    -.16333D+03     .11910D+03     .29147D+02    -.13801D+03     .26781D+02    -.16821D+02     .25765D+02    -.73676D+02    -.23945D+01    -.52991D+01     .29944D+02    -.15321D+02     .14624D+02
     .10000D+01     .26093D+01     .00000D+00     .22794D+01     .00000D+00     .13176D+03    -.12255D+02    -.18555D+03     .19547D+03     .54017D+02    -.17026D+03    -.15753D+02    -.10203D+02     .25934D+02    -.61792D+02    -.31629D+02     .42443D+02     .29497D+02    -.23024D+02     .64730D+01
