     .10000D+01     .23707D+01     .23707D+01     .11397D+01     .11397D+01     .47813D+02    -.34532D+01     .46736D+02     .10303D+02     .53013D+02    -.39697D+02     .44674D+02    -.15791D+02     .28588D+02    -.21317D+02     .23228D+02    -.11695D+01     .15326D+02     .11227D+01     .16449D+02
     .10000D+01     .23707D+01     .23707D+01     .13047D+01     .90459D+00     .49062D+02    -.92956D+01     .47430D+02     .11568D+02     .61492D+02    -.48083D+02     .31657D+02    -.20909D+02     .25618D+02    -.14937D+02     .15449D+02     .17313D+02     .15558D+02     .85813D+00     .16416D+02
     .10000D+01     .23707D+01     .23707D+01     .14360D+01     .00000D+00     .50288D+02    -.15129D+02     .48115D+02     .13141D+02     .68779D+02    -.55693D+02     .68802D+01    -.22144D+02     .22430D+02    -.89229D+01     .50916D+01     .41275D+02     .15854D+02     .10601D+01     .16914D+02
     .10000D+01     .27138D+01     .18816D+01     .11397D+01     .11397D+01     .14030D+03    -.37515D+01    -.40458D+02     .16418D+02    -.79670D+00    -.33181D+02     .43464D+02    -.12214D+02     .16014D+02    -.23151D+02     .13532D+02    -.70665D+01     .35393D+02     .17590D-01     .35411D+02
     .10000D+01     .27138D+01     .18816D+01     .13047D+01     .90459D+00     .14186D+03    -.95885D+01    -.41622D+02     .22976D+02     .10332D+02    -.40761D+02     .31144D+02    -.14543D+02     .15134D+02    -.19022D+02     .28536D+01     .74145D+01     .35023D+02    -.75887D+00     .34264D+02
     .10000D+01     .27138D+01     .18816D+01     .14360D+01     .00000D+00     .14382D+03    -.16632D+02    -.42983D+02     .30104D+02     .19968D+02    -.48976D+02     .94319D+01    -.16051D+02     .14273D+02    -.15355D+02    -.94629D+01     .22906D+02     .34672D+02    -.11270D+01     .33545D+02
     .10000D+01     .29869D+01     .00000D+00     .11397D+01     .11397D+01     .22368D+03    -.33526D+00    -.15770D+03     .23074D+02    -.82759D+02    -.37433D+02     .26193D+02    -.83173D+01    -.26240D+02    -.35204D+02    -.26288D+02    -.11643D+02     .95487D+02    -.23734D+01     .93113D+02
     .10000D+01     .29869D+01     .00000D+00     .13047D+01     .90459D+00     .22552D+03    -.37142D+01    -.16271D+03     .42841D+02    -.71355D+02    -.45770D+02     .19363D+02    -.95291D+01    -.45495D+02     .20486D+01    -.36029D+02     .71816D+01     .94737D+02    -.41620D+01     .90575D+02
     .10000D+01     .29869D+01     .00000D+00     .14360D+01     .00000D+00     .22700D+03    -.68707D+01    -.17363D+03     .78935D+02    -.60342D+02    -.52987D+02     .60978D+01    -.10867D+02    -.19335D+02    -.42219D+02    -.44737D+02     .23381D+02     .94041D+02    -.55502D+01     .88490D+02
     .10000D+01     .22794D+01     .22794D+01     .14360D+01     .14360D+01     .31990D+02    -.61679D+01     .28429D+02     .23621D+02     .72063D+02    -.71846D+02     .62554D+02    -.25270D+02     .30186D+02    -.36181D+02     .20569D+02    -.96425D+00     .90372D+01     .21269D+01     .11164D+02
     .10000D+01     .22794D+01     .22794D+01     .16438D+01     .11397D+01     .33333D+02    -.16547D+02     .28863D+02     .28109D+02     .86494D+02    -.87112D+02     .38785D+02    -.27078D+02     .26452D+02    -.29333D+02     .56261D+01     .35569D+02     .95359D+01     .91825D+00     .10454D+02
     .10000D+01     .22794D+01     .22794D+01     .18092D+01     .00000D+00     .34399D+02    -.26235D+02     .28650D+02     .34370D+02     .99268D+02    -.10557D+03     .14575D+00    -.27785D+02     .18531D+02    -.15018D+02    -.16415D+02     .80945D+02     .10435D+02     .51836D+00     .10953D+02
     .10000D+01     .26093D+01     .18092D+01     .14360D+01     .14360D+01     .11220D+03    -.59704D+01    -.52802D+02     .32543D+02     .22630D+02    -.62089D+02     .64636D+02    -.21840D+02     .24096D+02    -.38907D+02     .30386D+02    -.18558D+02     .23658D+02     .42125D+00     .24079D+02
     .10000D+01     .26093D+01     .18092D+01     .16438D+01     .11397D+01     .11308D+03    -.13985D+02    -.55870D+02     .49000D+02     .40638D+02    -.86484D+02     .42444D+02    -.20346D+02     .21189D+02    -.30651D+02     .87730D+01     .17439D+02     .23322D+02    -.24757D+01     .20846D+02
     .10000D+01     .26093D+01     .18092D+01     .18092D+01     .00000D+00     .11361D+03    -.19973D+02    -.59955D+02     .67846D+02     .58299D+02    -.11514D+03     .46070D+01    -.20199D+02     .14677D+02    -.16243D+02    -.15995D+02     .55890D+02     .23431D+02    -.47375D+01     .18693D+02
     .10000D+01     .28719D+01     .00000D+00     .14360D+01     .14360D+01     .19391D+03    -.24944D+01    -.15791D+03     .41332D+02    -.54961D+02    -.59694D+02     .47091D+02    -.14260D+02     .23437D+01    -.67325D+02    -.22202D+02    -.75955D+01     .70694D+02    -.38027D+01     .66891D+02
     .10000D+01     .28719D+01     .00000D+00     .16438D+01     .11397D+01     .19683D+03    -.91009D+01    -.17083D+03     .90889D+02    -.35789D+02    -.78803D+02     .37016D+02    -.14425D+02     .26102D+02    -.89772D+02    -.14591D+02    -.13746D+02     .68971D+02    -.78570D+01     .61114D+02
     .10000D+01     .28719D+01     .00000D+00     .18092D+01     .00000D+00     .19888D+03    -.14072D+02    -.18062D+03     .12728D+03    -.18392D+02    -.97199D+02     .14461D+02    -.14441D+02     .39492D+02    -.60325D+02     .14473D+02    -.57559D+02     .67612D+02    -.11316D+02     .56296D+02
     .10000D+01     .21802D+01     .21802D+01     .16438D+01     .16438D+01     .13544D+02    -.68777D+01     .81495D+01     .40643D+02     .85149D+02    -.99166D+02     .74979D+02    -.30397D+02     .30894D+02    -.49727D+02     .17029D+02    -.93829D+00     .45640D+01     .28994D+01     .74634D+01
     .10000D+01     .21802D+01     .21802D+01     .18816D+01     .13047D+01     .14765D+02    -.21453D+02     .44432D+01     .55130D+02     .10620D+03    -.12996D+03     .41319D+02    -.27443D+02     .20863D+02    -.34665D+02    -.80820D+01     .61830D+02     .56903D+01    -.10991D+01     .45912D+01
     .10000D+01     .21802D+01     .21802D+01     .20710D+01     .00000D+00     .15386D+02    -.33688D+02     .11434D+01     .71229D+02     .12762D+03    -.16714D+03    -.98788D+01    -.27186D+02     .98596D+01    -.20292D+02    -.52629D+02     .14188D+03     .75225D+01    -.33297D+01     .41928D+01
     .10000D+01     .24957D+01     .17304D+01     .16438D+01     .16438D+01     .84964D+02    -.19719D+01    -.63091D+02     .49570D+02     .40145D+02    -.99146D+02     .77591D+02    -.29702D+02     .21886D+02    -.49155D+02     .33088D+02    -.23552D+02     .14450D+02    -.22004D+00     .14230D+02
     .10000D+01     .24957D+01     .17304D+01     .18816D+01     .13047D+01     .86995D+02    -.14609D+02    -.68237D+02     .74762D+02     .61935D+02    -.12907D+03     .46692D+02    -.22491D+02     .19296D+02    -.36341D+02     .33330D+01     .29002D+02     .13996D+02    -.54741D+01     .85214D+01
     .10000D+01     .24957D+01     .17304D+01     .20710D+01     .00000D+00     .87719D+02    -.26255D+02    -.74377D+02     .10278D+03     .80841D+02    -.15175D+03    -.48104D+01    -.21317D+02    -.56984D+01    -.21937D+02    -.34074D+02     .90333D+02     .14047D+02    -.88305D+01     .52163D+01
     .10000D+01     .27469D+01     .00000D+00     .16438D+01     .16438D+01     .16087D+03    -.43311D+01    -.16212D+03     .76982D+02    -.31301D+02    -.83921D+02     .68480D+02    -.23595D+02     .16299D+02    -.15086D+03     .17569D+02    -.57770D+02     .50056D+02    -.44956D+01     .45560D+02
     .10000D+01     .27469D+01     .00000D+00     .18816D+01     .13047D+01     .16407D+03    -.12350D+02    -.17315D+03     .12392D+03    -.73081D+01    -.11151D+03     .52858D+02    -.17305D+02     .20630D+02    -.20235D+03     .43588D+02    -.88747D+02     .47749D+02    -.11585D+02     .36164D+02
     .10000D+01     .27469D+01     .00000D+00     .20710D+01     .00000D+00     .16646D+03    -.18273D+02    -.18448D+03     .16975D+03     .14981D+02    -.13935D+03     .13488D+02    -.14324D+02    -.41008D+02     .56035D+02    -.64406D+02     .12415D+03     .45958D+02    -.18009D+02     .27949D+02
     .10000D+01     .20710D+01     .20710D+01     .18092D+01     .18092D+01    -.78488D+00    -.98605D+01    -.78883D+01     .54733D+02     .96721D+02    -.13140D+03     .80751D+02    -.34492D+02     .22589D+02    -.54886D+02     .63242D+01     .34705D+01     .15050D+01     .22168D+01     .37219D+01
     .10000D+01     .20710D+01     .20710D+01     .20710D+01     .14360D+01    -.49767D+00    -.26151D+02    -.13034D+02     .75622D+02     .12140D+03    -.17034D+03     .44407D+02    -.25963D+02     .67412D+01    -.40622D+02    -.22944D+02     .83533D+02     .30734D+01    -.42585D+01    -.11850D+01
     .10000D+01     .20710D+01     .20710D+01     .22794D+01     .00000D+00    -.51293D+00    -.40620D+02    -.18304D+02     .98663D+02     .13666D+03    -.19582D+03    -.24039D+02    -.22644D+02    -.31951D+02    -.12469D+02    -.79756D+02     .19747D+03     .50941D+01    -.82327D+01    -.31387D+01
     .10000D+01     .23707D+01     .16438D+01     .18092D+01     .18092D+01     .58935D+02    -.25024D+01    -.71953D+02     .63961D+02     .51903D+02    -.12127D+03     .85284D+02    -.31806D+02     .25130D+02    -.62152D+02     .36322D+02    -.27074D+02     .75058D+01    -.10561D+01     .64496D+01
     .10000D+01     .23707D+01     .16438D+01     .20710D+01     .14360D+01     .60640D+02    -.17712D+02    -.77900D+02     .98405D+02     .76302D+02    -.15380D+03     .48407D+02    -.20472D+02     .87225D+01     .10314D+02     .53006D+01     .33617D+02     .71488D+01    -.85858D+01    -.14370D+01
     .10000D+01     .23707D+01     .16438D+01     .22794D+01     .00000D+00     .62329D+02    -.31400D+02    -.87946D+02     .13895D+03     .98060D+02    -.18822D+03    -.12371D+02    -.15726D+02    -.69590D+01     .15594D+02    -.62169D+02     .14541D+03     .74823D+01    -.15224D+02    -.77412D+01
     .10000D+01     .26093D+01     .00000D+00     .18092D+01     .18092D+01     .12842D+03    -.78055D+01    -.15738D+03     .93011D+02    -.10043D+02    -.10590D+03     .89209D+02    -.32172D+02     .25116D+02    -.19165D+03     .82334D+02    -.13833D+03     .32233D+02    -.47273D+01     .27506D+02
     .10000D+01     .26093D+01     .00000D+00     .20710D+01     .14360D+01     .13094D+03    -.14506D+02    -.16951D+03     .14761D+03     .17805D+02    -.14177D+03     .61050D+02    -.18928D+02     .50983D+02    -.59739D+02    -.62484D+02     .13522D+03     .29931D+02    -.15746D+02     .14185D+02
     .10000D+01     .26093D+01     .00000D+00     .22794D+01     .00000D+00     .13279D+03    -.22670D+02    -.18689D+03     .21120D+03     .43347D+02    -.17708D+03     .53333D+01    -.84608D+01     .57276D+02    -.49984D+02    -.50713D+02     .13873D+03     .28246D+02    -.25810D+02     .24366D+01
     .11000D+01     .24472D+01     .24472D+01     .11765D+01     .11765D+01     .81947D+02    -.42110D+01     .79889D+02     .84489D+01     .59720D+02    -.45779D+02     .56381D+02    -.20183D+02     .32710D+02    -.27108D+02     .26223D+02    -.66071D+01     .24310D+02     .13021D+01     .25612D+02
     .11000D+01     .24472D+01     .24472D+01     .13468D+01     .93379D+00     .80814D+02    -.10511D+02     .78353D+02     .91712D+01     .68169D+02    -.52807D+02     .41377D+02    -.23111D+02     .27814D+02    -.16247D+02     .15326D+02     .19290D+02     .24194D+02     .10309D+01     .25224D+02
     .11000D+01     .24472D+01     .24472D+01     .14823D+01     .00000D+00     .79420D+02    -.17003D+02     .76228D+02     .11068D+02     .75648D+02    -.61456D+02     .14368D+02    -.24747D+02     .24271D+02    -.92395D+01     .38628D+01     .46712D+02     .24125D+02     .11642D+01     .25289D+02
     .11000D+01     .28014D+01     .19424D+01     .11765D+01     .11765D+01     .16553D+03    -.33317D+01    -.32562D+02     .18356D+02     .64498D+01    -.37395D+02     .55133D+02    -.15364D+02     .21543D+02    -.28226D+02    -.43374D+02    -.16252D+02     .44560D+02     .33778D+00     .44897D+02
     .11000D+01     .28014D+01     .19424D+01     .13468D+01     .93379D+00     .16691D+03    -.71017D+01    -.33712D+02     .25298D+02     .15660D+02    -.43884D+02     .41536D+02    -.16627D+02     .18841D+02    -.20996D+02    -.56387D+01     .57597D+01     .44226D+02    -.55950D+00     .43667D+02
     .11000D+01     .28014D+01     .19424D+01     .14823D+01     .00000D+00     .16820D+03    -.11399D+02    -.35237D+02     .33456D+02     .25883D+02    -.53309D+02     .15726D+02    -.17595D+02     .17185D+02    -.16363D+02    -.17052D+02     .23565D+02     .43903D+02    -.10495D+01     .42854D+02
     .11000D+01     .30833D+01     .00000D+00     .11765D+01     .11765D+01     .25017D+03     .88271D+00    -.16095D+03     .37247D+02    -.84042D+02    -.38937D+02     .33370D+02    -.90966D+01    -.33424D+02    -.33925D+02    -.26332D+02    -.11444D+02     .10925D+03    -.22925D+01     .10696D+03
     .11000D+01     .30833D+01     .00000D+00     .13468D+01     .93379D+00     .25262D+03    -.23113D+01    -.17235D+03     .63262D+02    -.71962D+02    -.47468D+02     .26372D+02    -.99090D+01    -.36915D+02    -.31007D+02    -.33582D+02     .89612D+01     .10862D+03    -.41740D+01     .10445D+03
     .11000D+01     .30833D+01     .00000D+00     .14823D+01     .00000D+00     .25460D+03    -.52291D+01    -.18331D+03     .91131D+02    -.59818D+02    -.56942D+02     .36304D+01    -.10462D+02    -.16162D+02    -.67789D+02    -.35319D+02     .21637D+02     .10810D+03    -.57309D+01     .10237D+03
     .11000D+01     .23530D+01     .23530D+01     .14823D+01     .14823D+01     .42965D+02    -.49137D+01     .42175D+02     .26559D+02     .82466D+02    -.79136D+02     .76791D+02    -.31262D+02     .36910D+02    -.40034D+02     .23679D+02     .20390D+01     .14165D+02     .27889D+01     .16954D+02
     .11000D+01     .23530D+01     .23530D+01     .16968D+01     .11765D+01     .44948D+02    -.16564D+02     .41993D+02     .31253D+02     .98238D+02    -.96241D+02     .49970D+02    -.29629D+02     .32857D+02    -.32133D+02     .95146D+01     .37419D+02     .14658D+02     .13603D+01     .16018D+02
     .11000D+01     .23530D+01     .23530D+01     .18676D+01     .00000D+00     .46353D+02    -.27243D+02     .38778D+02     .38977D+02     .11210D+03    -.11681D+03     .89220D+01    -.32092D+02     .24282D+02    -.17808D+02    -.19222D+02     .94504D+02     .15400D+02     .86242D+00     .16263D+02
     .11000D+01     .26935D+01     .18676D+01     .14823D+01     .14823D+01     .13540D+03    -.83320D+01    -.47829D+02     .37692D+02     .29141D+02    -.68805D+02     .76673D+02    -.24187D+02     .28639D+02    -.43430D+02     .28445D+02    -.17946D+02     .30140D+02     .87823D+00     .31019D+02
     .11000D+01     .26935D+01     .18676D+01     .16968D+01     .11765D+01     .13857D+03    -.19424D+02    -.51847D+02     .56286D+02     .51703D+02    -.97792D+02     .51973D+02    -.21668D+02     .26267D+02    -.37299D+02     .60332D+01     .11988D+02     .29897D+02    -.24147D+01     .27482D+02
     .11000D+01     .26935D+01     .18676D+01     .18676D+01     .00000D+00     .13988D+03    -.25946D+02    -.56979D+02     .76956D+02     .71102D+02    -.12971D+03     .11722D+02    -.21305D+02     .18001D+02    -.20483D+02    -.27397D+02     .59075D+02     .29888D+02    -.51446D+01     .24743D+02
     .11000D+01     .29646D+01     .00000D+00     .14823D+01     .14823D+01     .21835D+03     .16951D+00    -.17133D+03     .73103D+02    -.55001D+02    -.63874D+02     .53008D+02    -.15070D+02    -.27769D+01    -.69392D+02    -.25699D+02    -.38876D+01     .81211D+02    -.37755D+01     .77435D+02
     .11000D+01     .29646D+01     .00000D+00     .16968D+01     .11765D+01     .22194D+03    -.71072D+01    -.18343D+03     .11444D+03    -.33881D+02    -.84938D+02     .41075D+02    -.14597D+02     .17797D+01    -.15960D+03    -.17537D+02    -.20726D+02     .79732D+02    -.80757D+01     .71656D+02
     .11000D+01     .29646D+01     .00000D+00     .18676D+01     .00000D+00     .22498D+03    -.12822D+02    -.19200D+03     .14607D+03    -.14071D+02    -.10560D+03     .18548D+02    -.14465D+02     .26255D+01    -.19654D+03     .77848D-01    -.53761D+02     .78435D+02    -.11761D+02     .66674D+02
     .11000D+01     .22506D+01     .22506D+01     .16968D+01     .16968D+01     .24866D+02    -.59140D+01     .19991D+02     .43907D+02     .96489D+02    -.10871D+03     .87270D+02    -.36323D+02     .34722D+02    -.50394D+02     .18170D+02     .52881D+01     .86236D+01     .36350D+01     .12259D+02
     .11000D+01     .22506D+01     .22506D+01     .19424D+01     .13468D+01     .26208D+02    -.20665D+02     .15879D+02     .58771D+02     .11991D+03    -.14417D+03     .50234D+02    -.28876D+02     .29035D+02    -.39503D+02    -.10508D+02     .74545D+02     .98182D+01    -.68275D+00     .91354D+01
     .11000D+01     .22506D+01     .22506D+01     .21379D+01     .00000D+00     .26813D+02    -.34230D+02     .99097D+01     .76472D+02     .14096D+03    -.18243D+03    -.46025D+01    -.26927D+02     .13853D+02    -.16641D+02    -.59753D+02     .15987D+03     .11609D+02    -.32283D+01     .83805D+01
     .11000D+01     .25763D+01     .17863D+01     .16968D+01     .16968D+01     .10077D+03    -.78455D+00    -.61817D+02     .58494D+02     .49956D+02    -.11013D+03     .91449D+02    -.33495D+02     .32223D+02    -.56065D+02     .40290D+02    -.26323D+02     .19956D+02     .56223D+00     .20518D+02
     .11000D+01     .25763D+01     .17863D+01     .19424D+01     .13468D+01     .10369D+03    -.13554D+02    -.67216D+02     .85628D+02     .73368D+02    -.13807D+03     .58613D+02    -.24139D+02     .22923D+02    -.33516D+02     .55726D+01     .29973D+02     .19433D+02    -.47530D+01     .14680D+02
     .11000D+01     .25763D+01     .17863D+01     .21379D+01     .00000D+00     .10573D+03    -.26078D+02    -.74205D+02     .11648D+03     .93597D+02    -.16463D+03     .42951D+01    -.19836D+02    -.66320D+00    -.22032D+02    -.27362D+01     .16031D+03     .19486D+02    -.85283D+01     .10958D+02
     .11000D+01     .28355D+01     .00000D+00     .16968D+01     .16968D+01     .18366D+03    -.23863D+01    -.16955D+03     .89432D+02    -.29290D+02    -.89661D+02     .78045D+02    -.24891D+02     .17277D+02    -.16504D+03     .13599D+02    -.58717D+02     .57422D+02    -.42620D+01     .53160D+02
     .11000D+01     .28355D+01     .00000D+00     .19424D+01     .13468D+01     .18724D+03    -.11044D+02    -.18400D+03     .14241D+03    -.27326D+01    -.12014D+03     .59694D+02    -.17276D+02     .20575D+02    -.15831D+03     .35308D+02    -.97149D+02     .55371D+02    -.11880D+02     .43491D+02
     .11000D+01     .28355D+01     .00000D+00     .21379D+01     .00000D+00     .18959D+03    -.15939D+02    -.20154D+03     .20281D+03     .22010D+02    -.15058D+03     .16262D+02    -.10969D+02     .60362D+02    -.40646D+02    -.28412D+02     .10588D+03     .54078D+02    -.18836D+02     .35242D+02
     .11000D+01     .21379D+01     .21379D+01     .18676D+01     .18676D+01     .54753D+01    -.68890D+01    -.52821D+01     .63810D+02     .10857D+03    -.14241D+03     .92497D+02    -.40380D+02     .29831D+02    -.58614D+02     .11487D+02     .73199D+01     .46751D+01     .30587D+01     .77338D+01
     .11000D+01     .21379D+01     .21379D+01     .21379D+01     .14823D+01     .68989D+01    -.25221D+02    -.88387D+01     .86179D+02     .13547D+03    -.18429D+03     .47596D+02    -.25181D+02     .11831D+02    -.41525D+02    -.31547D+02     .10055D+03     .61054D+01    -.35898D+01     .25156D+01
     .11000D+01     .21379D+01     .21379D+01     .23530D+01     .00000D+00     .67782D+01    -.40677D+02    -.15821D+02     .11102D+03     .15093D+03    -.21087D+03    -.17292D+02    -.22101D+02    -.36465D+02    -.11006D+02    -.96960D+02     .24753D+03     .83201D+01    -.80585D+01     .26163D+00
     .11000D+01     .24472D+01     .16968D+01     .18676D+01     .18676D+01     .81699D+02    -.73289D+00    -.72362D+02     .75503D+02     .61300D+02    -.13404D+03     .99935D+02    -.37775D+02     .31533D+02    -.68886D+02     .33522D+02    -.14180D+02     .11992D+02     .39839D+00     .12390D+02
     .11000D+01     .24472D+01     .16968D+01     .21379D+01     .14823D+01     .77557D+02    -.15960D+02    -.77690D+02     .11162D+03     .87491D+02    -.16587D+03     .58939D+02    -.23146D+02     .13389D+02    -.18545D+02    -.13421D+02     .66267D+02     .11040D+02    -.81802D+01     .28603D+01
     .11000D+01     .24472D+01     .16968D+01     .23530D+01     .00000D+00     .75883D+02    -.29733D+02    -.91437D+02     .15799D+03     .11166D+03    -.20319D+03    -.87642D+01    -.14183D+02    -.72511D+01     .26921D+02    -.75965D+02     .16734D+03     .11246D+02    -.15524D+02    -.42778D+01
     .11000D+01     .26935D+01     .00000D+00     .18676D+01     .18676D+01     .14647D+03    -.17784D+01    -.16659D+03     .10899D+03    -.73271D+01    -.11288D+03     .96765D+02    -.32984D+02     .75418D+02    -.45455D+02    -.47994D+02    -.47058D+02     .38316D+02    -.44071D+01     .33909D+02
     .11000D+01     .26935D+01     .00000D+00     .21379D+01     .14823D+01     .15033D+03    -.12650D+02    -.18390D+03     .17658D+03     .24160D+02    -.15224D+03     .70420D+02    -.18448D+02     .28399D+02    -.18586D+03    -.76021D+02     .12349D+03     .35505D+02    -.16003D+02     .19502D+02
     .11000D+01     .26935D+01     .00000D+00     .23530D+01     .00000D+00     .15294D+03    -.19187D+02    -.20257D+03     .24064D+03     .52092D+02    -.19124D+03     .15211D+02    -.63607D+01     .32592D+02    -.14509D+03     .16500D+03     .34966D+03     .33937D+02    -.27186D+02     .67510D+01
     .12000D+01     .25193D+01     .25193D+01     .12111D+01     .12111D+01     .84151D+02    -.35319D+01     .81010D+02     .11291D+02     .67297D+02    -.50080D+02     .68735D+02    -.21971D+02     .39120D+02    -.30288D+02     .30750D+02    -.60102D+01     .30094D+02     .16405D+01     .31735D+02
     .12000D+01     .25193D+01     .25193D+01     .13864D+01     .96127D+00     .86093D+02    -.10771D+02     .81528D+02     .11988D+02     .76136D+02    -.57618D+02     .52979D+02    -.24834D+02     .33258D+02    -.17156D+02     .18456D+02     .22397D+02     .30230D+02     .12857D+01     .31516D+02
     .12000D+01     .25193D+01     .25193D+01     .15259D+01     .00000D+00     .87691D+02    -.18455D+02     .81769D+02     .13786D+02     .83845D+02    -.67068D+02     .22704D+02    -.26464D+02     .28384D+02    -.86651D+01     .28512D+01     .53268D+02     .30453D+02     .13364D+01     .31790D+02
     .12000D+01     .28838D+01     .19995D+01     .12111D+01     .12111D+01     .19162D+03    -.39504D+01    -.20629D+02     .20067D+02     .11964D+02    -.40662D+02     .64294D+02    -.18168D+02     .22770D+02    -.27893D+02     .99800D+01    -.13527D+02     .53210D+02     .56247D+00     .53773D+02
     .12000D+01     .28838D+01     .19995D+01     .13864D+01     .96127D+00     .19252D+03    -.75724D+01    -.21960D+02     .27509D+02     .22114D+02    -.47910D+02     .49951D+02    -.18167D+02     .18944D+02    -.20076D+02    -.39228D+01     .81998D+01     .52914D+02    -.38604D+00     .52528D+02
     .12000D+01     .28838D+01     .19995D+01     .15259D+01     .00000D+00     .19301D+03    -.11215D+02    -.23924D+02     .36590D+02     .34148D+02    -.58222D+02     .23228D+02    -.19318D+02     .17813D+02    -.16957D+02    -.16055D+02     .26190D+02     .52694D+02    -.92678D+00     .51767D+02
     .12000D+01     .31741D+01     .00000D+00     .12111D+01     .12111D+01     .27973D+03     .12640D+01    -.17079D+03     .44037D+02    -.80147D+02    -.40496D+02     .41198D+02    -.10726D+02    -.44451D+02    -.16290D+02    -.26983D+02    -.11599D+02     .12283D+03    -.21608D+01     .12067D+03
     .12000D+01     .31741D+01     .00000D+00     .13864D+01     .96127D+00     .27973D+03    -.19942D+01    -.18137D+03     .75073D+02    -.69019D+02    -.49948D+02     .30139D+02    -.10221D+02    -.21988D+02    -.56753D+02    -.26413D+02     .88545D+01     .12194D+03    -.41586D+01     .11778D+03
     .12000D+01     .31741D+01     .00000D+00     .15259D+01     .00000D+00     .27973D+03    -.50893D+01    -.18790D+03     .10258D+03    -.57158D+02    -.61268D+02     .65080D+01    -.10800D+02    -.95752D+01    -.58989D+02    -.13458D+02     .16827D+02     .12114D+03    -.58582D+01     .11528D+03
     .12000D+01     .24223D+01     .24223D+01     .15259D+01     .15259D+01     .64652D+02    -.51321D+01     .60426D+02     .26643D+02     .90974D+02    -.86716D+02     .89663D+02    -.36413D+02     .40926D+02    -.44465D+02     .24181D+02     .44863D+01     .20434D+02     .32679D+01     .23702D+02
     .12000D+01     .24223D+01     .24223D+01     .17468D+01     .12111D+01     .67152D+02    -.17621D+02     .56323D+02     .33141D+02     .10812D+03    -.10498D+03     .60789D+02    -.32549D+02     .36205D+02    -.34995D+02     .72131D+01     .44943D+02     .20893D+02     .17352D+01     .22628D+02
     .12000D+01     .24223D+01     .24223D+01     .19225D+01     .00000D+00     .69045D+02    -.28704D+02     .52358D+02     .41372D+02     .12267D+03    -.12785D+03     .14741D+02    -.32542D+02     .23363D+02    -.11015D+02    -.28286D+02     .11009D+03     .21865D+02     .94885D+00     .22814D+02
     .12000D+01     .27728D+01     .19225D+01     .15259D+01     .15259D+01     .15648D+03    -.28307D+01    -.41925D+02     .41963D+02     .35343D+02    -.75176D+02     .87476D+02    -.25758D+02     .32541D+02    -.47493D+02    -.22320D+02    -.20189D+02     .37497D+02     .13569D+01     .38854D+02
     .12000D+01     .27728D+01     .19225D+01     .17468D+01     .12111D+01     .15759D+03    -.10793D+02    -.46768D+02     .62541D+02     .59780D+02    -.10725D+03     .62394D+02    -.22775D+02     .30371D+02    -.41803D+02     .47636D+01     .85202D+01     .37251D+02    -.22004D+01     .35051D+02
     .12000D+01     .27728D+01     .19225D+01     .19225D+01     .00000D+00     .15884D+03    -.20250D+02    -.52203D+02     .83753D+02     .80535D+02    -.13229D+03     .19048D+02    -.22875D+02     .21883D+02    -.23935D+02    -.32277D+02     .61218D+02     .36996D+02    -.43435D+01     .32653D+02
     .12000D+01     .30519D+01     .00000D+00     .15259D+01     .15259D+01     .24119D+03     .25018D+01    -.18034D+03     .86394D+02    -.53897D+02    -.67736D+02     .60791D+02    -.15746D+02    -.37180D+01    -.69628D+02    -.28190D+02     .27026D-01     .92491D+02    -.34864D+01     .89005D+02
     .12000D+01     .30519D+01     .00000D+00     .17468D+01     .12111D+01     .24529D+03    -.39336D+01    -.19435D+03     .13130D+03    -.30409D+02    -.90480D+02     .44987D+02    -.13898D+02    -.70742D+01    -.15915D+03    -.18038D+02    -.21901D+02     .91213D+02    -.80906D+01     .83122D+02
     .12000D+01     .30519D+01     .00000D+00     .19225D+01     .00000D+00     .24884D+03    -.94286D+01    -.19789D+03     .16859D+03    -.82676D+01    -.11400D+03     .21274D+02    -.13304D+02    -.90226D+01    -.16239D+03    -.56500D+01     .64178D+02     .90069D+02    -.12020D+02     .78048D+02
     .12000D+01     .23168D+01     .23168D+01     .17468D+01     .17468D+01     .33812D+02    -.33630D+01     .28891D+02     .49073D+02     .10890D+03    -.11847D+03     .10226D+03    -.42466D+02     .40146D+02    -.53932D+02     .19932D+02     .77978D+01     .12784D+02     .45937D+01     .17378D+02
     .12000D+01     .23168D+01     .23168D+01     .19995D+01     .13864D+01     .36190D+02    -.19676D+02     .21371D+02     .66017D+02     .13421D+03    -.15772D+03     .60971D+02    -.31512D+02     .33819D+02    -.43863D+02    -.16794D+02     .87195D+02     .13986D+02    -.15654D+00     .13830D+02
     .12000D+01     .23168D+01     .23168D+01     .22008D+01     .00000D+00     .38491D+02    -.34499D+02     .15011D+02     .85187D+02     .15716D+03    -.19791D+03     .13966D+01    -.27778D+02     .16353D+02    -.17631D+02    -.75418D+02     .18278D+03     .15901D+02    -.28986D+01     .13002D+02
     .12000D+01     .26521D+01     .18389D+01     .17468D+01     .17468D+01     .12232D+03    -.35228D+01    -.59418D+02     .66342D+02     .59613D+02    -.11908D+03     .10409D+03    -.34223D+02     .36400D+02    -.60610D+02     .37741D+02    -.25224D+02     .25127D+02     .14229D+01     .26550D+02
     .12000D+01     .26521D+01     .18389D+01     .19995D+01     .13864D+01     .12409D+03    -.13392D+02    -.65946D+02     .95592D+02     .85313D+02    -.14827D+03     .68716D+02    -.25766D+02     .27078D+02    -.35498D+02    -.20034D+00     .35130D+02     .24703D+02    -.43033D+01     .20399D+02
     .12000D+01     .26521D+01     .18389D+01     .22008D+01     .00000D+00     .12396D+03    -.24654D+02    -.74590D+02     .13012D+03     .10790D+03    -.17718D+03     .10239D+02    -.19800D+02    -.98662D+01    -.27165D+02    -.61308D+02     .12118D+03     .24678D+02    -.85239D+01     .16155D+02
     .12000D+01     .29190D+01     .00000D+00     .17468D+01     .17468D+01     .20628D+03    -.13336D+00    -.17914D+03     .10535D+03    -.27011D+02    -.94445D+02     .82396D+02    -.21694D+02     .10209D+02    -.17566D+03     .78084D+01    -.55986D+02     .65973D+02    -.39988D+01     .61974D+02
     .12000D+01     .29190D+01     .00000D+00     .19995D+01     .13864D+01     .21116D+03    -.90872D+01    -.19603D+03     .16473D+03     .34926D+01    -.12876D+03     .64613D+02    -.17036D+02     .16445D+02    -.15363D+03    -.22443D+02    -.10704D+03     .63760D+02    -.12079D+02     .51680D+02
     .12000D+01     .29190D+01     .00000D+00     .22008D+01     .00000D+00     .21439D+03    -.13579D+02    -.21760D+03     .22936D+03     .30304D+02    -.16153D+03     .23271D+02    -.99190D+01     .15199D+02    -.14913D+03    -.10348D+02     .99091D+02     .62312D+02    -.19484D+02     .42828D+02
     .12000D+01     .22008D+01     .22008D+01     .19225D+01     .19225D+01     .13664D+02    -.30550D+01     .33709D+01     .72090D+02     .12170D+03    -.15489D+03     .10625D+03    -.41936D+02     .34999D+02    -.64383D+02     .13900D+02     .20301D+02     .81188D+01     .44660D+01     .12585D+02
     .12000D+01     .22008D+01     .22008D+01     .22008D+01     .15259D+01     .15153D+02    -.23306D+02    -.32225D+01     .97299D+02     .15058D+03    -.19812D+03     .56672D+02    -.25287D+02     .12531D+02    -.44880D+02    -.37393D+02     .11383D+03     .95413D+01    -.29375D+01     .66039D+01
     .12000D+01     .22008D+01     .22008D+01     .24223D+01     .00000D+00     .15142D+02    -.39832D+02    -.12790D+02     .12615D+03     .16818D+03    -.22861D+03    -.12699D+02    -.20793D+02    -.27122D+02    -.50481D+01    -.11920D+03     .27684D+03     .11925D+02    -.80410D+01     .38841D+01
     .12000D+01     .25193D+01     .17468D+01     .19225D+01     .19225D+01     .85615D+02     .40769D+01    -.72433D+02     .85807D+02     .70234D+02    -.14076D+03     .11208D+03    -.36667D+02     .30360D+02    -.58332D+02     .38880D+02    -.17781D+02     .15377D+02     .16448D+01     .17022D+02
     .12000D+01     .25193D+01     .17468D+01     .22008D+01     .15259D+01     .88799D+02    -.12896D+02    -.80726D+02     .12626D+03     .10028D+03    -.17833D+03     .70041D+02    -.24979D+02     .19513D+02    -.25912D+02    -.16866D+02     .75254D+02     .14765D+02    -.76792D+01     .70861D+01
     .12000D+01     .25193D+01     .17468D+01     .24223D+01     .00000D+00     .87078D+02    -.27208D+02    -.96920D+02     .17809D+03     .12594D+03    -.21777D+03    -.46082D+01    -.12612D+02    -.32762D+01     .12309D+02    -.89686D+02     .18838D+03     .15082D+02    -.15568D+02    -.48573D+00
     .12000D+01     .27728D+01     .00000D+00     .19225D+01     .19225D+01     .16669D+03    -.17685D+00    -.17722D+03     .12583D+03    -.42654D+01    -.11936D+03     .10084D+03    -.26501D+02     .47801D+02    -.70691D+02     .94570D+02    -.81459D+02     .44577D+02    -.39083D+01     .40669D+02
     .12000D+01     .27728D+01     .00000D+00     .22008D+01     .15259D+01     .17158D+03    -.10911D+02    -.19825D+03     .20102D+03     .30506D+02    -.16217D+03     .74229D+02    -.16050D+02     .29798D+02    -.13523D+03    -.41500D+02     .93052D+02     .41980D+02    -.16385D+02     .25595D+02
     .12000D+01     .27728D+01     .00000D+00     .24223D+01     .00000D+00     .17419D+03    -.15438D+02    -.35626D+03     .13429D+03     .61439D+02    -.20530D+03     .19331D+02    -.34349D+01     .40856D+02    -.90000D+02     .18740D+03     .38338D+03     .40355D+02    -.28421D+02     .11934D+02
     .13000D+01     .25874D+01     .25874D+01     .12439D+01     .12439D+01     .10243D+03    -.30270D+01     .10086D+03     .10422D+02     .70180D+02    -.53757D+02     .80107D+02    -.24124D+02     .45262D+02    -.32495D+02     .33096D+02    -.54350D+01     .38063D+02     .19310D+01     .39994D+02
     .13000D+01     .25874D+01     .25874D+01     .14239D+01     .98727D+00     .10481D+03    -.10735D+02     .10135D+03     .11368D+02     .82083D+02    -.62327D+02     .65217D+02    -.27590D+02     .37107D+02    -.18613D+02     .16670D+02     .24608D+02     .38242D+02     .15155D+01     .39758D+02
     .13000D+01     .25874D+01     .25874D+01     .15672D+01     .00000D+00     .10747D+03    -.19159D+02     .10132D+03     .13499D+02     .88588D+02    -.72422D+02     .37629D+02    -.30196D+02     .29934D+02    -.10212D+02    -.25095D+01     .56761D+02     .38369D+02     .13744D+01     .39744D+02
     .13000D+01     .29618D+01     .20536D+01     .12439D+01     .12439D+01     .21488D+03    -.45935D+01    -.13672D+02     .22299D+02     .19638D+02    -.43912D+02     .68921D+02    -.19427D+02     .21987D+02    -.30453D+02     .17459D+01    -.12420D+02     .62373D+02     .75899D+00     .63132D+02
     .13000D+01     .29618D+01     .20536D+01     .14239D+01     .98727D+00     .21675D+03    -.85031D+01    -.15403D+02     .30436D+02     .30894D+02    -.52099D+02     .55549D+02    -.19900D+02     .18562D+02    -.21161D+02    -.11646D+02     .10760D+02     .62093D+02    -.14297D+00     .61950D+02
     .13000D+01     .29618D+01     .20536D+01     .15672D+01     .00000D+00     .21833D+03    -.12226D+02    -.17712D+02     .39777D+02     .43480D+02    -.63168D+02     .30846D+02    -.21090D+02     .15867D+02    -.15941D+02    -.22788D+02     .26907D+02     .61923D+02    -.77232D+00     .61150D+02
     .13000D+01     .32599D+01     .00000D+00     .12439D+01     .12439D+01     .34565D+03     .58503D+00    -.15293D+03     .47895D+02    -.83752D+02    -.41681D+02     .46074D+02    -.11170D+02    -.39508D+02    -.35921D+02    -.12572D+02    -.74290D+01     .14039D+03    -.22140D+01     .13817D+03
     .13000D+01     .32599D+01     .00000D+00     .14239D+01     .98727D+00     .34565D+03    -.30192D+01    -.17000D+03     .80296D+02    -.69641D+02    -.52662D+02     .31232D+02    -.10414D+02    -.28661D+02    -.53698D+02     .18017D+02     .11012D+01     .13941D+03    -.42593D+01     .13515D+03
     .13000D+01     .32599D+01     .00000D+00     .15672D+01     .00000D+00     .34565D+03    -.57563D+01    -.18756D+03     .11237D+03    -.54659D+02    -.65996D+02     .36518D+01    -.10785D+02    -.25424D+02    -.51317D+02     .99477D+02     .23393D+02     .13861D+03    -.59550D+01     .13265D+03
     .13000D+01     .24878D+01     .24878D+01     .15672D+01     .15672D+01     .75555D+02    -.46396D+01     .69317D+02     .30539D+02     .10185D+03    -.94521D+02     .10365D+03    -.40485D+02     .45329D+02    -.46742D+02     .25760D+02     .56096D+01     .26253D+02     .39862D+01     .30240D+02
     .13000D+01     .24878D+01     .24878D+01     .17940D+01     .12439D+01     .77653D+02    -.18365D+02     .68719D+02     .36905D+02     .11800D+03    -.11373D+03     .71685D+02    -.34825D+02     .41094D+02    -.37634D+02     .34409D+01     .54352D+02     .26679D+02     .21504D+01     .28829D+02
     .13000D+01     .24878D+01     .24878D+01     .19745D+01     .00000D+00     .79129D+02    -.29556D+02     .66430D+02     .46332D+02     .13454D+03    -.13870D+03     .21933D+02    -.32987D+02     .25731D+02    -.12884D+02    -.34584D+02     .11936D+03     .27643D+02     .11334D+01     .28777D+02
     .13000D+01     .28478D+01     .19745D+01     .15672D+01     .15672D+01     .17782D+03    -.30763D+01    -.35204D+02     .46628D+02     .42076D+02    -.81421D+02     .96237D+02    -.26220D+02     .34963D+02    -.50827D+02    -.60003D+02    -.20169D+02     .44796D+02     .17735D+01     .46570D+02
     .13000D+01     .28478D+01     .19745D+01     .17940D+01     .12439D+01     .17932D+03    -.93961D+01    -.40672D+02     .68506D+02     .68876D+02    -.11575D+03     .71907D+02    -.25100D+02     .34652D+02    -.47449D+02    -.52606D+02     .12435D+02     .44715D+02    -.19462D+01     .42769D+02
     .13000D+01     .28478D+01     .19745D+01     .19745D+01     .00000D+00     .18163D+03    -.18131D+02    -.46958D+02     .92202D+02     .92022D+02    -.14204D+03     .24734D+02    -.23990D+02     .26013D+02    -.27049D+02    -.48935D+02     .68800D+02     .44619D+02    -.41345D+01     .40484D+02
     .13000D+01     .31344D+01     .00000D+00     .15672D+01     .15672D+01     .25854D+03     .51876D+01    -.18720D+03     .98351D+02    -.51111D+02    -.72556D+02     .68920D+02    -.16641D+02    -.55321D+01    -.83173D+02    -.76551D+01    -.45507D+02     .10259D+03    -.32630D+01     .99328D+02
     .13000D+01     .31344D+01     .00000D+00     .17940D+01     .12439D+01     .26299D+03    -.78618D+00    -.18623D+03     .14483D+03    -.26314D+02    -.96482D+02     .42276D+02    -.12982D+02    -.19903D+02    -.10741D+03    -.38596D+01    -.54560D+02     .10154D+03    -.83290D+01     .93206D+02
     .13000D+01     .31344D+01     .00000D+00     .19745D+01     .00000D+00     .26759D+03    -.63829D+01    -.18718D+03     .23553D+03    -.25854D+01    -.12208D+03     .23907D+02    -.12823D+02    -.44218D+00    -.10221D+03     .26048D+03     .20473D+03     .10048D+03    -.12368D+02     .88116D+02
     .13000D+01     .23795D+01     .23795D+01     .17940D+01     .17940D+01     .48543D+02    -.20255D+01     .38043D+02     .53790D+02     .11993D+03    -.12807D+03     .11581D+03    -.48014D+02     .46197D+02    -.58636D+02     .23672D+02     .96891D+01     .17432D+02     .54108D+01     .22843D+02
     .13000D+01     .23795D+01     .23795D+01     .20536D+01     .14239D+01     .50954D+02    -.19069D+02     .31506D+02     .72310D+02     .14820D+03    -.17179D+03     .71754D+02    -.34354D+02     .37798D+02    -.45402D+02    -.22246D+02     .97518D+02     .18821D+02     .36696D+00     .19188D+02
     .13000D+01     .23795D+01     .23795D+01     .22603D+01     .00000D+00     .51861D+02    -.34540D+02     .25316D+02     .91470D+02     .17355D+03    -.21389D+03     .10076D+02    -.29141D+02     .15236D+02    -.14942D+02    -.90914D+02     .21272D+03     .20501D+02    -.25451D+01     .17956D+02
     .13000D+01     .27238D+01     .18886D+01     .17940D+01     .17940D+01     .13861D+03     .18888D+01    -.56156D+02     .73433D+02     .68249D+02    -.12676D+03     .11123D+03    -.25487D+02     .42664D+02    -.69288D+02     .34067D+02    -.24888D+02     .30664D+02     .23233D+01     .32987D+02
     .13000D+01     .27238D+01     .18886D+01     .20536D+01     .14239D+01     .14113D+03    -.11076D+02    -.63561D+02     .10487D+03     .97046D+02    -.15713D+03     .79108D+02    -.27373D+02     .63573D+01    -.61922D+02    -.41236D+01     .35291D+02     .30082D+02    -.38294D+01     .26253D+02
     .13000D+01     .27238D+01     .18886D+01     .22603D+01     .00000D+00     .14338D+03    -.23157D+02    -.75489D+02     .14430D+03     .12134D+03    -.18953D+03     .16189D+02    -.19506D+02    -.68810D+01    -.33908D+02    -.71321D+02     .12928D+03     .30263D+02    -.84440D+01     .21819D+02
     .13000D+01     .29979D+01     .00000D+00     .17940D+01     .17940D+01     .22605D+03     .37105D+01    -.19217D+03     .13130D+03    -.24353D+02    -.99564D+02     .83019D+02    -.11457D+02     .44866D+02    -.58724D+02    -.89399D+01    -.11389D+03     .74293D+02    -.37627D+01     .70531D+02
     .13000D+01     .29979D+01     .00000D+00     .20536D+01     .14239D+01     .23155D+03    -.61619D+01    -.20954D+03     .19337D+03     .98771D+01    -.13716D+03     .67359D+02    -.16366D+02     .47658D+02    -.53253D+02    -.19472D+02     .83842D+02     .72066D+02    -.12243D+02     .59823D+02
     .13000D+01     .29979D+01     .00000D+00     .22603D+01     .00000D+00     .23431D+03    -.10229D+02    -.38884D+03     .11765D+03     .39124D+02    -.17234D+03     .29260D+02    -.89743D+01     .92301D+01    -.15062D+03     .23158D+03     .31632D+03     .70801D+02    -.20044D+02     .50757D+02
     .13000D+01     .22603D+01     .22603D+01     .19745D+01     .19745D+01     .22396D+02     .64133D+00     .10229D+02     .77834D+02     .13341D+03    -.16640D+03     .11666D+03    -.39972D+02     .41695D+02    -.69364D+02     .14658D+02     .16764D+02     .11574D+02     .55774D+01     .17151D+02
     .13000D+01     .22603D+01     .22603D+01     .22603D+01     .15672D+01     .24194D+02    -.21076D+02     .37806D+01     .10290D+03     .16256D+03    -.21058D+03     .66006D+02    -.27839D+02     .25476D+02    -.48245D+02    -.44405D+02     .13035D+03     .12977D+02    -.22945D+01     .10682D+02
     .13000D+01     .22603D+01     .22603D+01     .24878D+01     .00000D+00     .23744D+02    -.38561D+02    -.11349D+02     .13775D+03     .18261D+03    -.24428D+03    -.75169D+01    -.19720D+02    -.24519D+02     .20475D+02    -.14343D+03     .32071D+03     .15389D+02    -.77832D+01     .76053D+01
     .13000D+01     .25874D+01     .17940D+01     .19745D+01     .19745D+01     .99421D+02     .70153D+01    -.71808D+02     .96123D+02     .80059D+02    -.14939D+03     .12334D+03    -.35864D+02     .38518D+02    -.67435D+02     .39700D+02    -.22202D+02     .19741D+02     .29390D+01     .22680D+02
     .13000D+01     .25874D+01     .17940D+01     .22603D+01     .15672D+01     .10197D+03    -.10322D+02    -.81722D+02     .14009D+03     .11250D+03    -.19024D+03     .80076D+02    -.26553D+02     .28039D+02    -.38745D+02    -.83621D+02     .13824D+03     .19028D+02    -.70811D+01     .11947D+02
     .13000D+01     .25874D+01     .17940D+01     .24878D+01     .00000D+00     .10293D+03    -.25278D+02    -.10135D+03     .19681D+03     .13982D+03    -.23218D+03     .18475D+01    -.10624D+02    -.54176D+01     .20915D+02     .95965D+02     .42027D+03     .19392D+02    -.15446D+02     .39461D+01
     .13000D+01     .28478D+01     .00000D+00     .19745D+01     .19745D+01     .18657D+03     .10754D+00    -.18679D+03     .14226D+03     .23867D+00    -.12629D+03     .92379D+02     .70263D+01     .36343D+02    -.11187D+03    -.75846D+01    -.16148D+03     .50047D+02    -.28202D+01     .47227D+02
     .13000D+01     .28478D+01     .00000D+00     .22603D+01     .15672D+01     .19048D+03    -.85022D+01    -.22868D+03     .15795D+03     .37757D+02    -.17195D+03     .81251D+02    -.13556D+02     .43617D+02    -.10310D+03    -.28658D+02     .80343D+02     .47778D+02    -.16557D+02     .31221D+02
     .13000D+01     .28478D+01     .00000D+00     .24878D+01     .00000D+00     .19247D+03    -.10727D+02    -.34818D+03    -.30530D+02     .71479D+02    -.21904D+03     .23748D+02    -.32675D+00     .45399D+02    -.86932D+02     .20166D+03     .41715D+03     .46570D+02    -.29468D+02     .17101D+02
