    0.10000E-01    0.00000E+00    0.33478E+01    0.00000E+00   -0.14860E+02    0.00000E+00   -0.32791E+01    0.00000E+00   -0.46782E+01    0.00000E+00   -0.21873E+01    0.00000E+00   -0.10709E+01    0.00000E+00    0.26270E+01    0.00000E+00    0.26270E+01
    0.10000E-01    0.25000E+00    0.50291E+00    0.00000E+00   -0.73299E+01    0.00000E+00   -0.27422E+01    0.00000E+00   -0.48718E+01    0.00000E+00   -0.21940E+01    0.00000E+00   -0.16779E+01    0.00000E+00   -0.30106E+00    0.00000E+00   -0.30106E+00
    0.10000E-01    0.50000E+00   -0.25522E+01    0.00000E+00   -0.25529E+01    0.00000E+00   -0.20561E+01    0.00000E+00   -0.50196E+01    0.00000E+00   -0.22006E+01    0.00000E+00   -0.22829E+01    0.00000E+00   -0.11382E+01    0.00000E+00   -0.11382E+01
    0.10000E+00    0.00000E+00    0.15582E+02    0.00000E+00   -0.66536E+02    0.00000E+00   -0.23559E+02    0.00000E+00   -0.26029E+02    0.00000E+00   -0.22202E+02    0.00000E+00   -0.18502E+02    0.00000E+00    0.10749E+02    0.00000E+00    0.10749E+02
    0.10000E+00    0.25000E+00   -0.10976E+01    0.00000E+00   -0.38317E+02    0.00000E+00   -0.19485E+02    0.00000E+00   -0.27485E+02    0.00000E+00   -0.18287E+02    0.00000E+00   -0.16762E+02    0.00000E+00   -0.36207E+01    0.00000E+00   -0.36207E+01
    0.10000E+00    0.50000E+00   -0.19269E+02    0.00000E+00   -0.19180E+02    0.00000E+00   -0.18609E+02    0.00000E+00   -0.28571E+02    0.00000E+00   -0.17646E+02    0.00000E+00   -0.17102E+02    0.00000E+00   -0.85950E+01    0.00000E+00   -0.85950E+01
    0.20000E+00    0.00000E+00    0.28195E+02    0.00000E+00   -0.94788E+02    0.00000E+00   -0.41884E+02    0.00000E+00   -0.33535E+02    0.00000E+00   -0.24457E+02    0.00000E+00   -0.19147E+02    0.00000E+00    0.17451E+02    0.00000E+00    0.17451E+02
    0.20000E+00    0.25000E+00    0.31602E+01    0.00000E+00   -0.53618E+02    0.00000E+00   -0.28463E+02    0.00000E+00   -0.38328E+02    0.00000E+00   -0.18990E+02    0.00000E+00   -0.16491E+02    0.00000E+00   -0.43556E+01    0.00000E+00   -0.43556E+01
    0.20000E+00    0.50000E+00   -0.24034E+02    0.00000E+00   -0.23898E+02    0.00000E+00   -0.18457E+02    0.00000E+00   -0.40243E+02    0.00000E+00   -0.17522E+02    0.00000E+00   -0.16963E+02    0.00000E+00   -0.11431E+02    0.00000E+00   -0.11431E+02
    0.30000E+00    0.00000E+00    0.46489E+02    0.00000E+00   -0.11585E+03    0.00000E+00   -0.57419E+02    0.00000E+00   -0.33612E+02    0.00000E+00   -0.26933E+02    0.00000E+00   -0.22729E+02    0.00000E+00    0.26101E+02    0.00000E+00    0.26101E+02
    0.30000E+00    0.25000E+00    0.13147E+02    0.00000E+00   -0.60611E+02    0.00000E+00   -0.33186E+02    0.00000E+00   -0.40252E+02    0.00000E+00   -0.18245E+02    0.00000E+00   -0.11886E+02    0.00000E+00   -0.23681E+01    0.00000E+00   -0.23681E+01
    0.30000E+00    0.50000E+00   -0.22298E+02    0.00000E+00   -0.22116E+02    0.00000E+00   -0.17386E+02    0.00000E+00   -0.42367E+02    0.00000E+00   -0.16244E+02    0.00000E+00   -0.15533E+02    0.00000E+00   -0.11651E+02    0.00000E+00   -0.11651E+02
    0.40000E+00    0.00000E+00    0.71816E+02    0.00000E+00   -0.12615E+03    0.00000E+00   -0.70311E+02    0.00000E+00   -0.28661E+02    0.00000E+00   -0.27672E+02    0.00000E+00   -0.20384E+02    0.00000E+00    0.37103E+02    0.00000E+00    0.37103E+02
    0.40000E+00    0.25000E+00    0.28419E+02    0.00000E+00   -0.62304E+02    0.00000E+00   -0.34892E+02    0.00000E+00   -0.36444E+02    0.00000E+00   -0.16011E+02    0.00000E+00   -0.58843E+01    0.00000E+00    0.17646E+01    0.00000E+00    0.17646E+01
    0.40000E+00    0.50000E+00   -0.16026E+02    0.00000E+00   -0.15796E+02    0.00000E+00   -0.11844E+02    0.00000E+00   -0.39561E+02    0.00000E+00   -0.10450E+02    0.00000E+00   -0.96034E+01    0.00000E+00   -0.96092E+01    0.00000E+00   -0.96092E+01
    0.50000E+00    0.00000E+00    0.97807E+02    0.00000E+00   -0.13455E+03    0.00000E+00   -0.82347E+02    0.00000E+00   -0.22726E+02    0.00000E+00   -0.28999E+02    0.00000E+00   -0.14999E+02    0.00000E+00    0.49492E+02    0.00000E+00    0.49492E+02
    0.50000E+00    0.25000E+00    0.46775E+02    0.00000E+00   -0.60712E+02    0.00000E+00   -0.35538E+02    0.00000E+00   -0.30792E+02    0.00000E+00   -0.10996E+02    0.00000E+00    0.60562E+00    0.00000E+00    0.77081E+01    0.00000E+00    0.77081E+01
    0.50000E+00    0.50000E+00   -0.58561E+01    0.00000E+00   -0.55832E+01    0.00000E+00   -0.75680E+01    0.00000E+00   -0.29344E+02    0.00000E+00   -0.60759E+01    0.00000E+00   -0.51689E+01    0.00000E+00   -0.59606E+01    0.00000E+00   -0.59606E+01
    0.60000E+00    0.00000E+00    0.12783E+03    0.00000E+00   -0.13524E+03    0.00000E+00   -0.91017E+02    0.00000E+00   -0.15408E+02    0.00000E+00   -0.31134E+02    0.00000E+00   -0.17372E+02    0.00000E+00    0.63149E+02    0.00000E+00    0.63149E+02
    0.60000E+00    0.25000E+00    0.70887E+02    0.00000E+00   -0.56071E+02    0.00000E+00   -0.36788E+02    0.00000E+00   -0.23950E+02    0.00000E+00   -0.66195E+01    0.00000E+00    0.24439E+01    0.00000E+00    0.15134E+02    0.00000E+00    0.15134E+02
    0.60000E+00    0.50000E+00    0.72180E+01    0.00000E+00    0.75370E+01    0.00000E+00   -0.37809E+01    0.00000E+00   -0.24119E+02    0.00000E+00   -0.21022E+01    0.00000E+00   -0.10777E+01    0.00000E+00   -0.93125E+00    0.00000E+00   -0.93125E+00
    0.70000E+00    0.00000E+00    0.16023E+03    0.00000E+00   -0.14026E+03    0.00000E+00   -0.10101E+03    0.00000E+00   -0.11993E+02    0.00000E+00   -0.39196E+02    0.00000E+00   -0.26948E+02    0.00000E+00    0.78776E+02    0.00000E+00    0.78776E+02
    0.70000E+00    0.25000E+00    0.90402E+02    0.00000E+00   -0.49123E+02    0.00000E+00   -0.37127E+02    0.00000E+00   -0.16483E+02    0.00000E+00   -0.56589E+01    0.00000E+00    0.25554E+01    0.00000E+00    0.23156E+02    0.00000E+00    0.23156E+02
    0.70000E+00    0.50000E+00    0.21213E+02    0.00000E+00    0.21578E+02    0.00000E+00    0.52282E+01    0.00000E+00   -0.16065E+02    0.00000E+00    0.72053E+01    0.00000E+00    0.84161E+01    0.00000E+00    0.51292E+01    0.00000E+00    0.51292E+01
    0.80000E+00    0.00000E+00    0.19242E+03    0.00000E+00   -0.14338E+03    0.00000E+00   -0.10929E+03    0.00000E+00   -0.84246E+01    0.00000E+00   -0.43564E+02    0.00000E+00   -0.36294E+02    0.00000E+00    0.94496E+02    0.00000E+00    0.94496E+02
    0.80000E+00    0.25000E+00    0.11652E+03    0.00000E+00   -0.41709E+02    0.00000E+00   -0.29433E+02    0.00000E+00   -0.55156E+01    0.00000E+00   -0.14015E+01    0.00000E+00    0.31800E+01    0.00000E+00    0.32776E+02    0.00000E+00    0.32776E+02
    0.80000E+00    0.50000E+00    0.38844E+02    0.00000E+00    0.39245E+02    0.00000E+00    0.80894E+01    0.00000E+00   -0.82732E+01    0.00000E+00    0.10093E+02    0.00000E+00    0.11317E+02    0.00000E+00    0.12195E+02    0.00000E+00    0.12195E+02
    0.90000E+00    0.00000E+00    0.22245E+03    0.00000E+00   -0.14585E+03    0.00000E+00   -0.11611E+03    0.00000E+00   -0.10089E+02    0.00000E+00   -0.49807E+02    0.00000E+00   -0.38794E+02    0.00000E+00    0.11023E+03    0.00000E+00    0.11023E+03
    0.90000E+00    0.25000E+00    0.14215E+03    0.00000E+00   -0.32686E+02    0.00000E+00   -0.29052E+02    0.00000E+00    0.15145E+01    0.00000E+00   -0.44379E+01    0.00000E+00   -0.40485E+01    0.00000E+00    0.42606E+02    0.00000E+00    0.42606E+02
    0.90000E+00    0.50000E+00    0.54052E+02    0.00000E+00    0.54350E+02    0.00000E+00    0.14241E+02    0.00000E+00    0.56786E+00    0.00000E+00    0.16202E+02    0.00000E+00    0.17391E+02    0.00000E+00    0.19547E+02    0.00000E+00    0.19547E+02
    0.10000E+01    0.00000E+00    0.25074E+03    0.00000E+00   -0.14078E+03    0.00000E+00   -0.12187E+03    0.00000E+00   -0.92172E+01    0.00000E+00   -0.54761E+02    0.00000E+00   -0.29786E+02    0.00000E+00    0.12660E+03    0.00000E+00    0.12660E+03
    0.10000E+01    0.25000E+00    0.16857E+03    0.00000E+00   -0.22358E+02    0.00000E+00   -0.29604E+02    0.00000E+00    0.75991E+01    0.00000E+00    0.52643E+00    0.00000E+00   -0.15945E+02    0.00000E+00    0.53346E+02    0.00000E+00    0.53346E+02
    0.10000E+01    0.50000E+00    0.76939E+02    0.00000E+00    0.77414E+02    0.00000E+00    0.15125E+02    0.00000E+00    0.90163E+01    0.00000E+00    0.17218E+02    0.00000E+00    0.18497E+02    0.00000E+00    0.28925E+02    0.00000E+00    0.28925E+02



 



