0.100000E+01  0.237070E+01  0.237070E+01  0.113970E+01  0.113970E+01  0.000000E+00  0.000000E+00  0.478130E+02  -.345320E+01  0.467360E+02  0.103030E+02  0.530130E+02  -.396970E+02  0.446740E+02  -.157910E+02  0.285880E+02  -.213170E+02  0.232280E+02  -.116950E+01  0.153260E+02  0.112270E+01  0.164490E+02
0.100000E+01  0.237070E+01  0.237070E+01  0.130470E+01  0.904590E+00  0.000000E+00  0.000000E+00  0.490620E+02  -.929560E+01  0.474300E+02  0.115680E+02  0.614920E+02  -.480830E+02  0.316570E+02  -.209090E+02  0.256180E+02  -.149370E+02  0.154490E+02  0.173130E+02  0.155580E+02  0.858130E+00  0.164160E+02
0.100000E+01  0.237070E+01  0.237070E+01  0.143600E+01  0.000000E+00  0.000000E+00  0.000000E+00  0.502880E+02  -.151290E+02  0.481150E+02  0.131410E+02  0.687790E+02  -.556930E+02  0.688020E+01  -.221440E+02  0.224300E+02  -.892290E+01  0.509160E+01  0.412750E+02  0.158540E+02  0.106010E+01  0.169140E+02
0.100000E+01  0.271380E+01  0.188160E+01  0.113970E+01  0.113970E+01  0.000000E+00  0.000000E+00  0.140300E+03  -.375150E+01  -.404580E+02  0.164180E+02  -.796700E+00  -.331810E+02  0.434640E+02  -.122140E+02  0.160140E+02  -.231510E+02  0.135320E+02  -.706650E+01  0.353930E+02  0.175900E-01  0.354110E+02
0.100000E+01  0.271380E+01  0.188160E+01  0.130470E+01  0.904590E+00  0.000000E+00  0.000000E+00  0.141860E+03  -.958850E+01  -.416220E+02  0.229760E+02  0.103320E+02  -.407610E+02  0.311440E+02  -.145430E+02  0.151340E+02  -.190220E+02  0.285360E+01  0.741450E+01  0.350230E+02  -.758870E+00  0.342640E+02
0.100000E+01  0.271380E+01  0.188160E+01  0.143600E+01  0.000000E+00  0.000000E+00  0.000000E+00  0.143820E+03  -.166320E+02  -.429830E+02  0.301040E+02  0.199680E+02  -.489760E+02  0.943190E+01  -.160510E+02  0.142730E+02  -.153550E+02  -.946290E+01  0.229060E+02  0.346720E+02  -.112700E+01  0.335450E+02
0.100000E+01  0.298690E+01  0.000000E+00  0.113970E+01  0.113970E+01  0.000000E+00  0.000000E+00  0.223680E+03  -.335260E+00  -.157700E+03  0.230740E+02  -.827590E+02  -.374330E+02  0.261930E+02  -.831730E+01  -.262400E+02  -.352040E+02  -.262880E+02  -.116430E+02  0.954870E+02  -.237340E+01  0.931130E+02
0.100000E+01  0.298690E+01  0.000000E+00  0.130470E+01  0.904590E+00  0.000000E+00  0.000000E+00  0.225520E+03  -.371420E+01  -.162710E+03  0.428410E+02  -.713550E+02  -.457700E+02  0.193630E+02  -.952910E+01  -.454950E+02  0.204860E+01  -.360290E+02  0.718160E+01  0.947370E+02  -.416200E+01  0.905750E+02
0.100000E+01  0.298690E+01  0.000000E+00  0.143600E+01  0.000000E+00  0.000000E+00  0.000000E+00  0.227000E+03  -.687070E+01  -.173630E+03  0.789350E+02  -.603420E+02  -.529870E+02  0.609780E+01  -.108670E+02  -.193350E+02  -.422190E+02  -.447370E+02  0.233810E+02  0.940410E+02  -.555020E+01  0.884900E+02
0.100000E+01  0.227940E+01  0.227940E+01  0.143600E+01  0.143600E+01  0.000000E+00  0.000000E+00  0.319900E+02  -.616790E+01  0.284290E+02  0.236210E+02  0.720630E+02  -.718460E+02  0.625540E+02  -.252700E+02  0.301860E+02  -.361810E+02  0.205690E+02  -.964250E+00  0.903720E+01  0.212690E+01  0.111640E+02
0.100000E+01  0.227940E+01  0.227940E+01  0.164380E+01  0.113970E+01  0.000000E+00  0.000000E+00  0.333330E+02  -.165470E+02  0.288630E+02  0.281090E+02  0.864940E+02  -.871120E+02  0.387850E+02  -.270780E+02  0.264520E+02  -.293330E+02  0.562610E+01  0.355690E+02  0.953590E+01  0.918250E+00  0.104540E+02
0.100000E+01  0.227940E+01  0.227940E+01  0.180920E+01  0.000000E+00  0.000000E+00  0.000000E+00  0.343990E+02  -.262350E+02  0.286500E+02  0.343700E+02  0.992680E+02  -.105570E+03  0.145750E+00  -.277850E+02  0.185310E+02  -.150180E+02  -.164150E+02  0.809450E+02  0.104350E+02  0.518360E+00  0.109530E+02
0.100000E+01  0.260930E+01  0.180920E+01  0.143600E+01  0.143600E+01  0.000000E+00  0.000000E+00  0.112200E+03  -.597040E+01  -.528020E+02  0.325430E+02  0.226300E+02  -.620890E+02  0.646360E+02  -.218400E+02  0.240960E+02  -.389070E+02  0.303860E+02  -.185580E+02  0.236580E+02  0.421250E+00  0.240790E+02
0.100000E+01  0.260930E+01  0.180920E+01  0.164380E+01  0.113970E+01  0.000000E+00  0.000000E+00  0.113080E+03  -.139850E+02  -.558700E+02  0.490000E+02  0.406380E+02  -.864840E+02  0.424440E+02  -.203460E+02  0.211890E+02  -.306510E+02  0.877300E+01  0.174390E+02  0.233220E+02  -.247570E+01  0.208460E+02
0.100000E+01  0.260930E+01  0.180920E+01  0.180920E+01  0.000000E+00  0.000000E+00  0.000000E+00  0.113610E+03  -.199730E+02  -.599550E+02  0.678460E+02  0.582990E+02  -.115140E+03  0.460700E+01  -.201990E+02  0.146770E+02  -.162430E+02  -.159950E+02  0.558900E+02  0.234310E+02  -.473750E+01  0.186930E+02
0.100000E+01  0.287190E+01  0.000000E+00  0.143600E+01  0.143600E+01  0.000000E+00  0.000000E+00  0.193910E+03  -.249440E+01  -.157910E+03  0.413320E+02  -.549610E+02  -.596940E+02  0.470910E+02  -.142600E+02  0.234370E+01  -.673250E+02  -.222020E+02  -.759550E+01  0.706940E+02  -.380270E+01  0.668910E+02
0.100000E+01  0.287190E+01  0.000000E+00  0.164380E+01  0.113970E+01  0.000000E+00  0.000000E+00  0.196830E+03  -.910090E+01  -.170830E+03  0.908890E+02  -.357890E+02  -.788030E+02  0.370160E+02  -.144250E+02  0.261020E+02  -.897720E+02  -.145910E+02  -.137460E+02  0.689710E+02  -.785700E+01  0.611140E+02
0.100000E+01  0.287190E+01  0.000000E+00  0.180920E+01  0.000000E+00  0.000000E+00  0.000000E+00  0.198880E+03  -.140720E+02  -.180620E+03  0.127280E+03  -.183920E+02  -.971990E+02  0.144610E+02  -.144410E+02  0.394920E+02  -.603250E+02  0.144730E+02  -.575590E+02  0.676120E+02  -.113160E+02  0.562960E+02
0.100000E+01  0.218020E+01  0.218020E+01  0.164380E+01  0.164380E+01  0.000000E+00  0.000000E+00  0.135440E+02  -.687770E+01  0.814950E+01  0.406430E+02  0.851490E+02  -.991660E+02  0.749790E+02  -.303970E+02  0.308940E+02  -.497270E+02  0.170290E+02  -.938290E+00  0.456400E+01  0.289940E+01  0.746340E+01
0.100000E+01  0.218020E+01  0.218020E+01  0.188160E+01  0.130470E+01  0.000000E+00  0.000000E+00  0.147650E+02  -.214530E+02  0.444320E+01  0.551300E+02  0.106200E+03  -.129960E+03  0.413190E+02  -.274430E+02  0.208630E+02  -.346650E+02  -.808200E+01  0.618300E+02  0.569030E+01  -.109910E+01  0.459120E+01
0.100000E+01  0.218020E+01  0.218020E+01  0.207100E+01  0.000000E+00  0.000000E+00  0.000000E+00  0.153860E+02  -.336880E+02  0.114340E+01  0.712290E+02  0.127620E+03  -.167140E+03  -.987880E+01  -.271860E+02  0.985960E+01  -.202920E+02  -.526290E+02  0.141880E+03  0.752250E+01  -.332970E+01  0.419280E+01
0.100000E+01  0.249570E+01  0.173040E+01  0.164380E+01  0.164380E+01  0.000000E+00  0.000000E+00  0.849640E+02  -.197190E+01  -.630910E+02  0.495700E+02  0.401450E+02  -.991460E+02  0.775910E+02  -.297020E+02  0.218860E+02  -.491550E+02  0.330880E+02  -.235520E+02  0.144500E+02  -.220040E+00  0.142300E+02
0.100000E+01  0.249570E+01  0.173040E+01  0.188160E+01  0.130470E+01  0.000000E+00  0.000000E+00  0.869950E+02  -.146090E+02  -.682370E+02  0.747620E+02  0.619350E+02  -.129070E+03  0.466920E+02  -.224910E+02  0.192960E+02  -.363410E+02  0.333300E+01  0.290020E+02  0.139960E+02  -.547410E+01  0.852140E+01
0.100000E+01  0.249570E+01  0.173040E+01  0.207100E+01  0.000000E+00  0.000000E+00  0.000000E+00  0.877190E+02  -.262550E+02  -.743770E+02  0.102780E+03  0.808410E+02  -.151750E+03  -.481040E+01  -.213170E+02  -.569840E+01  -.219370E+02  -.340740E+02  0.903330E+02  0.140470E+02  -.883050E+01  0.521630E+01
0.100000E+01  0.274690E+01  0.000000E+00  0.164380E+01  0.164380E+01  0.000000E+00  0.000000E+00  0.160870E+03  -.433110E+01  -.162120E+03  0.769820E+02  -.313010E+02  -.839210E+02  0.684800E+02  -.235950E+02  0.162990E+02  -.150860E+03  0.175690E+02  -.577700E+02  0.500560E+02  -.449560E+01  0.455600E+02
0.100000E+01  0.274690E+01  0.000000E+00  0.188160E+01  0.130470E+01  0.000000E+00  0.000000E+00  0.164070E+03  -.123500E+02  -.173150E+03  0.123920E+03  -.730810E+01  -.111510E+03  0.528580E+02  -.173050E+02  0.206300E+02  -.202350E+03  0.435880E+02  -.887470E+02  0.477490E+02  -.115850E+02  0.361640E+02
0.100000E+01  0.274690E+01  0.000000E+00  0.207100E+01  0.000000E+00  0.000000E+00  0.000000E+00  0.166460E+03  -.182730E+02  -.184480E+03  0.169750E+03  0.149810E+02  -.139350E+03  0.134880E+02  -.143240E+02  -.410080E+02  0.560350E+02  -.644060E+02  0.124150E+03  0.459580E+02  -.180090E+02  0.279490E+02
0.100000E+01  0.207100E+01  0.207100E+01  0.180920E+01  0.180920E+01  0.000000E+00  0.000000E+00  -.784880E+00  -.986050E+01  -.788830E+01  0.547330E+02  0.967210E+02  -.131400E+03  0.807510E+02  -.344920E+02  0.225890E+02  -.548860E+02  0.632420E+01  0.347050E+01  0.150500E+01  0.221680E+01  0.372190E+01
0.100000E+01  0.207100E+01  0.207100E+01  0.207100E+01  0.143600E+01  0.000000E+00  0.000000E+00  -.497670E+00  -.261510E+02  -.130340E+02  0.756220E+02  0.121400E+03  -.170340E+03  0.444070E+02  -.259630E+02  0.674120E+01  -.406220E+02  -.229440E+02  0.835330E+02  0.307340E+01  -.425850E+01  -.118500E+01
0.100000E+01  0.207100E+01  0.207100E+01  0.227940E+01  0.000000E+00  0.000000E+00  0.000000E+00  -.512930E+00  -.406200E+02  -.183040E+02  0.986630E+02  0.136660E+03  -.195820E+03  -.240390E+02  -.226440E+02  -.319510E+02  -.124690E+02  -.797560E+02  0.197470E+03  0.509410E+01  -.823270E+01  -.313870E+01
0.100000E+01  0.237070E+01  0.164380E+01  0.180920E+01  0.180920E+01  0.000000E+00  0.000000E+00  0.589350E+02  -.250240E+01  -.719530E+02  0.639610E+02  0.519030E+02  -.121270E+03  0.852840E+02  -.318060E+02  0.251300E+02  -.621520E+02  0.363220E+02  -.270740E+02  0.750580E+01  -.105610E+01  0.644960E+01
0.100000E+01  0.237070E+01  0.164380E+01  0.207100E+01  0.143600E+01  0.000000E+00  0.000000E+00  0.606400E+02  -.177120E+02  -.779000E+02  0.984050E+02  0.763020E+02  -.153800E+03  0.484070E+02  -.204720E+02  0.872250E+01  0.103140E+02  0.530060E+01  0.336170E+02  0.714880E+01  -.858580E+01  -.143700E+01
0.100000E+01  0.237070E+01  0.164380E+01  0.227940E+01  0.000000E+00  0.000000E+00  0.000000E+00  0.623290E+02  -.314000E+02  -.879460E+02  0.138950E+03  0.980600E+02  -.188220E+03  -.123710E+02  -.157260E+02  -.695900E+01  0.155940E+02  -.621690E+02  0.145410E+03  0.748230E+01  -.152240E+02  -.774120E+01
0.100000E+01  0.260930E+01  0.000000E+00  0.180920E+01  0.180920E+01  0.000000E+00  0.000000E+00  0.128420E+03  -.780550E+01  -.157380E+03  0.930110E+02  -.100430E+02  -.105900E+03  0.892090E+02  -.321720E+02  0.251160E+02  -.191650E+03  0.823340E+02  -.138330E+03  0.322330E+02  -.472730E+01  0.275060E+02
0.100000E+01  0.260930E+01  0.000000E+00  0.207100E+01  0.143600E+01  0.000000E+00  0.000000E+00  0.130940E+03  -.145060E+02  -.169510E+03  0.147610E+03  0.178050E+02  -.141770E+03  0.610500E+02  -.189280E+02  0.509830E+02  -.597390E+02  -.624840E+02  0.135220E+03  0.299310E+02  -.157460E+02  0.141850E+02
0.100000E+01  0.260930E+01  0.000000E+00  0.227940E+01  0.000000E+00  0.000000E+00  0.000000E+00  0.132790E+03  -.226700E+02  -.186890E+03  0.211200E+03  0.433470E+02  -.177080E+03  0.533330E+01  -.846080E+01  0.572760E+02  -.499840E+02  -.507130E+02  0.138730E+03  0.282460E+02  -.258100E+02  0.243660E+01
0.110000E+01  0.244720E+01  0.244720E+01  0.117650E+01  0.117650E+01  0.000000E+00  0.000000E+00  0.819470E+02  -.421100E+01  0.798890E+02  0.844890E+01  0.597200E+02  -.457790E+02  0.563810E+02  -.201830E+02  0.327100E+02  -.271080E+02  0.262230E+02  -.660710E+01  0.243100E+02  0.130210E+01  0.256120E+02
0.110000E+01  0.244720E+01  0.244720E+01  0.134680E+01  0.933790E+00  0.000000E+00  0.000000E+00  0.808140E+02  -.105110E+02  0.783530E+02  0.917120E+01  0.681690E+02  -.528070E+02  0.413770E+02  -.231110E+02  0.278140E+02  -.162470E+02  0.153260E+02  0.192900E+02  0.241940E+02  0.103090E+01  0.252240E+02
0.110000E+01  0.244720E+01  0.244720E+01  0.148230E+01  0.000000E+00  0.000000E+00  0.000000E+00  0.794200E+02  -.170030E+02  0.762280E+02  0.110680E+02  0.756480E+02  -.614560E+02  0.143680E+02  -.247470E+02  0.242710E+02  -.923950E+01  0.386280E+01  0.467120E+02  0.241250E+02  0.116420E+01  0.252890E+02
0.110000E+01  0.280140E+01  0.194240E+01  0.117650E+01  0.117650E+01  0.000000E+00  0.000000E+00  0.165530E+03  -.333170E+01  -.325620E+02  0.183560E+02  0.644980E+01  -.373950E+02  0.551330E+02  -.153640E+02  0.215430E+02  -.282260E+02  -.433740E+02  -.162520E+02  0.445600E+02  0.337780E+00  0.448970E+02
0.110000E+01  0.280140E+01  0.194240E+01  0.134680E+01  0.933790E+00  0.000000E+00  0.000000E+00  0.166910E+03  -.710170E+01  -.337120E+02  0.252980E+02  0.156600E+02  -.438840E+02  0.415360E+02  -.166270E+02  0.188410E+02  -.209960E+02  -.563870E+01  0.575970E+01  0.442260E+02  -.559500E+00  0.436670E+02
0.110000E+01  0.280140E+01  0.194240E+01  0.148230E+01  0.000000E+00  0.000000E+00  0.000000E+00  0.168200E+03  -.113990E+02  -.352370E+02  0.334560E+02  0.258830E+02  -.533090E+02  0.157260E+02  -.175950E+02  0.171850E+02  -.163630E+02  -.170520E+02  0.235650E+02  0.439030E+02  -.104950E+01  0.428540E+02
0.110000E+01  0.308330E+01  0.000000E+00  0.117650E+01  0.117650E+01  0.000000E+00  0.000000E+00  0.250170E+03  0.882710E+00  -.160950E+03  0.372470E+02  -.840420E+02  -.389370E+02  0.333700E+02  -.909660E+01  -.334240E+02  -.339250E+02  -.263320E+02  -.114440E+02  0.109250E+03  -.229250E+01  0.106960E+03
0.110000E+01  0.308330E+01  0.000000E+00  0.134680E+01  0.933790E+00  0.000000E+00  0.000000E+00  0.252620E+03  -.231130E+01  -.172350E+03  0.632620E+02  -.719620E+02  -.474680E+02  0.263720E+02  -.990900E+01  -.369150E+02  -.310070E+02  -.335820E+02  0.896120E+01  0.108620E+03  -.417400E+01  0.104450E+03
0.110000E+01  0.308330E+01  0.000000E+00  0.148230E+01  0.000000E+00  0.000000E+00  0.000000E+00  0.254600E+03  -.522910E+01  -.183310E+03  0.911310E+02  -.598180E+02  -.569420E+02  0.363040E+01  -.104620E+02  -.161620E+02  -.677890E+02  -.353190E+02  0.216370E+02  0.108100E+03  -.573090E+01  0.102370E+03
0.110000E+01  0.235300E+01  0.235300E+01  0.148230E+01  0.148230E+01  0.000000E+00  0.000000E+00  0.429650E+02  -.491370E+01  0.421750E+02  0.265590E+02  0.824660E+02  -.791360E+02  0.767910E+02  -.312620E+02  0.369100E+02  -.400340E+02  0.236790E+02  0.203900E+01  0.141650E+02  0.278890E+01  0.169540E+02
0.110000E+01  0.235300E+01  0.235300E+01  0.169680E+01  0.117650E+01  0.000000E+00  0.000000E+00  0.449480E+02  -.165640E+02  0.419930E+02  0.312530E+02  0.982380E+02  -.962410E+02  0.499700E+02  -.296290E+02  0.328570E+02  -.321330E+02  0.951460E+01  0.374190E+02  0.146580E+02  0.136030E+01  0.160180E+02
0.110000E+01  0.235300E+01  0.235300E+01  0.186760E+01  0.000000E+00  0.000000E+00  0.000000E+00  0.463530E+02  -.272430E+02  0.387780E+02  0.389770E+02  0.112100E+03  -.116810E+03  0.892200E+01  -.320920E+02  0.242820E+02  -.178080E+02  -.192220E+02  0.945040E+02  0.154000E+02  0.862420E+00  0.162630E+02
0.110000E+01  0.269350E+01  0.186760E+01  0.148230E+01  0.148230E+01  0.000000E+00  0.000000E+00  0.135400E+03  -.833200E+01  -.478290E+02  0.376920E+02  0.291410E+02  -.688050E+02  0.766730E+02  -.241870E+02  0.286390E+02  -.434300E+02  0.284450E+02  -.179460E+02  0.301400E+02  0.878230E+00  0.310190E+02
0.110000E+01  0.269350E+01  0.186760E+01  0.169680E+01  0.117650E+01  0.000000E+00  0.000000E+00  0.138570E+03  -.194240E+02  -.518470E+02  0.562860E+02  0.517030E+02  -.977920E+02  0.519730E+02  -.216680E+02  0.262670E+02  -.372990E+02  0.603320E+01  0.119880E+02  0.298970E+02  -.241470E+01  0.274820E+02
0.110000E+01  0.269350E+01  0.186760E+01  0.186760E+01  0.000000E+00  0.000000E+00  0.000000E+00  0.139880E+03  -.259460E+02  -.569790E+02  0.769560E+02  0.711020E+02  -.129710E+03  0.117220E+02  -.213050E+02  0.180010E+02  -.204830E+02  -.273970E+02  0.590750E+02  0.298880E+02  -.514460E+01  0.247430E+02
0.110000E+01  0.296460E+01  0.000000E+00  0.148230E+01  0.148230E+01  0.000000E+00  0.000000E+00  0.218350E+03  0.169510E+00  -.171330E+03  0.731030E+02  -.550010E+02  -.638740E+02  0.530080E+02  -.150700E+02  -.277690E+01  -.693920E+02  -.256990E+02  -.388760E+01  0.812110E+02  -.377550E+01  0.774350E+02
0.110000E+01  0.296460E+01  0.000000E+00  0.169680E+01  0.117650E+01  0.000000E+00  0.000000E+00  0.221940E+03  -.710720E+01  -.183430E+03  0.114440E+03  -.338810E+02  -.849380E+02  0.410750E+02  -.145970E+02  0.177970E+01  -.159600E+03  -.175370E+02  -.207260E+02  0.797320E+02  -.807570E+01  0.716560E+02
0.110000E+01  0.296460E+01  0.000000E+00  0.186760E+01  0.000000E+00  0.000000E+00  0.000000E+00  0.224980E+03  -.128220E+02  -.192000E+03  0.146070E+03  -.140710E+02  -.105600E+03  0.185480E+02  -.144650E+02  0.262550E+01  -.196540E+03  0.778480E-01  -.537610E+02  0.784350E+02  -.117610E+02  0.666740E+02
0.110000E+01  0.225060E+01  0.225060E+01  0.169680E+01  0.169680E+01  0.000000E+00  0.000000E+00  0.248660E+02  -.591400E+01  0.199910E+02  0.439070E+02  0.964890E+02  -.108710E+03  0.872700E+02  -.363230E+02  0.347220E+02  -.503940E+02  0.181700E+02  0.528810E+01  0.862360E+01  0.363500E+01  0.122590E+02
0.110000E+01  0.225060E+01  0.225060E+01  0.194240E+01  0.134680E+01  0.000000E+00  0.000000E+00  0.262080E+02  -.206650E+02  0.158790E+02  0.587710E+02  0.119910E+03  -.144170E+03  0.502340E+02  -.288760E+02  0.290350E+02  -.395030E+02  -.105080E+02  0.745450E+02  0.981820E+01  -.682750E+00  0.913540E+01
0.110000E+01  0.225060E+01  0.225060E+01  0.213790E+01  0.000000E+00  0.000000E+00  0.000000E+00  0.268130E+02  -.342300E+02  0.990970E+01  0.764720E+02  0.140960E+03  -.182430E+03  -.460250E+01  -.269270E+02  0.138530E+02  -.166410E+02  -.597530E+02  0.159870E+03  0.116090E+02  -.322830E+01  0.838050E+01
0.110000E+01  0.257630E+01  0.178630E+01  0.169680E+01  0.169680E+01  0.000000E+00  0.000000E+00  0.100770E+03  -.784550E+00  -.618170E+02  0.584940E+02  0.499560E+02  -.110130E+03  0.914490E+02  -.334950E+02  0.322230E+02  -.560650E+02  0.402900E+02  -.263230E+02  0.199560E+02  0.562230E+00  0.205180E+02
0.110000E+01  0.257630E+01  0.178630E+01  0.194240E+01  0.134680E+01  0.000000E+00  0.000000E+00  0.103690E+03  -.135540E+02  -.672160E+02  0.856280E+02  0.733680E+02  -.138070E+03  0.586130E+02  -.241390E+02  0.229230E+02  -.335160E+02  0.557260E+01  0.299730E+02  0.194330E+02  -.475300E+01  0.146800E+02
0.110000E+01  0.257630E+01  0.178630E+01  0.213790E+01  0.000000E+00  0.000000E+00  0.000000E+00  0.105730E+03  -.260780E+02  -.742050E+02  0.116480E+03  0.935970E+02  -.164630E+03  0.429510E+01  -.198360E+02  -.663200E+00  -.220320E+02  -.273620E+01  0.160310E+03  0.194860E+02  -.852830E+01  0.109580E+02
0.110000E+01  0.283550E+01  0.000000E+00  0.169680E+01  0.169680E+01  0.000000E+00  0.000000E+00  0.183660E+03  -.238630E+01  -.169550E+03  0.894320E+02  -.292900E+02  -.896610E+02  0.780450E+02  -.248910E+02  0.172770E+02  -.165040E+03  0.135990E+02  -.587170E+02  0.574220E+02  -.426200E+01  0.531600E+02
0.110000E+01  0.283550E+01  0.000000E+00  0.194240E+01  0.134680E+01  0.000000E+00  0.000000E+00  0.187240E+03  -.110440E+02  -.184000E+03  0.142410E+03  -.273260E+01  -.120140E+03  0.596940E+02  -.172760E+02  0.205750E+02  -.158310E+03  0.353080E+02  -.971490E+02  0.553710E+02  -.118800E+02  0.434910E+02
0.110000E+01  0.283550E+01  0.000000E+00  0.213790E+01  0.000000E+00  0.000000E+00  0.000000E+00  0.189590E+03  -.159390E+02  -.201540E+03  0.202810E+03  0.220100E+02  -.150580E+03  0.162620E+02  -.109690E+02  0.603620E+02  -.406460E+02  -.284120E+02  0.105880E+03  0.540780E+02  -.188360E+02  0.352420E+02
0.110000E+01  0.213790E+01  0.213790E+01  0.186760E+01  0.186760E+01  0.000000E+00  0.000000E+00  0.547530E+01  -.688900E+01  -.528210E+01  0.638100E+02  0.108570E+03  -.142410E+03  0.924970E+02  -.403800E+02  0.298310E+02  -.586140E+02  0.114870E+02  0.731990E+01  0.467510E+01  0.305870E+01  0.773380E+01
0.110000E+01  0.213790E+01  0.213790E+01  0.213790E+01  0.148230E+01  0.000000E+00  0.000000E+00  0.689890E+01  -.252210E+02  -.883870E+01  0.861790E+02  0.135470E+03  -.184290E+03  0.475960E+02  -.251810E+02  0.118310E+02  -.415250E+02  -.315470E+02  0.100550E+03  0.610540E+01  -.358980E+01  0.251560E+01
0.110000E+01  0.213790E+01  0.213790E+01  0.235300E+01  0.000000E+00  0.000000E+00  0.000000E+00  0.677820E+01  -.406770E+02  -.158210E+02  0.111020E+03  0.150930E+03  -.210870E+03  -.172920E+02  -.221010E+02  -.364650E+02  -.110060E+02  -.969600E+02  0.247530E+03  0.832010E+01  -.805850E+01  0.261630E+00
0.110000E+01  0.244720E+01  0.169680E+01  0.186760E+01  0.186760E+01  0.000000E+00  0.000000E+00  0.816990E+02  -.732890E+00  -.723620E+02  0.755030E+02  0.613000E+02  -.134040E+03  0.999350E+02  -.377750E+02  0.315330E+02  -.688860E+02  0.335220E+02  -.141800E+02  0.119920E+02  0.398390E+00  0.123900E+02
0.110000E+01  0.244720E+01  0.169680E+01  0.213790E+01  0.148230E+01  0.000000E+00  0.000000E+00  0.775570E+02  -.159600E+02  -.776900E+02  0.111620E+03  0.874910E+02  -.165870E+03  0.589390E+02  -.231460E+02  0.133890E+02  -.185450E+02  -.134210E+02  0.662670E+02  0.110400E+02  -.818020E+01  0.286030E+01
0.110000E+01  0.244720E+01  0.169680E+01  0.235300E+01  0.000000E+00  0.000000E+00  0.000000E+00  0.758830E+02  -.297330E+02  -.914370E+02  0.157990E+03  0.111660E+03  -.203190E+03  -.876420E+01  -.141830E+02  -.725110E+01  0.269210E+02  -.759650E+02  0.167340E+03  0.112460E+02  -.155240E+02  -.427780E+01
0.110000E+01  0.269350E+01  0.000000E+00  0.186760E+01  0.186760E+01  0.000000E+00  0.000000E+00  0.146470E+03  -.177840E+01  -.166590E+03  0.108990E+03  -.732710E+01  -.112880E+03  0.967650E+02  -.329840E+02  0.754180E+02  -.454550E+02  -.479940E+02  -.470580E+02  0.383160E+02  -.440710E+01  0.339090E+02
0.110000E+01  0.269350E+01  0.000000E+00  0.213790E+01  0.148230E+01  0.000000E+00  0.000000E+00  0.150330E+03  -.126500E+02  -.183900E+03  0.176580E+03  0.241600E+02  -.152240E+03  0.704200E+02  -.184480E+02  0.283990E+02  -.185860E+03  -.760210E+02  0.123490E+03  0.355050E+02  -.160030E+02  0.195020E+02
0.110000E+01  0.269350E+01  0.000000E+00  0.235300E+01  0.000000E+00  0.000000E+00  0.000000E+00  0.152940E+03  -.191870E+02  -.202570E+03  0.240640E+03  0.520920E+02  -.191240E+03  0.152110E+02  -.636070E+01  0.325920E+02  -.145090E+03  0.165000E+03  0.349660E+03  0.339370E+02  -.271860E+02  0.675100E+01
0.120000E+01  0.251930E+01  0.251930E+01  0.121110E+01  0.121110E+01  0.000000E+00  0.000000E+00  0.841510E+02  -.353190E+01  0.810100E+02  0.112910E+02  0.672970E+02  -.500800E+02  0.687350E+02  -.219710E+02  0.391200E+02  -.302880E+02  0.307500E+02  -.601020E+01  0.300940E+02  0.164050E+01  0.317350E+02
0.120000E+01  0.251930E+01  0.251930E+01  0.138640E+01  0.961270E+00  0.000000E+00  0.000000E+00  0.860930E+02  -.107710E+02  0.815280E+02  0.119880E+02  0.761360E+02  -.576180E+02  0.529790E+02  -.248340E+02  0.332580E+02  -.171560E+02  0.184560E+02  0.223970E+02  0.302300E+02  0.128570E+01  0.315160E+02
0.120000E+01  0.251930E+01  0.251930E+01  0.152590E+01  0.000000E+00  0.000000E+00  0.000000E+00  0.876910E+02  -.184550E+02  0.817690E+02  0.137860E+02  0.838450E+02  -.670680E+02  0.227040E+02  -.264640E+02  0.283840E+02  -.866510E+01  0.285120E+01  0.532680E+02  0.304530E+02  0.133640E+01  0.317900E+02
0.120000E+01  0.288380E+01  0.199950E+01  0.121110E+01  0.121110E+01  0.000000E+00  0.000000E+00  0.191620E+03  -.395040E+01  -.206290E+02  0.200670E+02  0.119640E+02  -.406620E+02  0.642940E+02  -.181680E+02  0.227700E+02  -.278930E+02  0.998000E+01  -.135270E+02  0.532100E+02  0.562470E+00  0.537730E+02
0.120000E+01  0.288380E+01  0.199950E+01  0.138640E+01  0.961270E+00  0.000000E+00  0.000000E+00  0.192520E+03  -.757240E+01  -.219600E+02  0.275090E+02  0.221140E+02  -.479100E+02  0.499510E+02  -.181670E+02  0.189440E+02  -.200760E+02  -.392280E+01  0.819980E+01  0.529140E+02  -.386040E+00  0.525280E+02
0.120000E+01  0.288380E+01  0.199950E+01  0.152590E+01  0.000000E+00  0.000000E+00  0.000000E+00  0.193010E+03  -.112150E+02  -.239240E+02  0.365900E+02  0.341480E+02  -.582220E+02  0.232280E+02  -.193180E+02  0.178130E+02  -.169570E+02  -.160550E+02  0.261900E+02  0.526940E+02  -.926780E+00  0.517670E+02
0.120000E+01  0.317410E+01  0.000000E+00  0.121110E+01  0.121110E+01  0.000000E+00  0.000000E+00  0.279730E+03  0.126400E+01  -.170790E+03  0.440370E+02  -.801470E+02  -.404960E+02  0.411980E+02  -.107260E+02  -.444510E+02  -.162900E+02  -.269830E+02  -.115990E+02  0.122830E+03  -.216080E+01  0.120670E+03
0.120000E+01  0.317410E+01  0.000000E+00  0.138640E+01  0.961270E+00  0.000000E+00  0.000000E+00  0.279730E+03  -.199420E+01  -.181370E+03  0.750730E+02  -.690190E+02  -.499480E+02  0.301390E+02  -.102210E+02  -.219880E+02  -.567530E+02  -.264130E+02  0.885450E+01  0.121940E+03  -.415860E+01  0.117780E+03
0.120000E+01  0.317410E+01  0.000000E+00  0.152590E+01  0.000000E+00  0.000000E+00  0.000000E+00  0.279730E+03  -.508930E+01  -.187900E+03  0.102580E+03  -.571580E+02  -.612680E+02  0.650800E+01  -.108000E+02  -.957520E+01  -.589890E+02  -.134580E+02  0.168270E+02  0.121140E+03  -.585820E+01  0.115280E+03
0.120000E+01  0.242230E+01  0.242230E+01  0.152590E+01  0.152590E+01  0.000000E+00  0.000000E+00  0.646520E+02  -.513210E+01  0.604260E+02  0.266430E+02  0.909740E+02  -.867160E+02  0.896630E+02  -.364130E+02  0.409260E+02  -.444650E+02  0.241810E+02  0.448630E+01  0.204340E+02  0.326790E+01  0.237020E+02
0.120000E+01  0.242230E+01  0.242230E+01  0.174680E+01  0.121110E+01  0.000000E+00  0.000000E+00  0.671520E+02  -.176210E+02  0.563230E+02  0.331410E+02  0.108120E+03  -.104980E+03  0.607890E+02  -.325490E+02  0.362050E+02  -.349950E+02  0.721310E+01  0.449430E+02  0.208930E+02  0.173520E+01  0.226280E+02
0.120000E+01  0.242230E+01  0.242230E+01  0.192250E+01  0.000000E+00  0.000000E+00  0.000000E+00  0.690450E+02  -.287040E+02  0.523580E+02  0.413720E+02  0.122670E+03  -.127850E+03  0.147410E+02  -.325420E+02  0.233630E+02  -.110150E+02  -.282860E+02  0.110090E+03  0.218650E+02  0.948850E+00  0.228140E+02
0.120000E+01  0.277280E+01  0.192250E+01  0.152590E+01  0.152590E+01  0.000000E+00  0.000000E+00  0.156480E+03  -.283070E+01  -.419250E+02  0.419630E+02  0.353430E+02  -.751760E+02  0.874760E+02  -.257580E+02  0.325410E+02  -.474930E+02  -.223200E+02  -.201890E+02  0.374970E+02  0.135690E+01  0.388540E+02
0.120000E+01  0.277280E+01  0.192250E+01  0.174680E+01  0.121110E+01  0.000000E+00  0.000000E+00  0.157590E+03  -.107930E+02  -.467680E+02  0.625410E+02  0.597800E+02  -.107250E+03  0.623940E+02  -.227750E+02  0.303710E+02  -.418030E+02  0.476360E+01  0.852020E+01  0.372510E+02  -.220040E+01  0.350510E+02
0.120000E+01  0.277280E+01  0.192250E+01  0.192250E+01  0.000000E+00  0.000000E+00  0.000000E+00  0.158840E+03  -.202500E+02  -.522030E+02  0.837530E+02  0.805350E+02  -.132290E+03  0.190480E+02  -.228750E+02  0.218830E+02  -.239350E+02  -.322770E+02  0.612180E+02  0.369960E+02  -.434350E+01  0.326530E+02
0.120000E+01  0.305190E+01  0.000000E+00  0.152590E+01  0.152590E+01  0.000000E+00  0.000000E+00  0.241190E+03  0.250180E+01  -.180340E+03  0.863940E+02  -.538970E+02  -.677360E+02  0.607910E+02  -.157460E+02  -.371800E+01  -.696280E+02  -.281900E+02  0.270260E-01  0.924910E+02  -.348640E+01  0.890050E+02
0.120000E+01  0.305190E+01  0.000000E+00  0.174680E+01  0.121110E+01  0.000000E+00  0.000000E+00  0.245290E+03  -.393360E+01  -.194350E+03  0.131300E+03  -.304090E+02  -.904800E+02  0.449870E+02  -.138980E+02  -.707420E+01  -.159150E+03  -.180380E+02  -.219010E+02  0.912130E+02  -.809060E+01  0.831220E+02
0.120000E+01  0.305190E+01  0.000000E+00  0.192250E+01  0.000000E+00  0.000000E+00  0.000000E+00  0.248840E+03  -.942860E+01  -.197890E+03  0.168590E+03  -.826760E+01  -.114000E+03  0.212740E+02  -.133040E+02  -.902260E+01  -.162390E+03  -.565000E+01  0.641780E+02  0.900690E+02  -.120200E+02  0.780480E+02
0.120000E+01  0.231680E+01  0.231680E+01  0.174680E+01  0.174680E+01  0.000000E+00  0.000000E+00  0.338120E+02  -.336300E+01  0.288910E+02  0.490730E+02  0.108900E+03  -.118470E+03  0.102260E+03  -.424660E+02  0.401460E+02  -.539320E+02  0.199320E+02  0.779780E+01  0.127840E+02  0.459370E+01  0.173780E+02
0.120000E+01  0.231680E+01  0.231680E+01  0.199950E+01  0.138640E+01  0.000000E+00  0.000000E+00  0.361900E+02  -.196760E+02  0.213710E+02  0.660170E+02  0.134210E+03  -.157720E+03  0.609710E+02  -.315120E+02  0.338190E+02  -.438630E+02  -.167940E+02  0.871950E+02  0.139860E+02  -.156540E+00  0.138300E+02
0.120000E+01  0.231680E+01  0.231680E+01  0.220080E+01  0.000000E+00  0.000000E+00  0.000000E+00  0.384910E+02  -.344990E+02  0.150110E+02  0.851870E+02  0.157160E+03  -.197910E+03  0.139660E+01  -.277780E+02  0.163530E+02  -.176310E+02  -.754180E+02  0.182780E+03  0.159010E+02  -.289860E+01  0.130020E+02
0.120000E+01  0.265210E+01  0.183890E+01  0.174680E+01  0.174680E+01  0.000000E+00  0.000000E+00  0.122320E+03  -.352280E+01  -.594180E+02  0.663420E+02  0.596130E+02  -.119080E+03  0.104090E+03  -.342230E+02  0.364000E+02  -.606100E+02  0.377410E+02  -.252240E+02  0.251270E+02  0.142290E+01  0.265500E+02
0.120000E+01  0.265210E+01  0.183890E+01  0.199950E+01  0.138640E+01  0.000000E+00  0.000000E+00  0.124090E+03  -.133920E+02  -.659460E+02  0.955920E+02  0.853130E+02  -.148270E+03  0.687160E+02  -.257660E+02  0.270780E+02  -.354980E+02  -.200340E+00  0.351300E+02  0.247030E+02  -.430330E+01  0.203990E+02
0.120000E+01  0.265210E+01  0.183890E+01  0.220080E+01  0.000000E+00  0.000000E+00  0.000000E+00  0.123960E+03  -.246540E+02  -.745900E+02  0.130120E+03  0.107900E+03  -.177180E+03  0.102390E+02  -.198000E+02  -.986620E+01  -.271650E+02  -.613080E+02  0.121180E+03  0.246780E+02  -.852390E+01  0.161550E+02
0.120000E+01  0.291900E+01  0.000000E+00  0.174680E+01  0.174680E+01  0.000000E+00  0.000000E+00  0.206280E+03  -.133360E+00  -.179140E+03  0.105350E+03  -.270110E+02  -.944450E+02  0.823960E+02  -.216940E+02  0.102090E+02  -.175660E+03  0.780840E+01  -.559860E+02  0.659730E+02  -.399880E+01  0.619740E+02
0.120000E+01  0.291900E+01  0.000000E+00  0.199950E+01  0.138640E+01  0.000000E+00  0.000000E+00  0.211160E+03  -.908720E+01  -.196030E+03  0.164730E+03  0.349260E+01  -.128760E+03  0.646130E+02  -.170360E+02  0.164450E+02  -.153630E+03  -.224430E+02  -.107040E+03  0.637600E+02  -.120790E+02  0.516800E+02
0.120000E+01  0.291900E+01  0.000000E+00  0.220080E+01  0.000000E+00  0.000000E+00  0.000000E+00  0.214390E+03  -.135790E+02  -.217600E+03  0.229360E+03  0.303040E+02  -.161530E+03  0.232710E+02  -.991900E+01  0.151990E+02  -.149130E+03  -.103480E+02  0.990910E+02  0.623120E+02  -.194840E+02  0.428280E+02
0.120000E+01  0.220080E+01  0.220080E+01  0.192250E+01  0.192250E+01  0.000000E+00  0.000000E+00  0.136640E+02  -.305500E+01  0.337090E+01  0.720900E+02  0.121700E+03  -.154890E+03  0.106250E+03  -.419360E+02  0.349990E+02  -.643830E+02  0.139000E+02  0.203010E+02  0.811880E+01  0.446600E+01  0.125850E+02
0.120000E+01  0.220080E+01  0.220080E+01  0.220080E+01  0.152590E+01  0.000000E+00  0.000000E+00  0.151530E+02  -.233060E+02  -.322250E+01  0.972990E+02  0.150580E+03  -.198120E+03  0.566720E+02  -.252870E+02  0.125310E+02  -.448800E+02  -.373930E+02  0.113830E+03  0.954130E+01  -.293750E+01  0.660390E+01
0.120000E+01  0.220080E+01  0.220080E+01  0.242230E+01  0.000000E+00  0.000000E+00  0.000000E+00  0.151420E+02  -.398320E+02  -.127900E+02  0.126150E+03  0.168180E+03  -.228610E+03  -.126990E+02  -.207930E+02  -.271220E+02  -.504810E+01  -.119200E+03  0.276840E+03  0.119250E+02  -.804100E+01  0.388410E+01
0.120000E+01  0.251930E+01  0.174680E+01  0.192250E+01  0.192250E+01  0.000000E+00  0.000000E+00  0.856150E+02  0.407690E+01  -.724330E+02  0.858070E+02  0.702340E+02  -.140760E+03  0.112080E+03  -.366670E+02  0.303600E+02  -.583320E+02  0.388800E+02  -.177810E+02  0.153770E+02  0.164480E+01  0.170220E+02
0.120000E+01  0.251930E+01  0.174680E+01  0.220080E+01  0.152590E+01  0.000000E+00  0.000000E+00  0.887990E+02  -.128960E+02  -.807260E+02  0.126260E+03  0.100280E+03  -.178330E+03  0.700410E+02  -.249790E+02  0.195130E+02  -.259120E+02  -.168660E+02  0.752540E+02  0.147650E+02  -.767920E+01  0.708610E+01
0.120000E+01  0.251930E+01  0.174680E+01  0.242230E+01  0.000000E+00  0.000000E+00  0.000000E+00  0.870780E+02  -.272080E+02  -.969200E+02  0.178090E+03  0.125940E+03  -.217770E+03  -.460820E+01  -.126120E+02  -.327620E+01  0.123090E+02  -.896860E+02  0.188380E+03  0.150820E+02  -.155680E+02  -.485730E+00
0.120000E+01  0.277280E+01  0.000000E+00  0.192250E+01  0.192250E+01  0.000000E+00  0.000000E+00  0.166690E+03  -.176850E+00  -.177220E+03  0.125830E+03  -.426540E+01  -.119360E+03  0.100840E+03  -.265010E+02  0.478010E+02  -.706910E+02  0.945700E+02  -.814590E+02  0.445770E+02  -.390830E+01  0.406690E+02
0.120000E+01  0.277280E+01  0.000000E+00  0.220080E+01  0.152590E+01  0.000000E+00  0.000000E+00  0.171580E+03  -.109110E+02  -.198250E+03  0.201020E+03  0.305060E+02  -.162170E+03  0.742290E+02  -.160500E+02  0.297980E+02  -.135230E+03  -.415000E+02  0.930520E+02  0.419800E+02  -.163850E+02  0.255950E+02
0.120000E+01  0.277280E+01  0.000000E+00  0.242230E+01  0.000000E+00  0.000000E+00  0.000000E+00  0.174190E+03  -.154380E+02  -.356260E+03  0.134290E+03  0.614390E+02  -.205300E+03  0.193310E+02  -.343490E+01  0.408560E+02  -.900000E+02  0.187400E+03  0.383380E+03  0.403550E+02  -.284210E+02  0.119340E+02
0.130000E+01  0.258740E+01  0.258740E+01  0.124390E+01  0.124390E+01  0.000000E+00  0.000000E+00  0.102430E+03  -.302700E+01  0.100860E+03  0.104220E+02  0.701800E+02  -.537570E+02  0.801070E+02  -.241240E+02  0.452620E+02  -.324950E+02  0.330960E+02  -.543500E+01  0.380630E+02  0.193100E+01  0.399940E+02
0.130000E+01  0.258740E+01  0.258740E+01  0.142390E+01  0.987270E+00  0.000000E+00  0.000000E+00  0.104810E+03  -.107350E+02  0.101350E+03  0.113680E+02  0.820830E+02  -.623270E+02  0.652170E+02  -.275900E+02  0.371070E+02  -.186130E+02  0.166700E+02  0.246080E+02  0.382420E+02  0.151550E+01  0.397580E+02
0.130000E+01  0.258740E+01  0.258740E+01  0.156720E+01  0.000000E+00  0.000000E+00  0.000000E+00  0.107470E+03  -.191590E+02  0.101320E+03  0.134990E+02  0.885880E+02  -.724220E+02  0.376290E+02  -.301960E+02  0.299340E+02  -.102120E+02  -.250950E+01  0.567610E+02  0.383690E+02  0.137440E+01  0.397440E+02
0.130000E+01  0.296180E+01  0.205360E+01  0.124390E+01  0.124390E+01  0.000000E+00  0.000000E+00  0.214880E+03  -.459350E+01  -.136720E+02  0.222990E+02  0.196380E+02  -.439120E+02  0.689210E+02  -.194270E+02  0.219870E+02  -.304530E+02  0.174590E+01  -.124200E+02  0.623730E+02  0.758990E+00  0.631320E+02
0.130000E+01  0.296180E+01  0.205360E+01  0.142390E+01  0.987270E+00  0.000000E+00  0.000000E+00  0.216750E+03  -.850310E+01  -.154030E+02  0.304360E+02  0.308940E+02  -.520990E+02  0.555490E+02  -.199000E+02  0.185620E+02  -.211610E+02  -.116460E+02  0.107600E+02  0.620930E+02  -.142970E+00  0.619500E+02
0.130000E+01  0.296180E+01  0.205360E+01  0.156720E+01  0.000000E+00  0.000000E+00  0.000000E+00  0.218330E+03  -.122260E+02  -.177120E+02  0.397770E+02  0.434800E+02  -.631680E+02  0.308460E+02  -.210900E+02  0.158670E+02  -.159410E+02  -.227880E+02  0.269070E+02  0.619230E+02  -.772320E+00  0.611500E+02
0.130000E+01  0.325990E+01  0.000000E+00  0.124390E+01  0.124390E+01  0.000000E+00  0.000000E+00  0.345650E+03  0.585030E+00  -.152930E+03  0.478950E+02  -.837520E+02  -.416810E+02  0.460740E+02  -.111700E+02  -.395080E+02  -.359210E+02  -.125720E+02  -.742900E+01  0.140390E+03  -.221400E+01  0.138170E+03
0.130000E+01  0.325990E+01  0.000000E+00  0.142390E+01  0.987270E+00  0.000000E+00  0.000000E+00  0.345650E+03  -.301920E+01  -.170000E+03  0.802960E+02  -.696410E+02  -.526620E+02  0.312320E+02  -.104140E+02  -.286610E+02  -.536980E+02  0.180170E+02  0.110120E+01  0.139410E+03  -.425930E+01  0.135150E+03
0.130000E+01  0.325990E+01  0.000000E+00  0.156720E+01  0.000000E+00  0.000000E+00  0.000000E+00  0.345650E+03  -.575630E+01  -.187560E+03  0.112370E+03  -.546590E+02  -.659960E+02  0.365180E+01  -.107850E+02  -.254240E+02  -.513170E+02  0.994770E+02  0.233930E+02  0.138610E+03  -.595500E+01  0.132650E+03
0.130000E+01  0.248780E+01  0.248780E+01  0.156720E+01  0.156720E+01  0.000000E+00  0.000000E+00  0.755550E+02  -.463960E+01  0.693170E+02  0.305390E+02  0.101850E+03  -.945210E+02  0.103650E+03  -.404850E+02  0.453290E+02  -.467420E+02  0.257600E+02  0.560960E+01  0.262530E+02  0.398620E+01  0.302400E+02
0.130000E+01  0.248780E+01  0.248780E+01  0.179400E+01  0.124390E+01  0.000000E+00  0.000000E+00  0.776530E+02  -.183650E+02  0.687190E+02  0.369050E+02  0.118000E+03  -.113730E+03  0.716850E+02  -.348250E+02  0.410940E+02  -.376340E+02  0.344090E+01  0.543520E+02  0.266790E+02  0.215040E+01  0.288290E+02
0.130000E+01  0.248780E+01  0.248780E+01  0.197450E+01  0.000000E+00  0.000000E+00  0.000000E+00  0.791290E+02  -.295560E+02  0.664300E+02  0.463320E+02  0.134540E+03  -.138700E+03  0.219330E+02  -.329870E+02  0.257310E+02  -.128840E+02  -.345840E+02  0.119360E+03  0.276430E+02  0.113340E+01  0.287770E+02
0.130000E+01  0.284780E+01  0.197450E+01  0.156720E+01  0.156720E+01  0.000000E+00  0.000000E+00  0.177820E+03  -.307630E+01  -.352040E+02  0.466280E+02  0.420760E+02  -.814210E+02  0.962370E+02  -.262200E+02  0.349630E+02  -.508270E+02  -.600030E+02  -.201690E+02  0.447960E+02  0.177350E+01  0.465700E+02
0.130000E+01  0.284780E+01  0.197450E+01  0.179400E+01  0.124390E+01  0.000000E+00  0.000000E+00  0.179320E+03  -.939610E+01  -.406720E+02  0.685060E+02  0.688760E+02  -.115750E+03  0.719070E+02  -.251000E+02  0.346520E+02  -.474490E+02  -.526060E+02  0.124350E+02  0.447150E+02  -.194620E+01  0.427690E+02
0.130000E+01  0.284780E+01  0.197450E+01  0.197450E+01  0.000000E+00  0.000000E+00  0.000000E+00  0.181630E+03  -.181310E+02  -.469580E+02  0.922020E+02  0.920220E+02  -.142040E+03  0.247340E+02  -.239900E+02  0.260130E+02  -.270490E+02  -.489350E+02  0.688000E+02  0.446190E+02  -.413450E+01  0.404840E+02
0.130000E+01  0.313440E+01  0.000000E+00  0.156720E+01  0.156720E+01  0.000000E+00  0.000000E+00  0.258540E+03  0.518760E+01  -.187200E+03  0.983510E+02  -.511110E+02  -.725560E+02  0.689200E+02  -.166410E+02  -.553210E+01  -.831730E+02  -.765510E+01  -.455070E+02  0.102590E+03  -.326300E+01  0.993280E+02
0.130000E+01  0.313440E+01  0.000000E+00  0.179400E+01  0.124390E+01  0.000000E+00  0.000000E+00  0.262990E+03  -.786180E+00  -.186230E+03  0.144830E+03  -.263140E+02  -.964820E+02  0.422760E+02  -.129820E+02  -.199030E+02  -.107410E+03  -.385960E+01  -.545600E+02  0.101540E+03  -.832900E+01  0.932060E+02
0.130000E+01  0.313440E+01  0.000000E+00  0.197450E+01  0.000000E+00  0.000000E+00  0.000000E+00  0.267590E+03  -.638290E+01  -.187180E+03  0.235530E+03  -.258540E+01  -.122080E+03  0.239070E+02  -.128230E+02  -.442180E+00  -.102210E+03  0.260480E+03  0.204730E+03  0.100480E+03  -.123680E+02  0.881160E+02
0.130000E+01  0.237950E+01  0.237950E+01  0.179400E+01  0.179400E+01  0.000000E+00  0.000000E+00  0.485430E+02  -.202550E+01  0.380430E+02  0.537900E+02  0.119930E+03  -.128070E+03  0.115810E+03  -.480140E+02  0.461970E+02  -.586360E+02  0.236720E+02  0.968910E+01  0.174320E+02  0.541080E+01  0.228430E+02
0.130000E+01  0.237950E+01  0.237950E+01  0.205360E+01  0.142390E+01  0.000000E+00  0.000000E+00  0.509540E+02  -.190690E+02  0.315060E+02  0.723100E+02  0.148200E+03  -.171790E+03  0.717540E+02  -.343540E+02  0.377980E+02  -.454020E+02  -.222460E+02  0.975180E+02  0.188210E+02  0.366960E+00  0.191880E+02
0.130000E+01  0.237950E+01  0.237950E+01  0.226030E+01  0.000000E+00  0.000000E+00  0.000000E+00  0.518610E+02  -.345400E+02  0.253160E+02  0.914700E+02  0.173550E+03  -.213890E+03  0.100760E+02  -.291410E+02  0.152360E+02  -.149420E+02  -.909140E+02  0.212720E+03  0.205010E+02  -.254510E+01  0.179560E+02
0.130000E+01  0.272380E+01  0.188860E+01  0.179400E+01  0.179400E+01  0.000000E+00  0.000000E+00  0.138610E+03  0.188880E+01  -.561560E+02  0.734330E+02  0.682490E+02  -.126760E+03  0.111230E+03  -.254870E+02  0.426640E+02  -.692880E+02  0.340670E+02  -.248880E+02  0.306640E+02  0.232330E+01  0.329870E+02
0.130000E+01  0.272380E+01  0.188860E+01  0.205360E+01  0.142390E+01  0.000000E+00  0.000000E+00  0.141130E+03  -.110760E+02  -.635610E+02  0.104870E+03  0.970460E+02  -.157130E+03  0.791080E+02  -.273730E+02  0.635730E+01  -.619220E+02  -.412360E+01  0.352910E+02  0.300820E+02  -.382940E+01  0.262530E+02
0.130000E+01  0.272380E+01  0.188860E+01  0.226030E+01  0.000000E+00  0.000000E+00  0.000000E+00  0.143380E+03  -.231570E+02  -.754890E+02  0.144300E+03  0.121340E+03  -.189530E+03  0.161890E+02  -.195060E+02  -.688100E+01  -.339080E+02  -.713210E+02  0.129280E+03  0.302630E+02  -.844400E+01  0.218190E+02
0.130000E+01  0.299790E+01  0.000000E+00  0.179400E+01  0.179400E+01  0.000000E+00  0.000000E+00  0.226050E+03  0.371050E+01  -.192170E+03  0.131300E+03  -.243530E+02  -.995640E+02  0.830190E+02  -.114570E+02  0.448660E+02  -.587240E+02  -.893990E+01  -.113890E+03  0.742930E+02  -.376270E+01  0.705310E+02
0.130000E+01  0.299790E+01  0.000000E+00  0.205360E+01  0.142390E+01  0.000000E+00  0.000000E+00  0.231550E+03  -.616190E+01  -.209540E+03  0.193370E+03  0.987710E+01  -.137160E+03  0.673590E+02  -.163660E+02  0.476580E+02  -.532530E+02  -.194720E+02  0.838420E+02  0.720660E+02  -.122430E+02  0.598230E+02
0.130000E+01  0.299790E+01  0.000000E+00  0.226030E+01  0.000000E+00  0.000000E+00  0.000000E+00  0.234310E+03  -.102290E+02  -.388840E+03  0.117650E+03  0.391240E+02  -.172340E+03  0.292600E+02  -.897430E+01  0.923010E+01  -.150620E+03  0.231580E+03  0.316320E+03  0.708010E+02  -.200440E+02  0.507570E+02
0.130000E+01  0.226030E+01  0.226030E+01  0.197450E+01  0.197450E+01  0.000000E+00  0.000000E+00  0.223960E+02  0.641330E+00  0.102290E+02  0.778340E+02  0.133410E+03  -.166400E+03  0.116660E+03  -.399720E+02  0.416950E+02  -.693640E+02  0.146580E+02  0.167640E+02  0.115740E+02  0.557740E+01  0.171510E+02
0.130000E+01  0.226030E+01  0.226030E+01  0.226030E+01  0.156720E+01  0.000000E+00  0.000000E+00  0.241940E+02  -.210760E+02  0.378060E+01  0.102900E+03  0.162560E+03  -.210580E+03  0.660060E+02  -.278390E+02  0.254760E+02  -.482450E+02  -.444050E+02  0.130350E+03  0.129770E+02  -.229450E+01  0.106820E+02
0.130000E+01  0.226030E+01  0.226030E+01  0.248780E+01  0.000000E+00  0.000000E+00  0.000000E+00  0.237440E+02  -.385610E+02  -.113490E+02  0.137750E+03  0.182610E+03  -.244280E+03  -.751690E+01  -.197200E+02  -.245190E+02  0.204750E+02  -.143430E+03  0.320710E+03  0.153890E+02  -.778320E+01  0.760530E+01
0.130000E+01  0.258740E+01  0.179400E+01  0.197450E+01  0.197450E+01  0.000000E+00  0.000000E+00  0.994210E+02  0.701530E+01  -.718080E+02  0.961230E+02  0.800590E+02  -.149390E+03  0.123340E+03  -.358640E+02  0.385180E+02  -.674350E+02  0.397000E+02  -.222020E+02  0.197410E+02  0.293900E+01  0.226800E+02
0.130000E+01  0.258740E+01  0.179400E+01  0.226030E+01  0.156720E+01  0.000000E+00  0.000000E+00  0.101970E+03  -.103220E+02  -.817220E+02  0.140090E+03  0.112500E+03  -.190240E+03  0.800760E+02  -.265530E+02  0.280390E+02  -.387450E+02  -.836210E+02  0.138240E+03  0.190280E+02  -.708110E+01  0.119470E+02
0.130000E+01  0.258740E+01  0.179400E+01  0.248780E+01  0.000000E+00  0.000000E+00  0.000000E+00  0.102930E+03  -.252780E+02  -.101350E+03  0.196810E+03  0.139820E+03  -.232180E+03  0.184750E+01  -.106240E+02  -.541760E+01  0.209150E+02  0.959650E+02  0.420270E+03  0.193920E+02  -.154460E+02  0.394610E+01
0.130000E+01  0.284780E+01  0.000000E+00  0.197450E+01  0.197450E+01  0.000000E+00  0.000000E+00  0.186570E+03  0.107540E+00  -.186790E+03  0.142260E+03  0.238670E+00  -.126290E+03  0.923790E+02  0.702630E+01  0.363430E+02  -.111870E+03  -.758460E+01  -.161480E+03  0.500470E+02  -.282020E+01  0.472270E+02
0.130000E+01  0.284780E+01  0.000000E+00  0.226030E+01  0.156720E+01  0.000000E+00  0.000000E+00  0.190480E+03  -.850220E+01  -.228680E+03  0.157950E+03  0.377570E+02  -.171950E+03  0.812510E+02  -.135560E+02  0.436170E+02  -.103100E+03  -.286580E+02  0.803430E+02  0.477780E+02  -.165570E+02  0.312210E+02
0.130000E+01  0.284780E+01  0.000000E+00  0.248780E+01  0.000000E+00  0.000000E+00  0.000000E+00  0.192470E+03  -.107270E+02  -.348180E+03  -.305300E+02  0.714790E+02  -.219040E+03  0.237480E+02  -.326750E+00  0.453990E+02  -.869320E+02  0.201660E+03  0.417150E+03  0.465700E+02  -.294680E+02  0.171010E+02
