0.142047E+01  0.177414E+01  0.198586E+01
0.208857E+01  0.216641E+01  0.223369E+01
0.228095E+01  0.230850E+01  0.233215E+01
0.234765E+01  0.235408E+01  0.236454E+01
0.455887E+00  0.696266E+00  0.926953E+00
0.115693E+01  0.134075E+01  0.149742E+01
0.163383E+01  0.174416E+01  0.183241E+01
0.191800E+01  0.198911E+01  0.204938E+01
0.000000E+00  0.000000E+00  0.633831E+00
0.105890E+01  0.130581E+01  0.148365E+01
0.162939E+01  0.174286E+01  0.183241E+01
0.191800E+01  0.198911E+01  0.204961E+01
0.000000E+00  0.000000E+00  0.000000E+00
0.000000E+00  0.000000E+00  0.000000E+00
0.559016E+00  0.921174E+00  0.118359E+01
0.136819E+01  0.155870E+01  0.172048E+01
