0.100000E-01  0.666511E+00  0.000000E+00  0.000000E+00  0.000000E+00  0.000000E+00  0.000000E+00  0.334780E+01  0.000000E+00  -.148600E+02  0.000000E+00  -.327910E+01  0.000000E+00  -.467820E+01  0.000000E+00  -.218730E+01  0.000000E+00  -.107090E+01  0.000000E+00  0.262700E+01  0.000000E+00  0.262700E+01
0.100000E-01  0.605565E+00  0.419875E+00  0.000000E+00  0.000000E+00  0.000000E+00  0.000000E+00  0.502910E+00  0.000000E+00  -.732990E+01  0.000000E+00  -.274220E+01  0.000000E+00  -.487180E+01  0.000000E+00  -.219400E+01  0.000000E+00  -.167790E+01  0.000000E+00  -.301060E+00  0.000000E+00  -.301060E+00
0.100000E-01  0.529010E+00  0.529010E+00  0.000000E+00  0.000000E+00  0.000000E+00  0.000000E+00  -.255220E+01  0.000000E+00  -.255290E+01  0.000000E+00  -.205610E+01  0.000000E+00  -.501960E+01  0.000000E+00  -.220060E+01  0.000000E+00  -.228290E+01  0.000000E+00  -.113820E+01  0.000000E+00  -.113820E+01
0.100000E+00  0.143595E+01  0.000000E+00  0.000000E+00  0.000000E+00  0.000000E+00  0.000000E+00  0.155820E+02  0.000000E+00  -.665360E+02  0.000000E+00  -.235590E+02  0.000000E+00  -.260290E+02  0.000000E+00  -.222020E+02  0.000000E+00  -.185020E+02  0.000000E+00  0.107490E+02  0.000000E+00  0.107490E+02
0.100000E+00  0.130465E+01  0.904594E+00  0.000000E+00  0.000000E+00  0.000000E+00  0.000000E+00  -.109760E+01  0.000000E+00  -.383170E+02  0.000000E+00  -.194850E+02  0.000000E+00  -.274850E+02  0.000000E+00  -.182870E+02  0.000000E+00  -.167620E+02  0.000000E+00  -.362070E+01  0.000000E+00  -.362070E+01
0.100000E+00  0.113972E+01  0.113972E+01  0.000000E+00  0.000000E+00  0.000000E+00  0.000000E+00  -.192690E+02  0.000000E+00  -.191800E+02  0.000000E+00  -.186090E+02  0.000000E+00  -.285710E+02  0.000000E+00  -.176460E+02  0.000000E+00  -.171020E+02  0.000000E+00  -.859500E+01  0.000000E+00  -.859500E+01
0.200000E+00  0.180919E+01  0.000000E+00  0.000000E+00  0.000000E+00  0.000000E+00  0.000000E+00  0.281950E+02  0.000000E+00  -.947880E+02  0.000000E+00  -.418840E+02  0.000000E+00  -.335350E+02  0.000000E+00  -.244570E+02  0.000000E+00  -.191470E+02  0.000000E+00  0.174510E+02  0.000000E+00  0.174510E+02
0.200000E+00  0.164376E+01  0.113972E+01  0.000000E+00  0.000000E+00  0.000000E+00  0.000000E+00  0.316020E+01  0.000000E+00  -.536180E+02  0.000000E+00  -.284630E+02  0.000000E+00  -.383280E+02  0.000000E+00  -.189900E+02  0.000000E+00  -.164910E+02  0.000000E+00  -.435560E+01  0.000000E+00  -.435560E+01
0.200000E+00  0.143595E+01  0.143595E+01  0.000000E+00  0.000000E+00  0.000000E+00  0.000000E+00  -.240340E+02  0.000000E+00  -.238980E+02  0.000000E+00  -.184570E+02  0.000000E+00  -.402430E+02  0.000000E+00  -.175220E+02  0.000000E+00  -.169630E+02  0.000000E+00  -.114310E+02  0.000000E+00  -.114310E+02
0.300000E+00  0.207100E+01  0.000000E+00  0.000000E+00  0.000000E+00  0.000000E+00  0.000000E+00  0.464890E+02  0.000000E+00  -.115850E+03  0.000000E+00  -.574190E+02  0.000000E+00  -.336120E+02  0.000000E+00  -.269330E+02  0.000000E+00  -.227290E+02  0.000000E+00  0.261010E+02  0.000000E+00  0.261010E+02
0.300000E+00  0.188163E+01  0.130465E+01  0.000000E+00  0.000000E+00  0.000000E+00  0.000000E+00  0.131470E+02  0.000000E+00  -.606110E+02  0.000000E+00  -.331860E+02  0.000000E+00  -.402520E+02  0.000000E+00  -.182450E+02  0.000000E+00  -.118860E+02  0.000000E+00  -.236810E+01  0.000000E+00  -.236810E+01
0.300000E+00  0.164376E+01  0.164376E+01  0.000000E+00  0.000000E+00  0.000000E+00  0.000000E+00  -.222980E+02  0.000000E+00  -.221160E+02  0.000000E+00  -.173860E+02  0.000000E+00  -.423670E+02  0.000000E+00  -.162440E+02  0.000000E+00  -.155330E+02  0.000000E+00  -.116510E+02  0.000000E+00  -.116510E+02
0.400000E+00  0.227943E+01  0.000000E+00  0.000000E+00  0.000000E+00  0.000000E+00  0.000000E+00  0.718160E+02  0.000000E+00  -.126150E+03  0.000000E+00  -.703110E+02  0.000000E+00  -.286610E+02  0.000000E+00  -.276720E+02  0.000000E+00  -.203840E+02  0.000000E+00  0.371030E+02  0.000000E+00  0.371030E+02
0.400000E+00  0.207100E+01  0.143595E+01  0.000000E+00  0.000000E+00  0.000000E+00  0.000000E+00  0.284190E+02  0.000000E+00  -.623040E+02  0.000000E+00  -.348920E+02  0.000000E+00  -.364440E+02  0.000000E+00  -.160110E+02  0.000000E+00  -.588430E+01  0.000000E+00  0.176460E+01  0.000000E+00  0.176460E+01
0.400000E+00  0.180919E+01  0.180919E+01  0.000000E+00  0.000000E+00  0.000000E+00  0.000000E+00  -.160260E+02  0.000000E+00  -.157960E+02  0.000000E+00  -.118440E+02  0.000000E+00  -.395610E+02  0.000000E+00  -.104500E+02  0.000000E+00  -.960340E+01  0.000000E+00  -.960920E+01  0.000000E+00  -.960920E+01
0.500000E+00  0.245545E+01  0.000000E+00  0.000000E+00  0.000000E+00  0.000000E+00  0.000000E+00  0.978070E+02  0.000000E+00  -.134550E+03  0.000000E+00  -.823470E+02  0.000000E+00  -.227260E+02  0.000000E+00  -.289990E+02  0.000000E+00  -.149990E+02  0.000000E+00  0.494920E+02  0.000000E+00  0.494920E+02
0.500000E+00  0.223092E+01  0.154683E+01  0.000000E+00  0.000000E+00  0.000000E+00  0.000000E+00  0.467750E+02  0.000000E+00  -.607120E+02  0.000000E+00  -.355380E+02  0.000000E+00  -.307920E+02  0.000000E+00  -.109960E+02  0.000000E+00  0.605620E+00  0.000000E+00  0.770810E+01  0.000000E+00  0.770810E+01
0.500000E+00  0.194889E+01  0.194889E+01  0.000000E+00  0.000000E+00  0.000000E+00  0.000000E+00  -.585610E+01  0.000000E+00  -.558320E+01  0.000000E+00  -.756800E+01  0.000000E+00  -.293440E+02  0.000000E+00  -.607590E+01  0.000000E+00  -.516890E+01  0.000000E+00  -.596060E+01  0.000000E+00  -.596060E+01
0.600000E+00  0.260930E+01  0.000000E+00  0.000000E+00  0.000000E+00  0.000000E+00  0.000000E+00  0.127830E+03  0.000000E+00  -.135240E+03  0.000000E+00  -.910170E+02  0.000000E+00  -.154080E+02  0.000000E+00  -.311340E+02  0.000000E+00  -.173720E+02  0.000000E+00  0.631490E+02  0.000000E+00  0.631490E+02
0.600000E+00  0.237071E+01  0.164376E+01  0.000000E+00  0.000000E+00  0.000000E+00  0.000000E+00  0.708870E+02  0.000000E+00  -.560710E+02  0.000000E+00  -.367880E+02  0.000000E+00  -.239500E+02  0.000000E+00  -.661950E+01  0.000000E+00  0.244390E+01  0.000000E+00  0.151340E+02  0.000000E+00  0.151340E+02
0.600000E+00  0.207100E+01  0.207100E+01  0.000000E+00  0.000000E+00  0.000000E+00  0.000000E+00  0.721800E+01  0.000000E+00  0.753700E+01  0.000000E+00  -.378090E+01  0.000000E+00  -.241190E+02  0.000000E+00  -.210220E+01  0.000000E+00  -.107770E+01  0.000000E+00  -.931250E+00  0.000000E+00  -.931250E+00
0.700000E+00  0.274688E+01  0.000000E+00  0.000000E+00  0.000000E+00  0.000000E+00  0.000000E+00  0.160230E+03  0.000000E+00  -.140260E+03  0.000000E+00  -.101010E+03  0.000000E+00  -.119930E+02  0.000000E+00  -.391960E+02  0.000000E+00  -.269480E+02  0.000000E+00  0.787760E+02  0.000000E+00  0.787760E+02
0.700000E+00  0.249571E+01  0.173043E+01  0.000000E+00  0.000000E+00  0.000000E+00  0.000000E+00  0.904020E+02  0.000000E+00  -.491230E+02  0.000000E+00  -.371270E+02  0.000000E+00  -.164830E+02  0.000000E+00  -.565890E+01  0.000000E+00  0.255540E+01  0.000000E+00  0.231560E+02  0.000000E+00  0.231560E+02
0.700000E+00  0.218020E+01  0.218020E+01  0.000000E+00  0.000000E+00  0.000000E+00  0.000000E+00  0.212130E+02  0.000000E+00  0.215780E+02  0.000000E+00  0.522820E+01  0.000000E+00  -.160650E+02  0.000000E+00  0.720530E+01  0.000000E+00  0.841610E+01  0.000000E+00  0.512920E+01  0.000000E+00  0.512920E+01
0.800000E+00  0.287191E+01  0.000000E+00  0.000000E+00  0.000000E+00  0.000000E+00  0.000000E+00  0.192420E+03  0.000000E+00  -.143380E+03  0.000000E+00  -.109290E+03  0.000000E+00  -.842460E+01  0.000000E+00  -.435640E+02  0.000000E+00  -.362940E+02  0.000000E+00  0.944960E+02  0.000000E+00  0.944960E+02
0.800000E+00  0.260930E+01  0.180919E+01  0.000000E+00  0.000000E+00  0.000000E+00  0.000000E+00  0.116520E+03  0.000000E+00  -.417090E+02  0.000000E+00  -.294330E+02  0.000000E+00  -.551560E+01  0.000000E+00  -.140150E+01  0.000000E+00  0.318000E+01  0.000000E+00  0.327760E+02  0.000000E+00  0.327760E+02
0.800000E+00  0.227943E+01  0.227943E+01  0.000000E+00  0.000000E+00  0.000000E+00  0.000000E+00  0.388440E+02  0.000000E+00  0.392450E+02  0.000000E+00  0.808940E+01  0.000000E+00  -.827320E+01  0.000000E+00  0.100930E+02  0.000000E+00  0.113170E+02  0.000000E+00  0.121950E+02  0.000000E+00  0.121950E+02
0.900000E+00  0.298690E+01  0.000000E+00  0.000000E+00  0.000000E+00  0.000000E+00  0.000000E+00  0.222450E+03  0.000000E+00  -.145850E+03  0.000000E+00  -.116110E+03  0.000000E+00  -.100890E+02  0.000000E+00  -.498070E+02  0.000000E+00  -.387940E+02  0.000000E+00  0.110230E+03  0.000000E+00  0.110230E+03
0.900000E+00  0.271378E+01  0.188163E+01  0.000000E+00  0.000000E+00  0.000000E+00  0.000000E+00  0.142150E+03  0.000000E+00  -.326860E+02  0.000000E+00  -.290520E+02  0.000000E+00  0.151450E+01  0.000000E+00  -.443790E+01  0.000000E+00  -.404850E+01  0.000000E+00  0.426060E+02  0.000000E+00  0.426060E+02
0.900000E+00  0.237071E+01  0.237071E+01  0.000000E+00  0.000000E+00  0.000000E+00  0.000000E+00  0.540520E+02  0.000000E+00  0.543500E+02  0.000000E+00  0.142410E+02  0.000000E+00  0.567860E+00  0.000000E+00  0.162020E+02  0.000000E+00  0.173910E+02  0.000000E+00  0.195470E+02  0.000000E+00  0.195470E+02
0.100000E+01  0.309367E+01  0.000000E+00  0.000000E+00  0.000000E+00  0.000000E+00  0.000000E+00  0.250740E+03  0.000000E+00  -.140780E+03  0.000000E+00  -.121870E+03  0.000000E+00  -.921720E+01  0.000000E+00  -.547610E+02  0.000000E+00  -.297860E+02  0.000000E+00  0.126600E+03  0.000000E+00  0.126600E+03
0.100000E+01  0.281078E+01  0.194889E+01  0.000000E+00  0.000000E+00  0.000000E+00  0.000000E+00  0.168570E+03  0.000000E+00  -.223580E+02  0.000000E+00  -.296040E+02  0.000000E+00  0.759910E+01  0.000000E+00  0.526430E+00  0.000000E+00  -.159450E+02  0.000000E+00  0.533460E+02  0.000000E+00  0.533460E+02
0.100000E+01  0.245545E+01  0.245545E+01  0.000000E+00  0.000000E+00  0.000000E+00  0.000000E+00  0.769390E+02  0.000000E+00  0.774140E+02  0.000000E+00  0.151250E+02  0.000000E+00  0.901630E+01  0.000000E+00  0.172180E+02  0.000000E+00  0.184970E+02  0.000000E+00  0.289250E+02  0.000000E+00  0.289250E+02
