0.1000E-01  -.7142E+02  0.1966E-01  0.2959E+02  0.5918E-01  0.1672E+01
0.2000E-01  -.6973E+02  0.5812E-01  0.3781E+02  0.6689E-01  0.1446E+01
0.3000E-01  -.6845E+02  0.1013E+00  0.3923E+02  0.6813E-01  0.1291E+01
0.4000E-01  -.6744E+02  0.1446E+00  0.3865E+02  0.6763E-01  0.1188E+01
0.5000E-01  -.6662E+02  0.1872E+00  0.3825E+02  0.6728E-01  0.1135E+01
0.6000E-01  -.6593E+02  0.2301E+00  0.3916E+02  0.6807E-01  0.1135E+01
0.7000E-01  -.6533E+02  0.2749E+00  0.4196E+02  0.7047E-01  0.1187E+01
0.8000E-01  -.6480E+02  0.3241E+00  0.4698E+02  0.7456E-01  0.1288E+01
0.9000E-01  -.6431E+02  0.3802E+00  0.5433E+02  0.8019E-01  0.1429E+01
0.1000E+00  -.6386E+02  0.4458E+00  0.6407E+02  0.8708E-01  0.1597E+01
0.1100E+00  -.6342E+02  0.5235E+00  0.7616E+02  0.9493E-01  0.1778E+01
0.1200E+00  -.6299E+02  0.6158E+00  0.9052E+02  0.1035E+00  0.1960E+01
0.1300E+00  -.6256E+02  0.7254E+00  0.1071E+03  0.1126E+00  0.2132E+01
0.1400E+00  -.6213E+02  0.8545E+00  0.1257E+03  0.1220E+00  0.2288E+01
0.1500E+00  -.6169E+02  0.1005E+01  0.1462E+03  0.1315E+00  0.2424E+01
0.1600E+00  -.6123E+02  0.1180E+01  0.1686E+03  0.1413E+00  0.2540E+01
0.1700E+00  -.6077E+02  0.1381E+01  0.1927E+03  0.1510E+00  0.2636E+01
0.1800E+00  -.6028E+02  0.1609E+01  0.2184E+03  0.1608E+00  0.2714E+01
0.1900E+00  -.5977E+02  0.1867E+01  0.2455E+03  0.1705E+00  0.2777E+01
0.2000E+00  -.5924E+02  0.2155E+01  0.2740E+03  0.1801E+00  0.2826E+01
0.2100E+00  -.5869E+02  0.2476E+01  0.3038E+03  0.1896E+00  0.2863E+01
0.2200E+00  -.5812E+02  0.2831E+01  0.3347E+03  0.1990E+00  0.2891E+01
0.2300E+00  -.5752E+02  0.3220E+01  0.3668E+03  0.2083E+00  0.2911E+01
0.2400E+00  -.5690E+02  0.3646E+01  0.3998E+03  0.2175E+00  0.2924E+01
0.2500E+00  -.5626E+02  0.4109E+01  0.4338E+03  0.2266E+00  0.2933E+01
0.2600E+00  -.5559E+02  0.4610E+01  0.4687E+03  0.2355E+00  0.2937E+01
0.2700E+00  -.5489E+02  0.5151E+01  0.5045E+03  0.2443E+00  0.2938E+01
0.2800E+00  -.5418E+02  0.5732E+01  0.5410E+03  0.2530E+00  0.2937E+01
0.2900E+00  -.5343E+02  0.6354E+01  0.5783E+03  0.2616E+00  0.2933E+01
0.3000E+00  -.5266E+02  0.7017E+01  0.6164E+03  0.2701E+00  0.2928E+01
0.3100E+00  -.5187E+02  0.7724E+01  0.6552E+03  0.2784E+00  0.2922E+01
0.3200E+00  -.5106E+02  0.8473E+01  0.6947E+03  0.2867E+00  0.2915E+01
0.3300E+00  -.5022E+02  0.9268E+01  0.7349E+03  0.2949E+00  0.2908E+01
0.3400E+00  -.4936E+02  0.1011E+02  0.7758E+03  0.3030E+00  0.2900E+01
0.3500E+00  -.4847E+02  0.1099E+02  0.8175E+03  0.3110E+00  0.2892E+01
0.3600E+00  -.4756E+02  0.1192E+02  0.8600E+03  0.3190E+00  0.2885E+01
0.3700E+00  -.4663E+02  0.1290E+02  0.9033E+03  0.3269E+00  0.2878E+01
0.3800E+00  -.4568E+02  0.1393E+02  0.9474E+03  0.3348E+00  0.2871E+01
0.3900E+00  -.4470E+02  0.1501E+02  0.9924E+03  0.3427E+00  0.2865E+01
0.4000E+00  -.4370E+02  0.1614E+02  0.1038E+04  0.3505E+00  0.2860E+01
0.4100E+00  -.4268E+02  0.1732E+02  0.1085E+04  0.3584E+00  0.2855E+01
0.4200E+00  -.4164E+02  0.1855E+02  0.1133E+04  0.3662E+00  0.2851E+01
0.4300E+00  -.4058E+02  0.1984E+02  0.1182E+04  0.3741E+00  0.2848E+01
0.4400E+00  -.3950E+02  0.2118E+02  0.1233E+04  0.3819E+00  0.2846E+01
0.4500E+00  -.3839E+02  0.2258E+02  0.1284E+04  0.3899E+00  0.2845E+01
0.4600E+00  -.3727E+02  0.2403E+02  0.1337E+04  0.3978E+00  0.2844E+01
0.4700E+00  -.3612E+02  0.2555E+02  0.1392E+04  0.4058E+00  0.2845E+01
0.4800E+00  -.3495E+02  0.2713E+02  0.1448E+04  0.4139E+00  0.2847E+01
0.4900E+00  -.3377E+02  0.2877E+02  0.1506E+04  0.4221E+00  0.2850E+01
0.5000E+00  -.3256E+02  0.3047E+02  0.1565E+04  0.4304E+00  0.2853E+01
0.5100E+00  -.3133E+02  0.3224E+02  0.1627E+04  0.4387E+00  0.2858E+01
0.5200E+00  -.3008E+02  0.3409E+02  0.1690E+04  0.4472E+00  0.2865E+01
0.5300E+00  -.2881E+02  0.3600E+02  0.1756E+04  0.4558E+00  0.2872E+01
0.5400E+00  -.2751E+02  0.3799E+02  0.1824E+04  0.4645E+00  0.2880E+01
0.5500E+00  -.2620E+02  0.4005E+02  0.1894E+04  0.4734E+00  0.2890E+01
0.5600E+00  -.2487E+02  0.4220E+02  0.1967E+04  0.4824E+00  0.2900E+01
0.5700E+00  -.2351E+02  0.4443E+02  0.2042E+04  0.4916E+00  0.2912E+01
0.5800E+00  -.2213E+02  0.4674E+02  0.2121E+04  0.5010E+00  0.2925E+01
0.5900E+00  -.2073E+02  0.4914E+02  0.2203E+04  0.5105E+00  0.2938E+01
0.6000E+00  -.1931E+02  0.5163E+02  0.2287E+04  0.5203E+00  0.2953E+01
0.6100E+00  -.1786E+02  0.5422E+02  0.2375E+04  0.5302E+00  0.2969E+01
0.6200E+00  -.1639E+02  0.5691E+02  0.2467E+04  0.5403E+00  0.2986E+01
0.6300E+00  -.1490E+02  0.5971E+02  0.2562E+04  0.5507E+00  0.3004E+01
0.6400E+00  -.1338E+02  0.6261E+02  0.2662E+04  0.5612E+00  0.3023E+01
0.6500E+00  -.1184E+02  0.6562E+02  0.2765E+04  0.5720E+00  0.3043E+01
0.6600E+00  -.1028E+02  0.6876E+02  0.2872E+04  0.5830E+00  0.3064E+01
0.6700E+00  -.8687E+01  0.7201E+02  0.2984E+04  0.5943E+00  0.3085E+01
0.6800E+00  -.7070E+01  0.7539E+02  0.3101E+04  0.6058E+00  0.3108E+01
0.6900E+00  -.5426E+01  0.7890E+02  0.3222E+04  0.6175E+00  0.3131E+01
0.7000E+00  -.3755E+01  0.8255E+02  0.3349E+04  0.6295E+00  0.3155E+01
0.7100E+00  -.2056E+01  0.8634E+02  0.3480E+04  0.6417E+00  0.3180E+01
0.7200E+00  -.3292E+00  0.9029E+02  0.3617E+04  0.6543E+00  0.3205E+01
0.7300E+00  0.1427E+01  0.9438E+02  0.3760E+04  0.6670E+00  0.3231E+01
0.7400E+00  0.3213E+01  0.9864E+02  0.3909E+04  0.6801E+00  0.3258E+01
0.7500E+00  0.5030E+01  0.1031E+03  0.4063E+04  0.6934E+00  0.3285E+01
0.7600E+00  0.6878E+01  0.1077E+03  0.4224E+04  0.7070E+00  0.3313E+01
0.7700E+00  0.8759E+01  0.1125E+03  0.4392E+04  0.7209E+00  0.3341E+01
0.7800E+00  0.1067E+02  0.1174E+03  0.4566E+04  0.7351E+00  0.3370E+01
0.7900E+00  0.1262E+02  0.1226E+03  0.4747E+04  0.7495E+00  0.3398E+01
0.8000E+00  0.1460E+02  0.1280E+03  0.4935E+04  0.7642E+00  0.3428E+01
0.8100E+00  0.1662E+02  0.1336E+03  0.5131E+04  0.7793E+00  0.3457E+01
0.8200E+00  0.1867E+02  0.1394E+03  0.5335E+04  0.7946E+00  0.3487E+01
0.8300E+00  0.2077E+02  0.1454E+03  0.5547E+04  0.8102E+00  0.3517E+01
0.8400E+00  0.2290E+02  0.1517E+03  0.5766E+04  0.8261E+00  0.3547E+01
0.8500E+00  0.2507E+02  0.1583E+03  0.5994E+04  0.8422E+00  0.3577E+01
0.8600E+00  0.2728E+02  0.1650E+03  0.6231E+04  0.8587E+00  0.3608E+01
0.8700E+00  0.2953E+02  0.1721E+03  0.6477E+04  0.8755E+00  0.3638E+01
0.8800E+00  0.3183E+02  0.1794E+03  0.6732E+04  0.8926E+00  0.3668E+01
0.8900E+00  0.3417E+02  0.1871E+03  0.6996E+04  0.9099E+00  0.3698E+01
0.9000E+00  0.3655E+02  0.1950E+03  0.7271E+04  0.9276E+00  0.3729E+01
0.9100E+00  0.3898E+02  0.2032E+03  0.7555E+04  0.9455E+00  0.3759E+01
0.9200E+00  0.4146E+02  0.2118E+03  0.7849E+04  0.9638E+00  0.3789E+01
0.9300E+00  0.4399E+02  0.2207E+03  0.8154E+04  0.9823E+00  0.3818E+01
0.9400E+00  0.4656E+02  0.2299E+03  0.8470E+04  0.1001E+01  0.3848E+01
0.9500E+00  0.4919E+02  0.2395E+03  0.8797E+04  0.1020E+01  0.3877E+01
0.9600E+00  0.5187E+02  0.2495E+03  0.9135E+04  0.1040E+01  0.3906E+01
0.9700E+00  0.5460E+02  0.2598E+03  0.9485E+04  0.1059E+01  0.3935E+01
0.9800E+00  0.5739E+02  0.2705E+03  0.9846E+04  0.1079E+01  0.3963E+01
0.9900E+00  0.6024E+02  0.2817E+03  0.1022E+05  0.1100E+01  0.3991E+01
0.1000E+01  0.6314E+02  0.2933E+03  0.1061E+05  0.1120E+01  0.4019E+01
