0.1000E-01  0.9788E+02  0.1678E-01  0.2104E+02  0.4990E-01  0.1394E+01
0.2000E-01  0.9921E+02  0.4283E-01  0.2538E+02  0.5480E-01  0.1316E+01
0.3000E-01  0.1001E+03  0.7288E-01  0.2878E+02  0.5835E-01  0.1316E+01
0.4000E-01  0.1009E+03  0.1072E+00  0.3320E+02  0.6268E-01  0.1377E+01
0.5000E-01  0.1015E+03  0.1473E+00  0.3932E+02  0.6821E-01  0.1483E+01
0.6000E-01  0.1021E+03  0.1953E+00  0.4737E+02  0.7487E-01  0.1617E+01
0.7000E-01  0.1026E+03  0.2533E+00  0.5743E+02  0.8244E-01  0.1763E+01
0.8000E-01  0.1031E+03  0.3236E+00  0.6949E+02  0.9068E-01  0.1909E+01
0.9000E-01  0.1036E+03  0.4084E+00  0.8350E+02  0.9941E-01  0.2044E+01
0.1000E+00  0.1041E+03  0.5099E+00  0.9939E+02  0.1085E+00  0.2166E+01
0.1100E+00  0.1046E+03  0.6300E+00  0.1171E+03  0.1177E+00  0.2271E+01
0.1200E+00  0.1051E+03  0.7707E+00  0.1365E+03  0.1271E+00  0.2361E+01
0.1300E+00  0.1057E+03  0.9338E+00  0.1575E+03  0.1365E+00  0.2436E+01
0.1400E+00  0.1063E+03  0.1121E+01  0.1800E+03  0.1459E+00  0.2497E+01
0.1500E+00  0.1068E+03  0.1334E+01  0.2039E+03  0.1553E+00  0.2547E+01
0.1600E+00  0.1074E+03  0.1575E+01  0.2292E+03  0.1647E+00  0.2588E+01
0.1700E+00  0.1081E+03  0.1844E+01  0.2558E+03  0.1740E+00  0.2620E+01
0.1800E+00  0.1087E+03  0.2144E+01  0.2835E+03  0.1832E+00  0.2645E+01
0.1900E+00  0.1094E+03  0.2475E+01  0.3124E+03  0.1923E+00  0.2665E+01
0.2000E+00  0.1101E+03  0.2838E+01  0.3423E+03  0.2013E+00  0.2680E+01
0.2100E+00  0.1108E+03  0.3236E+01  0.3731E+03  0.2101E+00  0.2691E+01
0.2200E+00  0.1116E+03  0.3668E+01  0.4049E+03  0.2189E+00  0.2699E+01
0.2300E+00  0.1123E+03  0.4136E+01  0.4375E+03  0.2275E+00  0.2704E+01
0.2400E+00  0.1131E+03  0.4640E+01  0.4709E+03  0.2361E+00  0.2706E+01
0.2500E+00  0.1139E+03  0.5183E+01  0.5051E+03  0.2445E+00  0.2707E+01
0.2600E+00  0.1148E+03  0.5763E+01  0.5399E+03  0.2528E+00  0.2706E+01
0.2700E+00  0.1156E+03  0.6383E+01  0.5754E+03  0.2609E+00  0.2704E+01
0.2800E+00  0.1165E+03  0.7042E+01  0.6114E+03  0.2690E+00  0.2701E+01
0.2900E+00  0.1174E+03  0.7742E+01  0.6481E+03  0.2769E+00  0.2697E+01
0.3000E+00  0.1184E+03  0.8482E+01  0.6852E+03  0.2848E+00  0.2693E+01
0.3100E+00  0.1193E+03  0.9264E+01  0.7229E+03  0.2925E+00  0.2688E+01
0.3200E+00  0.1203E+03  0.1009E+02  0.7610E+03  0.3001E+00  0.2682E+01
0.3300E+00  0.1213E+03  0.1096E+02  0.7995E+03  0.3076E+00  0.2676E+01
0.3400E+00  0.1223E+03  0.1187E+02  0.8385E+03  0.3150E+00  0.2669E+01
0.3500E+00  0.1233E+03  0.1282E+02  0.8778E+03  0.3223E+00  0.2663E+01
0.3600E+00  0.1244E+03  0.1382E+02  0.9174E+03  0.3295E+00  0.2656E+01
0.3700E+00  0.1255E+03  0.1486E+02  0.9575E+03  0.3366E+00  0.2649E+01
0.3800E+00  0.1266E+03  0.1594E+02  0.9978E+03  0.3436E+00  0.2642E+01
0.3900E+00  0.1277E+03  0.1708E+02  0.1038E+04  0.3506E+00  0.2635E+01
0.4000E+00  0.1288E+03  0.1825E+02  0.1079E+04  0.3574E+00  0.2628E+01
0.4100E+00  0.1300E+03  0.1947E+02  0.1121E+04  0.3642E+00  0.2621E+01
0.4200E+00  0.1311E+03  0.2074E+02  0.1162E+04  0.3708E+00  0.2615E+01
0.4300E+00  0.1323E+03  0.2206E+02  0.1204E+04  0.3775E+00  0.2608E+01
0.4400E+00  0.1335E+03  0.2342E+02  0.1246E+04  0.3840E+00  0.2601E+01
0.4500E+00  0.1347E+03  0.2483E+02  0.1288E+04  0.3905E+00  0.2595E+01
0.4600E+00  0.1360E+03  0.2628E+02  0.1331E+04  0.3969E+00  0.2588E+01
0.4700E+00  0.1372E+03  0.2778E+02  0.1374E+04  0.4032E+00  0.2582E+01
0.4800E+00  0.1385E+03  0.2933E+02  0.1417E+04  0.4095E+00  0.2576E+01
0.4900E+00  0.1398E+03  0.3093E+02  0.1460E+04  0.4157E+00  0.2570E+01
0.5000E+00  0.1411E+03  0.3258E+02  0.1504E+04  0.4219E+00  0.2565E+01
0.5100E+00  0.1424E+03  0.3427E+02  0.1548E+04  0.4280E+00  0.2559E+01
0.5200E+00  0.1437E+03  0.3602E+02  0.1592E+04  0.4341E+00  0.2554E+01
0.5300E+00  0.1450E+03  0.3781E+02  0.1637E+04  0.4401E+00  0.2549E+01
0.5400E+00  0.1464E+03  0.3966E+02  0.1682E+04  0.4461E+00  0.2544E+01
0.5500E+00  0.1478E+03  0.4155E+02  0.1727E+04  0.4521E+00  0.2540E+01
0.5600E+00  0.1491E+03  0.4349E+02  0.1773E+04  0.4580E+00  0.2536E+01
0.5700E+00  0.1505E+03  0.4549E+02  0.1818E+04  0.4639E+00  0.2532E+01
0.5800E+00  0.1519E+03  0.4754E+02  0.1865E+04  0.4698E+00  0.2528E+01
0.5900E+00  0.1534E+03  0.4963E+02  0.1912E+04  0.4756E+00  0.2525E+01
0.6000E+00  0.1548E+03  0.5178E+02  0.1959E+04  0.4814E+00  0.2522E+01
0.6100E+00  0.1562E+03  0.5399E+02  0.2006E+04  0.4873E+00  0.2519E+01
0.6200E+00  0.1577E+03  0.5624E+02  0.2054E+04  0.4931E+00  0.2516E+01
0.6300E+00  0.1592E+03  0.5855E+02  0.2103E+04  0.4989E+00  0.2514E+01
0.6400E+00  0.1606E+03  0.6092E+02  0.2152E+04  0.5046E+00  0.2512E+01
0.6500E+00  0.1621E+03  0.6333E+02  0.2202E+04  0.5104E+00  0.2511E+01
0.6600E+00  0.1636E+03  0.6581E+02  0.2252E+04  0.5162E+00  0.2509E+01
0.6700E+00  0.1652E+03  0.6834E+02  0.2303E+04  0.5220E+00  0.2508E+01
0.6800E+00  0.1667E+03  0.7092E+02  0.2354E+04  0.5278E+00  0.2508E+01
0.6900E+00  0.1682E+03  0.7357E+02  0.2406E+04  0.5336E+00  0.2507E+01
0.7000E+00  0.1698E+03  0.7627E+02  0.2459E+04  0.5394E+00  0.2507E+01
0.7100E+00  0.1713E+03  0.7903E+02  0.2512E+04  0.5452E+00  0.2508E+01
0.7200E+00  0.1729E+03  0.8185E+02  0.2566E+04  0.5511E+00  0.2508E+01
0.7300E+00  0.1745E+03  0.8474E+02  0.2621E+04  0.5570E+00  0.2509E+01
0.7400E+00  0.1761E+03  0.8768E+02  0.2677E+04  0.5629E+00  0.2511E+01
0.7500E+00  0.1777E+03  0.9069E+02  0.2734E+04  0.5688E+00  0.2512E+01
0.7600E+00  0.1793E+03  0.9376E+02  0.2792E+04  0.5748E+00  0.2514E+01
0.7700E+00  0.1809E+03  0.9689E+02  0.2850E+04  0.5807E+00  0.2517E+01
0.7800E+00  0.1826E+03  0.1001E+03  0.2909E+04  0.5868E+00  0.2519E+01
0.7900E+00  0.1842E+03  0.1034E+03  0.2970E+04  0.5928E+00  0.2522E+01
0.8000E+00  0.1859E+03  0.1067E+03  0.3032E+04  0.5990E+00  0.2526E+01
0.8100E+00  0.1876E+03  0.1101E+03  0.3094E+04  0.6051E+00  0.2529E+01
0.8200E+00  0.1893E+03  0.1136E+03  0.3158E+04  0.6113E+00  0.2533E+01
0.8300E+00  0.1909E+03  0.1171E+03  0.3223E+04  0.6176E+00  0.2538E+01
0.8400E+00  0.1927E+03  0.1207E+03  0.3289E+04  0.6239E+00  0.2543E+01
0.8500E+00  0.1944E+03  0.1244E+03  0.3356E+04  0.6302E+00  0.2548E+01
0.8600E+00  0.1961E+03  0.1282E+03  0.3425E+04  0.6367E+00  0.2553E+01
0.8700E+00  0.1978E+03  0.1320E+03  0.3495E+04  0.6431E+00  0.2559E+01
0.8800E+00  0.1996E+03  0.1360E+03  0.3567E+04  0.6497E+00  0.2565E+01
0.8900E+00  0.2013E+03  0.1400E+03  0.3640E+04  0.6563E+00  0.2572E+01
0.9000E+00  0.2031E+03  0.1440E+03  0.3714E+04  0.6630E+00  0.2578E+01
0.9100E+00  0.2049E+03  0.1482E+03  0.3790E+04  0.6697E+00  0.2586E+01
0.9200E+00  0.2067E+03  0.1525E+03  0.3868E+04  0.6765E+00  0.2593E+01
0.9300E+00  0.2085E+03  0.1568E+03  0.3947E+04  0.6834E+00  0.2601E+01
0.9400E+00  0.2103E+03  0.1612E+03  0.4028E+04  0.6904E+00  0.2609E+01
0.9500E+00  0.2122E+03  0.1658E+03  0.4110E+04  0.6974E+00  0.2618E+01
0.9600E+00  0.2140E+03  0.1704E+03  0.4195E+04  0.7046E+00  0.2626E+01
0.9700E+00  0.2159E+03  0.1751E+03  0.4281E+04  0.7118E+00  0.2635E+01
0.9800E+00  0.2177E+03  0.1799E+03  0.4369E+04  0.7191E+00  0.2645E+01
0.9900E+00  0.2196E+03  0.1848E+03  0.4460E+04  0.7265E+00  0.2655E+01
0.1000E+01  0.2215E+03  0.1898E+03  0.4552E+04  0.7339E+00  0.2665E+01
