0.1000E-01  -.8959E+02  0.2003E-01  0.3178E+02  0.6132E-01  0.1763E+01
0.2000E-01  -.8781E+02  0.6330E-01  0.4424E+02  0.7236E-01  0.1553E+01
0.3000E-01  -.8639E+02  0.1157E+00  0.4943E+02  0.7648E-01  0.1424E+01
0.4000E-01  -.8521E+02  0.1723E+00  0.5213E+02  0.7855E-01  0.1345E+01
0.5000E-01  -.8421E+02  0.2315E+00  0.5466E+02  0.8042E-01  0.1312E+01
0.6000E-01  -.8334E+02  0.2941E+00  0.5828E+02  0.8305E-01  0.1321E+01
0.7000E-01  -.8257E+02  0.3617E+00  0.6375E+02  0.8686E-01  0.1371E+01
0.8000E-01  -.8186E+02  0.4366E+00  0.7151E+02  0.9199E-01  0.1456E+01
0.9000E-01  -.8120E+02  0.5216E+00  0.8181E+02  0.9839E-01  0.1568E+01
0.1000E+00  -.8057E+02  0.6194E+00  0.9479E+02  0.1059E+00  0.1700E+01
0.1100E+00  -.7996E+02  0.7332E+00  0.1105E+03  0.1144E+00  0.1842E+01
0.1200E+00  -.7935E+02  0.8661E+00  0.1290E+03  0.1236E+00  0.1986E+01
0.1300E+00  -.7875E+02  0.1021E+01  0.1502E+03  0.1333E+00  0.2125E+01
0.1400E+00  -.7814E+02  0.1201E+01  0.1741E+03  0.1435E+00  0.2255E+01
0.1500E+00  -.7752E+02  0.1409E+01  0.2006E+03  0.1541E+00  0.2373E+01
0.1600E+00  -.7689E+02  0.1648E+01  0.2296E+03  0.1648E+00  0.2477E+01
0.1700E+00  -.7623E+02  0.1920E+01  0.2610E+03  0.1758E+00  0.2568E+01
0.1800E+00  -.7556E+02  0.2228E+01  0.2948E+03  0.1868E+00  0.2646E+01
0.1900E+00  -.7486E+02  0.2576E+01  0.3308E+03  0.1979E+00  0.2712E+01
0.2000E+00  -.7413E+02  0.2964E+01  0.3690E+03  0.2090E+00  0.2766E+01
0.2100E+00  -.7338E+02  0.3397E+01  0.4093E+03  0.2201E+00  0.2812E+01
0.2200E+00  -.7259E+02  0.3875E+01  0.4516E+03  0.2312E+00  0.2849E+01
0.2300E+00  -.7177E+02  0.4401E+01  0.4957E+03  0.2422E+00  0.2879E+01
0.2400E+00  -.7093E+02  0.4977E+01  0.5417E+03  0.2532E+00  0.2903E+01
0.2500E+00  -.7005E+02  0.5605E+01  0.5895E+03  0.2641E+00  0.2921E+01
0.2600E+00  -.6913E+02  0.6288E+01  0.6389E+03  0.2750E+00  0.2935E+01
0.2700E+00  -.6819E+02  0.7026E+01  0.6900E+03  0.2857E+00  0.2946E+01
0.2800E+00  -.6721E+02  0.7821E+01  0.7426E+03  0.2964E+00  0.2954E+01
0.2900E+00  -.6619E+02  0.8676E+01  0.7967E+03  0.3070E+00  0.2959E+01
0.3000E+00  -.6514E+02  0.9592E+01  0.8523E+03  0.3176E+00  0.2962E+01
0.3100E+00  -.6406E+02  0.1057E+02  0.9093E+03  0.3280E+00  0.2963E+01
0.3200E+00  -.6294E+02  0.1161E+02  0.9676E+03  0.3384E+00  0.2963E+01
0.3300E+00  -.6179E+02  0.1272E+02  0.1027E+04  0.3487E+00  0.2961E+01
0.3400E+00  -.6061E+02  0.1390E+02  0.1088E+04  0.3589E+00  0.2959E+01
0.3500E+00  -.5939E+02  0.1514E+02  0.1151E+04  0.3690E+00  0.2956E+01
0.3600E+00  -.5813E+02  0.1645E+02  0.1214E+04  0.3791E+00  0.2952E+01
0.3700E+00  -.5685E+02  0.1784E+02  0.1279E+04  0.3891E+00  0.2948E+01
0.3800E+00  -.5553E+02  0.1930E+02  0.1345E+04  0.3990E+00  0.2944E+01
0.3900E+00  -.5417E+02  0.2083E+02  0.1413E+04  0.4089E+00  0.2939E+01
0.4000E+00  -.5279E+02  0.2244E+02  0.1482E+04  0.4187E+00  0.2935E+01
0.4100E+00  -.5137E+02  0.2412E+02  0.1552E+04  0.4285E+00  0.2930E+01
0.4200E+00  -.4992E+02  0.2589E+02  0.1623E+04  0.4382E+00  0.2925E+01
0.4300E+00  -.4843E+02  0.2773E+02  0.1695E+04  0.4479E+00  0.2921E+01
0.4400E+00  -.4692E+02  0.2965E+02  0.1769E+04  0.4576E+00  0.2917E+01
0.4500E+00  -.4537E+02  0.3166E+02  0.1844E+04  0.4672E+00  0.2913E+01
0.4600E+00  -.4379E+02  0.3375E+02  0.1921E+04  0.4768E+00  0.2909E+01
0.4700E+00  -.4218E+02  0.3593E+02  0.1999E+04  0.4864E+00  0.2906E+01
0.4800E+00  -.4054E+02  0.3820E+02  0.2079E+04  0.4960E+00  0.2902E+01
0.4900E+00  -.3887E+02  0.4055E+02  0.2160E+04  0.5055E+00  0.2900E+01
0.5000E+00  -.3716E+02  0.4300E+02  0.2242E+04  0.5151E+00  0.2897E+01
0.5100E+00  -.3543E+02  0.4553E+02  0.2326E+04  0.5247E+00  0.2895E+01
0.5200E+00  -.3366E+02  0.4817E+02  0.2412E+04  0.5343E+00  0.2894E+01
0.5300E+00  -.3186E+02  0.5090E+02  0.2500E+04  0.5439E+00  0.2892E+01
0.5400E+00  -.3004E+02  0.5372E+02  0.2589E+04  0.5535E+00  0.2892E+01
0.5500E+00  -.2818E+02  0.5665E+02  0.2680E+04  0.5632E+00  0.2891E+01
0.5600E+00  -.2629E+02  0.5968E+02  0.2773E+04  0.5729E+00  0.2892E+01
0.5700E+00  -.2437E+02  0.6281E+02  0.2868E+04  0.5826E+00  0.2892E+01
0.5800E+00  -.2242E+02  0.6605E+02  0.2966E+04  0.5924E+00  0.2893E+01
0.5900E+00  -.2044E+02  0.6941E+02  0.3065E+04  0.6022E+00  0.2895E+01
0.6000E+00  -.1844E+02  0.7287E+02  0.3166E+04  0.6121E+00  0.2897E+01
0.6100E+00  -.1640E+02  0.7644E+02  0.3270E+04  0.6221E+00  0.2900E+01
0.6200E+00  -.1433E+02  0.8014E+02  0.3377E+04  0.6321E+00  0.2903E+01
0.6300E+00  -.1223E+02  0.8395E+02  0.3485E+04  0.6422E+00  0.2906E+01
0.6400E+00  -.1010E+02  0.8788E+02  0.3597E+04  0.6524E+00  0.2910E+01
0.6500E+00  -.7936E+01  0.9194E+02  0.3711E+04  0.6627E+00  0.2915E+01
0.6600E+00  -.5745E+01  0.9613E+02  0.3828E+04  0.6730E+00  0.2920E+01
0.6700E+00  -.3523E+01  0.1004E+03  0.3948E+04  0.6835E+00  0.2926E+01
0.6800E+00  -.1269E+01  0.1049E+03  0.4071E+04  0.6941E+00  0.2932E+01
0.6900E+00  0.1015E+01  0.1095E+03  0.4197E+04  0.7047E+00  0.2938E+01
0.7000E+00  0.3330E+01  0.1142E+03  0.4326E+04  0.7155E+00  0.2945E+01
0.7100E+00  0.5677E+01  0.1191E+03  0.4459E+04  0.7264E+00  0.2953E+01
0.7200E+00  0.8056E+01  0.1241E+03  0.4595E+04  0.7374E+00  0.2961E+01
0.7300E+00  0.1047E+02  0.1293E+03  0.4734E+04  0.7485E+00  0.2969E+01
0.7400E+00  0.1291E+02  0.1347E+03  0.4878E+04  0.7598E+00  0.2978E+01
0.7500E+00  0.1539E+02  0.1402E+03  0.5025E+04  0.7712E+00  0.2988E+01
0.7600E+00  0.1789E+02  0.1458E+03  0.5177E+04  0.7827E+00  0.2998E+01
0.7700E+00  0.2043E+02  0.1517E+03  0.5332E+04  0.7944E+00  0.3008E+01
0.7800E+00  0.2301E+02  0.1577E+03  0.5492E+04  0.8062E+00  0.3019E+01
0.7900E+00  0.2562E+02  0.1639E+03  0.5656E+04  0.8181E+00  0.3030E+01
0.8000E+00  0.2826E+02  0.1703E+03  0.5825E+04  0.8303E+00  0.3041E+01
0.8100E+00  0.3094E+02  0.1768E+03  0.5998E+04  0.8425E+00  0.3053E+01
0.8200E+00  0.3365E+02  0.1836E+03  0.6177E+04  0.8550E+00  0.3066E+01
0.8300E+00  0.3640E+02  0.1905E+03  0.6360E+04  0.8676E+00  0.3078E+01
0.8400E+00  0.3918E+02  0.1977E+03  0.6549E+04  0.8803E+00  0.3091E+01
0.8500E+00  0.4200E+02  0.2051E+03  0.6742E+04  0.8932E+00  0.3105E+01
0.8600E+00  0.4486E+02  0.2127E+03  0.6942E+04  0.9063E+00  0.3118E+01
0.8700E+00  0.4776E+02  0.2205E+03  0.7146E+04  0.9196E+00  0.3133E+01
0.8800E+00  0.5069E+02  0.2286E+03  0.7357E+04  0.9331E+00  0.3147E+01
0.8900E+00  0.5366E+02  0.2369E+03  0.7574E+04  0.9467E+00  0.3162E+01
0.9000E+00  0.5667E+02  0.2454E+03  0.7796E+04  0.9605E+00  0.3177E+01
0.9100E+00  0.5972E+02  0.2542E+03  0.8025E+04  0.9745E+00  0.3192E+01
0.9200E+00  0.6281E+02  0.2633E+03  0.8261E+04  0.9887E+00  0.3208E+01
0.9300E+00  0.6594E+02  0.2726E+03  0.8503E+04  0.1003E+01  0.3223E+01
0.9400E+00  0.6911E+02  0.2822E+03  0.8751E+04  0.1018E+01  0.3239E+01
0.9500E+00  0.7233E+02  0.2920E+03  0.9007E+04  0.1032E+01  0.3256E+01
0.9600E+00  0.7558E+02  0.3022E+03  0.9270E+04  0.1047E+01  0.3272E+01
0.9700E+00  0.7889E+02  0.3126E+03  0.9540E+04  0.1063E+01  0.3289E+01
0.9800E+00  0.8223E+02  0.3234E+03  0.9818E+04  0.1078E+01  0.3306E+01
0.9900E+00  0.8562E+02  0.3344E+03  0.1010E+05  0.1093E+01  0.3323E+01
0.1000E+01  0.8905E+02  0.3458E+03  0.1040E+05  0.1109E+01  0.3340E+01
