    tot dens  n        p        e-     Sigma-   Lambda   Sigma0   Sigma+
    0.020    947.2    913.6     33.6   1191.3   1108.0   1187.3   1184.6
    0.030    948.6    906.0     42.5   1188.9   1105.0   1184.1   1181.8
    0.040    950.0    899.1     50.9   1186.6   1102.2   1181.3   1179.3
    0.050    951.4    892.8     58.6   1184.3   1099.6   1178.9   1177.2
    0.060    952.9    887.0     65.8   1182.2   1097.2   1176.9   1175.4
    0.070    954.4    881.8     72.6   1180.1   1095.1   1175.1   1173.8
    0.080    955.9    877.0     78.9   1178.0   1093.1   1173.7   1172.6
    0.090    957.5    872.8     84.8   1176.1   1091.4   1172.5   1171.6
    0.100    959.2    868.9     90.3   1174.1   1089.8   1171.5   1170.8
    0.110    961.0    865.5     95.5   1172.3   1088.3   1170.7   1170.3
    0.120    962.8    862.4    100.4   1170.5   1087.0   1170.2   1169.9
    0.130    964.7    859.8    105.0   1168.8   1085.9   1169.8   1169.6
    0.140    966.7    857.5    109.2   1167.1   1084.9   1169.5   1169.5
    0.150    968.8    855.7    113.1   1165.5   1084.0   1169.4   1169.6
    0.160    970.9    854.1    116.7   1164.0   1083.2   1169.5   1169.7
    0.170    973.1    852.9    120.2   1162.5   1082.6   1169.5   1169.9
    0.180    975.4    852.0    123.5   1161.1   1082.0   1169.7   1170.1
    0.190    977.9    851.3    126.6   1159.8   1081.5   1169.9   1170.4
    0.200    980.4    850.8    129.6   1158.5   1081.1   1170.1   1170.7
    0.210    983.2    850.5    132.7   1157.2   1080.6   1170.0   1170.5
    0.220    986.0    850.4    135.6   1156.0   1080.2   1169.9   1170.3
    0.230    989.0    850.5    138.5   1154.9   1079.9   1169.8   1170.2
    0.240    992.1    850.7    141.4   1153.8   1079.7   1169.7   1170.2
    0.250    995.3    851.1    144.1   1152.7   1079.5   1169.6   1170.2
    0.260    998.5    851.7    146.8   1151.7   1079.4   1169.6   1170.3
    0.270   1001.8    852.6    149.1   1150.9   1079.4   1169.6   1170.5
    0.280   1003.2    854.9    148.3   1151.5   1078.9   1169.6   1171.2
    0.290   1004.7    857.3    147.4   1152.0   1078.4   1169.7   1171.9
    0.300   1006.2    859.8    146.4   1152.6   1078.1   1169.7   1172.7
    0.310   1007.8    862.4    145.3   1153.1   1077.8   1169.8   1173.6
    0.320   1009.3    865.2    144.2   1153.5   1077.6   1169.9   1174.5
    0.330   1010.9    868.0    142.9   1153.9   1077.4   1170.0   1175.6
    0.340   1012.5    871.0    141.6   1154.1   1077.3   1170.2   1176.6
    0.350   1014.1    874.0    140.2   1154.3   1077.2   1170.4   1177.8
    0.360   1015.7    877.1    138.6   1154.4   1077.1   1170.6   1179.0
    0.370   1017.3    880.3    137.0   1154.4   1077.1   1170.9   1180.3
    0.380   1018.9    883.6    135.4   1154.3   1077.1   1171.2   1181.6
    0.390   1020.5    886.9    133.6   1154.1   1077.1   1171.5   1183.0
    0.400   1022.1    890.4    131.7   1153.9   1077.1   1171.8   1184.4
    0.410   1023.6    894.0    129.6   1153.3   1076.9   1172.2   1185.8
    0.420   1025.2    897.7    127.5   1152.7   1076.7   1172.7   1187.3
    0.430   1026.8    901.4    125.4   1152.2   1076.5   1173.1   1188.8
    0.440   1028.5    905.2    123.3   1151.8   1076.3   1173.4   1190.2
    0.450   1030.3    909.1    121.2   1151.5   1076.1   1173.8   1191.6
    0.460   1032.1    913.0    119.1   1151.2   1075.8   1174.1   1193.0
    0.470   1034.0    916.9    117.1   1151.1   1075.6   1174.4   1194.3
    0.480   1035.9    920.9    115.0   1151.0   1075.3   1174.6   1195.7
    0.490   1037.9    924.9    113.0   1150.9   1075.1   1174.8   1197.0
    0.500   1040.0    929.0    111.0   1150.9   1074.9   1175.1   1198.3
    0.510   1042.1    933.0    109.0   1151.1   1074.7   1175.4   1199.5
    0.520   1044.2    937.2    107.0   1151.2   1074.6   1175.8   1200.8
    0.530   1046.3    941.4    105.0   1151.3   1074.5   1176.1   1202.0
    0.540   1048.5    945.6    102.9   1151.3   1074.4   1176.4   1203.2
    0.550   1050.6    949.9    100.7   1151.3   1074.4   1176.7   1204.3
    0.560   1052.8    954.3     98.5   1151.3   1074.4   1177.0   1205.5
    0.570   1055.0    958.8     96.2   1151.2   1074.4   1177.2   1206.6
    0.580   1057.2    963.3     93.8   1151.0   1074.4   1177.4   1207.7
    0.590   1059.3    967.9     91.4   1150.8   1074.5   1177.5   1208.8
    0.600   1061.5    972.5     89.0   1150.5   1074.6   1177.7   1209.9
    0.610   1063.7    977.2     86.5   1150.2   1074.7   1177.5   1210.7
    0.620   1065.9    982.0     83.9   1149.8   1074.8   1177.5   1211.5
    0.630   1068.1    986.7     81.4   1149.5   1074.9   1177.6   1212.3
    0.640   1070.3    991.6     78.8   1149.1   1075.1   1178.0   1213.2
    0.650   1072.5    996.4     76.1   1148.7   1075.3   1178.6   1214.0
    0.660   1074.8   1001.3     73.5   1148.2   1075.5   1179.3   1214.9
    0.670   1076.8   1005.7     71.1   1147.9   1076.8   1179.9   1215.7
    0.680   1078.7   1009.9     68.8   1147.5   1078.7   1180.4   1216.6
    0.690   1080.6   1014.0     66.6   1147.2   1080.6   1180.8   1217.5
    0.700   1082.5   1018.1     64.4   1146.9   1082.5   1181.3   1218.4
    0.710   1084.3   1022.1     62.2   1146.5   1084.3   1181.7   1219.4
    0.720   1086.2   1026.1     60.1   1146.2   1086.2   1182.1   1220.2
    0.730   1088.0   1030.1     57.9   1146.0   1088.0   1182.5   1221.0
    0.740   1089.8   1034.0     55.8   1145.7   1089.8   1182.8   1221.6
    0.750   1091.7   1037.9     53.8   1145.4   1091.7   1183.1   1222.1
    0.760   1093.5   1041.8     51.7   1145.2   1093.5   1183.2   1222.5
    0.770   1095.3   1045.7     49.6   1144.9   1095.3   1183.2   1222.8
    0.780   1097.1   1049.6     47.6   1144.7   1097.1   1182.9   1223.0
    0.790   1099.0   1053.5     45.5   1144.5   1099.0   1182.4   1223.1
    0.800   1100.9   1057.5     43.4   1144.2   1100.9   1181.6   1223.2
    0.810   1102.9   1061.8     41.1   1143.9   1102.9   1180.7   1223.2
    0.820   1104.9   1066.2     38.7   1143.6   1104.9   1179.6   1223.3
    0.830   1106.9   1070.5     36.4   1143.3   1106.9   1178.4   1223.3
    0.840   1108.9   1074.8     34.1   1143.1   1108.9   1177.3   1223.4
    0.850   1110.9   1079.1     31.9   1142.8   1110.9   1176.2   1223.5
    0.860   1112.9   1083.2     29.7   1142.6   1112.9   1175.2   1223.7
    0.870   1114.8   1087.2     27.6   1142.5   1114.8   1174.5   1223.9
    0.880   1116.7   1091.1     25.6   1142.4   1116.7   1174.0   1224.3
    0.890   1118.6   1094.9     23.7   1142.3   1118.6   1173.7   1224.8
    0.900   1120.5   1098.6     21.8   1142.3   1120.5   1173.9   1225.4
    0.910   1122.3   1102.1     20.2   1142.4   1122.3   1175.1   1226.2
    0.920   1124.0   1105.5     18.5   1142.6   1124.0   1176.8   1227.2
    0.930   1125.8   1108.9     16.9   1142.7   1125.8   1178.8   1228.3
    0.940   1127.6   1112.3     15.3   1142.9   1127.6   1181.3   1229.4
    0.950   1129.4   1115.8     13.7   1143.1   1129.4   1184.0   1230.6
    0.960   1131.3   1119.2     12.0   1143.3   1131.3   1186.9   1231.8
    0.970   1133.2   1122.8     10.4   1143.5   1133.1   1190.0   1232.9
    0.980   1135.0   1126.4      8.7   1143.7   1135.0   1193.0   1234.0
    0.990   1137.0   1130.0      6.9   1143.9   1137.0   1196.0   1234.9
    1.000   1138.9   1133.7      5.2   1144.1   1138.9   1198.7   1235.7
    1.010   1140.8   1137.3      3.5   1144.2   1140.8   1199.7   1236.0
    1.020   1142.6   1140.9      1.8   1144.4   1142.6   1200.3   1236.1
    1.030   1144.5   1144.4      0.1   1144.6   1144.5   1200.5   1236.1
    1.040   1146.3   1147.8     -1.5   1144.7   1146.3   1200.4   1236.1
    1.050   1148.0   1151.2     -3.1   1144.9   1148.0   1200.0   1236.1
    1.060   1149.8   1154.5     -4.7   1145.0   1149.8   1199.2   1236.1
    1.070   1151.4   1157.7     -6.3   1145.2   1151.4   1198.2   1236.2
    1.080   1153.1   1160.9     -7.8   1145.3   1153.1   1197.1   1236.5
    1.090   1154.7   1164.0     -9.3   1145.4   1154.7   1195.7   1237.1
    1.100   1156.3   1167.1    -10.8   1145.5   1156.3   1194.3   1237.8
    1.110   1158.0   1170.3    -12.3   1145.7   1158.0   1194.1   1239.6
    1.120   1159.6   1173.4    -13.8   1145.8   1159.6   1193.7   1241.5
    1.130   1161.3   1176.6    -15.3   1146.0   1161.3   1193.0   1243.4
    1.140   1163.0   1179.7    -16.8   1146.2   1163.0   1192.2   1245.1
    1.150   1164.6   1182.9    -18.2   1146.4   1164.6   1191.1   1246.6
    1.160   1166.3   1186.0    -19.7   1146.6   1166.3   1189.9   1247.8
    1.170   1168.0   1189.1    -21.2   1146.8   1168.0   1188.4   1248.5
    1.180   1169.6   1192.2    -22.6   1147.0   1169.6   1186.8   1248.8
    1.190   1171.3   1195.3    -24.1   1147.2   1171.3   1185.0   1248.4
    1.200   1172.9   1198.4    -25.5   1147.4   1172.9   1183.2   1247.4
    1.210   1174.5   1201.5    -27.0   1147.6   1174.5   1181.3   1245.7
    1.220   1176.1   1204.6    -28.4   1147.7   1176.1   1179.5   1243.2
