    0.020    943.8    916.7     27.0   1191.3   1108.0   1187.2   1184.6
    0.030    945.2    909.9     35.3   1188.9   1105.0   1184.1   1181.8
    0.040    946.5    903.6     42.9   1186.5   1102.2   1181.3   1179.3
    0.050    947.7    897.8     50.0   1184.3   1099.6   1178.9   1177.1
    0.060    948.9    892.4     56.5   1182.1   1097.3   1176.8   1175.3
    0.070    950.0    887.5     62.5   1180.0   1095.1   1175.0   1173.8
    0.080    951.1    883.0     68.1   1177.9   1093.2   1173.5   1172.5
    0.090    952.1    878.9     73.3   1175.9   1091.4   1172.2   1171.5
    0.100    953.2    875.1     78.1   1173.9   1089.8   1171.3   1170.7
    0.110    954.2    871.6     82.6   1172.0   1088.4   1170.5   1170.1
    0.120    955.2    868.4     86.8   1170.2   1087.2   1169.9   1169.7
    0.130    956.2    865.5     90.7   1168.4   1086.1   1169.5   1169.5
    0.140    957.2    862.8     94.5   1166.6   1085.1   1169.2   1169.4
    0.150    958.3    860.3     98.0   1164.9   1084.3   1169.0   1169.4
    0.160    959.3    857.9    101.4   1163.2   1083.5   1169.0   1169.5
    0.170    960.5    855.8    104.7   1161.6   1082.9   1169.0   1169.7
    0.180    961.6    853.8    107.8   1160.1   1082.4   1169.2   1169.9
    0.190    962.7    852.0    110.7   1158.6   1082.0   1169.3   1170.1
    0.200    963.9    850.4    113.5   1157.1   1081.7   1169.5   1170.4
    0.210    964.9    848.2    116.7   1155.7   1081.2   1169.3   1170.0
    0.220    966.1    846.3    119.8   1154.4   1080.8   1169.1   1169.7
    0.230    967.3    844.5    122.8   1153.1   1080.5   1168.9   1169.4
    0.240    968.7    842.9    125.7   1151.9   1080.3   1168.8   1169.3
    0.250    970.1    841.5    128.6   1150.7   1080.2   1168.7   1169.2
    0.260    971.6    840.3    131.3   1149.6   1080.2   1168.6   1169.2
    0.270    973.2    839.1    134.1   1148.5   1080.2   1168.6   1169.3
    0.280    974.8    838.1    136.7   1147.5   1080.2   1168.5   1169.4
    0.290    976.6    837.3    139.3   1146.5   1080.4   1168.5   1169.6
    0.300    978.4    836.5    141.9   1145.6   1080.6   1168.5   1169.9
    0.310    980.2    835.8    144.4   1144.7   1080.8   1168.5   1170.2
    0.320    982.1    835.2    146.8   1143.8   1081.1   1168.6   1170.5
    0.330    984.0    834.7    149.3   1143.0   1081.4   1168.6   1170.9
    0.340    986.0    834.3    151.7   1142.2   1081.8   1168.7   1171.3
    0.350    987.8    834.1    153.7   1141.6   1082.2   1168.7   1171.8
    0.360    988.5    835.1    153.4   1142.0   1082.3   1168.9   1172.6
    0.370    989.2    836.1    153.1   1142.3   1082.4   1169.0   1173.4
    0.380    989.8    837.2    152.6   1142.5   1082.5   1169.2   1174.2
    0.390    990.3    838.2    152.2   1142.5   1082.7   1169.5   1175.1
    0.400    990.8    839.3    151.6   1142.4   1082.8   1169.8   1176.0
    0.410    991.1    840.3    150.7   1141.8   1082.8   1170.2   1177.2
    0.420    991.2    841.5    149.8   1141.0   1082.8   1170.7   1178.5
    0.430    991.4    842.7    148.7   1140.1   1082.8   1171.3   1179.9
    0.440    991.5    843.9    147.6   1139.1   1082.7   1171.9   1181.3
    0.450    991.7    845.2    146.5   1138.1   1082.7   1172.5   1182.7
    0.460    991.9    846.5    145.4   1137.2   1082.6   1173.0   1184.1
    0.470    992.1    847.8    144.3   1136.4   1082.6   1173.6   1185.5
    0.480    992.5    849.2    143.3   1135.8   1082.5   1174.2   1186.9
    0.490    992.9    850.5    142.4   1135.3   1082.5   1174.7   1188.2
    0.500    993.4    851.8    141.6   1135.0   1082.5   1175.1   1189.4
    0.510    994.1    852.8    141.3   1135.4   1082.6   1175.1   1190.4
    0.520    994.8    853.8    141.0   1135.9   1082.7   1175.2   1191.3
    0.530    995.6    854.8    140.8   1136.4   1082.9   1175.3   1192.2
    0.540    996.4    855.8    140.6   1137.1   1083.0   1175.4   1193.1
    0.550    997.3    856.8    140.5   1137.7   1083.1   1175.6   1193.9
    0.560    998.1    857.9    140.3   1138.4   1083.3   1175.7   1194.7
    0.570    999.0    859.0    140.0   1139.1   1083.5   1175.9   1195.5
    0.580   1000.0    860.2    139.7   1139.7   1083.6   1176.1   1196.3
    0.590   1000.9    861.5    139.4   1140.3   1083.8   1176.2   1197.1
    0.600   1001.9    862.9    139.0   1140.9   1084.0   1176.3   1197.8
    0.610   1002.9    864.6    138.2   1141.1   1084.2   1176.2   1198.6
    0.620   1003.9    866.5    137.4   1141.4   1084.3   1176.0   1199.3
    0.630   1004.9    868.3    136.6   1141.5   1084.5   1175.4   1200.0
    0.640   1006.0    870.2    135.7   1141.7   1084.7   1174.7   1200.7
    0.650   1007.0    872.1    134.8   1141.8   1084.9   1173.8   1201.4
    0.660   1008.0    874.1    133.9   1141.9   1085.1   1172.7   1202.0
    0.670   1009.0    876.0    132.9   1141.9   1085.4   1171.6   1202.6
    0.680   1010.0    878.0    132.0   1141.9   1085.6   1170.4   1203.2
    0.690   1010.9    880.0    131.0   1141.9   1085.9   1169.2   1203.8
    0.700   1011.9    881.9    130.0   1141.9   1086.2   1168.1   1204.4
    0.710   1012.8    883.8    129.0   1141.8   1086.4   1167.6   1205.2
    0.720   1013.7    885.7    128.0   1141.7   1086.7   1167.3   1206.0
    0.730   1014.6    887.7    127.0   1141.6   1087.0   1167.2   1206.9
    0.740   1015.6    889.7    125.9   1141.5   1087.3   1167.3   1207.7
    0.750   1016.5    891.7    124.8   1141.3   1087.7   1167.5   1208.6
    0.760   1017.4    893.7    123.7   1141.1   1088.0   1167.9   1209.6
    0.770   1018.3    895.7    122.6   1141.0   1088.4   1168.4   1210.5
    0.780   1019.3    897.8    121.5   1140.8   1088.8   1169.1   1211.4
    0.790   1020.2    899.8    120.4   1140.6   1089.2   1170.0   1212.3
    0.800   1021.2    901.9    119.3   1140.5   1089.6   1171.0   1213.3
    0.810   1022.2    904.0    118.2   1140.4   1090.2   1172.4   1214.0
    0.820   1023.2    906.0    117.1   1140.3   1090.7   1173.9   1214.8
    0.830   1024.2    908.1    116.1   1140.2   1091.3   1175.5   1215.5
    0.840   1025.2    910.2    115.0   1140.2   1091.9   1177.1   1216.1
    0.850   1026.2    912.3    113.9   1140.1   1092.5   1178.7   1216.8
    0.860   1027.2    914.3    112.9   1140.1   1093.1   1180.2   1217.4
    0.870   1028.2    916.4    111.8   1140.1   1093.8   1181.7   1218.0
    0.880   1029.2    918.4    110.8   1140.0   1094.4   1183.1   1218.5
    0.890   1030.2    920.4    109.8   1140.0   1095.0   1184.3   1219.1
    0.900   1031.2    922.4    108.8   1140.0   1095.7   1185.5   1219.6
    0.910   1032.2    924.3    107.9   1140.0   1096.3   1186.4   1220.1
    0.920   1033.1    926.2    106.9   1140.1   1097.0   1187.2   1220.6
    0.930   1034.1    928.1    106.0   1140.1   1097.7   1188.0   1221.1
    0.940   1035.1    929.9    105.1   1140.2   1098.3   1188.7   1221.6
    0.950   1036.0    931.8    104.3   1140.3   1099.0   1189.3   1222.0
    0.960   1037.0    933.6    103.4   1140.4   1099.6   1189.8   1222.4
    0.970   1038.0    935.5    102.5   1140.5   1100.3   1190.3   1222.7
    0.980   1038.9    937.3    101.6   1140.5   1100.9   1190.8   1223.0
    0.990   1039.9    939.2    100.7   1140.6   1101.5   1191.1   1223.2
    1.000   1040.9    941.1     99.8   1140.7   1102.1   1191.5   1223.4
    1.010   1041.8    943.1     98.7   1140.5   1102.5   1191.3   1223.0
    1.020   1042.6    945.0     97.6   1140.2   1102.9   1191.2   1222.7
    1.030   1043.5    947.0     96.5   1140.0   1103.3   1191.1   1222.4
    1.040   1044.4    949.0     95.4   1139.8   1103.7   1191.0   1222.2
    1.050   1045.3    951.0     94.3   1139.6   1104.1   1191.1   1222.1
    1.060   1046.2    952.9     93.2   1139.4   1104.5   1191.2   1222.1
    1.070   1047.1    954.9     92.2   1139.3   1104.9   1191.5   1222.2
    1.080   1048.0    956.8     91.2   1139.2   1105.3   1191.8   1222.4
    1.090   1049.0    958.8     90.2   1139.3   1105.6   1192.1   1222.9
    1.100   1050.1    960.7     89.4   1139.5   1106.0   1192.4   1224.0
    1.110   1051.3    962.5     88.9   1140.2   1106.4   1192.8   1225.4
    1.120   1052.6    964.2     88.4   1141.0   1106.9   1193.1   1226.6
    1.130   1053.9    966.0     87.9   1141.8   1107.3   1193.4   1227.5
    1.140   1055.2    967.8     87.4   1142.7   1107.8   1193.6   1228.2
    1.150   1056.6    969.6     87.0   1143.6   1108.2   1193.8   1228.5
    1.160   1057.9    971.4     86.5   1144.5   1108.6   1193.9   1228.4
    1.170   1059.3    973.2     86.1   1145.4   1109.0   1194.0   1227.8
    1.180   1060.6    974.9     85.7   1146.2   1109.4   1194.0   1226.8
    1.190   1061.9    976.7     85.2   1147.1   1109.8   1193.9   1225.2
    1.200   1063.2    978.5     84.7   1147.9   1110.1   1193.8   1223.0
    1.210   1064.5    980.3     84.2   1148.6   1110.5   1193.6   1220.3
    1.220   1065.8    982.2     83.6   1149.3   1110.8   1193.3   1217.0
    1.230   1067.0    984.1     82.9   1149.9   1111.1   1193.0   1213.2
    1.240   1068.2    986.0     82.2   1150.4   1111.4   1192.6   1208.9
    1.250   1069.4    988.0     81.4   1150.8   1111.8   1192.3   1204.1
    1.260   1070.6    990.1     80.5   1151.1   1112.1   1191.9   1198.9
    1.270   1071.8    992.3     79.5   1151.3   1112.4   1191.4   1193.4
    1.280   1073.0    994.6     78.4   1151.3   1112.7   1191.0   1187.6
    1.290   1074.1    997.0     77.1   1151.2   1113.0   1190.5   1181.7
    1.300   1075.3    999.6     75.7   1151.0   1113.4   1190.1   1175.8
