Hi David,
here's the followup of the monopole saga. 
Enclosed you will find the changed interaction and
Andres' output with sp energies and monopole
corrections. The new ones are different from the previous
ones, but the hope is that it does not change
the spectroscopy too much!!
I must confess that
things are not so clear anymore. Concerning Andres' changes,
I always felt I understood to a certain degree his decomposition.
What is no longer clear to me is how he really adjusts 
the monopoles. I was not fully able to decipher
from the paper he handed us on saturday night what
it really is about. My hope was that he would explain this
to us in his talk. Alas, history took another direction
into the land of oblivion and obscureness and I'm left
with as many (or more) questions than when I came to Cph.

But I will try to decipher the paper, because I'm very fond
of Andres and I believe in him, although he presents 
things in a horrible way. 

In a separate mailing I will also send you my T=1 interaction
for just the fp-shell, with no adjustments and with Andres
corrections (the old one, but that was correct). 
You will especially notice that there are changes for
ca 47, 48 and 49, considerable ones indeed.
The T=1 interaction was calculated with my presetn technology,
(phys rep 261) and using the cd-bonn interaction.

You will there also notice that the B.E. is horrible with Andres
corrections, but that is 'cause he's not able to modify that.
However, if you take the diff between expt and the theoretical
calculations (both modified and un-modified) you will obtain
an almost constant value when you divide by n(n-1)/2, with
n the number of valence particles. That is a clear indication
of problems in the term W_0 * n(n-1)/2. 

For the \hbar\omega dependence I just suggest that we leave that out
for the moment. We should however use his sp-eneergies, see below.

Let me end here with my best wishes for 1999 and a merry x-mas.

Morten

***********  new interaction

768
  0  2  5  0  3  5  0  2  5  0  3  5  0  0   -3.000531
  0  2  5  0  3  5  0  2  3  1  1  3  0  0    3.345400
  0  2  5  0  3  5  1  0  1  1  1  1  0  0   -2.251700
  0  2  3  1  1  3  0  2  3  1  1  3  0  0   -1.535286
  0  2  3  1  1  3  1  0  1  1  1  1  0  0    1.671400
  1  0  1  1  1  1  1  0  1  1  1  1  0  0   -1.011105
  0  2  5  0  2  5  0  2  5  0  2  5  0  2     .444115
  0  2  5  0  2  5  0  2  5  0  2  3  0  2    3.013500
  0  2  5  0  2  5  0  2  3  0  2  3  0  2    1.698400
  0  2  5  0  2  5  0  2  3  1  0  1  0  2     .423100
  0  2  5  0  2  5  1  0  1  1  0  1  0  2    -.718700
  0  2  5  0  2  5  0  3  7  0  3  7  0  2     .547300
  0  2  5  0  2  5  0  3  7  0  3  5  0  2   -2.243200
  0  2  5  0  2  5  0  3  5  0  3  5  0  2   -1.136500
  0  2  5  0  2  5  0  3  5  1  1  3  0  2     .320300
  0  2  5  0  2  5  1  1  3  1  1  3  0  2     .250600
  0  2  5  0  2  5  1  1  3  1  1  1  0  2    -.295000
  0  2  5  0  2  5  1  1  1  1  1  1  0  2    -.141000
  0  2  5  0  2  3  0  2  5  0  2  3  0  2   -3.346423
  0  2  5  0  2  3  0  2  3  0  2  3  0  2    -.385200
  0  2  5  0  2  3  0  2  3  1  0  1  0  2    1.490000
  0  2  5  0  2  3  1  0  1  1  0  1  0  2    1.773300
  0  2  5  0  2  3  0  3  7  0  3  7  0  2   -1.438300
  0  2  5  0  2  3  0  3  7  0  3  5  0  2    3.332000
  0  2  5  0  2  3  0  3  5  0  3  5  0  2    -.053200
  0  2  5  0  2  3  0  3  5  1  1  3  0  2   -1.593800
  0  2  5  0  2  3  1  1  3  1  1  3  0  2    -.806500
  0  2  5  0  2  3  1  1  3  1  1  1  0  2    1.442700
  0  2  5  0  2  3  1  1  1  1  1  1  0  2    -.217800
  0  2  3  0  2  3  0  2  3  0  2  3  0  2     .451560
  0  2  3  0  2  3  0  2  3  1  0  1  0  2    -.996700
  0  2  3  0  2  3  1  0  1  1  0  1  0  2    -.003000
  0  2  3  0  2  3  0  3  7  0  3  7  0  2   -1.313900
  0  2  3  0  2  3  0  3  7  0  3  5  0  2     .695500
  0  2  3  0  2  3  0  3  5  0  3  5  0  2     .194800
  0  2  3  0  2  3  0  3  5  1  1  3  0  2     .362900
  0  2  3  0  2  3  1  1  3  1  1  3  0  2     .028100
  0  2  3  0  2  3  1  1  3  1  1  1  0  2    -.282800
  0  2  3  0  2  3  1  1  1  1  1  1  0  2     .234200
  0  2  3  1  0  1  0  2  3  1  0  1  0  2   -1.284940
  0  2  3  1  0  1  1  0  1  1  0  1  0  2    -.286700
  0  2  3  1  0  1  0  3  7  0  3  7  0  2    -.478000
  0  2  3  1  0  1  0  3  7  0  3  5  0  2    -.482900
  0  2  3  1  0  1  0  3  5  0  3  5  0  2     .540500
  0  2  3  1  0  1  0  3  5  1  1  3  0  2    1.752200
  0  2  3  1  0  1  1  1  3  1  1  3  0  2     .245600
  0  2  3  1  0  1  1  1  3  1  1  1  0  2    -.535500
  0  2  3  1  0  1  1  1  1  1  1  1  0  2     .103000
  1  0  1  1  0  1  1  0  1  1  0  1  0  2    -.437440
  1  0  1  1  0  1  0  3  7  0  3  7  0  2     .517400
  1  0  1  1  0  1  0  3  7  0  3  5  0  2   -1.474500
  1  0  1  1  0  1  0  3  5  0  3  5  0  2    -.056500
  1  0  1  1  0  1  0  3  5  1  1  3  0  2    -.148900
  1  0  1  1  0  1  1  1  3  1  1  3  0  2     .520600
  1  0  1  1  0  1  1  1  3  1  1  1  0  2   -1.428200
  1  0  1  1  0  1  1  1  1  1  1  1  0  2     .626200
  0  3  7  0  3  7  0  3  7  0  3  7  0  2     .587838
  0  3  7  0  3  7  0  3  7  0  3  5  0  2    1.850600
  0  3  7  0  3  7  0  3  5  0  3  5  0  2    1.613200
  0  3  7  0  3  7  0  3  5  1  1  3  0  2     .398200
  0  3  7  0  3  7  1  1  3  1  1  3  0  2    -.332000
  0  3  7  0  3  7  1  1  3  1  1  1  0  2     .423000
  0  3  7  0  3  7  1  1  1  1  1  1  0  2     .332400
  0  3  7  0  3  5  0  3  7  0  3  5  0  2   -1.888804
  0  3  7  0  3  5  0  3  5  0  3  5  0  2    -.595500
  0  3  7  0  3  5  0  3  5  1  1  3  0  2     .790700
  0  3  7  0  3  5  1  1  3  1  1  3  0  2    1.031000
  0  3  7  0  3  5  1  1  3  1  1  1  0  2   -1.547100
  0  3  7  0  3  5  1  1  1  1  1  1  0  2     .040900
  0  3  5  0  3  5  0  3  5  0  3  5  0  2     .479369
  0  3  5  0  3  5  0  3  5  1  1  3  0  2    -.560500
  0  3  5  0  3  5  1  1  3  1  1  3  0  2     .190700
  0  3  5  0  3  5  1  1  3  1  1  1  0  2     .105100
  0  3  5  0  3  5  1  1  1  1  1  1  0  2    -.229400
  0  3  5  1  1  3  0  3  5  1  1  3  0  2   -1.492635
  0  3  5  1  1  3  1  1  3  1  1  3  0  2     .311300
  0  3  5  1  1  3  1  1  3  1  1  1  0  2     .386700
  0  3  5  1  1  3  1  1  1  1  1  1  0  2    -.864800
  1  1  3  1  1  3  1  1  3  1  1  3  0  2     .547370
  1  1  3  1  1  3  1  1  3  1  1  1  0  2    1.705800
  1  1  3  1  1  3  1  1  1  1  1  1  0  2    1.013200
  1  1  3  1  1  1  1  1  3  1  1  1  0  2    -.173085
  1  1  3  1  1  1  1  1  1  1  1  1  0  2     .385700
  1  1  1  1  1  1  1  1  1  1  1  1  0  2    -.262460
  0  2  5  0  3  7  0  2  5  0  3  7  0  2     .437696
  0  2  5  0  3  7  0  2  5  0  3  5  0  2    3.139600
  0  2  5  0  3  7  0  2  5  1  1  3  0  2     .310300
  0  2  5  0  3  7  0  2  3  0  3  5  0  2    1.658300
  0  2  5  0  3  7  0  2  3  1  1  3  0  2     .434000
  0  2  5  0  3  7  0  2  3  1  1  1  0  2    -.401800
  0  2  5  0  3  7  1  0  1  1  1  3  0  2    -.383500
  0  2  5  0  3  7  1  0  1  1  1  1  0  2     .629600
  0  2  5  0  3  5  0  2  5  0  3  5  0  2   -2.876631
  0  2  5  0  3  5  0  2  5  1  1  3  0  2    -.848500
  0  2  5  0  3  5  0  2  3  0  3  5  0  2   -1.910800
  0  2  5  0  3  5  0  2  3  1  1  3  0  2   -1.221400
  0  2  5  0  3  5  0  2  3  1  1  1  0  2     .591900
  0  2  5  0  3  5  1  0  1  1  1  3  0  2     .887500
  0  2  5  0  3  5  1  0  1  1  1  1  0  2   -1.151200
  0  2  5  1  1  3  0  2  5  1  1  3  0  2     .718060
  0  2  5  1  1  3  0  2  3  0  3  5  0  2    -.286300
  0  2  5  1  1  3  0  2  3  1  1  3  0  2   -1.797300
  0  2  5  1  1  3  0  2  3  1  1  1  0  2    1.288500
  0  2  5  1  1  3  1  0  1  1  1  3  0  2     .426400
  0  2  5  1  1  3  1  0  1  1  1  1  0  2    -.586700
  0  2  3  0  3  5  0  2  3  0  3  5  0  2    1.148382
  0  2  3  0  3  5  0  2  3  1  1  3  0  2    -.031200
  0  2  3  0  3  5  0  2  3  1  1  1  0  2     .163400
  0  2  3  0  3  5  1  0  1  1  1  3  0  2     .272400
  0  2  3  0  3  5  1  0  1  1  1  1  0  2    -.343500
  0  2  3  1  1  3  0  2  3  1  1  3  0  2   -1.355586
  0  2  3  1  1  3  0  2  3  1  1  1  0  2     .806200
  0  2  3  1  1  3  1  0  1  1  1  3  0  2     .370500
  0  2  3  1  1  3  1  0  1  1  1  1  0  2    -.548000
  0  2  3  1  1  1  0  2  3  1  1  1  0  2     .383358
  0  2  3  1  1  1  1  0  1  1  1  3  0  2    -.358200
  0  2  3  1  1  1  1  0  1  1  1  1  0  2     .489800
  1  0  1  1  1  3  1  0  1  1  1  3  0  2    1.134770
  1  0  1  1  1  3  1  0  1  1  1  1  0  2    2.066900
  1  0  1  1  1  1  1  0  1  1  1  1  0  2    -.332605
  0  2  5  0  2  3  0  2  5  0  2  3  0  4   -1.507323
  0  2  5  0  2  3  0  2  5  1  0  1  0  4   -1.219400
  0  2  5  0  2  3  0  2  3  1  0  1  0  4   -1.420500
  0  2  5  0  2  3  0  3  7  0  3  5  0  4    2.538200
  0  2  5  0  2  3  0  3  7  1  1  3  0  4     .284700
  0  2  5  0  2  3  0  3  5  1  1  3  0  4     .053000
  0  2  5  0  2  3  0  3  5  1  1  1  0  4    -.362200
  0  2  5  0  2  3  1  1  3  1  1  1  0  4     .821600
  0  2  5  1  0  1  0  2  5  1  0  1  0  4    1.418753
  0  2  5  1  0  1  0  2  3  1  0  1  0  4   -1.986000
  0  2  5  1  0  1  0  3  7  0  3  5  0  4    1.238000
  0  2  5  1  0  1  0  3  7  1  1  3  0  4     .280900
  0  2  5  1  0  1  0  3  5  1  1  3  0  4     .919900
  0  2  5  1  0  1  0  3  5  1  1  1  0  4    -.674600
  0  2  5  1  0  1  1  1  3  1  1  1  0  4    -.073700
  0  2  3  1  0  1  0  2  3  1  0  1  0  4     .071060
  0  2  3  1  0  1  0  3  7  0  3  5  0  4    1.469800
  0  2  3  1  0  1  0  3  7  1  1  3  0  4    1.040300
  0  2  3  1  0  1  0  3  5  1  1  3  0  4     .808000
  0  2  3  1  0  1  0  3  5  1  1  1  0  4    -.222500
  0  2  3  1  0  1  1  1  3  1  1  1  0  4    -.018200
  0  3  7  0  3  5  0  3  7  0  3  5  0  4   -1.105204
  0  3  7  0  3  5  0  3  7  1  1  3  0  4    -.972100
  0  3  7  0  3  5  0  3  5  1  1  3  0  4   -1.019900
  0  3  7  0  3  5  0  3  5  1  1  1  0  4     .708300
  0  3  7  0  3  5  1  1  3  1  1  1  0  4    -.931900
  0  3  7  1  1  3  0  3  7  1  1  3  0  4     .783915
  0  3  7  1  1  3  0  3  5  1  1  3  0  4   -1.452000
  0  3  7  1  1  3  0  3  5  1  1  1  0  4    1.210000
  0  3  7  1  1  3  1  1  3  1  1  1  0  4    -.665000
  0  3  5  1  1  3  0  3  5  1  1  3  0  4    -.426435
  0  3  5  1  1  3  0  3  5  1  1  1  0  4     .514100
  0  3  5  1  1  3  1  1  3  1  1  1  0  4    -.565900
  0  3  5  1  1  1  0  3  5  1  1  1  0  4     .512790
  0  3  5  1  1  1  1  1  3  1  1  1  0  4     .534600
  1  1  3  1  1  1  1  1  3  1  1  1  0  4    -.316085
  0  2  5  0  3  7  0  2  5  0  3  7  0  4     .225096
  0  2  5  0  3  7  0  2  5  0  3  5  0  4     .814200
  0  2  5  0  3  7  0  2  5  1  1  3  0  4    -.761400
  0  2  5  0  3  7  0  2  5  1  1  1  0  4    1.117400
  0  2  5  0  3  7  0  2  3  0  3  7  0  4   -2.570800
  0  2  5  0  3  7  0  2  3  0  3  5  0  4    1.492000
  0  2  5  0  3  7  0  2  3  1  1  3  0  4    -.302000
  0  2  5  0  3  7  0  2  3  1  1  1  0  4     .157500
  0  2  5  0  3  7  1  0  1  0  3  5  0  4    -.364000
  0  2  5  0  3  7  1  0  1  1  1  3  0  4    -.755900
  0  2  5  0  3  5  0  2  5  0  3  5  0  4    -.211231
  0  2  5  0  3  5  0  2  5  1  1  3  0  4    -.018400
  0  2  5  0  3  5  0  2  5  1  1  1  0  4    -.265600
  0  2  5  0  3  5  0  2  3  0  3  7  0  4    1.182000
  0  2  5  0  3  5  0  2  3  0  3  5  0  4    1.020400
  0  2  5  0  3  5  0  2  3  1  1  3  0  4     .577200
  0  2  5  0  3  5  0  2  3  1  1  1  0  4     .891700
  0  2  5  0  3  5  1  0  1  0  3  5  0  4   -1.512100
  0  2  5  0  3  5  1  0  1  1  1  3  0  4     .839200
  0  2  5  1  1  3  0  2  5  1  1  3  0  4     .181660
  0  2  5  1  1  3  0  2  5  1  1  1  0  4    1.726100
  0  2  5  1  1  3  0  2  3  0  3  7  0  4   -1.087500
  0  2  5  1  1  3  0  2  3  0  3  5  0  4     .619000
  0  2  5  1  1  3  0  2  3  1  1  3  0  4    -.824500
  0  2  5  1  1  3  0  2  3  1  1  1  0  4     .907800
  0  2  5  1  1  3  1  0  1  0  3  5  0  4    -.776900
  0  2  5  1  1  3  1  0  1  1  1  3  0  4   -1.022200
  0  2  5  1  1  1  0  2  5  1  1  1  0  4    -.564282
  0  2  5  1  1  1  0  2  3  0  3  7  0  4    1.063000
  0  2  5  1  1  1  0  2  3  0  3  5  0  4    -.640600
  0  2  5  1  1  1  0  2  3  1  1  3  0  4     .678500
  0  2  5  1  1  1  0  2  3  1  1  1  0  4     .524000
  0  2  5  1  1  1  1  0  1  0  3  5  0  4    -.007400
  0  2  5  1  1  1  1  0  1  1  1  3  0  4     .839400
  0  2  3  0  3  7  0  2  3  0  3  7  0  4   -2.295654
  0  2  3  0  3  7  0  2  3  0  3  5  0  4     .221800
  0  2  3  0  3  7  0  2  3  1  1  3  0  4    -.965500
  0  2  3  0  3  7  0  2  3  1  1  1  0  4    -.279800
  0  2  3  0  3  7  1  0  1  0  3  5  0  4     .643400
  0  2  3  0  3  7  1  0  1  1  1  3  0  4   -1.655700
  0  2  3  0  3  5  0  2  3  0  3  5  0  4     .607982
  0  2  3  0  3  5  0  2  3  1  1  3  0  4    -.365900
  0  2  3  0  3  5  0  2  3  1  1  1  0  4    -.595800
  0  2  3  0  3  5  1  0  1  0  3  5  0  4    1.224600
  0  2  3  0  3  5  1  0  1  1  1  3  0  4    -.194900
  0  2  3  1  1  3  0  2  3  1  1  3  0  4     .106114
  0  2  3  1  1  3  0  2  3  1  1  1  0  4   -1.098700
  0  2  3  1  1  3  1  0  1  0  3  5  0  4     .615100
  0  2  3  1  1  3  1  0  1  1  1  3  0  4    -.268700
  0  2  3  1  1  1  0  2  3  1  1  1  0  4   -1.039343
  0  2  3  1  1  1  1  0  1  0  3  5  0  4    1.758000
  0  2  3  1  1  1  1  0  1  1  1  3  0  4     .577600
  1  0  1  0  3  5  1  0  1  0  3  5  0  4   -1.381882
  1  0  1  0  3  5  1  0  1  1  1  3  0  4     .264100
  1  0  1  1  1  3  1  0  1  1  1  3  0  4   -1.484430
  0  2  5  0  2  5  0  2  5  0  2  5  0  6     .993615
  0  2  5  0  2  5  0  2  5  0  2  3  0  6    1.589000
  0  2  5  0  2  5  0  2  5  1  0  1  0  6   -1.405200
  0  2  5  0  2  5  0  2  3  0  2  3  0  6     .461900
  0  2  5  0  2  5  0  3  7  0  3  7  0  6     .432400
  0  2  5  0  2  5  0  3  7  0  3  5  0  6   -1.168100
  0  2  5  0  2  5  0  3  7  1  1  3  0  6     .331100
  0  2  5  0  2  5  0  3  7  1  1  1  0  6    -.571800
  0  2  5  0  2  5  0  3  5  0  3  5  0  6    -.183300
  0  2  5  0  2  5  0  3  5  1  1  3  0  6     .462900
  0  2  5  0  2  5  0  3  5  1  1  1  0  6     .256700
  0  2  5  0  2  5  1  1  3  1  1  3  0  6     .419700
  0  2  5  0  2  3  0  2  5  0  2  3  0  6    1.160477
  0  2  5  0  2  3  0  2  5  1  0  1  0  6    1.035000
  0  2  5  0  2  3  0  2  3  0  2  3  0  6    1.623800
  0  2  5  0  2  3  0  3  7  0  3  7  0  6    -.733000
  0  2  5  0  2  3  0  3  7  0  3  5  0  6     .933200
  0  2  5  0  2  3  0  3  7  1  1  3  0  6    -.275000
  0  2  5  0  2  3  0  3  7  1  1  1  0  6     .097600
  0  2  5  0  2  3  0  3  5  0  3  5  0  6    -.774700
  0  2  5  0  2  3  0  3  5  1  1  3  0  6    -.494600
  0  2  5  0  2  3  0  3  5  1  1  1  0  6    -.598800
  0  2  5  0  2  3  1  1  3  1  1  3  0  6    -.685000
  0  2  5  1  0  1  0  2  5  1  0  1  0  6    -.928847
  0  2  5  1  0  1  0  2  3  0  2  3  0  6     .173900
  0  2  5  1  0  1  0  3  7  0  3  7  0  6     .846400
  0  2  5  1  0  1  0  3  7  0  3  5  0  6    -.941000
  0  2  5  1  0  1  0  3  7  1  1  3  0  6     .988900
  0  2  5  1  0  1  0  3  7  1  1  1  0  6   -1.512200
  0  2  5  1  0  1  0  3  5  0  3  5  0  6    -.056900
  0  2  5  1  0  1  0  3  5  1  1  3  0  6     .545200
  0  2  5  1  0  1  0  3  5  1  1  1  0  6     .457200
  0  2  5  1  0  1  1  1  3  1  1  3  0  6     .279200
  0  2  3  0  2  3  0  2  3  0  2  3  0  6    -.818440
  0  2  3  0  2  3  0  3  7  0  3  7  0  6    -.442400
  0  2  3  0  2  3  0  3  7  0  3  5  0  6    -.656200
  0  2  3  0  2  3  0  3  7  1  1  3  0  6    -.311700
  0  2  3  0  2  3  0  3  7  1  1  1  0  6     .454700
  0  2  3  0  2  3  0  3  5  0  3  5  0  6     .533500
  0  2  3  0  2  3  0  3  5  1  1  3  0  6     .532000
  0  2  3  0  2  3  0  3  5  1  1  1  0  6     .501800
  0  2  3  0  2  3  1  1  3  1  1  3  0  6     .517200
  0  3  7  0  3  7  0  3  7  0  3  7  0  6     .910638
  0  3  7  0  3  7  0  3  7  0  3  5  0  6    1.040700
  0  3  7  0  3  7  0  3  7  1  1  3  0  6    -.584800
  0  3  7  0  3  7  0  3  7  1  1  1  0  6     .771900
  0  3  7  0  3  7  0  3  5  0  3  5  0  6     .636300
  0  3  7  0  3  7  0  3  5  1  1  3  0  6    -.160900
  0  3  7  0  3  7  0  3  5  1  1  1  0  6     .105100
  0  3  7  0  3  7  1  1  3  1  1  3  0  6    -.407500
  0  3  7  0  3  5  0  3  7  0  3  5  0  6     .063296
  0  3  7  0  3  5  0  3  7  1  1  3  0  6     .428800
  0  3  7  0  3  5  0  3  7  1  1  1  0  6    -.584400
  0  3  7  0  3  5  0  3  5  0  3  5  0  6     .621000
  0  3  7  0  3  5  0  3  5  1  1  3  0  6     .645900
  0  3  7  0  3  5  0  3  5  1  1  1  0  6     .657700
  0  3  7  0  3  5  1  1  3  1  1  3  0  6     .687600
  0  3  7  1  1  3  0  3  7  1  1  3  0  6     .470815
  0  3  7  1  1  3  0  3  7  1  1  1  0  6    1.512700
  0  3  7  1  1  3  0  3  5  0  3  5  0  6     .362700
  0  3  7  1  1  3  0  3  5  1  1  3  0  6    -.482900
  0  3  7  1  1  3  0  3  5  1  1  1  0  6     .678800
  0  3  7  1  1  3  1  1  3  1  1  3  0  6    -.759300
  0  3  7  1  1  1  0  3  7  1  1  1  0  6    -.361507
  0  3  7  1  1  1  0  3  5  0  3  5  0  6    -.307000
  0  3  7  1  1  1  0  3  5  1  1  3  0  6     .310900
  0  3  7  1  1  1  0  3  5  1  1  1  0  6     .313500
  0  3  7  1  1  1  1  1  3  1  1  3  0  6     .879200
  0  3  5  0  3  5  0  3  5  0  3  5  0  6     .541569
  0  3  5  0  3  5  0  3  5  1  1  3  0  6    -.371800
  0  3  5  0  3  5  0  3  5  1  1  1  0  6    -.583100
  0  3  5  0  3  5  1  1  3  1  1  3  0  6    -.121000
  0  3  5  1  1  3  0  3  5  1  1  3  0  6     .317565
  0  3  5  1  1  3  0  3  5  1  1  1  0  6   -1.174200
  0  3  5  1  1  3  1  1  3  1  1  3  0  6    -.221500
  0  3  5  1  1  1  0  3  5  1  1  1  0  6    -.816210
  0  3  5  1  1  1  1  1  3  1  1  3  0  6     .124700
  1  1  3  1  1  3  1  1  3  1  1  3  0  6    -.609530
  0  2  5  0  3  7  0  2  5  0  3  7  0  6    1.607196
  0  2  5  0  3  7  0  2  5  0  3  5  0  6     .889500
  0  2  5  0  3  7  0  2  5  1  1  3  0  6    -.112700
  0  2  5  0  3  7  0  2  5  1  1  1  0  6     .128100
  0  2  5  0  3  7  0  2  3  0  3  7  0  6     .028400
  0  2  5  0  3  7  0  2  3  0  3  5  0  6     .266700
  0  2  5  0  3  7  0  2  3  1  1  3  0  6     .092200
  0  2  5  0  3  7  1  0  1  0  3  7  0  6    -.207900
  0  2  5  0  3  7  1  0  1  0  3  5  0  6     .223000
  0  2  5  0  3  5  0  2  5  0  3  5  0  6    -.613731
  0  2  5  0  3  5  0  2  5  1  1  3  0  6     .038400
  0  2  5  0  3  5  0  2  5  1  1  1  0  6    -.626000
  0  2  5  0  3  5  0  2  3  0  3  7  0  6   -2.065200
  0  2  5  0  3  5  0  2  3  0  3  5  0  6    -.015500
  0  2  5  0  3  5  0  2  3  1  1  3  0  6    -.516800
  0  2  5  0  3  5  1  0  1  0  3  7  0  6    1.195100
  0  2  5  0  3  5  1  0  1  0  3  5  0  6   -1.321100
  0  2  5  1  1  3  0  2  5  1  1  3  0  6    1.099060
  0  2  5  1  1  3  0  2  5  1  1  1  0  6     .127500
  0  2  5  1  1  3  0  2  3  0  3  7  0  6     .011000
  0  2  5  1  1  3  0  2  3  0  3  5  0  6     .037300
  0  2  5  1  1  3  0  2  3  1  1  3  0  6    -.761400
  0  2  5  1  1  3  1  0  1  0  3  7  0  6     .039900
  0  2  5  1  1  3  1  0  1  0  3  5  0  6    -.253000
  0  2  5  1  1  1  0  2  5  1  1  1  0  6     .106418
  0  2  5  1  1  1  0  2  3  0  3  7  0  6    -.600500
  0  2  5  1  1  1  0  2  3  0  3  5  0  6    -.146400
  0  2  5  1  1  1  0  2  3  1  1  3  0  6   -1.858300
  0  2  5  1  1  1  1  0  1  0  3  7  0  6     .760400
  0  2  5  1  1  1  1  0  1  0  3  5  0  6   -1.047900
  0  2  3  0  3  7  0  2  3  0  3  7  0  6    -.312654
  0  2  3  0  3  7  0  2  3  0  3  5  0  6    -.493300
  0  2  3  0  3  7  0  2  3  1  1  3  0  6    -.599000
  0  2  3  0  3  7  1  0  1  0  3  7  0  6    1.052800
  0  2  3  0  3  7  1  0  1  0  3  5  0  6   -1.131100
  0  2  3  0  3  5  0  2  3  0  3  5  0  6    1.672882
  0  2  3  0  3  5  0  2  3  1  1  3  0  6    -.040500
  0  2  3  0  3  5  1  0  1  0  3  7  0  6     .018500
  0  2  3  0  3  5  1  0  1  0  3  5  0  6    -.064100
  0  2  3  1  1  3  0  2  3  1  1  3  0  6    -.431686
  0  2  3  1  1  3  1  0  1  0  3  7  0  6    1.044000
  0  2  3  1  1  3  1  0  1  0  3  5  0  6    -.935400
  1  0  1  0  3  7  1  0  1  0  3  7  0  6    1.018901
  1  0  1  0  3  7  1  0  1  0  3  5  0  6    1.572600
  1  0  1  0  3  5  1  0  1  0  3  5  0  6     .178618
  0  2  5  0  2  3  0  2  5  0  2  3  0  8   -1.334223
  0  2  5  0  2  3  0  3  7  0  3  5  0  8    2.186200
  0  2  5  0  2  3  0  3  7  1  1  3  0  8    -.176300
  0  2  5  0  2  3  0  3  7  1  1  1  0  8     .392600
  0  2  5  0  2  3  0  3  5  1  1  3  0  8     .263100
  0  3  7  0  3  5  0  3  7  0  3  5  0  8    -.646204
  0  3  7  0  3  5  0  3  7  1  1  3  0  8    -.232800
  0  3  7  0  3  5  0  3  7  1  1  1  0  8    -.934600
  0  3  7  0  3  5  0  3  5  1  1  3  0  8    -.990500
  0  3  7  1  1  3  0  3  7  1  1  3  0  8    1.205515
  0  3  7  1  1  3  0  3  7  1  1  1  0  8    -.002400
  0  3  7  1  1  3  0  3  5  1  1  3  0  8    -.731900
  0  3  7  1  1  1  0  3  7  1  1  1  0  8     .243892
  0  3  7  1  1  1  0  3  5  1  1  3  0  8   -1.647500
  0  3  5  1  1  3  0  3  5  1  1  3  0  8    -.212435
  0  2  5  0  3  7  0  2  5  0  3  7  0  8     .004996
  0  2  5  0  3  7  0  2  5  0  3  5  0  8    1.006500
  0  2  5  0  3  7  0  2  5  1  1  3  0  8   -1.042800
  0  2  5  0  3  7  0  2  3  0  3  7  0  8   -1.621000
  0  2  5  0  3  7  0  2  3  0  3  5  0  8     .471500
  0  2  5  0  3  7  1  0  1  0  3  7  0  8   -1.701300
  0  2  5  0  3  5  0  2  5  0  3  5  0  8     .865769
  0  2  5  0  3  5  0  2  5  1  1  3  0  8     .248500
  0  2  5  0  3  5  0  2  3  0  3  7  0  8     .471700
  0  2  5  0  3  5  0  2  3  0  3  5  0  8    1.915600
  0  2  5  0  3  5  1  0  1  0  3  7  0  8     .561500
  0  2  5  1  1  3  0  2  5  1  1  3  0  8   -1.656540
  0  2  5  1  1  3  0  2  3  0  3  7  0  8    -.550800
  0  2  5  1  1  3  0  2  3  0  3  5  0  8     .392300
  0  2  5  1  1  3  1  0  1  0  3  7  0  8   -1.972900
  0  2  3  0  3  7  0  2  3  0  3  7  0  8     .834146
  0  2  3  0  3  7  0  2  3  0  3  5  0  8   -1.271800
  0  2  3  0  3  7  1  0  1  0  3  7  0  8   -1.154500
  0  2  3  0  3  5  0  2  3  0  3  5  0  8   -1.951318
  0  2  3  0  3  5  1  0  1  0  3  7  0  8     .034100
  1  0  1  0  3  7  1  0  1  0  3  7  0  8    -.999999
  0  2  5  0  2  5  0  2  5  0  2  5  0 10   -1.122985
  0  2  5  0  2  5  0  3  7  0  3  7  0 10    1.082400
  0  2  5  0  2  5  0  3  7  0  3  5  0 10   -1.000600
  0  2  5  0  2  5  0  3  7  1  1  3  0 10     .653900
  0  2  5  0  2  5  0  3  5  0  3  5  0 10     .766100
  0  3  7  0  3  7  0  3  7  0  3  7  0 10     .625938
  0  3  7  0  3  7  0  3  7  0  3  5  0 10     .920200
  0  3  7  0  3  7  0  3  7  1  1  3  0 10   -1.019100
  0  3  7  0  3  7  0  3  5  0  3  5  0 10     .162400
  0  3  7  0  3  5  0  3  7  0  3  5  0 10     .863096
  0  3  7  0  3  5  0  3  7  1  1  3  0 10     .595400
  0  3  7  0  3  5  0  3  5  0  3  5  0 10    1.201800
  0  3  7  1  1  3  0  3  7  1  1  3  0 10   -1.404185
  0  3  7  1  1  3  0  3  5  0  3  5  0 10     .117500
  0  3  5  0  3  5  0  3  5  0  3  5  0 10    -.976431
  0  2  5  0  3  7  0  2  5  0  3  7  0 10    1.517396
  0  2  5  0  3  7  0  2  5  0  3  5  0 10     .440100
  0  2  5  0  3  7  0  2  3  0  3  7  0 10     .045900
  0  2  5  0  3  5  0  2  5  0  3  5  0 10    -.925431
  0  2  5  0  3  5  0  2  3  0  3  7  0 10   -3.046700
  0  2  3  0  3  7  0  2  3  0  3  7  0 10    -.858254
  0  3  7  0  3  5  0  3  7  0  3  5  0 12   -1.911304
  0  2  5  0  3  7  0  2  5  0  3  7  0 12   -3.498904
  0  3  7  0  3  7  0  3  7  0  3  7  0 14   -1.335562
  0  2  5  0  2  5  0  2  5  0  2  5  2  0   -2.914223
  0  2  5  0  2  5  0  2  3  0  2  3  2  0   -3.238100
  0  2  5  0  2  5  1  0  1  1  0  1  2  0    -.979500
  0  2  5  0  2  5  0  3  7  0  3  7  2  0    1.394100
  0  2  5  0  2  5  0  3  5  0  3  5  2  0    2.247800
  0  2  5  0  2  5  1  1  3  1  1  3  2  0     .606600
  0  2  5  0  2  5  1  1  1  1  1  1  2  0     .524200
  0  2  3  0  2  3  0  2  3  0  2  3  2  0   -1.416940
  0  2  3  0  2  3  1  0  1  1  0  1  2  0    -.775700
  0  2  3  0  2  3  0  3  7  0  3  7  2  0    2.163900
  0  2  3  0  2  3  0  3  5  0  3  5  2  0     .475700
  0  2  3  0  2  3  1  1  3  1  1  3  2  0     .672600
  0  2  3  0  2  3  1  1  1  1  1  1  2  0     .318000
  1  0  1  1  0  1  1  0  1  1  0  1  2  0    -.437440
  1  0  1  1  0  1  0  3  7  0  3  7  2  0     .831100
  1  0  1  1  0  1  0  3  5  0  3  5  2  0     .629700
  1  0  1  1  0  1  1  1  3  1  1  3  2  0     .646500
  1  0  1  1  0  1  1  1  1  1  1  1  2  0     .618700
  0  3  7  0  3  7  0  3  7  0  3  7  2  0   -1.573691
  0  3  7  0  3  7  0  3  5  0  3  5  2  0   -2.154900
  0  3  7  0  3  7  1  1  3  1  1  3  2  0    -.566400
  0  3  7  0  3  7  1  1  1  1  1  1  2  0    -.516200
  0  3  5  0  3  5  0  3  5  0  3  5  2  0    -.664140
  0  3  5  0  3  5  1  1  3  1  1  3  2  0    -.598600
  0  3  5  0  3  5  1  1  1  1  1  1  2  0    -.260500
  1  1  3  1  1  3  1  1  3  1  1  3  2  0    -.842710
  1  1  3  1  1  3  1  1  1  1  1  1  2  0   -1.398700
  1  1  1  1  1  1  1  1  1  1  1  1  2  0    -.262460
  0  2  5  0  3  5  0  2  5  0  3  5  2  0    -.900420
  0  2  5  0  3  5  0  2  3  1  1  3  2  0    -.081400
  0  2  5  0  3  5  1  0  1  1  1  1  2  0    -.108700
  0  2  3  1  1  3  0  2  3  1  1  3  2  0    -.731814
  0  2  3  1  1  3  1  0  1  1  1  1  2  0     .216000
  1  0  1  1  1  1  1  0  1  1  1  1  2  0    -.616945
  0  2  5  0  2  3  0  2  5  0  2  3  2  2     .050707
  0  2  5  0  2  3  0  2  3  1  0  1  2  2    -.014200
  0  2  5  0  2  3  0  3  7  0  3  5  2  2     .217200
  0  2  5  0  2  3  0  3  5  1  1  3  2  2    -.020200
  0  2  5  0  2  3  1  1  3  1  1  1  2  2     .137500
  0  2  3  1  0  1  0  2  3  1  0  1  2  2    -.132690
  0  2  3  1  0  1  0  3  7  0  3  5  2  2     .070100
  0  2  3  1  0  1  0  3  5  1  1  3  2  2     .053800
  0  2  3  1  0  1  1  1  3  1  1  1  2  2    -.042900
  0  3  7  0  3  5  0  3  7  0  3  5  2  2    -.241345
  0  3  7  0  3  5  0  3  5  1  1  3  2  2    -.080300
  0  3  7  0  3  5  1  1  3  1  1  1  2  2    -.076900
  0  3  5  1  1  3  0  3  5  1  1  3  2  2    -.277443
  0  3  5  1  1  3  1  1  3  1  1  1  2  2    -.064500
  1  1  3  1  1  1  1  1  3  1  1  1  2  2     .295165
  0  2  5  0  3  7  0  2  5  0  3  7  2  2   -1.963668
  0  2  5  0  3  7  0  2  5  0  3  5  2  2    -.613000
  0  2  5  0  3  7  0  2  5  1  1  3  2  2    -.735700
  0  2  5  0  3  7  0  2  3  0  3  5  2  2   -2.593100
  0  2  5  0  3  7  0  2  3  1  1  3  2  2     .304000
  0  2  5  0  3  7  0  2  3  1  1  1  2  2    -.686400
  0  2  5  0  3  7  1  0  1  1  1  3  2  2    -.658900
  0  2  5  0  3  7  1  0  1  1  1  1  2  2    -.511200
  0  2  5  0  3  5  0  2  5  0  3  5  2  2     .358280
  0  2  5  0  3  5  0  2  5  1  1  3  2  2     .220700
  0  2  5  0  3  5  0  2  3  0  3  5  2  2    -.382200
  0  2  5  0  3  5  0  2  3  1  1  3  2  2     .481800
  0  2  5  0  3  5  0  2  3  1  1  1  2  2    -.475900
  0  2  5  0  3  5  1  0  1  1  1  3  2  2    -.365700
  0  2  5  0  3  5  1  0  1  1  1  1  2  2     .228200
  0  2  5  1  1  3  0  2  5  1  1  3  2  2   -1.186462
  0  2  5  1  1  3  0  2  3  0  3  5  2  2    -.625300
  0  2  5  1  1  3  0  2  3  1  1  3  2  2     .506100
  0  2  5  1  1  3  0  2  3  1  1  1  2  2   -1.404500
  0  2  5  1  1  3  1  0  1  1  1  3  2  2    -.494000
  0  2  5  1  1  3  1  0  1  1  1  1  2  2    -.450900
  0  2  3  0  3  5  0  2  3  0  3  5  2  2   -1.143520
  0  2  3  0  3  5  0  2  3  1  1  3  2  2     .087800
  0  2  3  0  3  5  0  2  3  1  1  1  2  2    -.286200
  0  2  3  0  3  5  1  0  1  1  1  3  2  2    -.538400
  0  2  3  0  3  5  1  0  1  1  1  1  2  2    -.417500
  0  2  3  1  1  3  0  2  3  1  1  3  2  2     .277886
  0  2  3  1  1  3  0  2  3  1  1  1  2  2     .422800
  0  2  3  1  1  3  1  0  1  1  1  3  2  2     .121100
  0  2  3  1  1  3  1  0  1  1  1  1  2  2     .203200
  0  2  3  1  1  1  0  2  3  1  1  1  2  2    -.473632
  0  2  3  1  1  1  1  0  1  1  1  3  2  2    -.299600
  0  2  3  1  1  1  1  0  1  1  1  1  2  2    -.118200
  1  0  1  1  1  3  1  0  1  1  1  3  2  2   -1.137920
  1  0  1  1  1  3  1  0  1  1  1  1  2  2   -1.312700
  1  0  1  1  1  1  1  0  1  1  1  1  2  2    -.636245
  0  2  5  0  2  5  0  2  5  0  2  5  2  4   -1.193323
  0  2  5  0  2  5  0  2  5  0  2  3  2  4    -.350400
  0  2  5  0  2  5  0  2  5  1  0  1  2  4    -.730000
  0  2  5  0  2  5  0  2  3  0  2  3  2  4    -.786000
  0  2  5  0  2  5  0  2  3  1  0  1  2  4     .679100
  0  2  5  0  2  5  0  3  7  0  3  7  2  4     .694400
  0  2  5  0  2  5  0  3  7  0  3  5  2  4     .131500
  0  2  5  0  2  5  0  3  7  1  1  3  2  4     .290300
  0  2  5  0  2  5  0  3  5  0  3  5  2  4     .370300
  0  2  5  0  2  5  0  3  5  1  1  3  2  4    -.021100
  0  2  5  0  2  5  0  3  5  1  1  1  2  4     .155800
  0  2  5  0  2  5  1  1  3  1  1  3  2  4     .317600
  0  2  5  0  2  5  1  1  3  1  1  1  2  4     .231400
  0  2  5  0  2  3  0  2  5  0  2  3  2  4     .024607
  0  2  5  0  2  3  0  2  5  1  0  1  2  4    -.279200
  0  2  5  0  2  3  0  2  3  0  2  3  2  4    -.807600
  0  2  5  0  2  3  0  2  3  1  0  1  2  4     .614900
  0  2  5  0  2  3  0  3  7  0  3  7  2  4     .172200
  0  2  5  0  2  3  0  3  7  0  3  5  2  4     .144200
  0  2  5  0  2  3  0  3  7  1  1  3  2  4    -.141700
  0  2  5  0  2  3  0  3  5  0  3  5  2  4     .599600
  0  2  5  0  2  3  0  3  5  1  1  3  2  4    -.193200
  0  2  5  0  2  3  0  3  5  1  1  1  2  4     .364000
  0  2  5  0  2  3  1  1  3  1  1  3  2  4     .009900
  0  2  5  0  2  3  1  1  3  1  1  1  2  4     .272400
  0  2  5  1  0  1  0  2  5  1  0  1  2  4    -.948993
  0  2  5  1  0  1  0  2  3  0  2  3  2  4    -.611000
  0  2  5  1  0  1  0  2  3  1  0  1  2  4    1.168600
  0  2  5  1  0  1  0  3  7  0  3  7  2  4     .486200
  0  2  5  1  0  1  0  3  7  0  3  5  2  4     .104800
  0  2  5  1  0  1  0  3  7  1  1  3  2  4     .590100
  0  2  5  1  0  1  0  3  5  0  3  5  2  4     .598700
  0  2  5  1  0  1  0  3  5  1  1  3  2  4    -.422300
  0  2  5  1  0  1  0  3  5  1  1  1  2  4     .502400
  0  2  5  1  0  1  1  1  3  1  1  3  2  4     .154600
  0  2  5  1  0  1  1  1  3  1  1  1  2  4    -.080900
  0  2  3  0  2  3  0  2  3  0  2  3  2  4    -.241540
  0  2  3  0  2  3  0  2  3  1  0  1  2  4     .249900
  0  2  3  0  2  3  0  3  7  0  3  7  2  4     .468200
  0  2  3  0  2  3  0  3  7  0  3  5  2  4     .359800
  0  2  3  0  2  3  0  3  7  1  1  3  2  4     .203700
  0  2  3  0  2  3  0  3  5  0  3  5  2  4     .205400
  0  2  3  0  2  3  0  3  5  1  1  3  2  4    -.031400
  0  2  3  0  2  3  0  3  5  1  1  1  2  4     .006800
  0  2  3  0  2  3  1  1  3  1  1  3  2  4     .080200
  0  2  3  0  2  3  1  1  3  1  1  1  2  4     .317300
  0  2  3  1  0  1  0  2  3  1  0  1  2  4    -.620290
  0  2  3  1  0  1  0  3  7  0  3  7  2  4    -.596200
  0  2  3  1  0  1  0  3  7  0  3  5  2  4    -.354400
  0  2  3  1  0  1  0  3  7  1  1  3  2  4    -.548500
  0  2  3  1  0  1  0  3  5  0  3  5  2  4    -.147300
  0  2  3  1  0  1  0  3  5  1  1  3  2  4     .008800
  0  2  3  1  0  1  0  3  5  1  1  1  2  4    -.369700
  0  2  3  1  0  1  1  1  3  1  1  3  2  4     .110100
  0  2  3  1  0  1  1  1  3  1  1  1  2  4    -.168000
  0  3  7  0  3  7  0  3  7  0  3  7  2  4   -1.126491
  0  3  7  0  3  7  0  3  7  0  3  5  2  4     .077100
  0  3  7  0  3  7  0  3  7  1  1  3  2  4    -.423600
  0  3  7  0  3  7  0  3  5  0  3  5  2  4    -.474900
  0  3  7  0  3  7  0  3  5  1  1  3  2  4     .285500
  0  3  7  0  3  7  0  3  5  1  1  1  2  4    -.399700
  0  3  7  0  3  7  1  1  3  1  1  3  2  4    -.251900
  0  3  7  0  3  7  1  1  3  1  1  1  2  4    -.204100
  0  3  7  0  3  5  0  3  7  0  3  5  2  4     .001655
  0  3  7  0  3  5  0  3  7  1  1  3  2  4    -.004700
  0  3  7  0  3  5  0  3  5  0  3  5  2  4    -.585000
  0  3  7  0  3  5  0  3  5  1  1  3  2  4     .281900
  0  3  7  0  3  5  0  3  5  1  1  1  2  4    -.341100
  0  3  7  0  3  5  1  1  3  1  1  3  2  4    -.031000
  0  3  7  0  3  5  1  1  3  1  1  1  2  4    -.149500
  0  3  7  1  1  3  0  3  7  1  1  3  2  4    -.871886
  0  3  7  1  1  3  0  3  5  0  3  5  2  4    -.494700
  0  3  7  1  1  3  0  3  5  1  1  3  2  4     .409000
  0  3  7  1  1  3  0  3  5  1  1  1  2  4    -.997800
  0  3  7  1  1  3  1  1  3  1  1  3  2  4    -.324200
  0  3  7  1  1  3  1  1  3  1  1  1  2  4    -.368200
  0  3  5  0  3  5  0  3  5  0  3  5  2  4    -.483840
  0  3  5  0  3  5  0  3  5  1  1  3  2  4    -.005900
  0  3  5  0  3  5  0  3  5  1  1  1  2  4    -.139100
  0  3  5  0  3  5  1  1  3  1  1  3  2  4    -.109800
  0  3  5  0  3  5  1  1  3  1  1  1  2  4    -.263300
  0  3  5  1  1  3  0  3  5  1  1  3  2  4    -.019043
  0  3  5  1  1  3  0  3  5  1  1  1  2  4     .391100
  0  3  5  1  1  3  1  1  3  1  1  3  2  4     .047500
  0  3  5  1  1  3  1  1  3  1  1  1  2  4     .208500
  0  3  5  1  1  1  0  3  5  1  1  1  2  4    -.437693
  0  3  5  1  1  1  1  1  3  1  1  3  2  4    -.103400
  0  3  5  1  1  1  1  1  3  1  1  1  2  4    -.282800
  1  1  3  1  1  3  1  1  3  1  1  3  2  4    -.146410
  1  1  3  1  1  3  1  1  3  1  1  1  2  4    -.654300
  1  1  3  1  1  1  1  1  3  1  1  1  2  4    -.597035
  0  2  5  0  3  7  0  2  5  0  3  7  2  4    -.597668
  0  2  5  0  3  7  0  2  5  0  3  5  2  4     .364600
  0  2  5  0  3  7  0  2  5  1  1  3  2  4    -.199200
  0  2  5  0  3  7  0  2  5  1  1  1  2  4     .059000
  0  2  5  0  3  7  0  2  3  0  3  7  2  4    -.312600
  0  2  5  0  3  7  0  2  3  0  3  5  2  4     .105200
  0  2  5  0  3  7  0  2  3  1  1  3  2  4     .062000
  0  2  5  0  3  7  0  2  3  1  1  1  2  4     .030300
  0  2  5  0  3  7  1  0  1  0  3  5  2  4    -.069800
  0  2  5  0  3  7  1  0  1  1  1  3  2  4    -.144100
  0  2  5  0  3  5  0  2  5  0  3  5  2  4    -.426120
  0  2  5  0  3  5  0  2  5  1  1  3  2  4     .033000
  0  2  5  0  3  5  0  2  5  1  1  1  2  4    -.119200
  0  2  5  0  3  5  0  2  3  0  3  7  2  4    -.148400
  0  2  5  0  3  5  0  2  3  0  3  5  2  4    -.392200
  0  2  5  0  3  5  0  2  3  1  1  3  2  4     .062200
  0  2  5  0  3  5  0  2  3  1  1  1  2  4     .054300
  0  2  5  0  3  5  1  0  1  0  3  5  2  4    -.134500
  0  2  5  0  3  5  1  0  1  1  1  3  2  4     .046400
  0  2  5  1  1  3  0  2  5  1  1  3  2  4    -.214662
  0  2  5  1  1  3  0  2  5  1  1  1  2  4     .177500
  0  2  5  1  1  3  0  2  3  0  3  7  2  4    -.439700
  0  2  5  1  1  3  0  2  3  0  3  5  2  4    -.051800
  0  2  5  1  1  3  0  2  3  1  1  3  2  4    -.046100
  0  2  5  1  1  3  0  2  3  1  1  1  2  4    -.063600
  0  2  5  1  1  3  1  0  1  0  3  5  2  4     .075100
  0  2  5  1  1  3  1  0  1  1  1  3  2  4    -.286200
  0  2  5  1  1  1  0  2  5  1  1  1  2  4    -.091962
  0  2  5  1  1  1  0  2  3  0  3  7  2  4     .402400
  0  2  5  1  1  1  0  2  3  0  3  5  2  4     .030000
  0  2  5  1  1  1  0  2  3  1  1  3  2  4     .240700
  0  2  5  1  1  1  0  2  3  1  1  1  2  4    -.062000
  0  2  5  1  1  1  1  0  1  0  3  5  2  4    -.141400
  0  2  5  1  1  1  1  0  1  1  1  3  2  4     .391200
  0  2  3  0  3  7  0  2  3  0  3  7  2  4    -.337914
  0  2  3  0  3  7  0  2  3  0  3  5  2  4     .339600
  0  2  3  0  3  7  0  2  3  1  1  3  2  4    -.150900
  0  2  3  0  3  7  0  2  3  1  1  1  2  4     .277200
  0  2  3  0  3  7  1  0  1  0  3  5  2  4    -.123600
  0  2  3  0  3  7  1  0  1  1  1  3  2  4    -.363300
  0  2  3  0  3  5  0  2  3  0  3  5  2  4    -.359720
  0  2  3  0  3  5  0  2  3  1  1  3  2  4     .003700
  0  2  3  0  3  5  0  2  3  1  1  1  2  4    -.080000
  0  2  3  0  3  5  1  0  1  0  3  5  2  4     .075800
  0  2  3  0  3  5  1  0  1  1  1  3  2  4     .009900
  0  2  3  1  1  3  0  2  3  1  1  3  2  4    -.191614
  0  2  3  1  1  3  0  2  3  1  1  1  2  4    -.041700
  0  2  3  1  1  3  1  0  1  0  3  5  2  4    -.128900
  0  2  3  1  1  3  1  0  1  1  1  3  2  4    -.168700
  0  2  3  1  1  1  0  2  3  1  1  1  2  4    -.164333
  0  2  3  1  1  1  1  0  1  0  3  5  2  4    -.073400
  0  2  3  1  1  1  1  0  1  1  1  3  2  4     .022400
  1  0  1  0  3  5  1  0  1  0  3  5  2  4     .075485
  1  0  1  0  3  5  1  0  1  1  1  3  2  4    -.079900
  1  0  1  1  1  3  1  0  1  1  1  3  2  4    -.327520
  0  2  5  0  2  3  0  2  5  0  2  3  2  6     .470607
  0  2  5  0  2  3  0  2  5  1  0  1  2  6    -.044600
  0  2  5  0  2  3  0  3  7  0  3  5  2  6     .092200
  0  2  5  0  2  3  0  3  7  1  1  3  2  6     .012000
  0  2  5  0  2  3  0  3  7  1  1  1  2  6    -.058000
  0  2  5  0  2  3  0  3  5  1  1  3  2  6     .007800
  0  2  5  0  2  3  0  3  5  1  1  1  2  6    -.055400
  0  2  5  1  0  1  0  2  5  1  0  1  2  6     .189607
  0  2  5  1  0  1  0  3  7  0  3  5  2  6     .034600
  0  2  5  1  0  1  0  3  7  1  1  3  2  6     .038500
  0  2  5  1  0  1  0  3  7  1  1  1  2  6    -.086400
  0  2  5  1  0  1  0  3  5  1  1  3  2  6     .123800
  0  2  5  1  0  1  0  3  5  1  1  1  2  6     .014600
  0  3  7  0  3  5  0  3  7  0  3  5  2  6     .165355
  0  3  7  0  3  5  0  3  7  1  1  3  2  6    -.112000
  0  3  7  0  3  5  0  3  7  1  1  1  2  6    -.032200
  0  3  7  0  3  5  0  3  5  1  1  3  2  6    -.126300
  0  3  7  0  3  5  0  3  5  1  1  1  2  6     .067500
  0  3  7  1  1  3  0  3  7  1  1  3  2  6    -.081786
  0  3  7  1  1  3  0  3  7  1  1  1  2  6     .123100
  0  3  7  1  1  3  0  3  5  1  1  3  2  6     .010300
  0  3  7  1  1  3  0  3  5  1  1  1  2  6    -.034800
  0  3  7  1  1  1  0  3  7  1  1  1  2  6     .030120
  0  3  7  1  1  1  0  3  5  1  1  3  2  6     .127900
  0  3  7  1  1  1  0  3  5  1  1  1  2  6    -.067300
  0  3  5  1  1  3  0  3  5  1  1  3  2  6    -.093843
  0  3  5  1  1  3  0  3  5  1  1  1  2  6    -.018000
  0  3  5  1  1  1  0  3  5  1  1  1  2  6    -.137293
  0  2  5  0  3  7  0  2  5  0  3  7  2  6    -.971968
  0  2  5  0  3  7  0  2  5  0  3  5  2  6    -.718700
  0  2  5  0  3  7  0  2  5  1  1  3  2  6    -.222300
  0  2  5  0  3  7  0  2  5  1  1  1  2  6    -.422700
  0  2  5  0  3  7  0  2  3  0  3  7  2  6     .274400
  0  2  5  0  3  7  0  2  3  0  3  5  2  6    -.941300
  0  2  5  0  3  7  0  2  3  1  1  3  2  6     .261800
  0  2  5  0  3  7  1  0  1  0  3  7  2  6    -.684100
  0  2  5  0  3  7  1  0  1  0  3  5  2  6    -.849400
  0  2  5  0  3  5  0  2  5  0  3  5  2  6     .173180
  0  2  5  0  3  5  0  2  5  1  1  3  2  6    -.118000
  0  2  5  0  3  5  0  2  5  1  1  1  2  6     .054600
  0  2  5  0  3  5  0  2  3  0  3  7  2  6     .378800
  0  2  5  0  3  5  0  2  3  0  3  5  2  6    -.594100
  0  2  5  0  3  5  0  2  3  1  1  3  2  6     .463200
  0  2  5  0  3  5  1  0  1  0  3  7  2  6    -.347700
  0  2  5  0  3  5  1  0  1  0  3  5  2  6    -.502100
  0  2  5  1  1  3  0  2  5  1  1  3  2  6    -.245462
  0  2  5  1  1  3  0  2  5  1  1  1  2  6    -.634900
  0  2  5  1  1  3  0  2  3  0  3  7  2  6     .131600
  0  2  5  1  1  3  0  2  3  0  3  5  2  6    -.216300
  0  2  5  1  1  3  0  2  3  1  1  3  2  6     .832000
  0  2  5  1  1  3  1  0  1  0  3  7  2  6    -.368100
  0  2  5  1  1  3  1  0  1  0  3  5  2  6    -.554400
  0  2  5  1  1  1  0  2  5  1  1  1  2  6    -.414862
  0  2  5  1  1  1  0  2  3  0  3  7  2  6    -.146700
  0  2  5  1  1  1  0  2  3  0  3  5  2  6    -.308800
  0  2  5  1  1  1  0  2  3  1  1  3  2  6     .698300
  0  2  5  1  1  1  1  0  1  0  3  7  2  6    -.639600
  0  2  5  1  1  1  1  0  1  0  3  5  2  6    -.393900
  0  2  3  0  3  7  0  2  3  0  3  7  2  6    -.107114
  0  2  3  0  3  7  0  2  3  0  3  5  2  6     .670900
  0  2  3  0  3  7  0  2  3  1  1  3  2  6    -.474000
  0  2  3  0  3  7  1  0  1  0  3  7  2  6     .422800
  0  2  3  0  3  7  1  0  1  0  3  5  2  6     .350900
  0  2  3  0  3  5  0  2  3  0  3  5  2  6    -.342020
  0  2  3  0  3  5  0  2  3  1  1  3  2  6     .006700
  0  2  3  0  3  5  1  0  1  0  3  7  2  6    -.738100
  0  2  3  0  3  5  1  0  1  0  3  5  2  6    -.267100
  0  2  3  1  1  3  0  2  3  1  1  3  2  6    -.518414
  0  2  3  1  1  3  1  0  1  0  3  7  2  6     .718800
  0  2  3  1  1  3  1  0  1  0  3  5  2  6     .362600
  1  0  1  0  3  7  1  0  1  0  3  7  2  6    -.683859
  1  0  1  0  3  7  1  0  1  0  3  5  2  6    -.920200
  1  0  1  0  3  5  1  0  1  0  3  5  2  6    -.419815
  0  2  5  0  2  5  0  2  5  0  2  5  2  8    -.352823
  0  2  5  0  2  5  0  2  5  0  2  3  2  8   -1.105100
  0  2  5  0  2  5  0  3  7  0  3  7  2  8     .272600
  0  2  5  0  2  5  0  3  7  0  3  5  2  8     .406900
  0  2  5  0  2  5  0  3  7  1  1  3  2  8     .009200
  0  2  5  0  2  5  0  3  7  1  1  1  2  8     .237800
  0  2  5  0  2  5  0  3  5  0  3  5  2  8     .152200
  0  2  5  0  2  5  0  3  5  1  1  3  2  8     .007400
  0  2  5  0  2  3  0  2  5  0  2  3  2  8   -1.156093
  0  2  5  0  2  3  0  3  7  0  3  7  2  8     .631500
  0  2  5  0  2  3  0  3  7  0  3  5  2  8     .472600
  0  2  5  0  2  3  0  3  7  1  1  3  2  8     .088100
  0  2  5  0  2  3  0  3  7  1  1  1  2  8     .002600
  0  2  5  0  2  3  0  3  5  0  3  5  2  8     .488200
  0  2  5  0  2  3  0  3  5  1  1  3  2  8    -.296500
  0  3  7  0  3  7  0  3  7  0  3  7  2  8    -.544191
  0  3  7  0  3  7  0  3  7  0  3  5  2  8    -.336900
  0  3  7  0  3  7  0  3  7  1  1  3  2  8    -.295400
  0  3  7  0  3  7  0  3  7  1  1  1  2  8    -.293100
  0  3  7  0  3  7  0  3  5  0  3  5  2  8    -.321800
  0  3  7  0  3  7  0  3  5  1  1  3  2  8     .294000
  0  3  7  0  3  5  0  3  7  0  3  5  2  8     .131455
  0  3  7  0  3  5  0  3  7  1  1  3  2  8    -.144000
  0  3  7  0  3  5  0  3  7  1  1  1  2  8    -.137400
  0  3  7  0  3  5  0  3  5  0  3  5  2  8    -.426900
  0  3  7  0  3  5  0  3  5  1  1  3  2  8     .526900
  0  3  7  1  1  3  0  3  7  1  1  3  2  8    -.134286
  0  3  7  1  1  3  0  3  7  1  1  1  2  8    -.528600
  0  3  7  1  1  3  0  3  5  0  3  5  2  8    -.213800
  0  3  7  1  1  3  0  3  5  1  1  3  2  8     .677300
  0  3  7  1  1  1  0  3  7  1  1  1  2  8    -.325080
  0  3  7  1  1  1  0  3  5  0  3  5  2  8    -.298700
  0  3  7  1  1  1  0  3  5  1  1  3  2  8     .677500
  0  3  5  0  3  5  0  3  5  0  3  5  2  8    -.094840
  0  3  5  0  3  5  0  3  5  1  1  3  2  8     .081600
  0  3  5  1  1  3  0  3  5  1  1  3  2  8    -.523843
  0  2  5  0  3  7  0  2  5  0  3  7  2  8     .127432
  0  2  5  0  3  7  0  2  5  0  3  5  2  8    -.011100
  0  2  5  0  3  7  0  2  5  1  1  3  2  8    -.174800
  0  2  5  0  3  7  0  2  3  0  3  7  2  8     .063600
  0  2  5  0  3  7  0  2  3  0  3  5  2  8    -.010300
  0  2  5  0  3  7  1  0  1  0  3  7  2  8    -.129100
  0  2  5  0  3  5  0  2  5  0  3  5  2  8    -.009120
  0  2  5  0  3  5  0  2  5  1  1  3  2  8     .137500
  0  2  5  0  3  5  0  2  3  0  3  7  2  8    -.139700
  0  2  5  0  3  5  0  2  3  0  3  5  2  8    -.007600
  0  2  5  0  3  5  1  0  1  0  3  7  2  8    -.007100
  0  2  5  1  1  3  0  2  5  1  1  3  2  8    -.041862
  0  2  5  1  1  3  0  2  3  0  3  7  2  8    -.220000
  0  2  5  1  1  3  0  2  3  0  3  5  2  8    -.129500
  0  2  5  1  1  3  1  0  1  0  3  7  2  8    -.060100
  0  2  3  0  3  7  0  2  3  0  3  7  2  8     .284286
  0  2  3  0  3  7  0  2  3  0  3  5  2  8     .094000
  0  2  3  0  3  7  1  0  1  0  3  7  2  8    -.031300
  0  2  3  0  3  5  0  2  3  0  3  5  2  8    -.123420
  0  2  3  0  3  5  1  0  1  0  3  7  2  8     .127900
  1  0  1  0  3  7  1  0  1  0  3  7  2  8     .152441
  0  3  7  0  3  5  0  3  7  0  3  5  2 10     .331555
  0  3  7  0  3  5  0  3  7  1  1  3  2 10    -.007800
  0  3  7  1  1  3  0  3  7  1  1  3  2 10     .064614
  0  2  5  0  3  7  0  2  5  0  3  7  2 10    -.342568
  0  2  5  0  3  7  0  2  5  0  3  5  2 10   -1.253300
  0  2  5  0  3  7  0  2  3  0  3  7  2 10     .954300
  0  2  5  0  3  5  0  2  5  0  3  5  2 10   -1.115920
  0  2  5  0  3  5  0  2  3  0  3  7  2 10    1.397500
  0  2  3  0  3  7  0  2  3  0  3  7  2 10   -1.069514
  0  3  7  0  3  7  0  3  7  0  3  7  2 12    -.319391
  0  3  7  0  3  7  0  3  7  0  3  5  2 12    -.749300
  0  3  7  0  3  5  0  3  7  0  3  5  2 12   -1.032045
  0  2  5  0  3  7  0  2  5  0  3  7  2 12     .064332

**********  Andres' monopoles + sp energies


           16          17   neutron particles
  12   0.0
  33   3.9
  13   5.3
   3   7.3
  23   8.9

           16          15   neutron holes
   2   0.0
  22   4.4
   1  11.1
  11  15.7
ACHTUNG!!! A= homega/homega0
effective number of particles=  36
  sp energies for p=    2   3
  columns are eps, eps1, eps13
         eps=A*(eps1+A*eps13) 
  305  13.21044  60.72791   0.00000
 1101  11.06794  58.58541   0.00000
 1103   9.13848  56.65595   0.00000
  307   7.21003  54.72750   0.00000
  203   5.35751  52.87499   0.00000
 1001   0.64323  48.16070   0.00000
  205   0.00000  47.51747   0.00000
 T=1 monopoles for p=    2   3
 columns are v1, v10, v11, v113 
 v1=A*(v10+v11*A**2+v113*A**3)
    1 1001 1001   0.06090  -0.43744   1.10899  -0.61066
    1 1001  203   0.06090  -0.43744   1.10899  -0.61066
    1 1001  205   0.21353  -0.28481   1.10899  -0.61066
    1 1001 1101  -0.13309  -0.63142   1.10899  -0.61066
    1 1001 1103  -0.13309  -0.63142   1.10899  -0.61066
    1 1001  305   0.28489  -0.21344   1.10899  -0.61066
    1 1001  307   0.28489  -0.21344   1.10899  -0.61066
    1  203  203   0.06090  -0.43744   1.10899  -0.61066
    1  203  205   0.21353  -0.28481   1.10899  -0.61066
    1  203 1101   0.21801  -0.28032   1.10899  -0.61066
    1  203 1103   0.21801  -0.28032   1.10899  -0.61066
    1  203  305   0.13442  -0.36392   1.10899  -0.61066
    1  203  307   0.13442  -0.36392   1.10899  -0.61066
    1  205  205  -0.30541  -0.80375   1.10899  -0.61066
    1  205 1101   0.21801  -0.28032   1.10899  -0.61066
    1  205 1103   0.21801  -0.28032   1.10899  -0.61066
    1  205  305   0.13442  -0.36392   1.10899  -0.61066
    1  205  307   0.13442  -0.36392   1.10899  -0.61066
    1 1101 1101   0.23587  -0.26246   1.10899  -0.61066
    1 1101 1103   0.23587  -0.26246   1.10899  -0.61066
    1 1101  305   0.23587  -0.26246   1.10899  -0.61066
    1 1101  307   0.32865  -0.16968   1.10899  -0.61066
    1 1103 1103   0.23587  -0.26246   1.10899  -0.61066
    1 1103  305   0.23587  -0.26246   1.10899  -0.61066
    1 1103  307   0.32865  -0.16968   1.10899  -0.61066
    1  305  305   0.23587  -0.26246   1.10899  -0.61066
    1  305  307   0.32865  -0.16968   1.10899  -0.61066
    1  307  307  -0.08224  -0.58057   1.10899  -0.61066
 T=0 monopoles for p=    2   3
 columns are v0, v00, v01, v013 
 v0=A*(v00+v01*A**2+v013*A**3)
    0 1001 1001  -1.93243  -0.43744  -3.32697   1.83197
    0 1001  203  -1.93243  -0.43744  -3.32697   1.83197
    0 1001  205  -1.44567   0.04932  -3.32697   1.83197
    0 1001 1101  -1.99723  -0.50223  -3.32697   1.83197
    0 1001 1103  -1.99723  -0.50223  -3.32697   1.83197
    0 1001  305  -1.96658  -0.47159  -3.32697   1.83197
    0 1001  307  -1.61172  -0.11673  -3.32697   1.83197
    0  203  203  -1.93243  -0.43744  -3.32697   1.83197
    0  203  205  -2.38919  -0.89419  -3.32697   1.83197
    0  203 1101  -2.00083  -0.50583  -3.32697   1.83197
    0  203 1103  -2.00083  -0.50583  -3.32697   1.83197
    0  203  305  -1.46861   0.02639  -3.32697   1.83197
    0  203  307  -1.98251  -0.48751  -3.32697   1.83197
    0  205  205  -1.68857  -0.19358  -3.32697   1.83197
    0  205 1101  -1.66804  -0.17304  -3.32697   1.83197
    0  205 1103  -1.66804  -0.17304  -3.32697   1.83197
    0  205  305  -2.03307  -0.53807  -3.32697   1.83197
    0  205  307  -1.80875  -0.31376  -3.32697   1.83197
    0 1101 1101  -1.75746  -0.26246  -3.32697   1.83197
    0 1101 1103  -1.75746  -0.26246  -3.32697   1.83197
    0 1101  305  -1.75746  -0.26246  -3.32697   1.83197
    0 1101  307  -1.51597  -0.02097  -3.32697   1.83197
    0 1103 1103  -1.75746  -0.26246  -3.32697   1.83197
    0 1103  305  -1.75746  -0.26246  -3.32697   1.83197
    0 1103  307  -1.41315   0.08184  -3.32697   1.83197
    0  305  305  -1.75746  -0.26246  -3.32697   1.83197
    0  305  307  -2.15996  -0.66496  -3.32697   1.83197
    0  307  307  -1.63417  -0.13917  -3.32697   1.83197
