  0  7  0  7  0  7  0  7  0  2   -.2089
  0  7  0  7  0  7  0  5  0  2   2.2032
  0  7  0  7  0  5  0  5  0  2   2.1126
  0  7  0  7  0  5  1  3  0  2    .1276
  0  7  0  7  1  3  1  3  0  2   -.1443
  0  7  0  7  1  3  1  1  0  2    .4328
  0  7  0  7  1  1  1  1  0  2    .2319
  0  7  0  5  0  7  0  5  0  2  -3.8362
  0  7  0  5  0  5  0  5  0  2   -.6483
  0  7  0  5  0  5  1  3  0  2   1.0589
  0  7  0  5  1  3  1  3  0  2   1.1532
  0  7  0  5  1  3  1  1  0  2  -1.7972
  0  7  0  5  1  1  1  1  0  2    .0927
  0  5  0  5  0  5  0  5  0  2   -.0407
  0  5  0  5  0  5  1  3  0  2   -.4831
  0  5  0  5  1  3  1  3  0  2    .1264
  0  5  0  5  1  3  1  1  0  2    .2700
  0  5  0  5  1  1  1  1  0  2   -.0941
  0  5  1  3  0  5  1  3  0  2  -2.3200
  0  5  1  3  1  3  1  3  0  2    .2288
  0  5  1  3  1  3  1  1  0  2    .4100
  0  5  1  3  1  1  1  1  0  2   -.7717
  1  3  1  3  1  3  1  3  0  2   -.6199
  1  3  1  3  1  3  1  1  0  2   1.8534
  1  3  1  3  1  1  1  1  0  2   1.0053
  1  3  1  1  1  3  1  1  0  2  -2.2668
  1  3  1  1  1  1  1  1  0  2    .5243
  1  1  1  1  1  1  1  1  0  2   -.9258
  0  7  0  5  0  7  0  5  0  4  -2.7859
  0  7  0  5  0  7  1  3  0  4  -1.0302
  0  7  0  5  0  5  1  3  0  4  -1.0611
  0  7  0  5  0  5  1  1  0  4    .7816
  0  7  0  5  1  3  1  1  0  4   -.9202
  0  7  1  3  0  7  1  3  0  4   -.2542
  0  7  1  3  0  5  1  3  0  4  -1.5049
  0  7  1  3  0  5  1  1  0  4   1.4917
  0  7  1  3  1  3  1  1  0  4   -.4774
  0  5  1  3  0  5  1  3  0  4  -1.2722
  0  5  1  3  0  5  1  1  0  4    .4888
  0  5  1  3  1  3  1  1  0  4   -.4950
  0  5  1  1  0  5  1  1  0  4   -.1924
  0  5  1  1  1  3  1  1  0  4    .3605
  1  3  1  1  1  3  1  1  0  4  -2.5232
  0  7  0  7  0  7  0  7  0  6   -.1858
  0  7  0  7  0  7  0  5  0  6   1.0547
  0  7  0  7  0  7  1  3  0  6   -.4497
  0  7  0  7  0  7  1  1  0  6    .7743
  0  7  0  7  0  5  0  5  0  6    .5998
  0  7  0  7  0  5  1  3  0  6   -.2466
  0  7  0  7  0  5  1  1  0  6    .0501
  0  7  0  7  1  3  1  3  0  6   -.3052
  0  7  0  5  0  7  0  5  0  6  -1.1474
  0  7  0  5  0  7  1  3  0  6    .4317
  0  7  0  5  0  7  1  1  0  6   -.5111
  0  7  0  5  0  5  0  5  0  6    .7224
  0  7  0  5  0  5  1  3  0  6    .5902
  0  7  0  5  0  5  1  1  0  6    .6927
  0  7  0  5  1  3  1  3  0  6    .7005
  0  7  1  3  0  7  1  3  0  6   -.7525
  0  7  1  3  0  7  1  1  0  6   1.2784
  0  7  1  3  0  5  0  5  0  6    .4065
  0  7  1  3  0  5  1  3  0  6   -.4715
  0  7  1  3  0  5  1  1  0  6    .5169
  0  7  1  3  1  3  1  3  0  6   -.5405
  0  7  1  1  0  7  1  1  0  6  -1.5081
  0  7  1  1  0  5  0  5  0  6   -.3373
  0  7  1  1  0  5  1  3  0  6    .3477
  0  7  1  1  0  5  1  1  0  6    .3675
  0  7  1  1  1  3  1  3  0  6    .6405
  0  5  0  5  0  5  0  5  0  6   -.2841
  0  5  0  5  0  5  1  3  0  6   -.4142
  0  5  0  5  0  5  1  1  0  6   -.5149
  0  5  0  5  1  3  1  3  0  6   -.2569
  0  5  1  3  0  5  1  3  0  6   -.5923
  0  5  1  3  0  5  1  1  0  6  -1.0180
  0  5  1  3  1  3  1  3  0  6   -.1796
  0  5  1  1  0  5  1  1  0  6  -1.5502
  0  5  1  1  1  3  1  3  0  6    .0553
  1  3  1  3  1  3  1  3  0  6  -1.9056
  0  7  0  5  0  7  0  5  0  8  -1.9775
  0  7  0  5  0  7  1  3  0  8   -.1440
  0  7  0  5  0  7  1  1  0  8   -.9107
  0  7  0  5  0  5  1  3  0  8   -.9105
  0  7  1  3  0  7  1  3  0  8   -.0534
  0  7  1  3  0  7  1  1  0  8    .0343
  0  7  1  3  0  5  1  3  0  8   -.7998
  0  7  1  1  0  7  1  1  0  8   -.7942
  0  7  1  1  0  5  1  3  0  8  -1.6100
  0  5  1  3  0  5  1  3  0  8   -.9557
  0  7  0  7  0  7  0  7  0 10   -.6478
  0  7  0  7  0  7  0  5  0 10    .9085
  0  7  0  7  0  7  1  3  0 10   -.8605
  0  7  0  7  0  5  0  5  0 10    .0808
  0  7  0  5  0  7  0  5  0 10   -.3188
  0  7  0  5  0  7  1  3  0 10    .5413
  0  7  0  5  0  5  0  5  0 10   1.1355
  0  7  1  3  0  7  1  3  0 10  -2.3416
  0  7  1  3  0  5  0  5  0 10    .0561
  0  5  0  5  0  5  0  5  0 10  -1.8710
  0  7  0  5  0  7  0  5  0 12  -2.7635
  0  7  0  7  0  7  0  7  0 14  -2.4119
  0  7  0  7  0  7  0  7  2  0  -1.0240
  0  7  0  7  0  5  0  5  2  0  -2.4782
  0  7  0  7  1  3  1  3  2  0   -.5328
  0  7  0  7  1  1  1  1  2  0   -.5679
  0  5  0  5  0  5  0  5  2  0   -.3086
  0  5  0  5  1  3  1  3  2  0   -.6435
  0  5  0  5  1  1  1  1  2  0   -.2343
  1  3  1  3  1  3  1  3  2  0  -1.0811
  1  3  1  3  1  1  1  1  2  0  -1.4402
  1  1  1  1  1  1  1  1  2  0   -.0628
  0  7  0  5  0  7  0  5  2  2   -.4168
  0  7  0  5  0  5  1  3  2  2   -.1249
  0  7  0  5  1  3  1  1  2  2   -.0298
  0  5  1  3  0  5  1  3  2  2   -.3251
  0  5  1  3  1  3  1  1  2  2   -.1169
  1  3  1  1  1  3  1  1  2  2   -.1959
  0  7  0  7  0  7  0  7  2  4   -.8041
  0  7  0  7  0  7  0  5  2  4   -.1009
  0  7  0  7  0  7  1  3  2  4   -.3794
  0  7  0  7  0  5  0  5  2  4   -.4685
  0  7  0  7  0  5  1  3  2  4    .2532
  0  7  0  7  0  5  1  1  2  4   -.3839
  0  7  0  7  1  3  1  3  2  4   -.2085
  0  7  0  7  1  3  1  1  2  4   -.1922
  0  7  0  5  0  7  0  5  2  4   -.1522
  0  7  0  5  0  7  1  3  2  4    .0261
  0  7  0  5  0  5  0  5  2  4   -.5156
  0  7  0  5  0  5  1  3  2  4    .2248
  0  7  0  5  0  5  1  1  2  4   -.4117
  0  7  0  5  1  3  1  3  2  4   -.0810
  0  7  0  5  1  3  1  1  2  4   -.1091
  0  7  1  3  0  7  1  3  2  4   -.8205
  0  7  1  3  0  5  0  5  2  4   -.5922
  0  7  1  3  0  5  1  3  2  4    .5245
  0  7  1  3  0  5  1  1  2  4  -1.0015
  0  7  1  3  1  3  1  3  2  4   -.3054
  0  7  1  3  1  3  1  1  2  4   -.3326
  0  5  0  5  0  5  0  5  2  4   -.4013
  0  5  0  5  0  5  1  3  2  4   -.0100
  0  5  0  5  0  5  1  1  2  4   -.0921
  0  5  0  5  1  3  1  3  2  4   -.0773
  0  5  0  5  1  3  1  1  2  4   -.2335
  0  5  1  3  0  5  1  3  2  4   -.0360
  0  5  1  3  0  5  1  1  2  4    .2559
  0  5  1  3  1  3  1  3  2  4    .0568
  0  5  1  3  1  3  1  1  2  4    .1837
  0  5  1  1  0  5  1  1  2  4   -.3515
  0  5  1  1  1  3  1  3  2  4   -.1622
  0  5  1  1  1  3  1  1  2  4   -.3042
  1  3  1  3  1  3  1  3  2  4   -.5571
  1  3  1  3  1  3  1  1  2  4   -.6103
  1  3  1  1  1  3  1  1  2  4   -.9886
  0  7  0  5  0  7  0  5  2  6   -.2919
  0  7  0  5  0  7  1  3  2  6   -.0924
  0  7  0  5  0  7  1  1  2  6   -.0479
  0  7  0  5  0  5  1  3  2  6   -.1022
  0  7  0  5  0  5  1  1  2  6    .0658
  0  7  1  3  0  7  1  3  2  6   -.2576
  0  7  1  3  0  7  1  1  2  6    .0546
  0  7  1  3  0  5  1  3  2  6    .0109
  0  7  1  3  0  5  1  1  2  6   -.0314
  0  7  1  1  0  7  1  1  2  6   -.2039
  0  7  1  1  0  5  1  3  2  6    .0282
  0  7  1  1  0  5  1  1  2  6   -.0947
  0  5  1  3  0  5  1  3  2  6   -.2507
  0  5  1  3  0  5  1  1  2  6   -.0358
  0  5  1  1  0  5  1  1  2  6   -.1660
  0  7  0  7  0  7  0  7  2  8   -.3912
  0  7  0  7  0  7  0  5  2  8   -.3813
  0  7  0  7  0  7  1  3  2  8   -.2120
  0  7  0  7  0  7  1  1  2  8   -.3090
  0  7  0  7  0  5  0  5  2  8   -.2544
  0  7  0  7  0  5  1  3  2  8    .2276
  0  7  0  5  0  7  0  5  2  8   -.3150
  0  7  0  5  0  7  1  3  2  8   -.1710
  0  7  0  5  0  7  1  1  2  8   -.0959
  0  7  0  5  0  5  0  5  2  8   -.4251
  0  7  0  5  0  5  1  3  2  8    .4816
  0  7  1  3  0  7  1  3  2  8   -.3117
  0  7  1  3  0  7  1  1  2  8   -.3798
  0  7  1  3  0  5  0  5  2  8   -.2303
  0  7  1  3  0  5  1  3  2  8    .6917
  0  7  1  1  0  7  1  1  2  8   -.5548
  0  7  1  1  0  5  0  5  2  8   -.3415
  0  7  1  1  0  5  1  3  2  8    .7172
  0  5  0  5  0  5  0  5  2  8   -.0934
  0  5  0  5  0  5  1  3  2  8    .0416
  0  5  1  3  0  5  1  3  2  8   -.5410
  0  7  0  5  0  7  0  5  2 10   -.3025
  0  7  0  5  0  7  1  3  2 10    .0149
  0  7  1  3  0  7  1  3  2 10   -.1693
  0  7  0  7  0  7  0  7  2 12   -.1867
  0  7  0  7  0  7  0  5  2 12   -.6458
  0  7  0  5  0  7  0  5  2 12  -1.5051
