  0 11  0 11  0 11  0 11  2  0  -0.6775
  0 11  0 11  1  9  1  9  2  0  -0.3831
  0 11  0 11  1  7  1  7  2  0  -0.3947
  0 11  0 11  2  5  2  5  2  0  -0.1949
  0 11  0 11  2  3  2  3  2  0  -0.1847
  0 11  0 11  3  1  3  1  2  0  -0.0966
  0 11  0 11  0 15  0 15  2  0   0.9971
  1  9  1  9  1  9  1  9  2  0  -0.5494
  1  9  1  9  1  7  1  7  2  0  -0.7402
  1  9  1  9  2  5  2  5  2  0  -0.3128
  1  9  1  9  2  3  2  3  2  0  -0.2778
  1  9  1  9  3  1  3  1  2  0  -0.1562
  1  9  1  9  0 15  0 15  2  0   0.5186
  1  7  1  7  1  7  1  7  2  0  -0.3555
  1  7  1  7  2  5  2  5  2  0  -0.3244
  1  7  1  7  2  3  2  3  2  0  -0.2425
  1  7  1  7  3  1  3  1  2  0  -0.1540
  1  7  1  7  0 15  0 15  2  0   0.4088
  2  5  2  5  2  5  2  5  2  0  -0.4747
  2  5  2  5  2  3  2  3  2  0  -0.5775
  2  5  2  5  3  1  3  1  2  0  -0.2263
  2  5  2  5  0 15  0 15  2  0   0.2670
  2  3  2  3  2  3  2  3  2  0  -0.2513
  2  3  2  3  3  1  3  1  2  0  -0.2020
  2  3  2  3  0 15  0 15  2  0   0.1964
  3  1  3  1  3  1  3  1  2  0  -0.4890
  3  1  3  1  0 15  0 15  2  0   0.1160
  0 15  0 15  0 15  0 15  2  0  -0.5152
  0 11  1  9  0 11  1  9  2  2  -0.2974
  0 11  1  9  1  9  1  7  2  2  -0.0219
  0 11  1  9  1  7  2  5  2  2  -0.1382
  0 11  1  9  2  5  2  3  2  2   0.0048
  0 11  1  9  2  3  3  1  2  2  -0.0341
  1  9  1  7  1  9  1  7  2  2  -0.1945
  1  9  1  7  1  7  2  5  2  2  -0.0233
  1  9  1  7  2  5  2  3  2  2  -0.0607
  1  9  1  7  2  3  3  1  2  2   0.0032
  1  7  2  5  1  7  2  5  2  2  -0.1257
  1  7  2  5  2  5  2  3  2  2  -0.0252
  1  7  2  5  2  3  3  1  2  2  -0.0220
  2  5  2  3  2  5  2  3  2  2  -0.0815
  2  5  2  3  2  3  3  1  2  2  -0.0154
  2  3  3  1  2  3  3  1  2  2  -0.0636
  0 11  0 11  0 11  0 11  2  4  -0.2950
  0 11  0 11  0 11  1  9  2  4  -0.0839
  0 11  0 11  0 11  1  7  2  4  -0.1752
  0 11  0 11  1  9  1  9  2  4  -0.0267
  0 11  0 11  1  9  1  7  2  4  -0.1240
  0 11  0 11  1  9  2  5  2  4  -0.1319
  0 11  0 11  1  7  1  7  2  4  -0.1488
  0 11  0 11  1  7  2  5  2  4  -0.0330
  0 11  0 11  1  7  2  3  2  4  -0.0771
  0 11  0 11  2  5  2  5  2  4  -0.0216
  0 11  0 11  2  5  2  3  2  4  -0.0627
  0 11  0 11  2  5  3  1  2  4  -0.0643
  0 11  0 11  2  3  2  3  2  4  -0.0587
  0 11  0 11  2  3  3  1  2  4   0.0326
  0 11  0 11  0 15  0 15  2  4   0.1731
  0 11  1  9  0 11  1  9  2  4  -0.0839
  0 11  1  9  0 11  1  7  2  4   0.1008
  0 11  1  9  1  9  1  9  2  4   0.0315
  0 11  1  9  1  9  1  7  2  4   0.0635
  0 11  1  9  1  9  2  5  2  4   0.0308
  0 11  1  9  1  7  1  7  2  4   0.0014
  0 11  1  9  1  7  2  5  2  4  -0.0485
  0 11  1  9  1  7  2  3  2  4   0.0189
  0 11  1  9  2  5  2  5  2  4   0.0105
  0 11  1  9  2  5  2  3  2  4   0.0317
  0 11  1  9  2  5  3  1  2  4   0.0140
  0 11  1  9  2  3  2  3  2  4  -0.0010
  0 11  1  9  2  3  3  1  2  4  -0.0148
  0 11  1  9  0 15  0 15  2  4  -0.1553
  0 11  1  7  0 11  1  7  2  4  -0.3247
  0 11  1  7  1  9  1  9  2  4  -0.1077
  0 11  1  7  1  9  1  7  2  4  -0.0634
  0 11  1  7  1  9  2  5  2  4  -0.1511
  0 11  1  7  1  7  1  7  2  4  -0.1562
  0 11  1  7  1  7  2  5  2  4   0.0913
  0 11  1  7  1  7  2  3  2  4  -0.2095
  0 11  1  7  2  5  2  5  2  4  -0.0623
  0 11  1  7  2  5  2  3  2  4  -0.0509
  0 11  1  7  2  5  3  1  2  4  -0.0755
  0 11  1  7  2  3  2  3  2  4  -0.0633
  0 11  1  7  2  3  3  1  2  4   0.0912
  0 11  1  7  0 15  0 15  2  4   0.2466
  1  9  1  9  1  9  1  9  2  4  -0.2751
  1  9  1  9  1  9  1  7  2  4   0.0240
  1  9  1  9  1  9  2  5  2  4  -0.1941
  1  9  1  9  1  7  1  7  2  4  -0.1619
  1  9  1  9  1  7  2  5  2  4   0.0784
  1  9  1  9  1  7  2  3  2  4  -0.1598
  1  9  1  9  2  5  2  5  2  4  -0.1115
  1  9  1  9  2  5  2  3  2  4  -0.0251
  1  9  1  9  2  5  3  1  2  4  -0.0861
  1  9  1  9  2  3  2  3  2  4  -0.0533
  1  9  1  9  2  3  3  1  2  4   0.0860
  1  9  1  9  0 15  0 15  2  4   0.2776
  1  9  1  7  1  9  1  7  2  4  -0.0970
  1  9  1  7  1  9  2  5  2  4  -0.0131
  1  9  1  7  1  7  1  7  2  4  -0.1477
  1  9  1  7  1  7  2  5  2  4   0.0835
  1  9  1  7  1  7  2  3  2  4  -0.1176
  1  9  1  7  2  5  2  5  2  4   0.0041
  1  9  1  7  2  5  2  3  2  4  -0.0501
  1  9  1  7  2  5  3  1  2  4  -0.0157
  1  9  1  7  2  3  2  3  2  4  -0.0322
  1  9  1  7  2  3  3  1  2  4   0.0552
  1  9  1  7  0 15  0 15  2  4  -0.0450
  1  9  2  5  1  9  2  5  2  4  -0.4006
  1  9  2  5  1  7  1  7  2  4  -0.1871
  1  9  2  5  1  7  2  5  2  4   0.1038
  1  9  2  5  1  7  2  3  2  4  -0.4053
  1  9  2  5  2  5  2  5  2  4  -0.1711
  1  9  2  5  2  5  2  3  2  4  -0.0875
  1  9  2  5  2  5  3  1  2  4  -0.1800
  1  9  2  5  2  3  2  3  2  4  -0.1078
  1  9  2  5  2  3  3  1  2  4   0.1323
  1  9  2  5  0 15  0 15  2  4   0.1079
  1  7  1  7  1  7  1  7  2  4  -0.1583
  1  7  1  7  1  7  2  5  2  4   0.0054
  1  7  1  7  1  7  2  3  2  4  -0.1302
  1  7  1  7  2  5  2  5  2  4  -0.0592
  1  7  1  7  2  5  2  3  2  4  -0.0815
  1  7  1  7  2  5  3  1  2  4  -0.1053
  1  7  1  7  2  3  2  3  2  4  -0.0735
  1  7  1  7  2  3  3  1  2  4   0.0552
  1  7  1  7  0 15  0 15  2  4   0.0641
  1  7  2  5  1  7  2  5  2  4  -0.0117
  1  7  2  5  1  7  2  3  2  4   0.1117
  1  7  2  5  2  5  2  5  2  4   0.0400
  1  7  2  5  2  5  2  3  2  4   0.0542
  1  7  2  5  2  5  3  1  2  4   0.0661
  1  7  2  5  2  3  2  3  2  4   0.0291
  1  7  2  5  2  3  3  1  2  4  -0.0217
  1  7  2  5  0 15  0 15  2  4  -0.0874
  1  7  2  3  1  7  2  3  2  4  -0.2405
  1  7  2  3  2  5  2  5  2  4  -0.1002
  1  7  2  3  2  5  2  3  2  4  -0.1153
  1  7  2  3  2  5  3  1  2  4  -0.1450
  1  7  2  3  2  3  2  3  2  4  -0.1115
  1  7  2  3  2  3  3  1  2  4   0.1408
  1  7  2  3  0 15  0 15  2  4   0.1247
  2  5  2  5  2  5  2  5  2  4  -0.2184
  2  5  2  5  2  5  2  3  2  4  -0.0599
  2  5  2  5  2  5  3  1  2  4  -0.1690
  2  5  2  5  2  3  2  3  2  4  -0.1169
  2  5  2  5  2  3  3  1  2  4   0.1363
  2  5  2  5  0 15  0 15  2  4   0.1126
  2  5  2  3  2  5  2  3  2  4  -0.0993
  2  5  2  3  2  5  3  1  2  4  -0.0792
  2  5  2  3  2  3  2  3  2  4  -0.1399
  2  5  2  3  2  3  3  1  2  4   0.1481
  2  5  2  3  0 15  0 15  2  4   0.0119
  2  5  3  1  2  5  3  1  2  4  -0.3201
  2  5  3  1  2  3  2  3  2  4  -0.1548
  2  5  3  1  2  3  3  1  2  4   0.2943
  2  5  3  1  0 15  0 15  2  4   0.0592
  2  3  2  3  2  3  2  3  2  4  -0.0658
  2  3  2  3  2  3  3  1  2  4   0.0775
  2  3  2  3  0 15  0 15  2  4   0.0297
  2  3  3  1  2  3  3  1  2  4  -0.1975
  2  3  3  1  0 15  0 15  2  4  -0.0664
  0 15  0 15  0 15  0 15  2  4  -0.4207
  0 11  0 15  0 11  0 15  2  4  -0.4175
  0 11  1  9  0 11  1  9  2  6  -0.0661
  0 11  1  9  0 11  1  7  2  6   0.0642
  0 11  1  9  0 11  2  5  2  6  -0.1015
  0 11  1  9  1  9  1  7  2  6  -0.0435
  0 11  1  9  1  9  2  5  2  6  -0.0259
  0 11  1  9  1  9  2  3  2  6   0.0248
  0 11  1  9  1  7  2  5  2  6  -0.0390
  0 11  1  9  1  7  2  3  2  6  -0.0041
  0 11  1  9  1  7  3  1  2  6  -0.0435
  0 11  1  9  2  5  2  3  2  6  -0.0101
  0 11  1  9  2  5  3  1  2  6  -0.0110
  0 11  1  7  0 11  1  7  2  6  -0.0772
  0 11  1  7  0 11  2  5  2  6  -0.0667
  0 11  1  7  1  9  1  7  2  6   0.0088
  0 11  1  7  1  9  2  5  2  6   0.0068
  0 11  1  7  1  9  2  3  2  6  -0.0136
  0 11  1  7  1  7  2  5  2  6  -0.0017
  0 11  1  7  1  7  2  3  2  6  -0.0334
  0 11  1  7  1  7  3  1  2  6  -0.0402
  0 11  1  7  2  5  2  3  2  6   0.0045
  0 11  1  7  2  5  3  1  2  6   0.0020
  0 11  2  5  0 11  2  5  2  6  -0.1048
  0 11  2  5  1  9  1  7  2  6  -0.0091
  0 11  2  5  1  9  2  5  2  6   0.0156
  0 11  2  5  1  9  2  3  2  6  -0.0038
  0 11  2  5  1  7  2  5  2  6  -0.0263
  0 11  2  5  1  7  2  3  2  6  -0.0308
  0 11  2  5  1  7  3  1  2  6  -0.0421
  0 11  2  5  2  5  2  3  2  6   0.0028
  0 11  2  5  2  5  3  1  2  6  -0.0010
  1  9  1  7  1  9  1  7  2  6  -0.0506
  1  9  1  7  1  9  2  5  2  6  -0.0453
  1  9  1  7  1  9  2  3  2  6  -0.0202
  1  9  1  7  1  7  2  5  2  6  -0.0497
  1  9  1  7  1  7  2  3  2  6   0.0224
  1  9  1  7  1  7  3  1  2  6   0.0061
  1  9  1  7  2  5  2  3  2  6  -0.0266
  1  9  1  7  2  5  3  1  2  6  -0.0135
  1  9  2  5  1  9  2  5  2  6  -0.0845
  1  9  2  5  1  9  2  3  2  6   0.0592
  1  9  2  5  1  7  2  5  2  6  -0.0214
  1  9  2  5  1  7  2  3  2  6  -0.0005
  1  9  2  5  1  7  3  1  2  6   0.0095
  1  9  2  5  2  5  2  3  2  6   0.0058
  1  9  2  5  2  5  3  1  2  6  -0.0038
  1  9  2  3  1  9  2  3  2  6  -0.0994
  1  9  2  3  1  7  2  5  2  6   0.0207
  1  9  2  3  1  7  2  3  2  6  -0.0345
  1  9  2  3  1  7  3  1  2  6   0.0067
  1  9  2  3  2  5  2  3  2  6   0.0094
  1  9  2  3  2  5  3  1  2  6   0.0270
  1  7  2  5  1  7  2  5  2  6  -0.0085
  1  7  2  5  1  7  2  3  2  6   0.0326
  1  7  2  5  1  7  3  1  2  6  -0.0518
  1  7  2  5  2  5  2  3  2  6  -0.0079
  1  7  2  5  2  5  3  1  2  6  -0.0105
  1  7  2  3  1  7  2  3  2  6  -0.0084
  1  7  2  3  1  7  3  1  2  6  -0.0345
  1  7  2  3  2  5  2  3  2  6  -0.0219
  1  7  2  3  2  5  3  1  2  6  -0.0178
  1  7  3  1  1  7  3  1  2  6   0.0128
  1  7  3  1  2  5  2  3  2  6  -0.0036
  1  7  3  1  2  5  3  1  2  6   0.0240
  2  5  2  3  2  5  2  3  2  6  -0.0382
  2  5  2  3  2  5  3  1  2  6  -0.0295
  2  5  3  1  2  5  3  1  2  6  -0.0892
  0 11  0 15  0 11  0 15  2  6  -0.1890
  0 11  0 15  1  9  0 15  2  6   0.0406
  1  9  0 15  1  9  0 15  2  6  -0.3793
  0 11  0 11  0 11  0 11  2  8  -0.1444
  0 11  0 11  0 11  1  9  2  8   0.0060
  0 11  0 11  0 11  1  7  2  8  -0.1098
  0 11  0 11  0 11  2  5  2  8  -0.0143
  0 11  0 11  0 11  2  3  2  8  -0.0554
  0 11  0 11  1  9  1  9  2  8  -0.0287
  0 11  0 11  1  9  1  7  2  8  -0.0607
  0 11  0 11  1  9  2  5  2  8  -0.0406
  0 11  0 11  1  9  2  3  2  8  -0.0649
  0 11  0 11  1  9  3  1  2  8  -0.0595
  0 11  0 11  1  7  1  7  2  8  -0.0652
  0 11  0 11  1  7  2  5  2  8   0.0187
  0 11  0 11  1  7  2  3  2  8  -0.0621
  0 11  0 11  1  7  3  1  2  8   0.0164
  0 11  0 11  2  5  2  5  2  8  -0.0142
  0 11  0 11  2  5  2  3  2  8  -0.0591
  0 11  0 11  0 15  0 15  2  8   0.0956
  0 11  1  9  0 11  1  9  2  8   0.0283
  0 11  1  9  0 11  1  7  2  8   0.0560
  0 11  1  9  0 11  2  5  2  8  -0.0775
  0 11  1  9  0 11  2  3  2  8   0.0990
  0 11  1  9  1  9  1  9  2  8   0.0161
  0 11  1  9  1  9  1  7  2  8   0.0492
  0 11  1  9  1  9  2  5  2  8   0.0269
  0 11  1  9  1  9  2  3  2  8   0.0346
  0 11  1  9  1  9  3  1  2  8   0.0256
  0 11  1  9  1  7  1  7  2  8   0.0214
  0 11  1  9  1  7  2  5  2  8  -0.0221
  0 11  1  9  1  7  2  3  2  8   0.0070
  0 11  1  9  1  7  3  1  2  8  -0.0275
  0 11  1  9  2  5  2  5  2  8   0.0023
  0 11  1  9  2  5  2  3  2  8   0.0305
  0 11  1  9  0 15  0 15  2  8  -0.0830
  0 11  1  7  0 11  1  7  2  8  -0.1202
  0 11  1  7  0 11  2  5  2  8   0.0210
  0 11  1  7  0 11  2  3  2  8  -0.1245
  0 11  1  7  1  9  1  9  2  8  -0.0454
  0 11  1  7  1  9  1  7  2  8  -0.0567
  0 11  1  7  1  9  2  5  2  8  -0.0574
  0 11  1  7  1  9  2  3  2  8  -0.0428
  0 11  1  7  1  9  3  1  2  8  -0.0585
  0 11  1  7  1  7  1  7  2  8  -0.0676
  0 11  1  7  1  7  2  5  2  8   0.0614
  0 11  1  7  1  7  2  3  2  8  -0.0700
  0 11  1  7  1  7  3  1  2  8   0.0780
  0 11  1  7  2  5  2  5  2  8  -0.0275
  0 11  1  7  2  5  2  3  2  8  -0.0651
  0 11  1  7  0 15  0 15  2  8   0.0945
  0 11  2  5  0 11  2  5  2  8   0.0497
  0 11  2  5  0 11  2  3  2  8   0.1187
  0 11  2  5  1  9  1  9  2  8   0.0387
  0 11  2  5  1  9  1  7  2  8   0.0364
  0 11  2  5  1  9  2  5  2  8   0.0307
  0 11  2  5  1  9  2  3  2  8   0.0053
  0 11  2  5  1  9  3  1  2  8   0.0163
  0 11  2  5  1  7  1  7  2  8   0.0136
  0 11  2  5  1  7  2  5  2  8  -0.0325
  0 11  2  5  1  7  2  3  2  8   0.0326
  0 11  2  5  1  7  3  1  2  8  -0.0343
  0 11  2  5  2  5  2  5  2  8   0.0141
  0 11  2  5  2  5  2  3  2  8   0.0223
  0 11  2  5  0 15  0 15  2  8  -0.0483
  0 11  2  3  0 11  2  3  2  8  -0.1331
  0 11  2  3  1  9  1  9  2  8  -0.0939
  0 11  2  3  1  9  1  7  2  8  -0.0480
  0 11  2  3  1  9  2  5  2  8  -0.0641
  0 11  2  3  1  9  2  3  2  8  -0.0493
  0 11  2  3  1  9  3  1  2  8  -0.0614
  0 11  2  3  1  7  1  7  2  8  -0.0844
  0 11  2  3  1  7  2  5  2  8   0.0787
  0 11  2  3  1  7  2  3  2  8  -0.0728
  0 11  2  3  1  7  3  1  2  8   0.0803
  0 11  2  3  2  5  2  5  2  8  -0.0264
  0 11  2  3  2  5  2  3  2  8  -0.0673
  0 11  2  3  0 15  0 15  2  8   0.0623
  1  9  1  9  1  9  1  9  2  8  -0.0982
  1  9  1  9  1  9  1  7  2  8  -0.0628
  1  9  1  9  1  9  2  5  2  8  -0.1200
  1  9  1  9  1  9  2  3  2  8  -0.0521
  1  9  1  9  1  9  3  1  2  8  -0.0904
  1  9  1  9  1  7  1  7  2  8  -0.0965
  1  9  1  9  1  7  2  5  2  8   0.0532
  1  9  1  9  1  7  2  3  2  8  -0.0614
  1  9  1  9  1  7  3  1  2  8   0.0517
  1  9  1  9  2  5  2  5  2  8  -0.0512
  1  9  1  9  2  5  2  3  2  8  -0.0791
  1  9  1  9  0 15  0 15  2  8   0.1444
  1  9  1  7  1  9  1  7  2  8  -0.0189
  1  9  1  7  1  9  2  5  2  8  -0.0341
  1  9  1  7  1  9  2  3  2  8  -0.0265
  1  9  1  7  1  9  3  1  2  8  -0.0192
  1  9  1  7  1  7  1  7  2  8  -0.1049
  1  9  1  7  1  7  2  5  2  8   0.0982
  1  9  1  7  1  7  2  3  2  8  -0.0773
  1  9  1  7  1  7  3  1  2  8   0.0934
  1  9  1  7  2  5  2  5  2  8  -0.0245
  1  9  1  7  2  5  2  3  2  8  -0.0640
  1  9  1  7  0 15  0 15  2  8   0.0275
  1  9  2  5  1  9  2  5  2  8  -0.1297
  1  9  2  5  1  9  2  3  2  8  -0.0721
  1  9  2  5  1  9  3  1  2  8  -0.1606
  1  9  2  5  1  7  1  7  2  8  -0.0806
  1  9  2  5  1  7  2  5  2  8   0.1401
  1  9  2  5  1  7  2  3  2  8  -0.1520
  1  9  2  5  1  7  3  1  2  8   0.1613
  1  9  2  5  2  5  2  5  2  8  -0.0588
  1  9  2  5  2  5  2  3  2  8  -0.1078
  1  9  2  5  0 15  0 15  2  8   0.1020
  1  9  2  3  1  9  2  3  2  8  -0.0358
  1  9  2  3  1  9  3  1  2  8  -0.1215
  1  9  2  3  1  7  1  7  2  8  -0.0643
  1  9  2  3  1  7  2  5  2  8   0.0804
  1  9  2  3  1  7  2  3  2  8  -0.1089
  1  9  2  3  1  7  3  1  2  8   0.0770
  1  9  2  3  2  5  2  5  2  8  -0.0404
  1  9  2  3  2  5  2  3  2  8  -0.0646
  1  9  2  3  0 15  0 15  2  8   0.0126
  1  9  3  1  1  9  3  1  2  8  -0.1563
  1  9  3  1  1  7  1  7  2  8  -0.0748
  1  9  3  1  1  7  2  5  2  8   0.0955
  1  9  3  1  1  7  2  3  2  8  -0.1453
  1  9  3  1  1  7  3  1  2  8   0.1868
  1  9  3  1  2  5  2  5  2  8  -0.0682
  1  9  3  1  2  5  2  3  2  8  -0.1431
  1  9  3  1  0 15  0 15  2  8   0.0473
  1  7  1  7  1  7  1  7  2  8  -0.0338
  1  7  1  7  1  7  2  5  2  8   0.0390
  1  7  1  7  1  7  2  3  2  8  -0.0642
  1  7  1  7  1  7  3  1  2  8   0.0460
  1  7  1  7  2  5  2  5  2  8  -0.0338
  1  7  1  7  2  5  2  3  2  8  -0.0868
  1  7  1  7  0 15  0 15  2  8   0.0329
  1  7  2  5  1  7  2  5  2  8  -0.0048
  1  7  2  5  1  7  2  3  2  8   0.0904
  1  7  2  5  1  7  3  1  2  8  -0.1206
  1  7  2  5  2  5  2  5  2  8   0.0365
  1  7  2  5  2  5  2  3  2  8   0.0855
  1  7  2  5  0 15  0 15  2  8  -0.0553
  1  7  2  3  1  7  2  3  2  8  -0.0238
  1  7  2  3  1  7  3  1  2  8   0.1013
  1  7  2  3  2  5  2  5  2  8  -0.0359
  1  7  2  3  2  5  2  3  2  8  -0.0927
  1  7  2  3  0 15  0 15  2  8   0.0380
  1  7  3  1  1  7  3  1  2  8  -0.0992
  1  7  3  1  2  5  2  5  2  8   0.0613
  1  7  3  1  2  5  2  3  2  8   0.1298
  1  7  3  1  0 15  0 15  2  8  -0.0553
  2  5  2  5  2  5  2  5  2  8  -0.0921
  2  5  2  5  2  5  2  3  2  8  -0.1949
  2  5  2  5  0 15  0 15  2  8   0.0502
  2  5  2  3  2  5  2  3  2  8  -0.3807
  2  5  2  3  0 15  0 15  2  8   0.0508
  0 15  0 15  0 15  0 15  2  8  -0.2100
  0 11  0 15  0 11  0 15  2  8  -0.1092
  0 11  0 15  1  9  0 15  2  8   0.0613
  0 11  0 15  1  7  0 15  2  8  -0.0636
  1  9  0 15  1  9  0 15  2  8  -0.1321
  1  9  0 15  1  7  0 15  2  8  -0.0673
  1  7  0 15  1  7  0 15  2  8  -0.1538
  0 11  1  9  0 11  1  9  2 10  -0.0092
  0 11  1  9  0 11  1  7  2 10   0.0219
  0 11  1  9  0 11  2  5  2 10  -0.0665
  0 11  1  9  0 11  2  3  2 10   0.0031
  0 11  1  9  0 11  3  1  2 10  -0.0352
  0 11  1  9  1  9  1  7  2 10  -0.0129
  0 11  1  9  1  9  2  5  2 10  -0.0129
  0 11  1  9  1  9  2  3  2 10   0.0056
  0 11  1  9  1  9  3  1  2 10  -0.0267
  0 11  1  9  1  7  2  5  2 10  -0.0226
  0 11  1  9  1  7  2  3  2 10  -0.0239
  0 11  1  7  0 11  1  7  2 10   0.0273
  0 11  1  7  0 11  2  5  2 10  -0.0018
  0 11  1  7  0 11  2  3  2 10  -0.0473
  0 11  1  7  0 11  3  1  2 10  -0.0421
  0 11  1  7  1  9  1  7  2 10  -0.0080
  0 11  1  7  1  9  2  5  2 10  -0.0054
  0 11  1  7  1  9  2  3  2 10   0.0032
  0 11  1  7  1  9  3  1  2 10   0.0073
  0 11  1  7  1  7  2  5  2 10  -0.0096
  0 11  1  7  1  7  2  3  2 10  -0.0382
  0 11  2  5  0 11  2  5  2 10   0.0486
  0 11  2  5  0 11  2  3  2 10  -0.0156
  0 11  2  5  0 11  3  1  2 10  -0.0794
  0 11  2  5  1  9  1  7  2 10  -0.0195
  0 11  2  5  1  9  2  5  2 10   0.0029
  0 11  2  5  1  9  2  3  2 10  -0.0022
  0 11  2  5  1  9  3  1  2 10  -0.0072
  0 11  2  5  1  7  2  5  2 10   0.0043
  0 11  2  5  1  7  2  3  2 10  -0.0120
  0 11  2  3  0 11  2  3  2 10   0.0439
  0 11  2  3  0 11  3  1  2 10  -0.0581
  0 11  2  3  1  9  1  7  2 10   0.0104
  0 11  2  3  1  9  2  5  2 10   0.0130
  0 11  2  3  1  9  2  3  2 10  -0.0057
  0 11  2  3  1  9  3  1  2 10  -0.0065
  0 11  2  3  1  7  2  5  2 10  -0.0171
  0 11  2  3  1  7  2  3  2 10  -0.0025
  0 11  3  1  0 11  3  1  2 10   0.0430
  0 11  3  1  1  9  1  7  2 10  -0.0070
  0 11  3  1  1  9  2  5  2 10   0.0034
  0 11  3  1  1  9  2  3  2 10   0.0028
  0 11  3  1  1  9  3  1  2 10   0.0112
  0 11  3  1  1  7  2  5  2 10  -0.0031
  0 11  3  1  1  7  2  3  2 10  -0.0138
  1  9  1  7  1  9  1  7  2 10  -0.0098
  1  9  1  7  1  9  2  5  2 10  -0.0200
  1  9  1  7  1  9  2  3  2 10  -0.0183
  1  9  1  7  1  9  3  1  2 10  -0.0035
  1  9  1  7  1  7  2  5  2 10  -0.0234
  1  9  1  7  1  7  2  3  2 10   0.0106
  1  9  2  5  1  9  2  5  2 10   0.0145
  1  9  2  5  1  9  2  3  2 10  -0.0013
  1  9  2  5  1  9  3  1  2 10  -0.0589
  1  9  2  5  1  7  2  5  2 10   0.0025
  1  9  2  5  1  7  2  3  2 10  -0.0115
  1  9  2  3  1  9  2  3  2 10   0.0041
  1  9  2  3  1  9  3  1  2 10   0.0286
  1  9  2  3  1  7  2  5  2 10   0.0034
  1  9  2  3  1  7  2  3  2 10  -0.0041
  1  9  3  1  1  9  3  1  2 10  -0.0081
  1  9  3  1  1  7  2  5  2 10  -0.0171
  1  9  3  1  1  7  2  3  2 10   0.0159
  1  7  2  5  1  7  2  5  2 10   0.0036
  1  7  2  5  1  7  2  3  2 10  -0.0125
  1  7  2  3  1  7  2  3  2 10   0.0186
  0 11  0 15  0 11  0 15  2 10  -0.0942
  0 11  0 15  1  9  0 15  2 10  -0.0107
  0 11  0 15  1  7  0 15  2 10  -0.0508
  0 11  0 15  2  5  0 15  2 10  -0.0135
  1  9  0 15  1  9  0 15  2 10  -0.1219
  1  9  0 15  1  7  0 15  2 10   0.0338
  1  9  0 15  2  5  0 15  2 10  -0.1508
  1  7  0 15  1  7  0 15  2 10  -0.0185
  1  7  0 15  2  5  0 15  2 10   0.0860
  2  5  0 15  2  5  0 15  2 10  -0.2093
  0 11  0 11  0 11  0 11  2 12  -0.0660
  0 11  0 11  0 11  1  9  2 12   0.0297
  0 11  0 11  0 11  1  7  2 12  -0.0574
  0 11  0 11  0 11  2  5  2 12   0.0043
  0 11  0 11  0 11  2  3  2 12  -0.0328
  0 11  0 11  0 11  3  1  2 12   0.0114
  0 11  0 11  1  9  1  9  2 12  -0.0258
  0 11  0 11  1  9  1  7  2 12  -0.0644
  0 11  0 11  1  9  2  5  2 12  -0.0278
  0 11  0 11  1  9  2  3  2 12  -0.0844
  0 11  0 11  1  7  1  7  2 12  -0.0423
  0 11  0 11  1  7  2  5  2 12   0.0465
  0 11  0 11  0 15  0 15  2 12   0.0754
  0 11  1  9  0 11  1  9  2 12   0.0319
  0 11  1  9  0 11  1  7  2 12   0.0787
  0 11  1  9  0 11  2  5  2 12  -0.0755
  0 11  1  9  0 11  2  3  2 12   0.0640
  0 11  1  9  0 11  3  1  2 12  -0.0890
  0 11  1  9  1  9  1  9  2 12   0.0202
  0 11  1  9  1  9  1  7  2 12   0.0434
  0 11  1  9  1  9  2  5  2 12   0.0224
  0 11  1  9  1  9  2  3  2 12   0.0537
  0 11  1  9  1  7  1  7  2 12   0.0237
  0 11  1  9  1  7  2  5  2 12  -0.0440
  0 11  1  9  0 15  0 15  2 12  -0.0702
  0 11  1  7  0 11  1  7  2 12  -0.0320
  0 11  1  7  0 11  2  5  2 12   0.0540
  0 11  1  7  0 11  2  3  2 12  -0.0741
  0 11  1  7  0 11  3  1  2 12   0.0497
  0 11  1  7  1  9  1  9  2 12  -0.0313
  0 11  1  7  1  9  1  7  2 12  -0.0518
  0 11  1  7  1  9  2  5  2 12  -0.0343
  0 11  1  7  1  9  2  3  2 12  -0.0547
  0 11  1  7  1  7  1  7  2 12  -0.0254
  0 11  1  7  1  7  2  5  2 12   0.0899
  0 11  1  7  0 15  0 15  2 12   0.0493
  0 11  2  5  0 11  2  5  2 12   0.0342
  0 11  2  5  0 11  2  3  2 12   0.0777
  0 11  2  5  0 11  3  1  2 12  -0.1143
  0 11  2  5  1  9  1  9  2 12   0.0425
  0 11  2  5  1  9  1  7  2 12   0.0559
  0 11  2  5  1  9  2  5  2 12   0.0336
  0 11  2  5  1  9  2  3  2 12   0.0397
  0 11  2  5  1  7  1  7  2 12   0.0337
  0 11  2  5  1  7  2  5  2 12  -0.0648
  0 11  2  5  0 15  0 15  2 12  -0.0406
  0 11  2  3  0 11  2  3  2 12   0.0531
  0 11  2  3  0 11  3  1  2 12   0.0986
  0 11  2  3  1  9  1  9  2 12  -0.0491
  0 11  2  3  1  9  1  7  2 12  -0.0530
  0 11  2  3  1  9  2  5  2 12  -0.0272
  0 11  2  3  1  9  2  3  2 12  -0.0580
  0 11  2  3  1  7  1  7  2 12  -0.0365
  0 11  2  3  1  7  2  5  2 12   0.0538
  0 11  2  3  0 15  0 15  2 12   0.0219
  0 11  3  1  0 11  3  1  2 12  -0.0269
  0 11  3  1  1  9  1  9  2 12   0.0699
  0 11  3  1  1  9  1  7  2 12   0.0689
  0 11  3  1  1  9  2  5  2 12   0.0399
  0 11  3  1  1  9  2  3  2 12   0.0698
  0 11  3  1  1  7  1  7  2 12   0.0448
  0 11  3  1  1  7  2  5  2 12  -0.0756
  0 11  3  1  0 15  0 15  2 12  -0.0227
  1  9  1  9  1  9  1  9  2 12  -0.0286
  1  9  1  9  1  9  1  7  2 12  -0.1045
  1  9  1  9  1  9  2  5  2 12  -0.0697
  1  9  1  9  1  9  2  3  2 12  -0.1084
  1  9  1  9  1  7  1  7  2 12  -0.0655
  1  9  1  9  1  7  2  5  2 12   0.0727
  1  9  1  9  0 15  0 15  2 12   0.1002
  1  9  1  7  1  9  1  7  2 12  -0.0731
  1  9  1  7  1  9  2  5  2 12  -0.0619
  1  9  1  7  1  9  2  3  2 12  -0.0831
  1  9  1  7  1  7  1  7  2 12  -0.1081
  1  9  1  7  1  7  2  5  2 12   0.1645
  1  9  1  7  0 15  0 15  2 12   0.0496
  1  9  2  5  1  9  2  5  2 12  -0.0419
  1  9  2  5  1  9  2  3  2 12  -0.1591
  1  9  2  5  1  7  1  7  2 12  -0.0496
  1  9  2  5  1  7  2  5  2 12   0.2087
  1  9  2  5  0 15  0 15  2 12   0.0708
  1  9  2  3  1  9  2  3  2 12  -0.2421
  1  9  2  3  1  7  1  7  2 12  -0.0894
  1  9  2  3  1  7  2  5  2 12   0.2862
  1  9  2  3  0 15  0 15  2 12   0.0546
  1  7  1  7  1  7  1  7  2 12   0.0352
  1  7  1  7  1  7  2  5  2 12   0.0540
  1  7  1  7  0 15  0 15  2 12   0.0203
  1  7  2  5  1  7  2  5  2 12  -0.2353
  1  7  2  5  0 15  0 15  2 12  -0.0654
  0 15  0 15  0 15  0 15  2 12  -0.1446
  0 11  0 15  0 11  0 15  2 12  -0.0950
  0 11  0 15  1  9  0 15  2 12   0.0566
  0 11  0 15  1  7  0 15  2 12  -0.0385
  0 11  0 15  2  5  0 15  2 12   0.0228
  0 11  0 15  2  3  0 15  2 12  -0.0083
  1  9  0 15  1  9  0 15  2 12  -0.0027
  1  9  0 15  1  7  0 15  2 12   0.0160
  1  9  0 15  2  5  0 15  2 12  -0.0611
  1  9  0 15  2  3  0 15  2 12  -0.0444
  1  7  0 15  1  7  0 15  2 12  -0.0104
  1  7  0 15  2  5  0 15  2 12   0.0075
  1  7  0 15  2  3  0 15  2 12  -0.0726
  2  5  0 15  2  5  0 15  2 12   0.0083
  2  5  0 15  2  3  0 15  2 12  -0.0535
  2  3  0 15  2  3  0 15  2 12  -0.0253
  0 11  1  9  0 11  1  9  2 14   0.0280
  0 11  1  9  0 11  1  7  2 14   0.0181
  0 11  1  9  0 11  2  5  2 14  -0.0415
  0 11  1  9  0 11  2  3  2 14  -0.0084
  0 11  1  9  1  9  1  7  2 14   0.0073
  0 11  1  9  1  9  2  5  2 14  -0.0297
  0 11  1  7  0 11  1  7  2 14   0.0817
  0 11  1  7  0 11  2  5  2 14   0.0074
  0 11  1  7  0 11  2  3  2 14  -0.0272
  0 11  1  7  1  9  1  7  2 14  -0.0097
  0 11  1  7  1  9  2  5  2 14  -0.0199
  0 11  2  5  0 11  2  5  2 14   0.0650
  0 11  2  5  0 11  2  3  2 14  -0.0235
  0 11  2  5  1  9  1  7  2 14  -0.0014
  0 11  2  5  1  9  2  5  2 14   0.0104
  0 11  2  3  0 11  2  3  2 14   0.0656
  0 11  2  3  1  9  1  7  2 14  -0.0015
  0 11  2  3  1  9  2  5  2 14   0.0072
  1  9  1  7  1  9  1  7  2 14   0.0085
  1  9  1  7  1  9  2  5  2 14  -0.0063
  1  9  2  5  1  9  2  5  2 14  -0.0149
  0 11  0 15  0 11  0 15  2 14  -0.0741
  0 11  0 15  1  9  0 15  2 14   0.0137
  0 11  0 15  1  7  0 15  2 14  -0.0301
  0 11  0 15  2  5  0 15  2 14  -0.0129
  0 11  0 15  2  3  0 15  2 14  -0.0062
  0 11  0 15  3  1  0 15  2 14  -0.0118
  1  9  0 15  1  9  0 15  2 14  -0.0719
  1  9  0 15  1  7  0 15  2 14   0.0490
  1  9  0 15  2  5  0 15  2 14  -0.1004
  1  9  0 15  2  3  0 15  2 14   0.0429
  1  9  0 15  3  1  0 15  2 14  -0.0811
  1  7  0 15  1  7  0 15  2 14  -0.0178
  1  7  0 15  2  5  0 15  2 14   0.0476
  1  7  0 15  2  3  0 15  2 14  -0.0576
  1  7  0 15  3  1  0 15  2 14   0.0549
  2  5  0 15  2  5  0 15  2 14  -0.0091
  2  5  0 15  2  3  0 15  2 14   0.0754
  2  5  0 15  3  1  0 15  2 14  -0.1097
  2  3  0 15  2  3  0 15  2 14   0.0236
  2  3  0 15  3  1  0 15  2 14   0.0981
  3  1  0 15  3  1  0 15  2 14  -0.0547
  0 11  0 11  0 11  0 11  2 16  -0.0198
  0 11  0 11  0 11  1  9  2 16   0.0750
  0 11  0 11  0 11  1  7  2 16  -0.0454
  0 11  0 11  0 11  2  5  2 16   0.0613
  0 11  0 11  1  9  1  9  2 16  -0.0313
  0 11  0 11  1  9  1  7  2 16  -0.1011
  0 11  0 11  0 15  0 15  2 16   0.0490
  0 11  1  9  0 11  1  9  2 16  -0.0133
  0 11  1  9  0 11  1  7  2 16   0.0970
  0 11  1  9  0 11  2  5  2 16  -0.1399
  0 11  1  9  1  9  1  9  2 16   0.0283
  0 11  1  9  1  9  1  7  2 16   0.0825
  0 11  1  9  0 15  0 15  2 16  -0.0603
  0 11  1  7  0 11  1  7  2 16   0.0149
  0 11  1  7  0 11  2  5  2 16   0.1303
  0 11  1  7  1  9  1  9  2 16  -0.0173
  0 11  1  7  1  9  1  7  2 16  -0.0657
  0 11  1  7  0 15  0 15  2 16   0.0251
  0 11  2  5  0 11  2  5  2 16  -0.1488
  0 11  2  5  1  9  1  9  2 16   0.0690
  0 11  2  5  1  9  1  7  2 16   0.1622
  0 11  2  5  0 15  0 15  2 16  -0.0305
  1  9  1  9  1  9  1  9  2 16   0.0169
  1  9  1  9  1  9  1  7  2 16  -0.1869
  1  9  1  9  0 15  0 15  2 16   0.0690
  1  9  1  7  1  9  1  7  2 16  -0.4277
  1  9  1  7  0 15  0 15  2 16   0.0911
  0 15  0 15  0 15  0 15  2 16  -0.1032
  0 11  0 15  0 11  0 15  2 16  -0.0710
  0 11  0 15  1  9  0 15  2 16   0.0337
  0 11  0 15  1  7  0 15  2 16  -0.0358
  0 11  0 15  2  5  0 15  2 16   0.0167
  0 11  0 15  2  3  0 15  2 16  -0.0098
  0 11  0 15  3  1  0 15  2 16   0.0042
  1  9  0 15  1  9  0 15  2 16   0.0480
  1  9  0 15  1  7  0 15  2 16   0.0132
  1  9  0 15  2  5  0 15  2 16  -0.0288
  1  9  0 15  2  3  0 15  2 16  -0.0106
  1  9  0 15  3  1  0 15  2 16  -0.0325
  1  7  0 15  1  7  0 15  2 16   0.0059
  1  7  0 15  2  5  0 15  2 16   0.0034
  1  7  0 15  2  3  0 15  2 16  -0.0355
  1  7  0 15  3  1  0 15  2 16  -0.0182
  2  5  0 15  2  5  0 15  2 16   0.0462
  2  5  0 15  2  3  0 15  2 16  -0.0105
  2  5  0 15  3  1  0 15  2 16  -0.0590
  2  3  0 15  2  3  0 15  2 16   0.0492
  2  3  0 15  3  1  0 15  2 16  -0.0324
  3  1  0 15  3  1  0 15  2 16   0.0445
  0 11  1  9  0 11  1  9  2 18   0.0891
  0 11  1  9  0 11  1  7  2 18   0.0063
  0 11  1  7  0 11  1  7  2 18   0.0666
  0 11  0 15  0 11  0 15  2 18  -0.0036
  0 11  0 15  1  9  0 15  2 18  -0.0061
  0 11  0 15  1  7  0 15  2 18  -0.0072
  0 11  0 15  2  5  0 15  2 18  -0.0121
  0 11  0 15  2  3  0 15  2 18   0.0083
  1  9  0 15  1  9  0 15  2 18   0.0231
  1  9  0 15  1  7  0 15  2 18   0.0015
  1  9  0 15  2  5  0 15  2 18  -0.0299
  1  9  0 15  2  3  0 15  2 18   0.0173
  1  7  0 15  1  7  0 15  2 18   0.0280
  1  7  0 15  2  5  0 15  2 18   0.0016
  1  7  0 15  2  3  0 15  2 18  -0.0349
  2  5  0 15  2  5  0 15  2 18   0.0788
  2  5  0 15  2  3  0 15  2 18   0.0227
  2  3  0 15  2  3  0 15  2 18   0.0110
  0 11  0 11  0 11  0 11  2 20   0.1121
  0 11  0 11  0 11  1  9  2 20   0.0603
  0 11  0 11  0 15  0 15  2 20  -0.0001
  0 11  1  9  0 11  1  9  2 20  -0.0265
  0 11  1  9  0 15  0 15  2 20  -0.0423
  0 15  0 15  0 15  0 15  2 20  -0.0108
  0 11  0 15  0 11  0 15  2 20   0.0477
  0 11  0 15  1  9  0 15  2 20   0.0149
  0 11  0 15  1  7  0 15  2 20   0.0018
  0 11  0 15  2  5  0 15  2 20   0.0260
  1  9  0 15  1  9  0 15  2 20   0.0709
  1  9  0 15  1  7  0 15  2 20   0.0058
  1  9  0 15  2  5  0 15  2 20  -0.0226
  1  7  0 15  1  7  0 15  2 20   0.0503
  1  7  0 15  2  5  0 15  2 20   0.0076
  2  5  0 15  2  5  0 15  2 20   0.0354
  0 11  0 15  0 11  0 15  2 22   0.0389
  0 11  0 15  1  9  0 15  2 22   0.0075
  0 11  0 15  1  7  0 15  2 22  -0.0180
  1  9  0 15  1  9  0 15  2 22   0.0011
  1  9  0 15  1  7  0 15  2 22   0.0406
  1  7  0 15  1  7  0 15  2 22   0.0059
  0 15  0 15  0 15  0 15  2 24   0.0189
  0 11  0 15  0 11  0 15  2 24   0.0802
  0 11  0 15  1  9  0 15  2 24   0.0362
  1  9  0 15  1  9  0 15  2 24   0.1549
  0 11  0 15  0 11  0 15  2 26   0.0061
  0 15  0 15  0 15  0 15  2 28   0.0509
