  0 11  0 11  0 11  0 11  2  0  -0.5503
  0 11  0 11  1  9  1  9  2  0  -0.4116
  0 11  0 11  1  7  1  7  2  0  -0.3080
  0 11  0 11  2  5  2  5  2  0  -0.1932
  0 11  0 11  2  3  2  3  2  0  -0.1520
  0 11  0 11  3  1  3  1  2  0  -0.0912
  0 11  0 11  0 15  0 15  2  0   1.0477
  1  9  1  9  1  9  1  9  2  0  -0.5027
  1  9  1  9  1  7  1  7  2  0  -0.7910
  1  9  1  9  2  5  2  5  2  0  -0.2733
  1  9  1  9  2  3  2  3  2  0  -0.2772
  1  9  1  9  3  1  3  1  2  0  -0.1442
  1  9  1  9  0 15  0 15  2  0   0.4385
  1  7  1  7  1  7  1  7  2  0  -0.2854
  1  7  1  7  2  5  2  5  2  0  -0.3069
  1  7  1  7  2  3  2  3  2  0  -0.1947
  1  7  1  7  3  1  3  1  2  0  -0.1357
  1  7  1  7  0 15  0 15  2  0   0.4384
  2  5  2  5  2  5  2  5  2  0  -0.3885
  2  5  2  5  2  3  2  3  2  0  -0.5569
  2  5  2  5  3  1  3  1  2  0  -0.1941
  2  5  2  5  0 15  0 15  2  0   0.2409
  2  3  2  3  2  3  2  3  2  0  -0.1772
  2  3  2  3  3  1  3  1  2  0  -0.1714
  2  3  2  3  0 15  0 15  2  0   0.2083
  3  1  3  1  3  1  3  1  2  0  -0.4549
  3  1  3  1  0 15  0 15  2  0   0.1196
  0 15  0 15  0 15  0 15  2  0  -0.4256
  0 11  1  9  0 11  1  9  2  2  -0.2852
  0 11  1  9  1  9  1  7  2  2  -0.0331
  0 11  1  9  1  7  2  5  2  2  -0.1087
  0 11  1  9  2  5  2  3  2  2  -0.0011
  0 11  1  9  2  3  3  1  2  2  -0.0261
  1  9  1  7  1  9  1  7  2  2  -0.1768
  1  9  1  7  1  7  2  5  2  2  -0.0288
  1  9  1  7  2  5  2  3  2  2  -0.0446
  1  9  1  7  2  3  3  1  2  2   0.0017
  1  7  2  5  1  7  2  5  2  2  -0.1135
  1  7  2  5  2  5  2  3  2  2  -0.0275
  1  7  2  5  2  3  3  1  2  2  -0.0181
  2  5  2  3  2  5  2  3  2  2  -0.0616
  2  5  2  3  2  3  3  1  2  2  -0.0160
  2  3  3  1  2  3  3  1  2  2  -0.0453
  0 11  0 11  0 11  0 11  2  4  -0.2745
  0 11  0 11  0 11  1  9  2  4  -0.0689
  0 11  0 11  0 11  1  7  2  4  -0.1469
  0 11  0 11  1  9  1  9  2  4  -0.0402
  0 11  0 11  1  9  1  7  2  4  -0.1116
  0 11  0 11  1  9  2  5  2  4  -0.1350
  0 11  0 11  1  7  1  7  2  4  -0.1169
  0 11  0 11  1  7  2  5  2  4  -0.0249
  0 11  0 11  1  7  2  3  2  4  -0.0606
  0 11  0 11  2  5  2  5  2  4  -0.0236
  0 11  0 11  2  5  2  3  2  4  -0.0569
  0 11  0 11  2  5  3  1  2  4  -0.0632
  0 11  0 11  2  3  2  3  2  4  -0.0493
  0 11  0 11  2  3  3  1  2  4   0.0293
  0 11  0 11  0 15  0 15  2  4   0.1749
  0 11  1  9  0 11  1  9  2  4  -0.0683
  0 11  1  9  0 11  1  7  2  4   0.0966
  0 11  1  9  1  9  1  9  2  4   0.0291
  0 11  1  9  1  9  1  7  2  4   0.0578
  0 11  1  9  1  9  2  5  2  4   0.0443
  0 11  1  9  1  7  1  7  2  4   0.0066
  0 11  1  9  1  7  2  5  2  4  -0.0267
  0 11  1  9  1  7  2  3  2  4   0.0114
  0 11  1  9  2  5  2  5  2  4   0.0077
  0 11  1  9  2  5  2  3  2  4   0.0279
  0 11  1  9  2  5  3  1  2  4   0.0180
  0 11  1  9  2  3  2  3  2  4   0.0033
  0 11  1  9  2  3  3  1  2  4  -0.0092
  0 11  1  9  0 15  0 15  2  4  -0.1408
  0 11  1  7  0 11  1  7  2  4  -0.3007
  0 11  1  7  1  9  1  9  2  4  -0.1124
  0 11  1  7  1  9  1  7  2  4  -0.0720
  0 11  1  7  1  9  2  5  2  4  -0.1508
  0 11  1  7  1  7  1  7  2  4  -0.1481
  0 11  1  7  1  7  2  5  2  4   0.0775
  0 11  1  7  1  7  2  3  2  4  -0.1716
  0 11  1  7  2  5  2  5  2  4  -0.0562
  0 11  1  7  2  5  2  3  2  4  -0.0500
  0 11  1  7  2  5  3  1  2  4  -0.0690
  0 11  1  7  2  3  2  3  2  4  -0.0539
  0 11  1  7  2  3  3  1  2  4   0.0772
  0 11  1  7  0 15  0 15  2  4   0.2603
  1  9  1  9  1  9  1  9  2  4  -0.2683
  1  9  1  9  1  9  1  7  2  4   0.0226
  1  9  1  9  1  9  2  5  2  4  -0.1868
  1  9  1  9  1  7  1  7  2  4  -0.1552
  1  9  1  9  1  7  2  5  2  4   0.0753
  1  9  1  9  1  7  2  3  2  4  -0.1622
  1  9  1  9  2  5  2  5  2  4  -0.1036
  1  9  1  9  2  5  2  3  2  4  -0.0255
  1  9  1  9  2  5  3  1  2  4  -0.0783
  1  9  1  9  2  3  2  3  2  4  -0.0519
  1  9  1  9  2  3  3  1  2  4   0.0819
  1  9  1  9  0 15  0 15  2  4   0.2255
  1  9  1  7  1  9  1  7  2  4  -0.0765
  1  9  1  7  1  9  2  5  2  4   0.0004
  1  9  1  7  1  7  1  7  2  4  -0.1495
  1  9  1  7  1  7  2  5  2  4   0.0809
  1  9  1  7  1  7  2  3  2  4  -0.1267
  1  9  1  7  2  5  2  5  2  4  -0.0001
  1  9  1  7  2  5  2  3  2  4  -0.0381
  1  9  1  7  2  5  3  1  2  4  -0.0101
  1  9  1  7  2  3  2  3  2  4  -0.0327
  1  9  1  7  2  3  3  1  2  4   0.0545
  1  9  1  7  0 15  0 15  2  4  -0.0364
  1  9  2  5  1  9  2  5  2  4  -0.3526
  1  9  2  5  1  7  1  7  2  4  -0.1881
  1  9  2  5  1  7  2  5  2  4   0.1044
  1  9  2  5  1  7  2  3  2  4  -0.3899
  1  9  2  5  2  5  2  5  2  4  -0.1575
  1  9  2  5  2  5  2  3  2  4  -0.0720
  1  9  2  5  2  5  3  1  2  4  -0.1545
  1  9  2  5  2  3  2  3  2  4  -0.0953
  1  9  2  5  2  3  3  1  2  4   0.1157
  1  9  2  5  0 15  0 15  2  4   0.1019
  1  7  1  7  1  7  1  7  2  4  -0.1420
  1  7  1  7  1  7  2  5  2  4   0.0063
  1  7  1  7  1  7  2  3  2  4  -0.1156
  1  7  1  7  2  5  2  5  2  4  -0.0556
  1  7  1  7  2  5  2  3  2  4  -0.0746
  1  7  1  7  2  5  3  1  2  4  -0.0975
  1  7  1  7  2  3  2  3  2  4  -0.0612
  1  7  1  7  2  3  3  1  2  4   0.0452
  1  7  1  7  0 15  0 15  2  4   0.0690
  1  7  2  5  1  7  2  5  2  4   0.0045
  1  7  2  5  1  7  2  3  2  4   0.0986
  1  7  2  5  2  5  2  5  2  4   0.0319
  1  7  2  5  2  5  2  3  2  4   0.0521
  1  7  2  5  2  5  3  1  2  4   0.0627
  1  7  2  5  2  3  2  3  2  4   0.0248
  1  7  2  5  2  3  3  1  2  4  -0.0119
  1  7  2  5  0 15  0 15  2  4  -0.0813
  1  7  2  3  1  7  2  3  2  4  -0.2001
  1  7  2  3  2  5  2  5  2  4  -0.0797
  1  7  2  3  2  5  2  3  2  4  -0.1065
  1  7  2  3  2  5  3  1  2  4  -0.1206
  1  7  2  3  2  3  2  3  2  4  -0.1002
  1  7  2  3  2  3  3  1  2  4   0.1189
  1  7  2  3  0 15  0 15  2  4   0.1339
  2  5  2  5  2  5  2  5  2  4  -0.1893
  2  5  2  5  2  5  2  3  2  4  -0.0489
  2  5  2  5  2  5  3  1  2  4  -0.1541
  2  5  2  5  2  3  2  3  2  4  -0.1046
  2  5  2  5  2  3  3  1  2  4   0.1222
  2  5  2  5  0 15  0 15  2  4   0.0978
  2  5  2  3  2  5  2  3  2  4  -0.0730
  2  5  2  3  2  5  3  1  2  4  -0.0623
  2  5  2  3  2  3  2  3  2  4  -0.1313
  2  5  2  3  2  3  3  1  2  4   0.1417
  2  5  2  3  0 15  0 15  2  4   0.0156
  2  5  3  1  2  5  3  1  2  4  -0.2684
  2  5  3  1  2  3  2  3  2  4  -0.1430
  2  5  3  1  2  3  3  1  2  4   0.2716
  2  5  3  1  0 15  0 15  2  4   0.0606
  2  3  2  3  2  3  2  3  2  4  -0.0414
  2  3  2  3  2  3  3  1  2  4   0.0639
  2  3  2  3  0 15  0 15  2  4   0.0342
  2  3  3  1  2  3  3  1  2  4  -0.1526
  2  3  3  1  0 15  0 15  2  4  -0.0688
  0 15  0 15  0 15  0 15  2  4  -0.3927
  0 11  0 15  0 11  0 15  2  4  -0.3485
  0 11  1  9  0 11  1  9  2  6  -0.0774
  0 11  1  9  0 11  1  7  2  6   0.0590
  0 11  1  9  0 11  2  5  2  6  -0.0893
  0 11  1  9  1  9  1  7  2  6  -0.0386
  0 11  1  9  1  9  2  5  2  6  -0.0185
  0 11  1  9  1  9  2  3  2  6   0.0186
  0 11  1  9  1  7  2  5  2  6  -0.0330
  0 11  1  9  1  7  2  3  2  6  -0.0050
  0 11  1  9  1  7  3  1  2  6  -0.0349
  0 11  1  9  2  5  2  3  2  6  -0.0066
  0 11  1  9  2  5  3  1  2  6  -0.0077
  0 11  1  7  0 11  1  7  2  6  -0.0881
  0 11  1  7  0 11  2  5  2  6  -0.0540
  0 11  1  7  1  9  1  7  2  6   0.0048
  0 11  1  7  1  9  2  5  2  6   0.0002
  0 11  1  7  1  9  2  3  2  6  -0.0051
  0 11  1  7  1  7  2  5  2  6  -0.0062
  0 11  1  7  1  7  2  3  2  6  -0.0211
  0 11  1  7  1  7  3  1  2  6  -0.0291
  0 11  1  7  2  5  2  3  2  6   0.0010
  0 11  1  7  2  5  3  1  2  6  -0.0021
  0 11  2  5  0 11  2  5  2  6  -0.1067
  0 11  2  5  1  9  1  7  2  6  -0.0128
  0 11  2  5  1  9  2  5  2  6   0.0132
  0 11  2  5  1  9  2  3  2  6  -0.0097
  0 11  2  5  1  7  2  5  2  6  -0.0206
  0 11  2  5  1  7  2  3  2  6  -0.0240
  0 11  2  5  1  7  3  1  2  6  -0.0328
  0 11  2  5  2  5  2  3  2  6   0.0016
  0 11  2  5  2  5  3  1  2  6   0.0003
  1  9  1  7  1  9  1  7  2  6  -0.0525
  1  9  1  7  1  9  2  5  2  6  -0.0422
  1  9  1  7  1  9  2  3  2  6  -0.0130
  1  9  1  7  1  7  2  5  2  6  -0.0453
  1  9  1  7  1  7  2  3  2  6   0.0219
  1  9  1  7  1  7  3  1  2  6   0.0057
  1  9  1  7  2  5  2  3  2  6  -0.0250
  1  9  1  7  2  5  3  1  2  6  -0.0155
  1  9  2  5  1  9  2  5  2  6  -0.0696
  1  9  2  5  1  9  2  3  2  6   0.0553
  1  9  2  5  1  7  2  5  2  6  -0.0231
  1  9  2  5  1  7  2  3  2  6   0.0098
  1  9  2  5  1  7  3  1  2  6   0.0075
  1  9  2  5  2  5  2  3  2  6   0.0071
  1  9  2  5  2  5  3  1  2  6  -0.0006
  1  9  2  3  1  9  2  3  2  6  -0.0824
  1  9  2  3  1  7  2  5  2  6   0.0178
  1  9  2  3  1  7  2  3  2  6  -0.0300
  1  9  2  3  1  7  3  1  2  6   0.0050
  1  9  2  3  2  5  2  3  2  6   0.0117
  1  9  2  3  2  5  3  1  2  6   0.0258
  1  7  2  5  1  7  2  5  2  6  -0.0092
  1  7  2  5  1  7  2  3  2  6   0.0257
  1  7  2  5  1  7  3  1  2  6  -0.0490
  1  7  2  5  2  5  2  3  2  6  -0.0079
  1  7  2  5  2  5  3  1  2  6  -0.0111
  1  7  2  3  1  7  2  3  2  6  -0.0039
  1  7  2  3  1  7  3  1  2  6  -0.0295
  1  7  2  3  2  5  2  3  2  6  -0.0243
  1  7  2  3  2  5  3  1  2  6  -0.0221
  1  7  3  1  1  7  3  1  2  6   0.0127
  1  7  3  1  2  5  2  3  2  6  -0.0030
  1  7  3  1  2  5  3  1  2  6   0.0258
  2  5  2  3  2  5  2  3  2  6  -0.0295
  2  5  2  3  2  5  3  1  2  6  -0.0326
  2  5  3  1  2  5  3  1  2  6  -0.0715
  0 11  0 15  0 11  0 15  2  6  -0.1485
  0 11  0 15  1  9  0 15  2  6   0.0230
  1  9  0 15  1  9  0 15  2  6  -0.3576
  0 11  0 11  0 11  0 11  2  8  -0.1228
  0 11  0 11  0 11  1  9  2  8   0.0051
  0 11  0 11  0 11  1  7  2  8  -0.0876
  0 11  0 11  0 11  2  5  2  8  -0.0074
  0 11  0 11  0 11  2  3  2  8  -0.0442
  0 11  0 11  1  9  1  9  2  8  -0.0330
  0 11  0 11  1  9  1  7  2  8  -0.0590
  0 11  0 11  1  9  2  5  2  8  -0.0452
  0 11  0 11  1  9  2  3  2  8  -0.0609
  0 11  0 11  1  9  3  1  2  8  -0.0606
  0 11  0 11  1  7  1  7  2  8  -0.0497
  0 11  0 11  1  7  2  5  2  8   0.0164
  0 11  0 11  1  7  2  3  2  8  -0.0462
  0 11  0 11  1  7  3  1  2  8   0.0129
  0 11  0 11  2  5  2  5  2  8  -0.0154
  0 11  0 11  2  5  2  3  2  8  -0.0539
  0 11  0 11  0 15  0 15  2  8   0.0997
  0 11  1  9  0 11  1  9  2  8   0.0259
  0 11  1  9  0 11  1  7  2  8   0.0590
  0 11  1  9  0 11  2  5  2  8  -0.0619
  0 11  1  9  0 11  2  3  2  8   0.0962
  0 11  1  9  1  9  1  9  2  8   0.0155
  0 11  1  9  1  9  1  7  2  8   0.0469
  0 11  1  9  1  9  2  5  2  8   0.0310
  0 11  1  9  1  9  2  3  2  8   0.0344
  0 11  1  9  1  9  3  1  2  8   0.0316
  0 11  1  9  1  7  1  7  2  8   0.0183
  0 11  1  9  1  7  2  5  2  8  -0.0139
  0 11  1  9  1  7  2  3  2  8   0.0092
  0 11  1  9  1  7  3  1  2  8  -0.0180
  0 11  1  9  2  5  2  5  2  8   0.0035
  0 11  1  9  2  5  2  3  2  8   0.0274
  0 11  1  9  0 15  0 15  2  8  -0.0694
  0 11  1  7  0 11  1  7  2  8  -0.1095
  0 11  1  7  0 11  2  5  2  8   0.0187
  0 11  1  7  0 11  2  3  2  8  -0.1032
  0 11  1  7  1  9  1  9  2  8  -0.0469
  0 11  1  7  1  9  1  7  2  8  -0.0540
  0 11  1  7  1  9  2  5  2  8  -0.0534
  0 11  1  7  1  9  2  3  2  8  -0.0393
  0 11  1  7  1  9  3  1  2  8  -0.0529
  0 11  1  7  1  7  1  7  2  8  -0.0615
  0 11  1  7  1  7  2  5  2  8   0.0561
  0 11  1  7  1  7  2  3  2  8  -0.0560
  0 11  1  7  1  7  3  1  2  8   0.0664
  0 11  1  7  2  5  2  5  2  8  -0.0257
  0 11  1  7  2  5  2  3  2  8  -0.0547
  0 11  1  7  0 15  0 15  2  8   0.0955
  0 11  2  5  0 11  2  5  2  8   0.0294
  0 11  2  5  0 11  2  3  2  8   0.1054
  0 11  2  5  1  9  1  9  2  8   0.0361
  0 11  2  5  1  9  1  7  2  8   0.0313
  0 11  2  5  1  9  2  5  2  8   0.0275
  0 11  2  5  1  9  2  3  2  8   0.0070
  0 11  2  5  1  9  3  1  2  8   0.0176
  0 11  2  5  1  7  1  7  2  8   0.0166
  0 11  2  5  1  7  2  5  2  8  -0.0269
  0 11  2  5  1  7  2  3  2  8   0.0262
  0 11  2  5  1  7  3  1  2  8  -0.0286
  0 11  2  5  2  5  2  5  2  8   0.0125
  0 11  2  5  2  5  2  3  2  8   0.0181
  0 11  2  5  0 15  0 15  2  8  -0.0427
  0 11  2  3  0 11  2  3  2  8  -0.1341
  0 11  2  3  1  9  1  9  2  8  -0.0946
  0 11  2  3  1  9  1  7  2  8  -0.0492
  0 11  2  3  1  9  2  5  2  8  -0.0571
  0 11  2  3  1  9  2  3  2  8  -0.0483
  0 11  2  3  1  9  3  1  2  8  -0.0551
  0 11  2  3  1  7  1  7  2  8  -0.0717
  0 11  2  3  1  7  2  5  2  8   0.0659
  0 11  2  3  1  7  2  3  2  8  -0.0616
  0 11  2  3  1  7  3  1  2  8   0.0635
  0 11  2  3  2  5  2  5  2  8  -0.0196
  0 11  2  3  2  5  2  3  2  8  -0.0538
  0 11  2  3  0 15  0 15  2  8   0.0675
  1  9  1  9  1  9  1  9  2  8  -0.0953
  1  9  1  9  1  9  1  7  2  8  -0.0627
  1  9  1  9  1  9  2  5  2  8  -0.1100
  1  9  1  9  1  9  2  3  2  8  -0.0569
  1  9  1  9  1  9  3  1  2  8  -0.0879
  1  9  1  9  1  7  1  7  2  8  -0.0913
  1  9  1  9  1  7  2  5  2  8   0.0514
  1  9  1  9  1  7  2  3  2  8  -0.0599
  1  9  1  9  1  7  3  1  2  8   0.0462
  1  9  1  9  2  5  2  5  2  8  -0.0466
  1  9  1  9  2  5  2  3  2  8  -0.0739
  1  9  1  9  0 15  0 15  2  8   0.1115
  1  9  1  7  1  9  1  7  2  8  -0.0084
  1  9  1  7  1  9  2  5  2  8  -0.0323
  1  9  1  7  1  9  2  3  2  8  -0.0144
  1  9  1  7  1  9  3  1  2  8  -0.0122
  1  9  1  7  1  7  1  7  2  8  -0.1042
  1  9  1  7  1  7  2  5  2  8   0.0949
  1  9  1  7  1  7  2  3  2  8  -0.0768
  1  9  1  7  1  7  3  1  2  8   0.0941
  1  9  1  7  2  5  2  5  2  8  -0.0245
  1  9  1  7  2  5  2  3  2  8  -0.0565
  1  9  1  7  0 15  0 15  2  8   0.0311
  1  9  2  5  1  9  2  5  2  8  -0.1089
  1  9  2  5  1  9  2  3  2  8  -0.0660
  1  9  2  5  1  9  3  1  2  8  -0.1476
  1  9  2  5  1  7  1  7  2  8  -0.0791
  1  9  2  5  1  7  2  5  2  8   0.1313
  1  9  2  5  1  7  2  3  2  8  -0.1396
  1  9  2  5  1  7  3  1  2  8   0.1552
  1  9  2  5  2  5  2  5  2  8  -0.0495
  1  9  2  5  2  5  2  3  2  8  -0.0893
  1  9  2  5  0 15  0 15  2  8   0.0885
  1  9  2  3  1  9  2  3  2  8  -0.0268
  1  9  2  3  1  9  3  1  2  8  -0.1109
  1  9  2  3  1  7  1  7  2  8  -0.0627
  1  9  2  3  1  7  2  5  2  8   0.0717
  1  9  2  3  1  7  2  3  2  8  -0.1010
  1  9  2  3  1  7  3  1  2  8   0.0735
  1  9  2  3  2  5  2  5  2  8  -0.0359
  1  9  2  3  2  5  2  3  2  8  -0.0525
  1  9  2  3  0 15  0 15  2  8   0.0187
  1  9  3  1  1  9  3  1  2  8  -0.1308
  1  9  3  1  1  7  1  7  2  8  -0.0704
  1  9  3  1  1  7  2  5  2  8   0.0913
  1  9  3  1  1  7  2  3  2  8  -0.1387
  1  9  3  1  1  7  3  1  2  8   0.1684
  1  9  3  1  2  5  2  5  2  8  -0.0605
  1  9  3  1  2  5  2  3  2  8  -0.1231
  1  9  3  1  0 15  0 15  2  8   0.0496
  1  7  1  7  1  7  1  7  2  8  -0.0238
  1  7  1  7  1  7  2  5  2  8   0.0345
  1  7  1  7  1  7  2  3  2  8  -0.0545
  1  7  1  7  1  7  3  1  2  8   0.0401
  1  7  1  7  2  5  2  5  2  8  -0.0307
  1  7  1  7  2  5  2  3  2  8  -0.0769
  1  7  1  7  0 15  0 15  2  8   0.0397
  1  7  2  5  1  7  2  5  2  8   0.0062
  1  7  2  5  1  7  2  3  2  8   0.0811
  1  7  2  5  1  7  3  1  2  8  -0.1089
  1  7  2  5  2  5  2  5  2  8   0.0271
  1  7  2  5  2  5  2  3  2  8   0.0704
  1  7  2  5  0 15  0 15  2  8  -0.0526
  1  7  2  3  1  7  2  3  2  8  -0.0094
  1  7  2  3  1  7  3  1  2  8   0.0894
  1  7  2  3  2  5  2  5  2  8  -0.0263
  1  7  2  3  2  5  2  3  2  8  -0.0753
  1  7  2  3  0 15  0 15  2  8   0.0434
  1  7  3  1  1  7  3  1  2  8  -0.0774
  1  7  3  1  2  5  2  5  2  8   0.0502
  1  7  3  1  2  5  2  3  2  8   0.1088
  1  7  3  1  0 15  0 15  2  8  -0.0578
  2  5  2  5  2  5  2  5  2  8  -0.0731
  2  5  2  5  2  5  2  3  2  8  -0.1806
  2  5  2  5  0 15  0 15  2  8   0.0443
  2  5  2  3  2  5  2  3  2  8  -0.3309
  2  5  2  3  0 15  0 15  2  8   0.0539
  0 15  0 15  0 15  0 15  2  8  -0.1921
  0 11  0 15  0 11  0 15  2  8  -0.0875
  0 11  0 15  1  9  0 15  2  8   0.0575
  0 11  0 15  1  7  0 15  2  8  -0.0483
  1  9  0 15  1  9  0 15  2  8  -0.1238
  1  9  0 15  1  7  0 15  2  8  -0.0576
  1  7  0 15  1  7  0 15  2  8  -0.1403
  0 11  1  9  0 11  1  9  2 10  -0.0244
  0 11  1  9  0 11  1  7  2 10   0.0199
  0 11  1  9  0 11  2  5  2 10  -0.0606
  0 11  1  9  0 11  2  3  2 10   0.0016
  0 11  1  9  0 11  3  1  2 10  -0.0295
  0 11  1  9  1  9  1  7  2 10  -0.0118
  0 11  1  9  1  9  2  5  2 10  -0.0105
  0 11  1  9  1  9  2  3  2 10   0.0061
  0 11  1  9  1  9  3  1  2 10  -0.0212
  0 11  1  9  1  7  2  5  2 10  -0.0188
  0 11  1  9  1  7  2  3  2 10  -0.0201
  0 11  1  7  0 11  1  7  2 10   0.0067
  0 11  1  7  0 11  2  5  2 10  -0.0004
  0 11  1  7  0 11  2  3  2 10  -0.0416
  0 11  1  7  0 11  3  1  2 10  -0.0320
  0 11  1  7  1  9  1  7  2 10  -0.0095
  0 11  1  7  1  9  2  5  2 10  -0.0092
  0 11  1  7  1  9  2  3  2 10   0.0034
  0 11  1  7  1  9  3  1  2 10   0.0017
  0 11  1  7  1  7  2  5  2 10  -0.0107
  0 11  1  7  1  7  2  3  2 10  -0.0281
  0 11  2  5  0 11  2  5  2 10   0.0233
  0 11  2  5  0 11  2  3  2 10  -0.0122
  0 11  2  5  0 11  3  1  2 10  -0.0695
  0 11  2  5  1  9  1  7  2 10  -0.0164
  0 11  2  5  1  9  2  5  2 10   0.0030
  0 11  2  5  1  9  2  3  2 10  -0.0037
  0 11  2  5  1  9  3  1  2 10  -0.0042
  0 11  2  5  1  7  2  5  2 10   0.0040
  0 11  2  5  1  7  2  3  2 10  -0.0104
  0 11  2  3  0 11  2  3  2 10   0.0216
  0 11  2  3  0 11  3  1  2 10  -0.0484
  0 11  2  3  1  9  1  7  2 10   0.0061
  0 11  2  3  1  9  2  5  2 10   0.0106
  0 11  2  3  1  9  2  3  2 10  -0.0050
  0 11  2  3  1  9  3  1  2 10  -0.0083
  0 11  2  3  1  7  2  5  2 10  -0.0164
  0 11  2  3  1  7  2  3  2 10  -0.0014
  0 11  3  1  0 11  3  1  2 10   0.0223
  0 11  3  1  1  9  1  7  2 10  -0.0082
  0 11  3  1  1  9  2  5  2 10   0.0040
  0 11  3  1  1  9  2  3  2 10   0.0007
  0 11  3  1  1  9  3  1  2 10   0.0111
  0 11  3  1  1  7  2  5  2 10  -0.0020
  0 11  3  1  1  7  2  3  2 10  -0.0133
  1  9  1  7  1  9  1  7  2 10  -0.0144
  1  9  1  7  1  9  2  5  2 10  -0.0196
  1  9  1  7  1  9  2  3  2 10  -0.0162
  1  9  1  7  1  9  3  1  2 10  -0.0047
  1  9  1  7  1  7  2  5  2 10  -0.0223
  1  9  1  7  1  7  2  3  2 10   0.0122
  1  9  2  5  1  9  2  5  2 10   0.0194
  1  9  2  5  1  9  2  3  2 10   0.0032
  1  9  2  5  1  9  3  1  2 10  -0.0534
  1  9  2  5  1  7  2  5  2 10  -0.0035
  1  9  2  5  1  7  2  3  2 10  -0.0075
  1  9  2  3  1  9  2  3  2 10   0.0102
  1  9  2  3  1  9  3  1  2 10   0.0248
  1  9  2  3  1  7  2  5  2 10  -0.0018
  1  9  2  3  1  7  2  3  2 10  -0.0001
  1  9  3  1  1  9  3  1  2 10  -0.0009
  1  9  3  1  1  7  2  5  2 10  -0.0165
  1  9  3  1  1  7  2  3  2 10   0.0164
  1  7  2  5  1  7  2  5  2 10   0.0049
  1  7  2  5  1  7  2  3  2 10  -0.0179
  1  7  2  3  1  7  2  3  2 10   0.0188
  0 11  0 15  0 11  0 15  2 10  -0.0606
  0 11  0 15  1  9  0 15  2 10  -0.0062
  0 11  0 15  1  7  0 15  2 10  -0.0323
  0 11  0 15  2  5  0 15  2 10  -0.0205
  1  9  0 15  1  9  0 15  2 10  -0.1162
  1  9  0 15  1  7  0 15  2 10   0.0325
  1  9  0 15  2  5  0 15  2 10  -0.1417
  1  7  0 15  1  7  0 15  2 10  -0.0154
  1  7  0 15  2  5  0 15  2 10   0.0753
  2  5  0 15  2  5  0 15  2 10  -0.2028
  0 11  0 11  0 11  0 11  2 12  -0.0503
  0 11  0 11  0 11  1  9  2 12   0.0265
  0 11  0 11  0 11  1  7  2 12  -0.0438
  0 11  0 11  0 11  2  5  2 12   0.0028
  0 11  0 11  0 11  2  3  2 12  -0.0213
  0 11  0 11  0 11  3  1  2 12   0.0069
  0 11  0 11  1  9  1  9  2 12  -0.0273
  0 11  0 11  1  9  1  7  2 12  -0.0618
  0 11  0 11  1  9  2  5  2 12  -0.0285
  0 11  0 11  1  9  2  3  2 12  -0.0790
  0 11  0 11  1  7  1  7  2 12  -0.0298
  0 11  0 11  1  7  2  5  2 12   0.0362
  0 11  0 11  0 15  0 15  2 12   0.0767
  0 11  1  9  0 11  1  9  2 12   0.0224
  0 11  1  9  0 11  1  7  2 12   0.0798
  0 11  1  9  0 11  2  5  2 12  -0.0666
  0 11  1  9  0 11  2  3  2 12   0.0641
  0 11  1  9  0 11  3  1  2 12  -0.0827
  0 11  1  9  1  9  1  9  2 12   0.0181
  0 11  1  9  1  9  1  7  2 12   0.0431
  0 11  1  9  1  9  2  5  2 12   0.0237
  0 11  1  9  1  9  2  3  2 12   0.0543
  0 11  1  9  1  7  1  7  2 12   0.0195
  0 11  1  9  1  7  2  5  2 12  -0.0324
  0 11  1  9  0 15  0 15  2 12  -0.0595
  0 11  1  7  0 11  1  7  2 12  -0.0293
  0 11  1  7  0 11  2  5  2 12   0.0486
  0 11  1  7  0 11  2  3  2 12  -0.0581
  0 11  1  7  0 11  3  1  2 12   0.0404
  0 11  1  7  1  9  1  9  2 12  -0.0324
  0 11  1  7  1  9  1  7  2 12  -0.0467
  0 11  1  7  1  9  2  5  2 12  -0.0294
  0 11  1  7  1  9  2  3  2 12  -0.0440
  0 11  1  7  1  7  1  7  2 12  -0.0248
  0 11  1  7  1  7  2  5  2 12   0.0778
  0 11  1  7  0 15  0 15  2 12   0.0534
  0 11  2  5  0 11  2  5  2 12   0.0140
  0 11  2  5  0 11  2  3  2 12   0.0702
  0 11  2  5  0 11  3  1  2 12  -0.1019
  0 11  2  5  1  9  1  9  2 12   0.0405
  0 11  2  5  1  9  1  7  2 12   0.0478
  0 11  2  5  1  9  2  5  2 12   0.0271
  0 11  2  5  1  9  2  3  2 12   0.0331
  0 11  2  5  1  7  1  7  2 12   0.0310
  0 11  2  5  1  7  2  5  2 12  -0.0556
  0 11  2  5  0 15  0 15  2 12  -0.0343
  0 11  2  3  0 11  2  3  2 12   0.0297
  0 11  2  3  0 11  3  1  2 12   0.0875
  0 11  2  3  1  9  1  9  2 12  -0.0481
  0 11  2  3  1  9  1  7  2 12  -0.0489
  0 11  2  3  1  9  2  5  2 12  -0.0226
  0 11  2  3  1  9  2  3  2 12  -0.0485
  0 11  2  3  1  7  1  7  2 12  -0.0277
  0 11  2  3  1  7  2  5  2 12   0.0408
  0 11  2  3  0 15  0 15  2 12   0.0249
  0 11  3  1  0 11  3  1  2 12  -0.0429
  0 11  3  1  1  9  1  9  2 12   0.0672
  0 11  3  1  1  9  1  7  2 12   0.0627
  0 11  3  1  1  9  2  5  2 12   0.0330
  0 11  3  1  1  9  2  3  2 12   0.0595
  0 11  3  1  1  7  1  7  2 12   0.0387
  0 11  3  1  1  7  2  5  2 12  -0.0611
  0 11  3  1  0 15  0 15  2 12  -0.0231
  1  9  1  9  1  9  1  9  2 12  -0.0281
  1  9  1  9  1  9  1  7  2 12  -0.1034
  1  9  1  9  1  9  2  5  2 12  -0.0621
  1  9  1  9  1  9  2  3  2 12  -0.1065
  1  9  1  9  1  7  1  7  2 12  -0.0614
  1  9  1  9  1  7  2  5  2 12   0.0641
  1  9  1  9  0 15  0 15  2 12   0.0774
  1  9  1  7  1  9  1  7  2 12  -0.0642
  1  9  1  7  1  9  2  5  2 12  -0.0559
  1  9  1  7  1  9  2  3  2 12  -0.0702
  1  9  1  7  1  7  1  7  2 12  -0.1051
  1  9  1  7  1  7  2  5  2 12   0.1563
  1  9  1  7  0 15  0 15  2 12   0.0516
  1  9  2  5  1  9  2  5  2 12  -0.0295
  1  9  2  5  1  9  2  3  2 12  -0.1436
  1  9  2  5  1  7  1  7  2 12  -0.0475
  1  9  2  5  1  7  2  5  2 12   0.1923
  1  9  2  5  0 15  0 15  2 12   0.0603
  1  9  2  3  1  9  2  3  2 12  -0.2129
  1  9  2  3  1  7  1  7  2 12  -0.0856
  1  9  2  3  1  7  2  5  2 12   0.2583
  1  9  2  3  0 15  0 15  2 12   0.0592
  1  7  1  7  1  7  1  7  2 12   0.0409
  1  7  1  7  1  7  2  5  2 12   0.0423
  1  7  1  7  0 15  0 15  2 12   0.0260
  1  7  2  5  1  7  2  5  2 12  -0.1963
  1  7  2  5  0 15  0 15  2 12  -0.0661
  0 15  0 15  0 15  0 15  2 12  -0.1231
  0 11  0 15  0 11  0 15  2 12  -0.0758
  0 11  0 15  1  9  0 15  2 12   0.0494
  0 11  0 15  1  7  0 15  2 12  -0.0311
  0 11  0 15  2  5  0 15  2 12   0.0174
  0 11  0 15  2  3  0 15  2 12  -0.0052
  1  9  0 15  1  9  0 15  2 12  -0.0038
  1  9  0 15  1  7  0 15  2 12   0.0187
  1  9  0 15  2  5  0 15  2 12  -0.0515
  1  9  0 15  2  3  0 15  2 12  -0.0358
  1  7  0 15  1  7  0 15  2 12  -0.0133
  1  7  0 15  2  5  0 15  2 12   0.0100
  1  7  0 15  2  3  0 15  2 12  -0.0617
  2  5  0 15  2  5  0 15  2 12  -0.0005
  2  5  0 15  2  3  0 15  2 12  -0.0440
  2  3  0 15  2  3  0 15  2 12  -0.0292
  0 11  1  9  0 11  1  9  2 14   0.0052
  0 11  1  9  0 11  1  7  2 14   0.0140
  0 11  1  9  0 11  2  5  2 14  -0.0383
  0 11  1  9  0 11  2  3  2 14  -0.0076
  0 11  1  9  1  9  1  7  2 14   0.0056
  0 11  1  9  1  9  2  5  2 14  -0.0274
  0 11  1  7  0 11  1  7  2 14   0.0540
  0 11  1  7  0 11  2  5  2 14   0.0068
  0 11  1  7  0 11  2  3  2 14  -0.0206
  0 11  1  7  1  9  1  7  2 14  -0.0081
  0 11  1  7  1  9  2  5  2 14  -0.0241
  0 11  2  5  0 11  2  5  2 14   0.0374
  0 11  2  5  0 11  2  3  2 14  -0.0217
  0 11  2  5  1  9  1  7  2 14  -0.0009
  0 11  2  5  1  9  2  5  2 14   0.0114
  0 11  2  3  0 11  2  3  2 14   0.0415
  0 11  2  3  1  9  1  7  2 14  -0.0028
  0 11  2  3  1  9  2  5  2 14   0.0074
  1  9  1  7  1  9  1  7  2 14   0.0001
  1  9  1  7  1  9  2  5  2 14  -0.0071
  1  9  2  5  1  9  2  5  2 14  -0.0077
  0 11  0 15  0 11  0 15  2 14  -0.0547
  0 11  0 15  1  9  0 15  2 14   0.0206
  0 11  0 15  1  7  0 15  2 14  -0.0199
  0 11  0 15  2  5  0 15  2 14  -0.0090
  0 11  0 15  2  3  0 15  2 14   0.0009
  0 11  0 15  3  1  0 15  2 14  -0.0138
  1  9  0 15  1  9  0 15  2 14  -0.0700
  1  9  0 15  1  7  0 15  2 14   0.0502
  1  9  0 15  2  5  0 15  2 14  -0.0917
  1  9  0 15  2  3  0 15  2 14   0.0463
  1  9  0 15  3  1  0 15  2 14  -0.0786
  1  7  0 15  1  7  0 15  2 14  -0.0183
  1  7  0 15  2  5  0 15  2 14   0.0450
  1  7  0 15  2  3  0 15  2 14  -0.0491
  1  7  0 15  3  1  0 15  2 14   0.0486
  2  5  0 15  2  5  0 15  2 14  -0.0222
  2  5  0 15  2  3  0 15  2 14   0.0702
  2  5  0 15  3  1  0 15  2 14  -0.1011
  2  3  0 15  2  3  0 15  2 14   0.0084
  2  3  0 15  3  1  0 15  2 14   0.0884
  3  1  0 15  3  1  0 15  2 14  -0.0644
  0 11  0 11  0 11  0 11  2 16  -0.0209
  0 11  0 11  0 11  1  9  2 16   0.0681
  0 11  0 11  0 11  1  7  2 16  -0.0376
  0 11  0 11  0 11  2  5  2 16   0.0519
  0 11  0 11  1  9  1  9  2 16  -0.0298
  0 11  0 11  1  9  1  7  2 16  -0.0887
  0 11  0 11  0 15  0 15  2 16   0.0518
  0 11  1  9  0 11  1  9  2 16  -0.0301
  0 11  1  9  0 11  1  7  2 16   0.0925
  0 11  1  9  0 11  2  5  2 16  -0.1274
  0 11  1  9  1  9  1  9  2 16   0.0235
  0 11  1  9  1  9  1  7  2 16   0.0752
  0 11  1  9  0 15  0 15  2 16  -0.0513
  0 11  1  7  0 11  1  7  2 16   0.0002
  0 11  1  7  0 11  2  5  2 16   0.1160
  0 11  1  7  1  9  1  9  2 16  -0.0162
  0 11  1  7  1  9  1  7  2 16  -0.0547
  0 11  1  7  0 15  0 15  2 16   0.0296
  0 11  2  5  0 11  2  5  2 16  -0.1506
  0 11  2  5  1  9  1  9  2 16   0.0636
  0 11  2  5  1  9  1  7  2 16   0.1367
  0 11  2  5  0 15  0 15  2 16  -0.0256
  1  9  1  9  1  9  1  9  2 16   0.0155
  1  9  1  9  1  9  1  7  2 16  -0.1795
  1  9  1  9  0 15  0 15  2 16   0.0537
  1  9  1  7  1  9  1  7  2 16  -0.4029
  1  9  1  7  0 15  0 15  2 16   0.0927
  0 15  0 15  0 15  0 15  2 16  -0.0916
  0 11  0 15  0 11  0 15  2 16  -0.0597
  0 11  0 15  1  9  0 15  2 16   0.0274
  0 11  0 15  1  7  0 15  2 16  -0.0308
  0 11  0 15  2  5  0 15  2 16   0.0119
  0 11  0 15  2  3  0 15  2 16  -0.0070
  0 11  0 15  3  1  0 15  2 16   0.0026
  1  9  0 15  1  9  0 15  2 16   0.0366
  1  9  0 15  1  7  0 15  2 16   0.0120
  1  9  0 15  2  5  0 15  2 16  -0.0235
  1  9  0 15  2  3  0 15  2 16  -0.0086
  1  9  0 15  3  1  0 15  2 16  -0.0258
  1  7  0 15  1  7  0 15  2 16  -0.0029
  1  7  0 15  2  5  0 15  2 16   0.0037
  1  7  0 15  2  3  0 15  2 16  -0.0310
  1  7  0 15  3  1  0 15  2 16  -0.0149
  2  5  0 15  2  5  0 15  2 16   0.0304
  2  5  0 15  2  3  0 15  2 16  -0.0096
  2  5  0 15  3  1  0 15  2 16  -0.0483
  2  3  0 15  2  3  0 15  2 16   0.0315
  2  3  0 15  3  1  0 15  2 16  -0.0267
  3  1  0 15  3  1  0 15  2 16   0.0290
  0 11  1  9  0 11  1  9  2 18   0.0648
  0 11  1  9  0 11  1  7  2 18  -0.0011
  0 11  1  7  0 11  1  7  2 18   0.0219
  0 11  0 15  0 11  0 15  2 18   0.0100
  0 11  0 15  1  9  0 15  2 18  -0.0018
  0 11  0 15  1  7  0 15  2 18   0.0007
  0 11  0 15  2  5  0 15  2 18  -0.0082
  0 11  0 15  2  3  0 15  2 18   0.0133
  1  9  0 15  1  9  0 15  2 18   0.0296
  1  9  0 15  1  7  0 15  2 18  -0.0001
  1  9  0 15  2  5  0 15  2 18  -0.0166
  1  9  0 15  2  3  0 15  2 18   0.0128
  1  7  0 15  1  7  0 15  2 18   0.0242
  1  7  0 15  2  5  0 15  2 18  -0.0007
  1  7  0 15  2  3  0 15  2 18  -0.0229
  2  5  0 15  2  5  0 15  2 18   0.0648
  2  5  0 15  2  3  0 15  2 18   0.0120
  2  3  0 15  2  3  0 15  2 18   0.0110
  0 11  0 11  0 11  0 11  2 20   0.0904
  0 11  0 11  0 11  1  9  2 20   0.0427
  0 11  0 11  0 15  0 15  2 20   0.0009
  0 11  1  9  0 11  1  9  2 20  -0.0209
  0 11  1  9  0 15  0 15  2 20  -0.0293
  0 15  0 15  0 15  0 15  2 20  -0.0008
  0 11  0 15  0 11  0 15  2 20   0.0433
  0 11  0 15  1  9  0 15  2 20   0.0103
  0 11  0 15  1  7  0 15  2 20   0.0048
  0 11  0 15  2  5  0 15  2 20   0.0212
  1  9  0 15  1  9  0 15  2 20   0.0458
  1  9  0 15  1  7  0 15  2 20   0.0014
  1  9  0 15  2  5  0 15  2 20  -0.0211
  1  7  0 15  1  7  0 15  2 20   0.0402
  1  7  0 15  2  5  0 15  2 20   0.0048
  2  5  0 15  2  5  0 15  2 20   0.0158
  0 11  0 15  0 11  0 15  2 22   0.0412
  0 11  0 15  1  9  0 15  2 22   0.0074
  0 11  0 15  1  7  0 15  2 22  -0.0072
  1  9  0 15  1  9  0 15  2 22   0.0096
  1  9  0 15  1  7  0 15  2 22   0.0291
  1  7  0 15  1  7  0 15  2 22   0.0087
  0 15  0 15  0 15  0 15  2 24   0.0161
  0 11  0 15  0 11  0 15  2 24   0.0565
  0 11  0 15  1  9  0 15  2 24   0.0271
  1  9  0 15  1  9  0 15  2 24   0.0918
  0 11  0 15  0 11  0 15  2 26   0.0199
  0 15  0 15  0 15  0 15  2 28   0.0509
