  0 11  0 11  0 11  0 11  2  0  -0.1547
  0 11  0 11  1  9  1  9  2  0  -0.4298
  0 11  0 11  1  7  1  7  2  0  -0.1235
  0 11  0 11  2  5  2  5  2  0  -0.2155
  0 11  0 11  2  3  2  3  2  0  -0.0968
  0 11  0 11  3  1  3  1  2  0  -0.0927
  0 11  0 11  0 15  0 15  2  0   1.1385
  1  9  1  9  1  9  1  9  2  0  -0.3294
  1  9  1  9  1  7  1  7  2  0  -0.8442
  1  9  1  9  2  5  2  5  2  0  -0.2074
  1  9  1  9  2  3  2  3  2  0  -0.2842
  1  9  1  9  3  1  3  1  2  0  -0.1307
  1  9  1  9  0 15  0 15  2  0   0.2547
  1  7  1  7  1  7  1  7  2  0  -0.1369
  1  7  1  7  2  5  2  5  2  0  -0.2981
  1  7  1  7  2  3  2  3  2  0  -0.1138
  1  7  1  7  3  1  3  1  2  0  -0.1162
  1  7  1  7  0 15  0 15  2  0   0.4725
  2  5  2  5  2  5  2  5  2  0  -0.3347
  2  5  2  5  2  3  2  3  2  0  -0.6131
  2  5  2  5  3  1  3  1  2  0  -0.1794
  2  5  2  5  0 15  0 15  2  0   0.1843
  2  3  2  3  2  3  2  3  2  0  -0.0836
  2  3  2  3  3  1  3  1  2  0  -0.1463
  2  3  2  3  0 15  0 15  2  0   0.2237
  3  1  3  1  3  1  3  1  2  0  -0.4915
  3  1  3  1  0 15  0 15  2  0   0.1147
  0 15  0 15  0 15  0 15  2  0  -0.2324
  0 11  1  9  0 11  1  9  2  2  -0.1982
  0 11  1  9  1  9  1  7  2  2  -0.0687
  0 11  1  9  1  7  2  5  2  2  -0.0433
  0 11  1  9  2  5  2  3  2  2  -0.0178
  0 11  1  9  2  3  3  1  2  2  -0.0108
  1  9  1  7  1  9  1  7  2  2  -0.1329
  1  9  1  7  1  7  2  5  2  2  -0.0554
  1  9  1  7  2  5  2  3  2  2  -0.0147
  1  9  1  7  2  3  3  1  2  2  -0.0073
  1  7  2  5  1  7  2  5  2  2  -0.1174
  1  7  2  5  2  5  2  3  2  2  -0.0485
  1  7  2  5  2  3  3  1  2  2  -0.0086
  2  5  2  3  2  5  2  3  2  2  -0.0796
  2  5  2  3  2  3  3  1  2  2  -0.0330
  2  3  3  1  2  3  3  1  2  2  -0.0762
  0 11  0 11  0 11  0 11  2  4  -0.2651
  0 11  0 11  0 11  1  9  2  4  -0.0476
  0 11  0 11  0 11  1  7  2  4  -0.0511
  0 11  0 11  1  9  1  9  2  4  -0.0593
  0 11  0 11  1  9  1  7  2  4  -0.0953
  0 11  0 11  1  9  2  5  2  4  -0.1475
  0 11  0 11  1  7  1  7  2  4  -0.0903
  0 11  0 11  1  7  2  5  2  4  -0.0222
  0 11  0 11  1  7  2  3  2  4  -0.0216
  0 11  0 11  2  5  2  5  2  4  -0.0283
  0 11  0 11  2  5  2  3  2  4  -0.0555
  0 11  0 11  2  5  3  1  2  4  -0.0699
  0 11  0 11  2  3  2  3  2  4  -0.0369
  0 11  0 11  2  3  3  1  2  4   0.0243
  0 11  0 11  0 15  0 15  2  4   0.2121
  0 11  1  9  0 11  1  9  2  4   0.0108
  0 11  1  9  0 11  1  7  2  4   0.0693
  0 11  1  9  1  9  1  9  2  4   0.0120
  0 11  1  9  1  9  1  7  2  4   0.0370
  0 11  1  9  1  9  2  5  2  4   0.0705
  0 11  1  9  1  7  1  7  2  4   0.0205
  0 11  1  9  1  7  2  5  2  4   0.0257
  0 11  1  9  1  7  2  3  2  4  -0.0097
  0 11  1  9  2  5  2  5  2  4   0.0036
  0 11  1  9  2  5  2  3  2  4   0.0211
  0 11  1  9  2  5  3  1  2  4   0.0277
  0 11  1  9  2  3  2  3  2  4   0.0092
  0 11  1  9  2  3  3  1  2  4   0.0016
  0 11  1  9  0 15  0 15  2  4  -0.1130
  0 11  1  7  0 11  1  7  2  4  -0.1976
  0 11  1  7  1  9  1  9  2  4  -0.1040
  0 11  1  7  1  9  1  7  2  4  -0.0782
  0 11  1  7  1  9  2  5  2  4  -0.1611
  0 11  1  7  1  7  1  7  2  4  -0.1028
  0 11  1  7  1  7  2  5  2  4   0.0576
  0 11  1  7  1  7  2  3  2  4  -0.1197
  0 11  1  7  2  5  2  5  2  4  -0.0620
  0 11  1  7  2  5  2  3  2  4  -0.0482
  0 11  1  7  2  5  3  1  2  4  -0.0778
  0 11  1  7  2  3  2  3  2  4  -0.0437
  0 11  1  7  2  3  3  1  2  4   0.0687
  0 11  1  7  0 15  0 15  2  4   0.2605
  1  9  1  9  1  9  1  9  2  4  -0.2465
  1  9  1  9  1  9  1  7  2  4  -0.0148
  1  9  1  9  1  9  2  5  2  4  -0.1517
  1  9  1  9  1  7  1  7  2  4  -0.1681
  1  9  1  9  1  7  2  5  2  4   0.0625
  1  9  1  9  1  7  2  3  2  4  -0.1535
  1  9  1  9  2  5  2  5  2  4  -0.0873
  1  9  1  9  2  5  2  3  2  4  -0.0311
  1  9  1  9  2  5  3  1  2  4  -0.0668
  1  9  1  9  2  3  2  3  2  4  -0.0520
  1  9  1  9  2  3  3  1  2  4   0.0780
  1  9  1  9  0 15  0 15  2  4   0.1482
  1  9  1  7  1  9  1  7  2  4  -0.0254
  1  9  1  7  1  9  2  5  2  4   0.0269
  1  9  1  7  1  7  1  7  2  4  -0.1434
  1  9  1  7  1  7  2  5  2  4   0.0672
  1  9  1  7  1  7  2  3  2  4  -0.1425
  1  9  1  7  2  5  2  5  2  4  -0.0247
  1  9  1  7  2  5  2  3  2  4  -0.0050
  1  9  1  7  2  5  3  1  2  4  -0.0036
  1  9  1  7  2  3  2  3  2  4  -0.0367
  1  9  1  7  2  3  3  1  2  4   0.0558
  1  9  1  7  0 15  0 15  2  4  -0.0149
  1  9  2  5  1  9  2  5  2  4  -0.3058
  1  9  2  5  1  7  1  7  2  4  -0.2023
  1  9  2  5  1  7  2  5  2  4   0.1393
  1  9  2  5  1  7  2  3  2  4  -0.4296
  1  9  2  5  2  5  2  5  2  4  -0.1475
  1  9  2  5  2  5  2  3  2  4  -0.0622
  1  9  2  5  2  5  3  1  2  4  -0.1411
  1  9  2  5  2  3  2  3  2  4  -0.0906
  1  9  2  5  2  3  3  1  2  4   0.1191
  1  9  2  5  0 15  0 15  2  4   0.0732
  1  7  1  7  1  7  1  7  2  4  -0.1494
  1  7  1  7  1  7  2  5  2  4   0.0030
  1  7  1  7  1  7  2  3  2  4  -0.0722
  1  7  1  7  2  5  2  5  2  4  -0.0464
  1  7  1  7  2  5  2  3  2  4  -0.0726
  1  7  1  7  2  5  3  1  2  4  -0.0931
  1  7  1  7  2  3  2  3  2  4  -0.0441
  1  7  1  7  2  3  3  1  2  4   0.0269
  1  7  1  7  0 15  0 15  2  4   0.0806
  1  7  2  5  1  7  2  5  2  4   0.0128
  1  7  2  5  1  7  2  3  2  4   0.0764
  1  7  2  5  2  5  2  5  2  4   0.0183
  1  7  2  5  2  5  2  3  2  4   0.0495
  1  7  2  5  2  5  3  1  2  4   0.0708
  1  7  2  5  2  3  2  3  2  4   0.0267
  1  7  2  5  2  3  3  1  2  4   0.0043
  1  7  2  5  0 15  0 15  2  4  -0.0712
  1  7  2  3  1  7  2  3  2  4  -0.1767
  1  7  2  3  2  5  2  5  2  4  -0.0855
  1  7  2  3  2  5  2  3  2  4  -0.0976
  1  7  2  3  2  5  3  1  2  4  -0.1132
  1  7  2  3  2  3  2  3  2  4  -0.0866
  1  7  2  3  2  3  3  1  2  4   0.1083
  1  7  2  3  0 15  0 15  2  4   0.1357
  2  5  2  5  2  5  2  5  2  4  -0.1939
  2  5  2  5  2  5  2  3  2  4  -0.0820
  2  5  2  5  2  5  3  1  2  4  -0.1450
  2  5  2  5  2  3  2  3  2  4  -0.1214
  2  5  2  5  2  3  3  1  2  4   0.1169
  2  5  2  5  0 15  0 15  2  4   0.0742
  2  5  2  3  2  5  2  3  2  4  -0.0782
  2  5  2  3  2  5  3  1  2  4  -0.0501
  2  5  2  3  2  3  2  3  2  4  -0.1392
  2  5  2  3  2  3  3  1  2  4   0.1468
  2  5  2  3  0 15  0 15  2  4   0.0201
  2  5  3  1  2  5  3  1  2  4  -0.2745
  2  5  3  1  2  3  2  3  2  4  -0.1572
  2  5  3  1  2  3  3  1  2  4   0.3176
  2  5  3  1  0 15  0 15  2  4   0.0559
  2  3  2  3  2  3  2  3  2  4  -0.0566
  2  3  2  3  2  3  3  1  2  4   0.0322
  2  3  2  3  0 15  0 15  2  4   0.0388
  2  3  3  1  2  3  3  1  2  4  -0.1447
  2  3  3  1  0 15  0 15  2  4  -0.0685
  0 15  0 15  0 15  0 15  2  4  -0.3525
  0 11  0 15  0 11  0 15  2  4  -0.2451
  0 11  1  9  0 11  1  9  2  6  -0.0933
  0 11  1  9  0 11  1  7  2  6   0.0453
  0 11  1  9  0 11  2  5  2  6  -0.0602
  0 11  1  9  1  9  1  7  2  6  -0.0215
  0 11  1  9  1  9  2  5  2  6  -0.0050
  0 11  1  9  1  9  2  3  2  6   0.0027
  0 11  1  9  1  7  2  5  2  6  -0.0229
  0 11  1  9  1  7  2  3  2  6  -0.0006
  0 11  1  9  1  7  3  1  2  6  -0.0173
  0 11  1  9  2  5  2  3  2  6  -0.0059
  0 11  1  9  2  5  3  1  2  6  -0.0009
  0 11  1  7  0 11  1  7  2  6  -0.1317
  0 11  1  7  0 11  2  5  2  6  -0.0232
  0 11  1  7  1  9  1  7  2  6  -0.0082
  0 11  1  7  1  9  2  5  2  6  -0.0093
  0 11  1  7  1  9  2  3  2  6   0.0013
  0 11  1  7  1  7  2  5  2  6  -0.0036
  0 11  1  7  1  7  2  3  2  6  -0.0158
  0 11  1  7  1  7  3  1  2  6  -0.0126
  0 11  1  7  2  5  2  3  2  6  -0.0012
  0 11  1  7  2  5  3  1  2  6  -0.0011
  0 11  2  5  0 11  2  5  2  6  -0.0807
  0 11  2  5  1  9  1  7  2  6  -0.0309
  0 11  2  5  1  9  2  5  2  6   0.0067
  0 11  2  5  1  9  2  3  2  6  -0.0278
  0 11  2  5  1  7  2  5  2  6  -0.0108
  0 11  2  5  1  7  2  3  2  6  -0.0019
  0 11  2  5  1  7  3  1  2  6  -0.0056
  0 11  2  5  2  5  2  3  2  6  -0.0037
  0 11  2  5  2  5  3  1  2  6   0.0043
  1  9  1  7  1  9  1  7  2  6  -0.0828
  1  9  1  7  1  9  2  5  2  6  -0.0268
  1  9  1  7  1  9  2  3  2  6  -0.0069
  1  9  1  7  1  7  2  5  2  6  -0.0342
  1  9  1  7  1  7  2  3  2  6   0.0158
  1  9  1  7  1  7  3  1  2  6   0.0005
  1  9  1  7  2  5  2  3  2  6  -0.0213
  1  9  1  7  2  5  3  1  2  6  -0.0135
  1  9  2  5  1  9  2  5  2  6  -0.1055
  1  9  2  5  1  9  2  3  2  6   0.0210
  1  9  2  5  1  7  2  5  2  6  -0.0016
  1  9  2  5  1  7  2  3  2  6  -0.0069
  1  9  2  5  1  7  3  1  2  6  -0.0025
  1  9  2  5  2  5  2  3  2  6   0.0098
  1  9  2  5  2  5  3  1  2  6   0.0046
  1  9  2  3  1  9  2  3  2  6  -0.0861
  1  9  2  3  1  7  2  5  2  6   0.0014
  1  9  2  3  1  7  2  3  2  6  -0.0320
  1  9  2  3  1  7  3  1  2  6  -0.0127
  1  9  2  3  2  5  2  3  2  6   0.0113
  1  9  2  3  2  5  3  1  2  6   0.0169
  1  7  2  5  1  7  2  5  2  6  -0.0706
  1  7  2  5  1  7  2  3  2  6   0.0199
  1  7  2  5  1  7  3  1  2  6  -0.0390
  1  7  2  5  2  5  2  3  2  6  -0.0090
  1  7  2  5  2  5  3  1  2  6  -0.0065
  1  7  2  3  1  7  2  3  2  6  -0.0686
  1  7  2  3  1  7  3  1  2  6  -0.0139
  1  7  2  3  2  5  2  3  2  6  -0.0222
  1  7  2  3  2  5  3  1  2  6  -0.0169
  1  7  3  1  1  7  3  1  2  6  -0.0376
  1  7  3  1  2  5  2  3  2  6  -0.0166
  1  7  3  1  2  5  3  1  2  6   0.0280
  2  5  2  3  2  5  2  3  2  6  -0.0773
  2  5  2  3  2  5  3  1  2  6  -0.0163
  2  5  3  1  2  5  3  1  2  6  -0.0832
  0 11  0 15  0 11  0 15  2  6  -0.0844
  0 11  0 15  1  9  0 15  2  6  -0.0092
  1  9  0 15  1  9  0 15  2  6  -0.2929
  0 11  0 11  0 11  0 11  2  8  -0.1336
  0 11  0 11  0 11  1  9  2  8   0.0000
  0 11  0 11  0 11  1  7  2  8  -0.0484
  0 11  0 11  0 11  2  5  2  8  -0.0063
  0 11  0 11  0 11  2  3  2  8  -0.0181
  0 11  0 11  1  9  1  9  2  8  -0.0343
  0 11  0 11  1  9  1  7  2  8  -0.0599
  0 11  0 11  1  9  2  5  2  8  -0.0530
  0 11  0 11  1  9  2  3  2  8  -0.0583
  0 11  0 11  1  9  3  1  2  8  -0.0681
  0 11  0 11  1  7  1  7  2  8  -0.0415
  0 11  0 11  1  7  2  5  2  8   0.0093
  0 11  0 11  1  7  2  3  2  8  -0.0241
  0 11  0 11  1  7  3  1  2  8   0.0020
  0 11  0 11  2  5  2  5  2  8  -0.0155
  0 11  0 11  2  5  2  3  2  8  -0.0507
  0 11  0 11  0 15  0 15  2  8   0.1241
  0 11  1  9  0 11  1  9  2  8   0.0167
  0 11  1  9  0 11  1  7  2  8   0.0550
  0 11  1  9  0 11  2  5  2  8  -0.0211
  0 11  1  9  0 11  2  3  2  8   0.0831
  0 11  1  9  1  9  1  9  2  8   0.0147
  0 11  1  9  1  9  1  7  2  8   0.0311
  0 11  1  9  1  9  2  5  2  8   0.0397
  0 11  1  9  1  9  2  3  2  8   0.0355
  0 11  1  9  1  9  3  1  2  8   0.0466
  0 11  1  9  1  7  1  7  2  8   0.0155
  0 11  1  9  1  7  2  5  2  8   0.0066
  0 11  1  9  1  7  2  3  2  8   0.0081
  0 11  1  9  1  7  3  1  2  8   0.0027
  0 11  1  9  2  5  2  5  2  8   0.0064
  0 11  1  9  2  5  2  3  2  8   0.0256
  0 11  1  9  0 15  0 15  2  8  -0.0591
  0 11  1  7  0 11  1  7  2  8  -0.1001
  0 11  1  7  0 11  2  5  2  8   0.0115
  0 11  1  7  0 11  2  3  2  8  -0.0462
  0 11  1  7  1  9  1  9  2  8  -0.0475
  0 11  1  7  1  9  1  7  2  8  -0.0454
  0 11  1  7  1  9  2  5  2  8  -0.0503
  0 11  1  7  1  9  2  3  2  8  -0.0381
  0 11  1  7  1  9  3  1  2  8  -0.0543
  0 11  1  7  1  7  1  7  2  8  -0.0388
  0 11  1  7  1  7  2  5  2  8   0.0513
  0 11  1  7  1  7  2  3  2  8  -0.0403
  0 11  1  7  1  7  3  1  2  8   0.0495
  0 11  1  7  2  5  2  5  2  8  -0.0270
  0 11  1  7  2  5  2  3  2  8  -0.0506
  0 11  1  7  0 15  0 15  2  8   0.0975
  0 11  2  5  0 11  2  5  2  8  -0.0113
  0 11  2  5  0 11  2  3  2  8   0.0721
  0 11  2  5  1  9  1  9  2  8   0.0296
  0 11  2  5  1  9  1  7  2  8   0.0187
  0 11  2  5  1  9  2  5  2  8   0.0281
  0 11  2  5  1  9  2  3  2  8   0.0156
  0 11  2  5  1  9  3  1  2  8   0.0273
  0 11  2  5  1  7  1  7  2  8   0.0238
  0 11  2  5  1  7  2  5  2  8  -0.0165
  0 11  2  5  1  7  2  3  2  8   0.0187
  0 11  2  5  1  7  3  1  2  8  -0.0179
  0 11  2  5  2  5  2  5  2  8   0.0147
  0 11  2  5  2  5  2  3  2  8   0.0178
  0 11  2  5  0 15  0 15  2  8  -0.0317
  0 11  2  3  0 11  2  3  2  8  -0.1349
  0 11  2  3  1  9  1  9  2  8  -0.0907
  0 11  2  3  1  9  1  7  2  8  -0.0446
  0 11  2  3  1  9  2  5  2  8  -0.0581
  0 11  2  3  1  9  2  3  2  8  -0.0510
  0 11  2  3  1  9  3  1  2  8  -0.0628
  0 11  2  3  1  7  1  7  2  8  -0.0459
  0 11  2  3  1  7  2  5  2  8   0.0494
  0 11  2  3  1  7  2  3  2  8  -0.0495
  0 11  2  3  1  7  3  1  2  8   0.0533
  0 11  2  3  2  5  2  5  2  8  -0.0236
  0 11  2  3  2  5  2  3  2  8  -0.0524
  0 11  2  3  0 15  0 15  2  8   0.0624
  1  9  1  9  1  9  1  9  2  8  -0.1242
  1  9  1  9  1  9  1  7  2  8  -0.0828
  1  9  1  9  1  9  2  5  2  8  -0.0787
  1  9  1  9  1  9  2  3  2  8  -0.0691
  1  9  1  9  1  9  3  1  2  8  -0.0803
  1  9  1  9  1  7  1  7  2  8  -0.0935
  1  9  1  9  1  7  2  5  2  8   0.0462
  1  9  1  9  1  7  2  3  2  8  -0.0540
  1  9  1  9  1  7  3  1  2  8   0.0346
  1  9  1  9  2  5  2  5  2  8  -0.0387
  1  9  1  9  2  5  2  3  2  8  -0.0703
  1  9  1  9  0 15  0 15  2  8   0.0733
  1  9  1  7  1  9  1  7  2  8  -0.0349
  1  9  1  7  1  9  2  5  2  8  -0.0346
  1  9  1  7  1  9  2  3  2  8   0.0122
  1  9  1  7  1  9  3  1  2  8   0.0000
  1  9  1  7  1  7  1  7  2  8  -0.1080
  1  9  1  7  1  7  2  5  2  8   0.0831
  1  9  1  7  1  7  2  3  2  8  -0.0806
  1  9  1  7  1  7  3  1  2  8   0.0941
  1  9  1  7  2  5  2  5  2  8  -0.0351
  1  9  1  7  2  5  2  3  2  8  -0.0502
  1  9  1  7  0 15  0 15  2  8   0.0350
  1  9  2  5  1  9  2  5  2  8  -0.1323
  1  9  2  5  1  9  2  3  2  8  -0.0757
  1  9  2  5  1  9  3  1  2  8  -0.1132
  1  9  2  5  1  7  1  7  2  8  -0.0895
  1  9  2  5  1  7  2  5  2  8   0.1484
  1  9  2  5  1  7  2  3  2  8  -0.1474
  1  9  2  5  1  7  3  1  2  8   0.1587
  1  9  2  5  2  5  2  5  2  8  -0.0428
  1  9  2  5  2  5  2  3  2  8  -0.0882
  1  9  2  5  0 15  0 15  2  8   0.0606
  1  9  2  3  1  9  2  3  2  8  -0.0608
  1  9  2  3  1  9  3  1  2  8  -0.0838
  1  9  2  3  1  7  1  7  2  8  -0.0624
  1  9  2  3  1  7  2  5  2  8   0.0733
  1  9  2  3  1  7  2  3  2  8  -0.1074
  1  9  2  3  1  7  3  1  2  8   0.0843
  1  9  2  3  2  5  2  5  2  8  -0.0397
  1  9  2  3  2  5  2  3  2  8  -0.0485
  1  9  2  3  0 15  0 15  2  8   0.0255
  1  9  3  1  1  9  3  1  2  8  -0.1602
  1  9  3  1  1  7  1  7  2  8  -0.0730
  1  9  3  1  1  7  2  5  2  8   0.1067
  1  9  3  1  1  7  2  3  2  8  -0.1453
  1  9  3  1  1  7  3  1  2  8   0.1951
  1  9  3  1  2  5  2  5  2  8  -0.0554
  1  9  3  1  2  5  2  3  2  8  -0.1222
  1  9  3  1  0 15  0 15  2  8   0.0444
  1  7  1  7  1  7  1  7  2  8  -0.0641
  1  7  1  7  1  7  2  5  2  8   0.0229
  1  7  1  7  1  7  2  3  2  8  -0.0318
  1  7  1  7  1  7  3  1  2  8   0.0256
  1  7  1  7  2  5  2  5  2  8  -0.0205
  1  7  1  7  2  5  2  3  2  8  -0.0670
  1  7  1  7  0 15  0 15  2  8   0.0469
  1  7  2  5  1  7  2  5  2  8  -0.0354
  1  7  2  5  1  7  2  3  2  8   0.0810
  1  7  2  5  1  7  3  1  2  8  -0.0824
  1  7  2  5  2  5  2  5  2  8   0.0205
  1  7  2  5  2  5  2  3  2  8   0.0671
  1  7  2  5  0 15  0 15  2  8  -0.0484
  1  7  2  3  1  7  2  3  2  8  -0.0520
  1  7  2  3  1  7  3  1  2  8   0.0605
  1  7  2  3  2  5  2  5  2  8  -0.0350
  1  7  2  3  2  5  2  3  2  8  -0.0680
  1  7  2  3  0 15  0 15  2  8   0.0454
  1  7  3  1  1  7  3  1  2  8  -0.1164
  1  7  3  1  2  5  2  5  2  8   0.0587
  1  7  3  1  2  5  2  3  2  8   0.1046
  1  7  3  1  0 15  0 15  2  8  -0.0543
  2  5  2  5  2  5  2  5  2  8  -0.0906
  2  5  2  5  2  5  2  3  2  8  -0.1933
  2  5  2  5  0 15  0 15  2  8   0.0333
  2  5  2  3  2  5  2  3  2  8  -0.3805
  2  5  2  3  0 15  0 15  2  8   0.0543
  0 15  0 15  0 15  0 15  2  8  -0.1842
  0 11  0 15  0 11  0 15  2  8  -0.0904
  0 11  0 15  1  9  0 15  2  8   0.0437
  0 11  0 15  1  7  0 15  2  8  -0.0257
  1  9  0 15  1  9  0 15  2  8  -0.1417
  1  9  0 15  1  7  0 15  2  8  -0.0255
  1  7  0 15  1  7  0 15  2  8  -0.0959
  0 11  1  9  0 11  1  9  2 10  -0.0761
  0 11  1  9  0 11  1  7  2 10   0.0186
  0 11  1  9  0 11  2  5  2 10  -0.0442
  0 11  1  9  0 11  2  3  2 10   0.0039
  0 11  1  9  0 11  3  1  2 10  -0.0184
  0 11  1  9  1  9  1  7  2 10  -0.0104
  0 11  1  9  1  9  2  5  2 10  -0.0065
  0 11  1  9  1  9  2  3  2 10   0.0036
  0 11  1  9  1  9  3  1  2 10  -0.0105
  0 11  1  9  1  7  2  5  2 10  -0.0170
  0 11  1  9  1  7  2  3  2 10  -0.0090
  0 11  1  7  0 11  1  7  2 10  -0.0502
  0 11  1  7  0 11  2  5  2 10   0.0083
  0 11  1  7  0 11  2  3  2 10  -0.0307
  0 11  1  7  0 11  3  1  2 10  -0.0123
  0 11  1  7  1  9  1  7  2 10  -0.0105
  0 11  1  7  1  9  2  5  2 10  -0.0109
  0 11  1  7  1  9  2  3  2 10   0.0020
  0 11  1  7  1  9  3  1  2 10  -0.0022
  0 11  1  7  1  7  2  5  2 10  -0.0047
  0 11  1  7  1  7  2  3  2 10  -0.0152
  0 11  2  5  0 11  2  5  2 10  -0.0460
  0 11  2  5  0 11  2  3  2 10   0.0018
  0 11  2  5  0 11  3  1  2 10  -0.0350
  0 11  2  5  1  9  1  7  2 10  -0.0187
  0 11  2  5  1  9  2  5  2 10   0.0075
  0 11  2  5  1  9  2  3  2 10  -0.0134
  0 11  2  5  1  9  3  1  2 10   0.0029
  0 11  2  5  1  7  2  5  2 10  -0.0015
  0 11  2  5  1  7  2  3  2 10   0.0008
  0 11  2  3  0 11  2  3  2 10  -0.0449
  0 11  2  3  0 11  3  1  2 10  -0.0181
  0 11  2  3  1  9  1  7  2 10  -0.0030
  0 11  2  3  1  9  2  5  2 10   0.0044
  0 11  2  3  1  9  2  3  2 10  -0.0078
  0 11  2  3  1  9  3  1  2 10  -0.0067
  0 11  2  3  1  7  2  5  2 10  -0.0059
  0 11  2  3  1  7  2  3  2 10   0.0028
  0 11  3  1  0 11  3  1  2 10  -0.0260
  0 11  3  1  1  9  1  7  2 10  -0.0180
  0 11  3  1  1  9  2  5  2 10   0.0051
  0 11  3  1  1  9  2  3  2 10  -0.0081
  0 11  3  1  1  9  3  1  2 10   0.0158
  0 11  3  1  1  7  2  5  2 10  -0.0043
  0 11  3  1  1  7  2  3  2 10  -0.0027
  1  9  1  7  1  9  1  7  2 10  -0.0741
  1  9  1  7  1  9  2  5  2 10  -0.0150
  1  9  1  7  1  9  2  3  2 10  -0.0131
  1  9  1  7  1  9  3  1  2 10   0.0005
  1  9  1  7  1  7  2  5  2 10  -0.0185
  1  9  1  7  1  7  2  3  2 10   0.0123
  1  9  2  5  1  9  2  5  2 10  -0.0437
  1  9  2  5  1  9  2  3  2 10  -0.0035
  1  9  2  5  1  9  3  1  2 10  -0.0286
  1  9  2  5  1  7  2  5  2 10   0.0043
  1  9  2  5  1  7  2  3  2 10  -0.0162
  1  9  2  3  1  9  2  3  2 10  -0.0563
  1  9  2  3  1  9  3  1  2 10   0.0147
  1  9  2  3  1  7  2  5  2 10  -0.0062
  1  9  2  3  1  7  2  3  2 10  -0.0132
  1  9  3  1  1  9  3  1  2 10  -0.0379
  1  9  3  1  1  7  2  5  2 10  -0.0013
  1  9  3  1  1  7  2  3  2 10   0.0193
  1  7  2  5  1  7  2  5  2 10  -0.0746
  1  7  2  5  1  7  2  3  2 10  -0.0159
  1  7  2  3  1  7  2  3  2 10  -0.0444
  0 11  0 15  0 11  0 15  2 10  -0.0419
  0 11  0 15  1  9  0 15  2 10   0.0131
  0 11  0 15  1  7  0 15  2 10   0.0098
  0 11  0 15  2  5  0 15  2 10  -0.0332
  1  9  0 15  1  9  0 15  2 10  -0.1256
  1  9  0 15  1  7  0 15  2 10   0.0421
  1  9  0 15  2  5  0 15  2 10  -0.1090
  1  7  0 15  1  7  0 15  2 10  -0.0151
  1  7  0 15  2  5  0 15  2 10   0.0521
  2  5  0 15  2  5  0 15  2 10  -0.2070
  0 11  0 11  0 11  0 11  2 12  -0.0773
  0 11  0 11  0 11  1  9  2 12   0.0112
  0 11  0 11  0 11  1  7  2 12  -0.0299
  0 11  0 11  0 11  2  5  2 12  -0.0069
  0 11  0 11  0 11  2  3  2 12  -0.0055
  0 11  0 11  0 11  3  1  2 12  -0.0034
  0 11  0 11  1  9  1  9  2 12  -0.0218
  0 11  0 11  1  9  1  7  2 12  -0.0566
  0 11  0 11  1  9  2  5  2 12  -0.0280
  0 11  0 11  1  9  2  3  2 12  -0.0773
  0 11  0 11  1  7  1  7  2 12  -0.0217
  0 11  0 11  1  7  2  5  2 12   0.0190
  0 11  0 11  0 15  0 15  2 12   0.0879
  0 11  1  9  0 11  1  9  2 12  -0.0192
  0 11  1  9  0 11  1  7  2 12   0.0698
  0 11  1  9  0 11  2  5  2 12  -0.0429
  0 11  1  9  0 11  2  3  2 12   0.0620
  0 11  1  9  0 11  3  1  2 12  -0.0665
  0 11  1  9  1  9  1  9  2 12   0.0139
  0 11  1  9  1  9  1  7  2 12   0.0372
  0 11  1  9  1  9  2  5  2 12   0.0286
  0 11  1  9  1  9  2  3  2 12   0.0618
  0 11  1  9  1  7  1  7  2 12   0.0117
  0 11  1  9  1  7  2  5  2 12  -0.0115
  0 11  1  9  0 15  0 15  2 12  -0.0503
  0 11  1  7  0 11  1  7  2 12  -0.0574
  0 11  1  7  0 11  2  5  2 12   0.0307
  0 11  1  7  0 11  2  3  2 12  -0.0271
  0 11  1  7  0 11  3  1  2 12   0.0157
  0 11  1  7  1  9  1  9  2 12  -0.0318
  0 11  1  7  1  9  1  7  2 12  -0.0378
  0 11  1  7  1  9  2  5  2 12  -0.0236
  0 11  1  7  1  9  2  3  2 12  -0.0369
  0 11  1  7  1  7  1  7  2 12  -0.0158
  0 11  1  7  1  7  2  5  2 12   0.0644
  0 11  1  7  0 15  0 15  2 12   0.0590
  0 11  2  5  0 11  2  5  2 12  -0.0443
  0 11  2  5  0 11  2  3  2 12   0.0569
  0 11  2  5  0 11  3  1  2 12  -0.0678
  0 11  2  5  1  9  1  9  2 12   0.0383
  0 11  2  5  1  9  1  7  2 12   0.0415
  0 11  2  5  1  9  2  5  2 12   0.0235
  0 11  2  5  1  9  2  3  2 12   0.0357
  0 11  2  5  1  7  1  7  2 12   0.0284
  0 11  2  5  1  7  2  5  2 12  -0.0485
  0 11  2  5  0 15  0 15  2 12  -0.0248
  0 11  2  3  0 11  2  3  2 12  -0.0329
  0 11  2  3  0 11  3  1  2 12   0.0566
  0 11  2  3  1  9  1  9  2 12  -0.0465
  0 11  2  3  1  9  1  7  2 12  -0.0418
  0 11  2  3  1  9  2  5  2 12  -0.0246
  0 11  2  3  1  9  2  3  2 12  -0.0484
  0 11  2  3  1  7  1  7  2 12  -0.0177
  0 11  2  3  1  7  2  5  2 12   0.0357
  0 11  2  3  0 15  0 15  2 12   0.0240
  0 11  3  1  0 11  3  1  2 12  -0.0943
  0 11  3  1  1  9  1  9  2 12   0.0632
  0 11  3  1  1  9  1  7  2 12   0.0534
  0 11  3  1  1  9  2  5  2 12   0.0360
  0 11  3  1  1  9  2  3  2 12   0.0624
  0 11  3  1  1  7  1  7  2 12   0.0272
  0 11  3  1  1  7  2  5  2 12  -0.0566
  0 11  3  1  0 15  0 15  2 12  -0.0155
  1  9  1  9  1  9  1  9  2 12  -0.0748
  1  9  1  9  1  9  1  7  2 12  -0.1134
  1  9  1  9  1  9  2  5  2 12  -0.0401
  1  9  1  9  1  9  2  3  2 12  -0.1063
  1  9  1  9  1  7  1  7  2 12  -0.0587
  1  9  1  9  1  7  2  5  2 12   0.0485
  1  9  1  9  0 15  0 15  2 12   0.0462
  1  9  1  7  1  9  1  7  2 12  -0.1209
  1  9  1  7  1  9  2  5  2 12  -0.0540
  1  9  1  7  1  9  2  3  2 12  -0.0524
  1  9  1  7  1  7  1  7  2 12  -0.1082
  1  9  1  7  1  7  2  5  2 12   0.1474
  1  9  1  7  0 15  0 15  2 12   0.0522
  1  9  2  5  1  9  2  5  2 12  -0.0670
  1  9  2  5  1  9  2  3  2 12  -0.1279
  1  9  2  5  1  7  1  7  2 12  -0.0532
  1  9  2  5  1  7  2  5  2 12   0.2053
  1  9  2  5  0 15  0 15  2 12   0.0391
  1  9  2  3  1  9  2  3  2 12  -0.2436
  1  9  2  3  1  7  1  7  2 12  -0.0896
  1  9  2  3  1  7  2  5  2 12   0.2807
  1  9  2  3  0 15  0 15  2 12   0.0585
  1  7  1  7  1  7  1  7  2 12  -0.0160
  1  7  1  7  1  7  2  5  2 12   0.0204
  1  7  1  7  0 15  0 15  2 12   0.0290
  1  7  2  5  1  7  2  5  2 12  -0.2313
  1  7  2  5  0 15  0 15  2 12  -0.0595
  0 15  0 15  0 15  0 15  2 12  -0.1172
  0 11  0 15  0 11  0 15  2 12  -0.0851
  0 11  0 15  1  9  0 15  2 12   0.0318
  0 11  0 15  1  7  0 15  2 12  -0.0267
  0 11  0 15  2  5  0 15  2 12   0.0093
  0 11  0 15  2  3  0 15  2 12  -0.0067
  1  9  0 15  1  9  0 15  2 12  -0.0571
  1  9  0 15  1  7  0 15  2 12   0.0150
  1  9  0 15  2  5  0 15  2 12  -0.0390
  1  9  0 15  2  3  0 15  2 12  -0.0173
  1  7  0 15  1  7  0 15  2 12  -0.0512
  1  7  0 15  2  5  0 15  2 12   0.0127
  1  7  0 15  2  3  0 15  2 12  -0.0414
  2  5  0 15  2  5  0 15  2 12  -0.0506
  2  5  0 15  2  3  0 15  2 12  -0.0147
  2  3  0 15  2  3  0 15  2 12  -0.0453
  0 11  1  9  0 11  1  9  2 14  -0.0679
  0 11  1  9  0 11  1  7  2 14   0.0145
  0 11  1  9  0 11  2  5  2 14  -0.0329
  0 11  1  9  0 11  2  3  2 14   0.0009
  0 11  1  9  1  9  1  7  2 14  -0.0020
  0 11  1  9  1  9  2  5  2 14  -0.0225
  0 11  1  7  0 11  1  7  2 14  -0.0088
  0 11  1  7  0 11  2  5  2 14   0.0135
  0 11  1  7  0 11  2  3  2 14  -0.0016
  0 11  1  7  1  9  1  7  2 14  -0.0062
  0 11  1  7  1  9  2  5  2 14  -0.0293
  0 11  2  5  0 11  2  5  2 14  -0.0426
  0 11  2  5  0 11  2  3  2 14  -0.0007
  0 11  2  5  1  9  1  7  2 14  -0.0146
  0 11  2  5  1  9  2  5  2 14   0.0173
  0 11  2  3  0 11  2  3  2 14   0.0022
  0 11  2  3  1  9  1  7  2 14  -0.0111
  0 11  2  3  1  9  2  5  2 14   0.0094
  1  9  1  7  1  9  1  7  2 14  -0.0810
  1  9  1  7  1  9  2  5  2 14  -0.0001
  1  9  2  5  1  9  2  5  2 14  -0.0527
  0 11  0 15  0 11  0 15  2 14  -0.0631
  0 11  0 15  1  9  0 15  2 14   0.0358
  0 11  0 15  1  7  0 15  2 14  -0.0039
  0 11  0 15  2  5  0 15  2 14  -0.0007
  0 11  0 15  2  3  0 15  2 14   0.0142
  0 11  0 15  3  1  0 15  2 14  -0.0186
  1  9  0 15  1  9  0 15  2 14  -0.0891
  1  9  0 15  1  7  0 15  2 14   0.0605
  1  9  0 15  2  5  0 15  2 14  -0.0677
  1  9  0 15  2  3  0 15  2 14   0.0530
  1  9  0 15  3  1  0 15  2 14  -0.0669
  1  7  0 15  1  7  0 15  2 14  -0.0396
  1  7  0 15  2  5  0 15  2 14   0.0481
  1  7  0 15  2  3  0 15  2 14  -0.0288
  1  7  0 15  3  1  0 15  2 14   0.0373
  2  5  0 15  2  5  0 15  2 14  -0.0693
  2  5  0 15  2  3  0 15  2 14   0.0622
  2  5  0 15  3  1  0 15  2 14  -0.0814
  2  3  0 15  2  3  0 15  2 14  -0.0403
  2  3  0 15  3  1  0 15  2 14   0.0704
  3  1  0 15  3  1  0 15  2 14  -0.1078
  0 11  0 11  0 11  0 11  2 16  -0.0753
  0 11  0 11  0 11  1  9  2 16   0.0478
  0 11  0 11  0 11  1  7  2 16  -0.0334
  0 11  0 11  0 11  2  5  2 16   0.0323
  0 11  0 11  1  9  1  9  2 16  -0.0238
  0 11  0 11  1  9  1  7  2 16  -0.0667
  0 11  0 11  0 15  0 15  2 16   0.0598
  0 11  1  9  0 11  1  9  2 16  -0.0834
  0 11  1  9  0 11  1  7  2 16   0.0795
  0 11  1  9  0 11  2  5  2 16  -0.1032
  0 11  1  9  1  9  1  9  2 16   0.0112
  0 11  1  9  1  9  1  7  2 16   0.0584
  0 11  1  9  0 15  0 15  2 16  -0.0428
  0 11  1  7  0 11  1  7  2 16  -0.0603
  0 11  1  7  0 11  2  5  2 16   0.0886
  0 11  1  7  1  9  1  9  2 16  -0.0156
  0 11  1  7  1  9  1  7  2 16  -0.0404
  0 11  1  7  0 15  0 15  2 16   0.0331
  0 11  2  5  0 11  2  5  2 16  -0.1796
  0 11  2  5  1  9  1  9  2 16   0.0621
  0 11  2  5  1  9  1  7  2 16   0.1367
  0 11  2  5  0 15  0 15  2 16  -0.0106
  1  9  1  9  1  9  1  9  2 16  -0.0369
  1  9  1  9  1  9  1  7  2 16  -0.1716
  1  9  1  9  0 15  0 15  2 16   0.0278
  1  9  1  7  1  9  1  7  2 16  -0.4617
  1  9  1  7  0 15  0 15  2 16   0.0819
  0 15  0 15  0 15  0 15  2 16  -0.0890
  0 11  0 15  0 11  0 15  2 16  -0.0829
  0 11  0 15  1  9  0 15  2 16   0.0192
  0 11  0 15  1  7  0 15  2 16  -0.0294
  0 11  0 15  2  5  0 15  2 16   0.0031
  0 11  0 15  2  3  0 15  2 16  -0.0090
  0 11  0 15  3  1  0 15  2 16  -0.0042
  1  9  0 15  1  9  0 15  2 16  -0.0246
  1  9  0 15  1  7  0 15  2 16   0.0048
  1  9  0 15  2  5  0 15  2 16  -0.0206
  1  9  0 15  2  3  0 15  2 16  -0.0055
  1  9  0 15  3  1  0 15  2 16  -0.0156
  1  7  0 15  1  7  0 15  2 16  -0.0463
  1  7  0 15  2  5  0 15  2 16   0.0022
  1  7  0 15  2  3  0 15  2 16  -0.0286
  1  7  0 15  3  1  0 15  2 16  -0.0130
  2  5  0 15  2  5  0 15  2 16  -0.0265
  2  5  0 15  2  3  0 15  2 16  -0.0061
  2  5  0 15  3  1  0 15  2 16  -0.0251
  2  3  0 15  2  3  0 15  2 16  -0.0243
  2  3  0 15  3  1  0 15  2 16  -0.0135
  3  1  0 15  3  1  0 15  2 16  -0.0207
  0 11  1  9  0 11  1  9  2 18  -0.0074
  0 11  1  9  0 11  1  7  2 18   0.0067
  0 11  1  7  0 11  1  7  2 18  -0.0062
  0 11  0 15  0 11  0 15  2 18  -0.0075
  0 11  0 15  1  9  0 15  2 18  -0.0001
  0 11  0 15  1  7  0 15  2 18   0.0084
  0 11  0 15  2  5  0 15  2 18  -0.0028
  0 11  0 15  2  3  0 15  2 18   0.0179
  1  9  0 15  1  9  0 15  2 18   0.0201
  1  9  0 15  1  7  0 15  2 18  -0.0054
  1  9  0 15  2  5  0 15  2 18   0.0134
  1  9  0 15  2  3  0 15  2 18  -0.0002
  1  7  0 15  1  7  0 15  2 18  -0.0053
  1  7  0 15  2  5  0 15  2 18  -0.0026
  1  7  0 15  2  3  0 15  2 18  -0.0029
  2  5  0 15  2  5  0 15  2 18   0.0215
  2  5  0 15  2  3  0 15  2 18  -0.0104
  2  3  0 15  2  3  0 15  2 18  -0.0077
  0 11  0 11  0 11  0 11  2 20  -0.0015
  0 11  0 11  0 11  1  9  2 20   0.0026
  0 11  0 11  0 15  0 15  2 20   0.0001
  0 11  1  9  0 11  1  9  2 20  -0.0029
  0 11  1  9  0 15  0 15  2 20  -0.0010
  0 15  0 15  0 15  0 15  2 20  -0.0020
  0 11  0 15  0 11  0 15  2 20   0.0042
  0 11  0 15  1  9  0 15  2 20   0.0020
  0 11  0 15  1  7  0 15  2 20   0.0033
  0 11  0 15  2  5  0 15  2 20   0.0080
  1  9  0 15  1  9  0 15  2 20  -0.0200
  1  9  0 15  1  7  0 15  2 20  -0.0060
  1  9  0 15  2  5  0 15  2 20  -0.0221
  1  7  0 15  1  7  0 15  2 20  -0.0010
  1  7  0 15  2  5  0 15  2 20  -0.0039
  2  5  0 15  2  5  0 15  2 20  -0.0390
  0 11  0 15  0 11  0 15  2 22   0.0004
  0 11  0 15  1  9  0 15  2 22   0.0003
  0 11  0 15  1  7  0 15  2 22  -0.0005
  1  9  0 15  1  9  0 15  2 22   0.0010
  1  9  0 15  1  7  0 15  2 22   0.0003
  1  7  0 15  1  7  0 15  2 22   0.0023
  0 15  0 15  0 15  0 15  2 24   0.0000
  0 11  0 15  0 11  0 15  2 24   0.0011
  0 11  0 15  1  9  0 15  2 24   0.0001
  1  9  0 15  1  9  0 15  2 24  -0.0011
  0 11  0 15  0 11  0 15  2 26   0.0004
  0 15  0 15  0 15  0 15  2 28   0.0509
