  0  9  0  9  0  9  0  9 -2  0  -0.5928
  0  9  0  9  1  7  1  7 -2  0  -0.4418
  0  9  0  9  1  5  1  5 -2  0  -0.3465
  0  9  0  9  2  3  2  3 -2  0  -0.2581
  0  9  0  9  2  1  2  1 -2  0  -0.2013
  0  9  0  9  0 13  0 13 -2  0   1.0238
  1  7  1  7  1  7  1  7 -2  0  -0.5388
  1  7  1  7  1  5  1  5 -2  0  -0.6864
  1  7  1  7  2  3  2  3 -2  0  -0.2998
  1  7  1  7  2  1  2  1 -2  0  -0.2313
  1  7  1  7  0 13  0 13 -2  0   0.6561
  1  5  1  5  1  5  1  5 -2  0  -0.3634
  1  5  1  5  2  3  2  3 -2  0  -0.3046
  1  5  1  5  2  1  2  1 -2  0  -0.1933
  1  5  1  5  0 13  0 13 -2  0   0.5363
  2  3  2  3  2  3  2  3 -2  0  -0.4320
  2  3  2  3  2  1  2  1 -2  0  -0.4526
  2  3  2  3  0 13  0 13 -2  0   0.4193
  2  1  2  1  2  1  2  1 -2  0  -0.1295
  2  1  2  1  0 13  0 13 -2  0   0.2668
  0 13  0 13  0 13  0 13 -2  0  -0.6718
  0  9  1  7  0  9  1  7 -2  2  -0.1409
  0  9  1  7  1  7  1  5 -2  2  -0.0206
  0  9  1  7  1  5  2  3 -2  2  -0.0342
  0  9  1  7  2  3  2  1 -2  2  -0.0005
  1  7  1  5  1  7  1  5 -2  2  -0.0953
  1  7  1  5  1  5  2  3 -2  2  -0.0182
  1  7  1  5  2  3  2  1 -2  2  -0.0163
  1  5  2  3  1  5  2  3 -2  2  -0.0364
  1  5  2  3  2  3  2  1 -2  2  -0.0177
  2  3  2  1  2  3  2  1 -2  2  -0.0260
  0  9  0  9  0  9  0  9 -2  4  -0.2381
  0  9  0  9  0  9  1  7 -2  4   0.0018
  0  9  0  9  0  9  1  5 -2  4  -0.1399
  0  9  0  9  1  7  1  7 -2  4  -0.0699
  0  9  0  9  1  7  1  5 -2  4  -0.0871
  0  9  0  9  1  7  2  3 -2  4  -0.1437
  0  9  0  9  1  5  1  5 -2  4  -0.0675
  0  9  0  9  1  5  2  3 -2  4   0.0219
  0  9  0  9  1  5  2  1 -2  4  -0.0914
  0  9  0  9  2  3  2  3 -2  4  -0.0427
  0  9  0  9  2  3  2  1 -2  4  -0.0914
  0  9  0  9  0 13  0 13 -2  4   0.1666
  0  9  1  7  0  9  1  7 -2  4  -0.0174
  0  9  1  7  0  9  1  5 -2  4   0.0860
  0  9  1  7  1  7  1  7 -2  4   0.0350
  0  9  1  7  1  7  1  5 -2  4   0.0351
  0  9  1  7  1  7  2  3 -2  4   0.0581
  0  9  1  7  1  5  1  5 -2  4   0.0274
  0  9  1  7  1  5  2  3 -2  4  -0.0010
  0  9  1  7  1  5  2  1 -2  4   0.0163
  0  9  1  7  2  3  2  3 -2  4   0.0131
  0  9  1  7  2  3  2  1 -2  4   0.0303
  0  9  1  7  0 13  0 13 -2  4  -0.1375
  0  9  1  5  0  9  1  5 -2  4  -0.3098
  0  9  1  5  1  7  1  7 -2  4  -0.1084
  0  9  1  5  1  7  1  5 -2  4  -0.1005
  0  9  1  5  1  7  2  3 -2  4  -0.1844
  0  9  1  5  1  5  1  5 -2  4  -0.1461
  0  9  1  5  1  5  2  3 -2  4   0.0952
  0  9  1  5  1  5  2  1 -2  4  -0.1571
  0  9  1  5  2  3  2  3 -2  4  -0.0741
  0  9  1  5  2  3  2  1 -2  4  -0.1208
  0  9  1  5  0 13  0 13 -2  4   0.2897
  1  7  1  7  1  7  1  7 -2  4  -0.2239
  1  7  1  7  1  7  1  5 -2  4  -0.0240
  1  7  1  7  1  7  2  3 -2  4  -0.1830
  1  7  1  7  1  5  1  5 -2  4  -0.1576
  1  7  1  7  1  5  2  3 -2  4   0.0864
  1  7  1  7  1  5  2  1 -2  4  -0.1418
  1  7  1  7  2  3  2  3 -2  4  -0.0832
  1  7  1  7  2  3  2  1 -2  4  -0.0896
  1  7  1  7  0 13  0 13 -2  4   0.2645
  1  7  1  5  1  7  1  5 -2  4  -0.0440
  1  7  1  5  1  7  2  3 -2  4  -0.0456
  1  7  1  5  1  5  1  5 -2  4  -0.1491
  1  7  1  5  1  5  2  3 -2  4   0.0774
  1  7  1  5  1  5  2  1 -2  4  -0.1152
  1  7  1  5  2  3  2  3 -2  4  -0.0260
  1  7  1  5  2  3  2  1 -2  4  -0.0531
  1  7  1  5  0 13  0 13 -2  4  -0.0012
  1  7  2  3  1  7  2  3 -2  4  -0.3539
  1  7  2  3  1  5  1  5 -2  4  -0.1792
  1  7  2  3  1  5  2  3 -2  4   0.1707
  1  7  2  3  1  5  2  1 -2  4  -0.3438
  1  7  2  3  2  3  2  3 -2  4  -0.1344
  1  7  2  3  2  3  2  1 -2  4  -0.1628
  1  7  2  3  0 13  0 13 -2  4   0.1788
  1  5  1  5  1  5  1  5 -2  4  -0.0976
  1  5  1  5  1  5  2  3 -2  4   0.0454
  1  5  1  5  1  5  2  1 -2  4  -0.1072
  1  5  1  5  2  3  2  3 -2  4  -0.0562
  1  5  1  5  2  3  2  1 -2  4  -0.1026
  1  5  1  5  0 13  0 13 -2  4   0.0909
  1  5  2  3  1  5  2  3 -2  4   0.0062
  1  5  2  3  1  5  2  1 -2  4   0.1304
  1  5  2  3  2  3  2  3 -2  4   0.0463
  1  5  2  3  2  3  2  1 -2  4   0.0794
  1  5  2  3  0 13  0 13 -2  4  -0.1201
  1  5  2  1  1  5  2  1 -2  4  -0.1607
  1  5  2  1  2  3  2  3 -2  4  -0.0726
  1  5  2  1  2  3  2  1 -2  4  -0.1509
  1  5  2  1  0 13  0 13 -2  4   0.1620
  2  3  2  3  2  3  2  3 -2  4  -0.1704
  2  3  2  3  2  3  2  1 -2  4  -0.2099
  2  3  2  3  0 13  0 13 -2  4   0.1274
  2  3  2  1  2  3  2  1 -2  4  -0.3218
  2  3  2  1  0 13  0 13 -2  4   0.1013
  0 13  0 13  0 13  0 13 -2  4  -0.3888
  0  9  0 13  0  9  0 13 -2  4  -0.2599
  0  9  1  7  0  9  1  7 -2  6  -0.0272
  0  9  1  7  0  9  1  5 -2  6   0.0475
  0  9  1  7  0  9  2  3 -2  6  -0.0388
  0  9  1  7  1  7  1  5 -2  6  -0.0159
  0  9  1  7  1  7  2  3 -2  6  -0.0140
  0  9  1  7  1  7  2  1 -2  6   0.0137
  0  9  1  7  1  5  2  3 -2  6  -0.0037
  0  9  1  7  1  5  2  1 -2  6  -0.0071
  0  9  1  5  0  9  1  5 -2  6  -0.0429
  0  9  1  5  0  9  2  3 -2  6  -0.0142
  0  9  1  5  1  7  1  5 -2  6  -0.0134
  0  9  1  5  1  7  2  3 -2  6  -0.0100
  0  9  1  5  1  7  2  1 -2  6   0.0052
  0  9  1  5  1  5  2  3 -2  6  -0.0130
  0  9  1  5  1  5  2  1 -2  6  -0.0005
  0  9  2  3  0  9  2  3 -2  6  -0.0076
  0  9  2  3  1  7  1  5 -2  6  -0.0051
  0  9  2  3  1  7  2  3 -2  6   0.0108
  0  9  2  3  1  7  2  1 -2  6  -0.0166
  0  9  2  3  1  5  2  3 -2  6   0.0132
  0  9  2  3  1  5  2  1 -2  6   0.0207
  1  7  1  5  1  7  1  5 -2  6  -0.0038
  1  7  1  5  1  7  2  3 -2  6  -0.0281
  1  7  1  5  1  7  2  1 -2  6  -0.0042
  1  7  1  5  1  5  2  3 -2  6  -0.0233
  1  7  1  5  1  5  2  1 -2  6   0.0115
  1  7  2  3  1  7  2  3 -2  6  -0.0627
  1  7  2  3  1  7  2  1 -2  6   0.0224
  1  7  2  3  1  5  2  3 -2  6   0.0192
  1  7  2  3  1  5  2  1 -2  6  -0.0181
  1  7  2  1  1  7  2  1 -2  6  -0.0270
  1  7  2  1  1  5  2  3 -2  6   0.0300
  1  7  2  1  1  5  2  1 -2  6  -0.0333
  1  5  2  3  1  5  2  3 -2  6  -0.0092
  1  5  2  3  1  5  2  1 -2  6   0.0012
  1  5  2  1  1  5  2  1 -2  6   0.0074
  0  9  0 13  0  9  0 13 -2  6  -0.1327
  0  9  0 13  1  7  0 13 -2  6   0.0412
  1  7  0 13  1  7  0 13 -2  6  -0.4398
  0  9  0  9  0  9  0  9 -2  8  -0.0995
  0  9  0  9  0  9  1  7 -2  8   0.0416
  0  9  0  9  0  9  1  5 -2  8  -0.0623
  0  9  0  9  0  9  2  3 -2  8   0.0200
  0  9  0  9  0  9  2  1 -2  8  -0.0534
  0  9  0  9  1  7  1  7 -2  8  -0.0442
  0  9  0  9  1  7  1  5 -2  8  -0.0619
  0  9  0  9  1  7  2  3 -2  8  -0.0506
  0  9  0  9  1  7  2  1 -2  8  -0.0847
  0  9  0  9  1  5  1  5 -2  8  -0.0233
  0  9  0  9  1  5  2  3 -2  8   0.0665
  0  9  0  9  0 13  0 13 -2  8   0.0923
  0  9  1  7  0  9  1  7 -2  8   0.0250
  0  9  1  7  0  9  1  5 -2  8   0.0826
  0  9  1  7  0  9  2  3 -2  8  -0.0581
  0  9  1  7  0  9  2  1 -2  8   0.0770
  0  9  1  7  1  7  1  7 -2  8   0.0304
  0  9  1  7  1  7  1  5 -2  8   0.0350
  0  9  1  7  1  7  2  3 -2  8   0.0428
  0  9  1  7  1  7  2  1 -2  8   0.0604
  0  9  1  7  1  5  1  5 -2  8   0.0396
  0  9  1  7  1  5  2  3 -2  8  -0.0272
  0  9  1  7  0 13  0 13 -2  8  -0.0837
  0  9  1  5  0  9  1  5 -2  8  -0.0822
  0  9  1  5  0  9  2  3 -2  8   0.0537
  0  9  1  5  0  9  2  1 -2  8  -0.1143
  0  9  1  5  1  7  1  7 -2  8  -0.0466
  0  9  1  5  1  7  1  5 -2  8  -0.0762
  0  9  1  5  1  7  2  3 -2  8  -0.0620
  0  9  1  5  1  7  2  1 -2  8  -0.0723
  0  9  1  5  1  5  1  5 -2  8  -0.0284
  0  9  1  5  1  5  2  3 -2  8   0.1075
  0  9  1  5  0 13  0 13 -2  8   0.1078
  0  9  2  3  0  9  2  3 -2  8   0.0067
  0  9  2  3  0  9  2  1 -2  8   0.1083
  0  9  2  3  1  7  1  7 -2  8   0.0394
  0  9  2  3  1  7  1  5 -2  8   0.0439
  0  9  2  3  1  7  2  3 -2  8   0.0456
  0  9  2  3  1  7  2  1 -2  8   0.0480
  0  9  2  3  1  5  1  5 -2  8   0.0442
  0  9  2  3  1  5  2  3 -2  8  -0.0468
  0  9  2  3  0 13  0 13 -2  8  -0.0769
  0  9  2  1  0  9  2  1 -2  8  -0.1040
  0  9  2  1  1  7  1  7 -2  8  -0.0716
  0  9  2  1  1  7  1  5 -2  8  -0.0760
  0  9  2  1  1  7  2  3 -2  8  -0.0544
  0  9  2  1  1  7  2  1 -2  8  -0.0994
  0  9  2  1  1  5  1  5 -2  8  -0.0554
  0  9  2  1  1  5  2  3 -2  8   0.0819
  0  9  2  1  0 13  0 13 -2  8   0.0998
  1  7  1  7  1  7  1  7 -2  8  -0.0795
  1  7  1  7  1  7  1  5 -2  8  -0.1153
  1  7  1  7  1  7  2  3 -2  8  -0.0910
  1  7  1  7  1  7  2  1 -2  8  -0.0989
  1  7  1  7  1  5  1  5 -2  8  -0.0939
  1  7  1  7  1  5  2  3 -2  8   0.0927
  1  7  1  7  0 13  0 13 -2  8   0.1389
  1  7  1  5  1  7  1  5 -2  8  -0.0613
  1  7  1  5  1  7  2  3 -2  8  -0.0690
  1  7  1  5  1  7  2  1 -2  8  -0.0670
  1  7  1  5  1  5  1  5 -2  8  -0.1297
  1  7  1  5  1  5  2  3 -2  8   0.1563
  1  7  1  5  0 13  0 13 -2  8   0.0640
  1  7  2  3  1  7  2  3 -2  8  -0.0970
  1  7  2  3  1  7  2  1 -2  8  -0.1671
  1  7  2  3  1  5  1  5 -2  8  -0.0694
  1  7  2  3  1  5  2  3 -2  8   0.2334
  1  7  2  3  0 13  0 13 -2  8   0.1134
  1  7  2  1  1  7  2  1 -2  8  -0.1902
  1  7  2  1  1  5  1  5 -2  8  -0.0916
  1  7  2  1  1  5  2  3 -2  8   0.2452
  1  7  2  1  0 13  0 13 -2  8   0.0788
  1  5  1  5  1  5  1  5 -2  8   0.0242
  1  5  1  5  1  5  2  3 -2  8   0.0658
  1  5  1  5  0 13  0 13 -2  8   0.0512
  1  5  2  3  1  5  2  3 -2  8  -0.2087
  1  5  2  3  0 13  0 13 -2  8  -0.1191
  0 13  0 13  0 13  0 13 -2  8  -0.2018
  0  9  0 13  0  9  0 13 -2  8  -0.0762
  0  9  0 13  1  7  0 13 -2  8   0.0435
  0  9  0 13  1  5  0 13 -2  8  -0.0139
  1  7  0 13  1  7  0 13 -2  8  -0.0904
  1  7  0 13  1  5  0 13 -2  8  -0.0308
  1  5  0 13  1  5  0 13 -2  8  -0.0755
  0  9  1  7  0  9  1  7 -2 10   0.0031
  0  9  1  7  0  9  1  5 -2 10   0.0191
  0  9  1  7  0  9  2  3 -2 10  -0.0358
  0  9  1  7  0  9  2  1 -2 10   0.0017
  0  9  1  7  1  7  1  5 -2 10   0.0164
  0  9  1  7  1  7  2  3 -2 10  -0.0131
  0  9  1  5  0  9  1  5 -2 10   0.0301
  0  9  1  5  0  9  2  3 -2 10   0.0139
  0  9  1  5  0  9  2  1 -2 10  -0.0169
  0  9  1  5  1  7  1  5 -2 10  -0.0204
  0  9  1  5  1  7  2  3 -2 10  -0.0131
  0  9  2  3  0  9  2  3 -2 10   0.0280
  0  9  2  3  0  9  2  1 -2 10  -0.0039
  0  9  2  3  1  7  1  5 -2 10   0.0061
  0  9  2  3  1  7  2  3 -2 10   0.0194
  0  9  2  1  0  9  2  1 -2 10   0.0425
  0  9  2  1  1  7  1  5 -2 10  -0.0077
  0  9  2  1  1  7  2  3 -2 10   0.0098
  1  7  1  5  1  7  1  5 -2 10   0.0174
  1  7  1  5  1  7  2  3 -2 10  -0.0100
  1  7  2  3  1  7  2  3 -2 10  -0.0181
  0  9  0 13  0  9  0 13 -2 10  -0.0729
  0  9  0 13  1  7  0 13 -2 10   0.0291
  0  9  0 13  1  5  0 13 -2 10  -0.0342
  0  9  0 13  2  3  0 13 -2 10   0.0157
  1  7  0 13  1  7  0 13 -2 10  -0.1576
  1  7  0 13  1  5  0 13 -2 10   0.0606
  1  7  0 13  2  3  0 13 -2 10  -0.1841
  1  5  0 13  1  5  0 13 -2 10  -0.0195
  1  5  0 13  2  3  0 13 -2 10   0.0996
  2  3  0 13  2  3  0 13 -2 10  -0.2412
  0  9  0  9  0  9  0  9 -2 12  -0.0241
  0  9  0  9  0  9  1  7 -2 12   0.0430
  0  9  0  9  0  9  1  5 -2 12  -0.0221
  0  9  0  9  0  9  2  3 -2 12   0.0343
  0  9  0  9  1  7  1  7 -2 12  -0.0259
  0  9  0  9  1  7  1  5 -2 12  -0.0859
  0  9  0  9  0 13  0 13 -2 12   0.0684
  0  9  1  7  0  9  1  7 -2 12  -0.0156
  0  9  1  7  0  9  1  5 -2 12   0.0964
  0  9  1  7  0  9  2  3 -2 12  -0.1210
  0  9  1  7  1  7  1  7 -2 12   0.0359
  0  9  1  7  1  7  1  5 -2 12   0.0694
  0  9  1  7  0 13  0 13 -2 12  -0.0869
  0  9  1  5  0  9  1  5 -2 12   0.0290
  0  9  1  5  0  9  2  3 -2 12   0.0966
  0  9  1  5  1  7  1  7 -2 12  -0.0206
  0  9  1  5  1  7  1  5 -2 12  -0.0677
  0  9  1  5  0 13  0 13 -2 12   0.0624
  0  9  2  3  0  9  2  3 -2 12  -0.1456
  0  9  2  3  1  7  1  7 -2 12   0.0574
  0  9  2  3  1  7  1  5 -2 12   0.1305
  0  9  2  3  0 13  0 13 -2 12  -0.0938
  1  7  1  7  1  7  1  7 -2 12  -0.0059
  1  7  1  7  1  7  1  5 -2 12  -0.1917
  1  7  1  7  0 13  0 13 -2 12   0.0873
  1  7  1  5  1  7  1  5 -2 12  -0.3931
  1  7  1  5  0 13  0 13 -2 12   0.1163
  0 13  0 13  0 13  0 13 -2 12  -0.1201
  0  9  0 13  0  9  0 13 -2 12  -0.0540
  0  9  0 13  1  7  0 13 -2 12   0.0387
  0  9  0 13  1  5  0 13 -2 12  -0.0080
  0  9  0 13  2  3  0 13 -2 12   0.0233
  0  9  0 13  2  1  0 13 -2 12   0.0071
  1  7  0 13  1  7  0 13 -2 12   0.0162
  1  7  0 13  1  5  0 13 -2 12   0.0363
  1  7  0 13  2  3  0 13 -2 12  -0.0300
  1  7  0 13  2  1  0 13 -2 12  -0.0120
  1  5  0 13  1  5  0 13 -2 12   0.0178
  1  5  0 13  2  3  0 13 -2 12   0.0150
  1  5  0 13  2  1  0 13 -2 12  -0.0280
  2  3  0 13  2  3  0 13 -2 12   0.0082
  2  3  0 13  2  1  0 13 -2 12  -0.0080
  2  1  0 13  2  1  0 13 -2 12   0.0251
  0  9  1  7  0  9  1  7 -2 14   0.0123
  0  9  1  7  0  9  1  5 -2 14   0.0077
  0  9  1  5  0  9  1  5 -2 14   0.0687
  0  9  0 13  0  9  0 13 -2 14  -0.0834
  0  9  0 13  1  7  0 13 -2 14   0.0478
  0  9  0 13  1  5  0 13 -2 14  -0.0393
  0  9  0 13  2  3  0 13 -2 14   0.0141
  0  9  0 13  2  1  0 13 -2 14  -0.0282
  1  7  0 13  1  7  0 13 -2 14  -0.0919
  1  7  0 13  1  5  0 13 -2 14   0.0970
  1  7  0 13  2  3  0 13 -2 14  -0.1141
  1  7  0 13  2  1  0 13 -2 14   0.1071
  1  5  0 13  1  5  0 13 -2 14  -0.0454
  1  5  0 13  2  3  0 13 -2 14   0.0703
  1  5  0 13  2  1  0 13 -2 14  -0.1086
  2  3  0 13  2  3  0 13 -2 14  -0.0331
  2  3  0 13  2  1  0 13 -2 14   0.1385
  2  1  0 13  2  1  0 13 -2 14  -0.1134
  0  9  0  9  0  9  0  9 -2 16   0.0288
  0  9  0  9  0  9  1  7 -2 16   0.1012
  0  9  0  9  0 13  0 13 -2 16   0.0468
  0  9  1  7  0  9  1  7 -2 16  -0.2462
  0  9  1  7  0 13  0 13 -2 16  -0.1147
  0 13  0 13  0 13  0 13 -2 16  -0.0737
  0  9  0 13  0  9  0 13 -2 16  -0.0364
  0  9  0 13  1  7  0 13 -2 16   0.0380
  0  9  0 13  1  5  0 13 -2 16  -0.0080
  0  9  0 13  2  3  0 13 -2 16   0.0247
  1  7  0 13  1  7  0 13 -2 16   0.0735
  1  7  0 13  1  5  0 13 -2 16   0.0307
  1  7  0 13  2  3  0 13 -2 16   0.0035
  1  5  0 13  1  5  0 13 -2 16   0.0238
  1  5  0 13  2  3  0 13 -2 16   0.0142
  2  3  0 13  2  3  0 13 -2 16   0.0771
  0  9  0 13  0  9  0 13 -2 18   0.0619
  0  9  0 13  1  7  0 13 -2 18  -0.0069
  0  9  0 13  1  5  0 13 -2 18   0.0197
  1  7  0 13  1  7  0 13 -2 18   0.0238
  1  7  0 13  1  5  0 13 -2 18   0.0260
  1  5  0 13  1  5  0 13 -2 18   0.0189
  0 13  0 13  0 13  0 13 -2 20   0.0331
  0  9  0 13  0  9  0 13 -2 20   0.0756
  0  9  0 13  1  7  0 13 -2 20   0.0671
  1  7  0 13  1  7  0 13 -2 20   0.1665
  0  9  0 13  0  9  0 13 -2 22   0.1106
  0 13  0 13  0 13  0 13 -2 24   0.0648
