  0  9  0  9  0  9  0  9 -2  0  -0.2442
  0  9  0  9  1  7  1  7 -2  0  -0.4453
  0  9  0  9  1  5  1  5 -2  0  -0.1596
  0  9  0  9  2  3  2  3 -2  0  -0.2091
  0  9  0  9  2  1  2  1 -2  0  -0.1032
  0  9  0  9  0 13  0 13 -2  0   1.2082
  1  7  1  7  1  7  1  7 -2  0  -0.4345
  1  7  1  7  1  5  1  5 -2  0  -0.8765
  1  7  1  7  2  3  2  3 -2  0  -0.2402
  1  7  1  7  2  1  2  1 -2  0  -0.2365
  1  7  1  7  0 13  0 13 -2  0   0.3138
  1  5  1  5  1  5  1  5 -2  0  -0.1790
  1  5  1  5  2  3  2  3 -2  0  -0.2710
  1  5  1  5  2  1  2  1 -2  0  -0.1141
  1  5  1  5  0 13  0 13 -2  0   0.4843
  2  3  2  3  2  3  2  3 -2  0  -0.4576
  2  3  2  3  2  1  2  1 -2  0  -0.5725
  2  3  2  3  0 13  0 13 -2  0   0.2147
  2  1  2  1  2  1  2  1 -2  0  -0.0524
  2  1  2  1  0 13  0 13 -2  0   0.1933
  0 13  0 13  0 13  0 13 -2  0  -0.3415
  0  9  1  7  0  9  1  7 -2  2  -0.1966
  0  9  1  7  1  7  1  5 -2  2  -0.0532
  0  9  1  7  1  5  2  3 -2  2  -0.0325
  0  9  1  7  2  3  2  1 -2  2  -0.0088
  1  7  1  5  1  7  1  5 -2  2  -0.1333
  1  7  1  5  1  5  2  3 -2  2  -0.0392
  1  7  1  5  2  3  2  1 -2  2  -0.0081
  1  5  2  3  1  5  2  3 -2  2  -0.1133
  1  5  2  3  2  3  2  1 -2  2  -0.0299
  2  3  2  1  2  3  2  1 -2  2  -0.0864
  0  9  0  9  0  9  0  9 -2  4  -0.2617
  0  9  0  9  0  9  1  7 -2  4  -0.0334
  0  9  0  9  0  9  1  5 -2  4  -0.0617
  0  9  0  9  1  7  1  7 -2  4  -0.0656
  0  9  0  9  1  7  1  5 -2  4  -0.0993
  0  9  0  9  1  7  2  3 -2  4  -0.1487
  0  9  0  9  1  5  1  5 -2  4  -0.0827
  0  9  0  9  1  5  2  3 -2  4  -0.0006
  0  9  0  9  1  5  2  1 -2  4  -0.0332
  0  9  0  9  2  3  2  3 -2  4  -0.0305
  0  9  0  9  2  3  2  1 -2  4  -0.0716
  0  9  0  9  0 13  0 13 -2  4   0.2304
  0  9  1  7  0  9  1  7 -2  4   0.0217
  0  9  1  7  0  9  1  5 -2  4   0.0819
  0  9  1  7  1  7  1  7 -2  4   0.0143
  0  9  1  7  1  7  1  5 -2  4   0.0409
  0  9  1  7  1  7  2  3 -2  4   0.0759
  0  9  1  7  1  5  1  5 -2  4   0.0236
  0  9  1  7  1  5  2  3 -2  4   0.0220
  0  9  1  7  1  5  2  1 -2  4  -0.0055
  0  9  1  7  2  3  2  3 -2  4   0.0054
  0  9  1  7  2  3  2  1 -2  4   0.0243
  0  9  1  7  0 13  0 13 -2  4  -0.1207
  0  9  1  5  0  9  1  5 -2  4  -0.2178
  0  9  1  5  1  7  1  7 -2  4  -0.0962
  0  9  1  5  1  7  1  5 -2  4  -0.0862
  0  9  1  5  1  7  2  3 -2  4  -0.1445
  0  9  1  5  1  5  1  5 -2  4  -0.0969
  0  9  1  5  1  5  2  3 -2  4   0.0706
  0  9  1  5  1  5  2  1 -2  4  -0.1064
  0  9  1  5  2  3  2  3 -2  4  -0.0522
  0  9  1  5  2  3  2  1 -2  4  -0.0771
  0  9  1  5  0 13  0 13 -2  4   0.2768
  1  7  1  7  1  7  1  7 -2  4  -0.2564
  1  7  1  7  1  7  1  5 -2  4  -0.0561
  1  7  1  7  1  7  2  3 -2  4  -0.1694
  1  7  1  7  1  5  1  5 -2  4  -0.1761
  1  7  1  7  1  5  2  3 -2  4   0.0819
  1  7  1  7  1  5  2  1 -2  4  -0.1430
  1  7  1  7  2  3  2  3 -2  4  -0.0766
  1  7  1  7  2  3  2  1 -2  4  -0.0843
  1  7  1  7  0 13  0 13 -2  4   0.1482
  1  7  1  5  1  7  1  5 -2  4  -0.0382
  1  7  1  5  1  7  2  3 -2  4  -0.0060
  1  7  1  5  1  5  1  5 -2  4  -0.1618
  1  7  1  5  1  5  2  3 -2  4   0.0884
  1  7  1  5  1  5  2  1 -2  4  -0.1448
  1  7  1  5  2  3  2  3 -2  4  -0.0365
  1  7  1  5  2  3  2  1 -2  4  -0.0420
  1  7  1  5  0 13  0 13 -2  4   0.0108
  1  7  2  3  1  7  2  3 -2  4  -0.3329
  1  7  2  3  1  5  1  5 -2  4  -0.2087
  1  7  2  3  1  5  2  3 -2  4   0.2100
  1  7  2  3  1  5  2  1 -2  4  -0.3859
  1  7  2  3  2  3  2  3 -2  4  -0.1291
  1  7  2  3  2  3  2  1 -2  4  -0.1319
  1  7  2  3  0 13  0 13 -2  4   0.0957
  1  5  1  5  1  5  1  5 -2  4  -0.1318
  1  5  1  5  1  5  2  3 -2  4   0.0203
  1  5  1  5  1  5  2  1 -2  4  -0.0618
  1  5  1  5  2  3  2  3 -2  4  -0.0393
  1  5  1  5  2  3  2  1 -2  4  -0.0894
  1  5  1  5  0 13  0 13 -2  4   0.0878
  1  5  2  3  1  5  2  3 -2  4  -0.0117
  1  5  2  3  1  5  2  1 -2  4   0.0998
  1  5  2  3  2  3  2  3 -2  4   0.0244
  1  5  2  3  2  3  2  1 -2  4   0.0737
  1  5  2  3  0 13  0 13 -2  4  -0.0836
  1  5  2  1  1  5  2  1 -2  4  -0.1539
  1  5  2  1  2  3  2  3 -2  4  -0.0589
  1  5  2  1  2  3  2  1 -2  4  -0.1285
  1  5  2  1  0 13  0 13 -2  4   0.1260
  2  3  2  3  2  3  2  3 -2  4  -0.2171
  2  3  2  3  2  3  2  1 -2  4  -0.2412
  2  3  2  3  0 13  0 13 -2  4   0.0665
  2  3  2  1  2  3  2  1 -2  4  -0.3875
  2  3  2  1  0 13  0 13 -2  4   0.0689
  0 13  0 13  0 13  0 13 -2  4  -0.3636
  0  9  0 13  0  9  0 13 -2  4  -0.2458
  0  9  1  7  0  9  1  7 -2  6  -0.0981
  0  9  1  7  0  9  1  5 -2  6   0.0353
  0  9  1  7  0  9  2  3 -2  6  -0.0611
  0  9  1  7  1  7  1  5 -2  6  -0.0134
  0  9  1  7  1  7  2  3 -2  6  -0.0075
  0  9  1  7  1  7  2  1 -2  6   0.0086
  0  9  1  7  1  5  2  3 -2  6  -0.0180
  0  9  1  7  1  5  2  1 -2  6  -0.0089
  0  9  1  5  0  9  1  5 -2  6  -0.1096
  0  9  1  5  0  9  2  3 -2  6  -0.0217
  0  9  1  5  1  7  1  5 -2  6  -0.0128
  0  9  1  5  1  7  2  3 -2  6  -0.0130
  0  9  1  5  1  7  2  1 -2  6   0.0049
  0  9  1  5  1  5  2  3 -2  6  -0.0070
  0  9  1  5  1  5  2  1 -2  6  -0.0109
  0  9  2  3  0  9  2  3 -2  6  -0.0679
  0  9  2  3  1  7  1  5 -2  6  -0.0280
  0  9  2  3  1  7  2  3 -2  6   0.0116
  0  9  2  3  1  7  2  1 -2  6  -0.0231
  0  9  2  3  1  5  2  3 -2  6  -0.0024
  0  9  2  3  1  5  2  1 -2  6  -0.0001
  1  7  1  5  1  7  1  5 -2  6  -0.0897
  1  7  1  5  1  7  2  3 -2  6  -0.0236
  1  7  1  5  1  7  2  1 -2  6  -0.0093
  1  7  1  5  1  5  2  3 -2  6  -0.0249
  1  7  1  5  1  5  2  1 -2  6   0.0156
  1  7  2  3  1  7  2  3 -2  6  -0.0865
  1  7  2  3  1  7  2  1 -2  6   0.0232
  1  7  2  3  1  5  2  3 -2  6   0.0048
  1  7  2  3  1  5  2  1 -2  6  -0.0126
  1  7  2  1  1  7  2  1 -2  6  -0.0739
  1  7  2  1  1  5  2  3 -2  6   0.0088
  1  7  2  1  1  5  2  1 -2  6  -0.0346
  1  5  2  3  1  5  2  3 -2  6  -0.0859
  1  5  2  3  1  5  2  1 -2  6  -0.0157
  1  5  2  1  1  5  2  1 -2  6  -0.0537
  0  9  0 13  0  9  0 13 -2  6  -0.0785
  0  9  0 13  1  7  0 13 -2  6   0.0116
  1  7  0 13  1  7  0 13 -2  6  -0.3211
  0  9  0  9  0  9  0  9 -2  8  -0.1253
  0  9  0  9  0  9  1  7 -2  8   0.0107
  0  9  0  9  0  9  1  5 -2  8  -0.0463
  0  9  0  9  0  9  2  3 -2  8  -0.0038
  0  9  0  9  0  9  2  1 -2  8  -0.0126
  0  9  0  9  1  7  1  7 -2  8  -0.0357
  0  9  0  9  1  7  1  5 -2  8  -0.0715
  0  9  0  9  1  7  2  3 -2  8  -0.0496
  0  9  0  9  1  7  2  1 -2  8  -0.0863
  0  9  0  9  1  5  1  5 -2  8  -0.0339
  0  9  0  9  1  5  2  3 -2  8   0.0303
  0  9  0  9  0 13  0 13 -2  8   0.1339
  0  9  1  7  0  9  1  7 -2  8   0.0020
  0  9  1  7  0  9  1  5 -2  8   0.0772
  0  9  1  7  0  9  2  3 -2  8  -0.0351
  0  9  1  7  0  9  2  1 -2  8   0.0850
  0  9  1  7  1  7  1  7 -2  8   0.0175
  0  9  1  7  1  7  1  5 -2  8   0.0399
  0  9  1  7  1  7  2  3 -2  8   0.0386
  0  9  1  7  1  7  2  1 -2  8   0.0609
  0  9  1  7  1  5  1  5 -2  8   0.0154
  0  9  1  7  1  5  2  3 -2  8  -0.0047
  0  9  1  7  0 13  0 13 -2  8  -0.0732
  0  9  1  5  0  9  1  5 -2  8  -0.0925
  0  9  1  5  0  9  2  3 -2  8   0.0358
  0  9  1  5  0  9  2  1 -2  8  -0.0526
  0  9  1  5  1  7  1  7 -2  8  -0.0433
  0  9  1  5  1  7  1  5 -2  8  -0.0521
  0  9  1  5  1  7  2  3 -2  8  -0.0395
  0  9  1  5  1  7  2  1 -2  8  -0.0459
  0  9  1  5  1  5  1  5 -2  8  -0.0302
  0  9  1  5  1  5  2  3 -2  8   0.0784
  0  9  1  5  0 13  0 13 -2  8   0.1038
  0  9  2  3  0  9  2  3 -2  8  -0.0337
  0  9  2  3  0  9  2  1 -2  8   0.0826
  0  9  2  3  1  7  1  7 -2  8   0.0383
  0  9  2  3  1  7  1  5 -2  8   0.0355
  0  9  2  3  1  7  2  3 -2  8   0.0312
  0  9  2  3  1  7  2  1 -2  8   0.0299
  0  9  2  3  1  5  1  5 -2  8   0.0297
  0  9  2  3  1  5  2  3 -2  8  -0.0420
  0  9  2  3  0 13  0 13 -2  8  -0.0470
  0  9  2  1  0  9  2  1 -2  8  -0.1136
  0  9  2  1  1  7  1  7 -2  8  -0.0745
  0  9  2  1  1  7  1  5 -2  8  -0.0553
  0  9  2  1  1  7  2  3 -2  8  -0.0391
  0  9  2  1  1  7  2  1 -2  8  -0.0693
  0  9  2  1  1  5  1  5 -2  8  -0.0401
  0  9  2  1  1  5  2  3 -2  8   0.0620
  0  9  2  1  0 13  0 13 -2  8   0.0693
  1  7  1  7  1  7  1  7 -2  8  -0.1245
  1  7  1  7  1  7  1  5 -2  8  -0.1317
  1  7  1  7  1  7  2  3 -2  8  -0.0755
  1  7  1  7  1  7  2  1 -2  8  -0.1183
  1  7  1  7  1  5  1  5 -2  8  -0.0913
  1  7  1  7  1  5  2  3 -2  8   0.0807
  1  7  1  7  0 13  0 13 -2  8   0.0716
  1  7  1  5  1  7  1  5 -2  8  -0.1082
  1  7  1  5  1  7  2  3 -2  8  -0.0655
  1  7  1  5  1  7  2  1 -2  8  -0.0421
  1  7  1  5  1  5  1  5 -2  8  -0.1370
  1  7  1  5  1  5  2  3 -2  8   0.1684
  1  7  1  5  0 13  0 13 -2  8   0.0588
  1  7  2  3  1  7  2  3 -2  8  -0.1207
  1  7  2  3  1  7  2  1 -2  8  -0.1480
  1  7  2  3  1  5  1  5 -2  8  -0.0835
  1  7  2  3  1  5  2  3 -2  8   0.2608
  1  7  2  3  0 13  0 13 -2  8   0.0602
  1  7  2  1  1  7  2  1 -2  8  -0.2146
  1  7  2  1  1  5  1  5 -2  8  -0.1095
  1  7  2  1  1  5  2  3 -2  8   0.2700
  1  7  2  1  0 13  0 13 -2  8   0.0610
  1  5  1  5  1  5  1  5 -2  8  -0.0331
  1  5  1  5  1  5  2  3 -2  8   0.0297
  1  5  1  5  0 13  0 13 -2  8   0.0462
  1  5  2  3  1  5  2  3 -2  8  -0.2131
  1  5  2  3  0 13  0 13 -2  8  -0.0846
  0 13  0 13  0 13  0 13 -2  8  -0.1879
  0  9  0 13  0  9  0 13 -2  8  -0.0993
  0  9  0 13  1  7  0 13 -2  8   0.0416
  0  9  0 13  1  5  0 13 -2  8  -0.0312
  1  7  0 13  1  7  0 13 -2  8  -0.1226
  1  7  0 13  1  5  0 13 -2  8  -0.0223
  1  5  0 13  1  5  0 13 -2  8  -0.0865
  0  9  1  7  0  9  1  7 -2 10  -0.0839
  0  9  1  7  0  9  1  5 -2 10   0.0072
  0  9  1  7  0  9  2  3 -2 10  -0.0447
  0  9  1  7  0  9  2  1 -2 10  -0.0153
  0  9  1  7  1  7  1  5 -2 10  -0.0036
  0  9  1  7  1  7  2  3 -2 10  -0.0167
  0  9  1  5  0  9  1  5 -2 10  -0.0449
  0  9  1  5  0  9  2  3 -2 10   0.0033
  0  9  1  5  0  9  2  1 -2 10  -0.0302
  0  9  1  5  1  7  1  5 -2 10  -0.0129
  0  9  1  5  1  7  2  3 -2 10  -0.0154
  0  9  2  3  0  9  2  3 -2 10  -0.0453
  0  9  2  3  0  9  2  1 -2 10  -0.0157
  0  9  2  3  1  7  1  5 -2 10  -0.0154
  0  9  2  3  1  7  2  3 -2 10   0.0191
  0  9  2  1  0  9  2  1 -2 10  -0.0343
  0  9  2  1  1  7  1  5 -2 10  -0.0153
  0  9  2  1  1  7  2  3 -2 10   0.0127
  1  7  1  5  1  7  1  5 -2 10  -0.0897
  1  7  1  5  1  7  2  3 -2 10   0.0012
  1  7  2  3  1  7  2  3 -2 10  -0.0644
  0  9  0 13  0  9  0 13 -2 10  -0.0576
  0  9  0 13  1  7  0 13 -2 10   0.0350
  0  9  0 13  1  5  0 13 -2 10   0.0009
  0  9  0 13  2  3  0 13 -2 10  -0.0114
  1  7  0 13  1  7  0 13 -2 10  -0.1329
  1  7  0 13  1  5  0 13 -2 10   0.0650
  1  7  0 13  2  3  0 13 -2 10  -0.1254
  1  5  0 13  1  5  0 13 -2 10  -0.0286
  1  5  0 13  2  3  0 13 -2 10   0.0761
  2  3  0 13  2  3  0 13 -2 10  -0.2052
  0  9  0  9  0  9  0  9 -2 12  -0.0628
  0  9  0  9  0  9  1  7 -2 12   0.0183
  0  9  0  9  0  9  1  5 -2 12  -0.0212
  0  9  0  9  0  9  2  3 -2 12  -0.0080
  0  9  0  9  1  7  1  7 -2 12  -0.0187
  0  9  0  9  1  7  1  5 -2 12  -0.0824
  0  9  0  9  0 13  0 13 -2 12   0.0919
  0  9  1  7  0  9  1  7 -2 12  -0.0643
  0  9  1  7  0  9  1  5 -2 12   0.0936
  0  9  1  7  0  9  2  3 -2 12  -0.1139
  0  9  1  7  1  7  1  7 -2 12   0.0138
  0  9  1  7  1  7  1  5 -2 12   0.0607
  0  9  1  7  0 13  0 13 -2 12  -0.0703
  0  9  1  5  0  9  1  5 -2 12  -0.0297
  0  9  1  5  0  9  2  3 -2 12   0.0541
  0  9  1  5  1  7  1  7 -2 12  -0.0264
  0  9  1  5  1  7  1  5 -2 12  -0.0467
  0  9  1  5  0 13  0 13 -2 12   0.0581
  0  9  2  3  0  9  2  3 -2 12  -0.1635
  0  9  2  3  1  7  1  7 -2 12   0.0630
  0  9  2  3  1  7  1  5 -2 12   0.1185
  0  9  2  3  0 13  0 13 -2 12  -0.0514
  1  7  1  7  1  7  1  7 -2 12  -0.0602
  1  7  1  7  1  7  1  5 -2 12  -0.2115
  1  7  1  7  0 13  0 13 -2 12   0.0415
  1  7  1  5  1  7  1  5 -2 12  -0.4918
  1  7  1  5  0 13  0 13 -2 12   0.0949
  0 13  0 13  0 13  0 13 -2 12  -0.1191
  0  9  0 13  0  9  0 13 -2 12  -0.0930
  0  9  0 13  1  7  0 13 -2 12   0.0270
  0  9  0 13  1  5  0 13 -2 12  -0.0327
  0  9  0 13  2  3  0 13 -2 12   0.0063
  0  9  0 13  2  1  0 13 -2 12  -0.0109
  1  7  0 13  1  7  0 13 -2 12  -0.0487
  1  7  0 13  1  5  0 13 -2 12   0.0114
  1  7  0 13  2  3  0 13 -2 12  -0.0334
  1  7  0 13  2  1  0 13 -2 12  -0.0153
  1  5  0 13  1  5  0 13 -2 12  -0.0534
  1  5  0 13  2  3  0 13 -2 12   0.0044
  1  5  0 13  2  1  0 13 -2 12  -0.0358
  2  3  0 13  2  3  0 13 -2 12  -0.0358
  2  3  0 13  2  1  0 13 -2 12  -0.0137
  2  1  0 13  2  1  0 13 -2 12  -0.0301
  0  9  1  7  0  9  1  7 -2 14  -0.0831
  0  9  1  7  0  9  1  5 -2 14  -0.0099
  0  9  1  5  0  9  1  5 -2 14   0.0002
  0  9  0 13  0  9  0 13 -2 14  -0.1032
  0  9  0 13  1  7  0 13 -2 14   0.0593
  0  9  0 13  1  5  0 13 -2 14  -0.0319
  0  9  0 13  2  3  0 13 -2 14   0.0167
  0  9  0 13  2  1  0 13 -2 14  -0.0071
  1  7  0 13  1  7  0 13 -2 14  -0.0858
  1  7  0 13  1  5  0 13 -2 14   0.0904
  1  7  0 13  2  3  0 13 -2 14  -0.0643
  1  7  0 13  2  1  0 13 -2 14   0.0940
  1  5  0 13  1  5  0 13 -2 14  -0.0827
  1  5  0 13  2  3  0 13 -2 14   0.0712
  1  5  0 13  2  1  0 13 -2 14  -0.0874
  2  3  0 13  2  3  0 13 -2 14  -0.0596
  2  3  0 13  2  1  0 13 -2 14   0.0968
  2  1  0 13  2  1  0 13 -2 14  -0.1338
  0  9  0  9  0  9  0  9 -2 16  -0.0639
  0  9  0  9  0  9  1  7 -2 16   0.0784
  0  9  0  9  0 13  0 13 -2 16   0.0569
  0  9  1  7  0  9  1  7 -2 16  -0.3077
  0  9  1  7  0 13  0 13 -2 16  -0.0774
  0 13  0 13  0 13  0 13 -2 16  -0.0868
  0  9  0 13  0  9  0 13 -2 16  -0.0916
  0  9  0 13  1  7  0 13 -2 16   0.0108
  0  9  0 13  1  5  0 13 -2 16  -0.0345
  0  9  0 13  2  3  0 13 -2 16  -0.0101
  1  7  0 13  1  7  0 13 -2 16  -0.0249
  1  7  0 13  1  5  0 13 -2 16  -0.0016
  1  7  0 13  2  3  0 13 -2 16  -0.0257
  1  5  0 13  1  5  0 13 -2 16  -0.0464
  1  5  0 13  2  3  0 13 -2 16  -0.0164
  2  3  0 13  2  3  0 13 -2 16  -0.0337
  0  9  0 13  0  9  0 13 -2 18  -0.0103
  0  9  0 13  1  7  0 13 -2 18   0.0019
  0  9  0 13  1  5  0 13 -2 18   0.0049
  1  7  0 13  1  7  0 13 -2 18   0.0351
  1  7  0 13  1  5  0 13 -2 18  -0.0178
  1  5  0 13  1  5  0 13 -2 18  -0.0070
  0 13  0 13  0 13  0 13 -2 20  -0.0018
  0  9  0 13  0  9  0 13 -2 20   0.0041
  0  9  0 13  1  7  0 13 -2 20   0.0057
  1  7  0 13  1  7  0 13 -2 20  -0.0411
  0  9  0 13  0  9  0 13 -2 22   0.0001
  0 13  0 13  0 13  0 13 -2 24   0.0000
